"2008-06-01","ACME","141247","124795","16452"
"2008-06-02","ACME","79638","69569","10069"
"2008-06-03","ACME","85841","77529","8312"
"2008-06-04","ACME","134152","123231","10921"
"2008-06-05","ACME","86850","75066","11784"
"2008-06-06","ACME","64439","54868","9571"
"2008-06-07","ACME","82208","75451","6757"
"2008-06-08","ACME","107369","90415","16954"
"2008-06-09","ACME","144238","131381","12857"
"2008-06-10","ACME","125115","106681","18434"
"2008-06-11","ACME","70658","57702","12956"
"2008-06-12","ACME","75538","62813","12725"
"2008-06-13","ACME","125209","108295","16914"
"2008-06-14","ACME","96016","83123","12893"
"2008-06-15","ACME","140400","128989","11411"
"2008-06-16","ACME","117062","108686","8376"
"2008-06-17","ACME","85819","75057","10762"
"2008-06-18","ACME","38563","32377","6186"
"2008-06-19","ACME","68913","62810","6103"
"2008-06-20","ACME","73060","58962","14098"
"2008-06-21","ACME","108820","93659","15161"
"2008-06-22","ACME","193082","174493","18589"
"2008-06-23","ACME","26443","22756","3687"
"2008-06-24","ACME","144357","129718","14639"
"2008-06-25","ACME","21124","17310","3814"
"2008-06-26","ACME","111384","100234","11150"
"2008-06-27","ACME","41685","36012","5673"
"2008-06-28","ACME","136109","123390","12719"
"2008-06-29","ACME","138120","121755","16365"
"2008-06-30","ACME","74770","65287","9483"
"2008-07-01","ACME","46791","38113","8678"
"2008-07-02","ACME","131078","123195","7883"
"2008-07-03","ACME","115760","101484","14276"
"2008-07-04","ACME","42300","34472","7828"
"2008-07-05","ACME","133676","120976","12700"
"2008-07-06","ACME","156637","139918","16719"
"2008-07-07","ACME","107114","100304","6810"
"2008-07-08","ACME","119816","106446","13370"
"2008-07-09","ACME","137395","121705","15690"
"2008-07-10","ACME","123635","102972","20663"
"2008-07-11","ACME","167806","151758","16048"
"2008-07-12","ACME","147435","131259","16176"
"2008-07-13","ACME","175114","152853","22261"
"2008-07-14","ACME","156906","138062","18844"
"2008-07-15","ACME","94077","81433","12644"
"2008-07-16","ACME","77197","68231","8966"
"2008-07-17","ACME","217622","195688","21934"
"2008-07-18","ACME","86849","78701","8148"
"2008-07-19","ACME","63217","51230","11987"
"2008-07-20","ACME","108040","98638","9402"
"2008-07-21","ACME","163784","152531","11253"
"2008-07-22","ACME","79609","64513","15096"
"2008-07-23","ACME","154559","138672","15887"
"2008-07-24","ACME","113508","95156","18352"
"2008-07-25","ACME","121265","108943","12322"
"2008-07-26","ACME","136662","125485","11177"
"2008-07-27","ACME","124279","112734","11545"
"2008-07-28","ACME","132478","113165","19313"
"2008-07-29","ACME","130477","120886","9591"
"2008-07-30","ACME","61228","48298","12930"
"2008-07-31","ACME","80613","74817","5796"
"2008-08-01","ACME","102426","94882","7544"
"2008-08-02","ACME","155675","137156","18519"
"2008-08-03","ACME","197455","179325","18130"
"2008-08-04","ACME","87910","73423","14487"
"2008-08-05","ACME","85906","70142","15764"
"2008-08-06","ACME","86629","74257","12372"
"2008-08-07","ACME","105450","100340","5110"
"2008-08-08","ACME","109806","99465","10341"
"2008-08-09","ACME","92175","84138","8037"
"2008-08-10","ACME","114160","101506","12654"
"2008-08-11","ACME","128187","109108","19079"
"2008-08-12","ACME","84929","76407","8522"
"2008-08-13","ACME","88168","78094","10074"
"2008-08-14","ACME","124541","110823","13718"
"2008-08-15","ACME","163270","149639","13631"
"2008-08-16","ACME","135868","125795","10073"
"2008-08-17","ACME","152877","136488","16389"
"2008-08-18","ACME","155494","139935","15559"
"2008-08-19","ACME","152714","138267","14447"
"2008-08-20","ACME","56792","48349","8443"
"2008-08-21","ACME","116333","103844","12489"
"2008-08-22","ACME","98849","89429","9420"
"2008-08-23","ACME","153685","141444","12241"
"2008-08-24","ACME","69541","58631","10910"
"2008-08-25","ACME","86500","78406","8094"
"2008-08-26","ACME","114996","97786","17210"
"2008-08-27","ACME","56613","50196","6417"
"2008-08-28","ACME","89910","83946","5964"
"2008-08-29","ACME","176394","160936","15458"
"2008-08-30","ACME","50444","46557","3887"
"2008-08-31","ACME","102463","89912","12551"
"2008-09-01","ACME","170334","155295","15039"
"2008-09-02","ACME","121856","108870","12986"
"2008-09-03","ACME","137010","124445","12565"
"2008-09-04","ACME","121204","105330","15874"
"2008-09-05","ACME","131518","118288","13230"
"2008-09-06","ACME","166010","148061","17949"
"2008-09-07","ACME","45179","33705","11474"
"2008-09-08","ACME","85122","74413","10709"
"2008-09-09","ACME","31164","28306","2858"
"2008-09-10","ACME","139715","121145","18570"
"2008-09-11","ACME","130868","118615","12253"
"2008-09-12","ACME","87270","75060","12210"
"2008-09-13","ACME","99959","86546","13413"
"2008-09-14","ACME","67612","59710","7902"
"2008-09-15","ACME","13194","9050","4144"
"2008-09-16","ACME","118916","107239","11677"
"2008-09-17","ACME","79188","72765","6423"
"2008-09-18","ACME","125358","116955","8403"
"2008-09-19","ACME","238051","213253","24798"
"2008-09-20","ACME","58071","53673","4398"
"2008-09-21","ACME","78120","74103","4017"
"2008-09-22","ACME","131158","122379","8779"
"2008-09-23","ACME","95559","82508","13051"
"2008-09-24","ACME","138275","128737","9538"
"2008-09-25","ACME","124817","107123","17694"
"2008-09-26","ACME","172665","153162","19503"
"2008-09-27","ACME","126412","108599","17813"
"2008-09-28","ACME","61783","52827","8956"
"2008-09-29","ACME","40552","33041","7511"
"2008-09-30","ACME","153147","133282","19865"
"2008-10-01","ACME","126986","112588","14398"
"2008-10-02","ACME","139595","128112","11483"
"2008-10-03","ACME","118505","99576","18929"
"2008-10-04","ACME","5757","5037","720"
"2008-10-05","ACME","151243","128269","22974"
"2008-10-06","ACME","124118","108085","16033"
"2008-10-07","ACME","68989","60197","8792"
"2008-10-08","ACME","151805","132257","19548"
"2008-10-09","ACME","59201","48502","10699"
"2008-10-10","ACME","79369","71650","7719"
"2008-10-11","ACME","53599","44288","9311"
"2008-10-12","ACME","78270","68921","9349"
"2008-10-13","ACME","189378","167468","21910"
"2008-10-14","ACME","21680","18783","2897"
"2008-10-15","ACME","38971","32012","6959"
"2008-10-16","ACME","36433","31790","4643"
"2008-10-17","ACME","63889","55343","8546"
"2008-10-18","ACME","61171","50710","10461"
"2008-10-19","ACME","86819","69226","17593"
"2008-10-20","ACME","110661","102342","8319"
"2008-10-21","ACME","28343","22103","6240"
"2008-10-22","ACME","90002","80579","9423"
"2008-10-23","ACME","95710","86000","9710"
"2008-10-24","ACME","84554","75392","9162"
"2008-10-25","ACME","103380","96107","7273"
"2008-10-26","ACME","88918","75899","13019"
"2008-10-27","ACME","62831","54465","8366"
"2008-10-28","ACME","84591","72847","11744"
"2008-10-29","ACME","122206","106826","15380"
"2008-10-30","ACME","125894","112353","13541"
"2008-10-31","ACME","94926","81704","13222"
"2008-11-01","ACME","153015","130681","22334"
"2008-11-02","ACME","148538","126108","22430"
"2008-11-03","ACME","42307","36184","6123"
"2008-11-04","ACME","140287","125422","14865"
"2008-11-05","ACME","65663","56461","9202"
"2008-11-06","ACME","103668","87971","15697"
"2008-11-07","ACME","156086","133311","22775"
"2008-11-08","ACME","55719","47439","8280"
"2008-11-09","ACME","81658","72903","8755"
"2008-11-10","ACME","106160","91522","14638"
"2008-11-11","ACME","83110","76933","6177"
"2008-11-12","ACME","91628","80273","11355"
"2008-11-13","ACME","103767","94331","9436"
"2008-11-14","ACME","150917","135797","15120"
"2008-11-15","ACME","94245","79630","14615"
"2008-11-16","ACME","190319","174356","15963"
"2008-11-17","ACME","145407","130184","15223"
"2008-11-18","ACME","138767","129938","8829"
"2008-11-19","ACME","25271","19059","6212"
"2008-11-20","ACME","73778","63062","10716"
"2008-11-21","ACME","36660","29620","7040"
"2008-11-22","ACME","140397","122999","17398"
"2008-11-23","ACME","122367","110419","11948"
"2008-11-24","ACME","119914","107265","12649"
"2008-11-25","ACME","188158","171076","17082"
"2008-11-26","ACME","73151","66120","7031"
"2008-11-27","ACME","105585","90523","15062"
"2008-11-28","ACME","191550","167321","24229"
"2008-11-29","ACME","173416","160095","13321"
"2008-11-30","ACME","201688","171886","29802"
"2008-12-01","ACME","82234","66593","15641"
"2008-12-02","ACME","107550","94773","12777"
"2008-12-03","ACME","137999","123573","14426"
"2008-12-04","ACME","64829","57776","7053"
"2008-12-05","ACME","167177","151016","16161"
"2008-12-06","ACME","128497","112983","15514"
"2008-12-07","ACME","117769","102199","15570"
"2008-12-08","ACME","139790","120804","18986"
"2008-12-09","ACME","72501","62996","9505"
"2008-12-10","ACME","200732","182127","18605"
"2008-12-11","ACME","158105","138931","19174"
"2008-12-12","ACME","98951","88321","10630"
"2008-12-13","ACME","135714","119290","16424"
"2008-12-14","ACME","94471","83180","11291"
"2008-12-15","ACME","195385","174037","21348"
"2008-12-16","ACME","35540","23090","12450"
"2008-12-17","ACME","103879","93712","10167"
"2008-12-18","ACME","85046","78278","6768"
"2008-12-19","ACME","100584","87518","13066"
"2008-12-20","ACME","137030","125745","11285"
"2008-12-21","ACME","92888","86672","6216"
"2008-12-22","ACME","80771","68293","12478"
"2008-12-23","ACME","114135","96644","17491"
"2008-12-24","ACME","57609","50763","6846"
"2008-12-25","ACME","121147","105425","15722"
"2008-12-26","ACME","153574","138133","15441"
"2008-12-27","ACME","87739","75523","12216"
"2008-12-28","ACME","101245","91709","9536"
"2008-12-29","ACME","128689","110270","18419"
"2008-12-30","ACME","102488","95451","7037"
"2008-12-31","ACME","60110","55777","4333"
"2009-01-01","ACME","202313","182152","20161"
"2009-01-02","ACME","198871","181424","17447"
"2009-01-03","ACME","225674","202331","23343"
"2009-01-04","ACME","200884","176339","24545"
"2009-01-05","ACME","223207","199442","23765"
"2009-01-06","ACME","198476","178473","20003"
"2009-01-07","ACME","243131","211830","31301"
"2009-01-08","ACME","215325","194729","20596"
"2009-01-09","ACME","146532","123980","22552"
"2009-01-10","ACME","145371","126099","19272"
"2009-01-11","ACME","239834","211288","28546"
"2009-01-12","ACME","174525","139556","34969"
"2009-01-13","ACME","179016","154241","24775"
"2009-01-14","ACME","135250","113292","21958"
"2009-01-15","ACME","257916","231581","26335"
"2009-01-16","ACME","172328","156030","16298"
"2009-01-17","ACME","259365","237360","22005"
"2009-01-18","ACME","191459","165674","25785"
"2009-01-19","ACME","211795","175882","35913"
"2009-01-20","ACME","136621","118823","17798"
"2009-01-21","ACME","232560","208553","24007"
"2009-01-22","ACME","251943","228736","23207"
"2009-01-23","ACME","190885","169596","21289"
"2009-01-24","ACME","244922","214337","30585"
"2009-01-25","ACME","121772","107692","14080"
"2009-01-26","ACME","169853","146394","23459"
"2009-01-27","ACME","238309","215033","23276"
"2009-01-28","ACME","120023","100855","19168"
"2009-01-29","ACME","285773","260766","25007"
"2009-01-30","ACME","221491","197251","24240"
"2009-01-31","ACME","192401","162697","29704"
"2009-02-01","ACME","152157","134559","17598"
"2009-02-02","ACME","221305","199413","21892"
"2009-02-03","ACME","153823","134420","19403"
"2009-02-04","ACME","178813","153499","25314"
"2009-02-05","ACME","146869","134220","12649"
"2009-02-06","ACME","159621","142743","16878"
"2009-02-07","ACME","186199","159099","27100"
"2009-02-08","ACME","90688","83735","6953"
"2009-02-09","ACME","161608","147733","13875"
"2009-02-10","ACME","188287","165525","22762"
"2009-02-11","ACME","168595","146946","21649"
"2009-02-12","ACME","150741","133424","17317"
"2009-02-13","ACME","290511","263536","26975"
"2009-02-14","ACME","131347","107106","24241"
"2009-02-15","ACME","130082","108262","21820"
"2009-02-16","ACME","168823","147851","20972"
"2009-02-17","ACME","195702","171434","24268"
"2009-02-18","ACME","153588","130203","23385"
"2009-02-19","ACME","182828","165973","16855"
"2009-02-20","ACME","107763","93222","14541"
"2009-02-21","ACME","154260","134959","19301"
"2009-02-22","ACME","249123","211762","37361"
"2009-02-23","ACME","147213","129720","17493"
"2009-02-24","ACME","144520","126591","17929"
"2009-02-25","ACME","152199","134789","17410"
"2009-02-26","ACME","192902","172960","19942"
"2009-02-27","ACME","326683","297329","29354"
"2009-02-28","ACME","177291","156069","21222"
"2009-03-01","ACME","171214","147526","23688"
"2009-03-02","ACME","134890","114527","20363"
"2009-03-03","ACME","191417","164330","27087"
"2009-03-04","ACME","138722","125769","12953"
"2009-03-05","ACME","180887","156422","24465"
"2009-03-06","ACME","209865","181333","28532"
"2009-03-07","ACME","138123","124435","13688"
"2009-03-08","ACME","244008","222383","21625"
"2009-03-09","ACME","280130","248237","31893"
"2009-03-10","ACME","88599","73591","15008"
"2009-03-11","ACME","204524","177826","26698"
"2009-03-12","ACME","242529","217739","24790"
"2009-03-13","ACME","151161","134926","16235"
"2009-03-14","ACME","235105","207008","28097"
"2009-03-15","ACME","148183","132900","15283"
"2009-03-16","ACME","115449","93343","22106"
"2009-03-17","ACME","142236","121680","20556"
"2009-03-18","ACME","253169","223532","29637"
"2009-03-19","ACME","148810","132060","16750"
"2009-03-20","ACME","168494","144409","24085"
"2009-03-21","ACME","274669","246050","28619"
"2009-03-22","ACME","168912","149100","19812"
"2009-03-23","ACME","236293","203282","33011"
"2009-03-24","ACME","211464","179884","31580"
"2009-03-25","ACME","292678","259647","33031"
"2009-03-26","ACME","253988","227644","26344"
"2009-03-27","ACME","140048","121286","18762"
"2009-03-28","ACME","273432","248566","24866"
"2009-03-29","ACME","208464","183529","24935"
"2009-03-30","ACME","148289","127507","20782"
"2009-03-31","ACME","176311","149502","26809"
"2009-04-01","ACME","182576","156289","26287"
"2009-04-02","ACME","73455","63245","10210"
"2009-04-03","ACME","171377","152237","19140"
"2009-04-04","ACME","123389","97310","26079"
"2009-04-05","ACME","267919","225375","42544"
"2009-04-06","ACME","279552","249971","29581"
"2009-04-07","ACME","120608","99267","21341"
"2009-04-08","ACME","181433","166767","14666"
"2009-04-09","ACME","261252","226373","34879"
"2009-04-10","ACME","139894","122595","17299"
"2009-04-11","ACME","124954","98857","26097"
"2009-04-12","ACME","107996","93944","14052"
"2009-04-13","ACME","201234","181827","19407"
"2009-04-14","ACME","115612","105884","9728"
"2009-04-15","ACME","199819","170609","29210"
"2009-04-16","ACME","157450","135125","22325"
"2009-04-17","ACME","173205","150548","22657"
"2009-04-18","ACME","223423","187017","36406"
"2009-04-19","ACME","60191","49008","11183"
"2009-04-20","ACME","194491","171273","23218"
"2009-04-21","ACME","221688","196426","25262"
"2009-04-22","ACME","76458","67406","9052"
"2009-04-23","ACME","226562","197965","28597"
"2009-04-24","ACME","179336","153306","26030"
"2009-04-25","ACME","205992","182490","23502"
"2009-04-26","ACME","107872","95188","12684"
"2009-04-27","ACME","299830","268471","31359"
"2009-04-28","ACME","178082","159362","18720"
"2009-04-29","ACME","263953","241285","22668"
"2009-04-30","ACME","212030","187177","24853"
"2009-05-01","ACME","242173","208458","33715"
"2009-05-02","ACME","165031","148653","16378"
"2009-05-03","ACME","168544","143944","24600"
"2009-05-04","ACME","197339","182598","14741"
"2009-05-05","ACME","160616","136646","23970"
"2009-05-06","ACME","179270","159964","19306"
"2009-05-07","ACME","204231","178625","25606"
"2009-05-08","ACME","245886","220795","25091"
"2009-05-09","ACME","96908","83541","13367"
"2009-05-10","ACME","164188","143606","20582"
"2009-05-11","ACME","164229","149919","14310"
"2009-05-12","ACME","173589","145073","28516"
"2009-05-13","ACME","162504","146556","15948"
"2009-05-14","ACME","135355","121582","13773"
"2009-05-15","ACME","169956","155466","14490"
"2009-05-16","ACME","224057","200599","23458"
"2009-05-17","ACME","242122","216295","25827"
"2009-05-18","ACME","255225","224813","30412"
"2009-05-19","ACME","172014","156369","15645"
"2009-05-20","ACME","310044","282816","27228"
"2009-05-21","ACME","248921","215868","33053"
"2009-05-22","ACME","252512","217713","34799"
"2009-05-23","ACME","202636","170825","31811"
"2009-05-24","ACME","207652","191080","16572"
"2009-05-25","ACME","168664","149588","19076"
"2009-05-26","ACME","193189","169511","23678"
"2009-05-27","ACME","179588","161914","17674"
"2009-05-28","ACME","256395","236360","20035"
"2009-05-29","ACME","116104","98527","17577"
"2009-05-30","ACME","78638","69322","9316"
"2009-05-31","ACME","184279","161602","22677"
"2009-06-01","ACME","163605","143342","20263"
"2009-06-02","ACME","205808","177933","27875"
"2009-06-03","ACME","419704","381185","38519"
"2009-06-04","ACME","291939","260659","31280"
"2009-06-05","ACME","298001","258149","39852"
"2009-06-06","ACME","271504","240034","31470"
"2009-06-07","ACME","198275","169803","28472"
"2009-06-08","ACME","280139","245423","34716"
"2009-06-09","ACME","213650","183843","29807"
"2009-06-10","ACME","336283","294657","41626"
"2009-06-11","ACME","379084","334762","44322"
"2009-06-12","ACME","207532","181800","25732"
"2009-06-13","ACME","311108","273257","37851"
"2009-06-14","ACME","312239","274079","38160"
"2009-06-15","ACME","123114","106835","16279"
"2009-06-16","ACME","345709","312489","33220"
"2009-06-17","ACME","211737","183882","27855"
"2009-06-18","ACME","141406","121535","19871"
"2009-06-19","ACME","198031","179612","18419"
"2009-06-20","ACME","119044","106826","12218"
"2009-06-21","ACME","253932","228943","24989"
"2009-06-22","ACME","307449","270379","37070"
"2009-06-23","ACME","324716","286462","38254"
"2009-06-24","ACME","172895","150321","22574"
"2009-06-25","ACME","135775","113986","21789"
"2009-06-26","ACME","261375","230161","31214"
"2009-06-27","ACME","271648","241297","30351"
"2009-06-28","ACME","315565","274963","40602"
"2009-06-29","ACME","261264","228982","32282"
"2009-06-30","ACME","283983","260381","23602"
"2009-07-01","ACME","174244","153139","21105"
"2009-07-02","ACME","203062","172305","30757"
"2009-07-03","ACME","326733","291848","34885"
"2009-07-04","ACME","173729","158119","15610"
"2009-07-05","ACME","294090","248411","45679"
"2009-07-06","ACME","285359","250370","34989"
"2009-07-07","ACME","198062","167493","30569"
"2009-07-08","ACME","224284","201214","23070"
"2009-07-09","ACME","242593","214174","28419"
"2009-07-10","ACME","270374","234834","35540"
"2009-07-11","ACME","165435","146913","18522"
"2009-07-12","ACME","224704","191997","32707"
"2009-07-13","ACME","197949","179344","18605"
"2009-07-14","ACME","325316","275439","49877"
"2009-07-15","ACME","234488","206358","28130"
"2009-07-16","ACME","324541","296729","27812"
"2009-07-17","ACME","214661","180487","34174"
"2009-07-18","ACME","295969","262527","33442"
"2009-07-19","ACME","240821","212648","28173"
"2009-07-20","ACME","308569","281581","26988"
"2009-07-21","ACME","429284","378730","50554"
"2009-07-22","ACME","335876","297273","38603"
"2009-07-23","ACME","150425","132687","17738"
"2009-07-24","ACME","252228","212909","39319"
"2009-07-25","ACME","317591","277865","39726"
"2009-07-26","ACME","256257","224333","31924"
"2009-07-27","ACME","237381","207252","30129"
"2009-07-28","ACME","231973","212340","19633"
"2009-07-29","ACME","263757","244110","19647"
"2009-07-30","ACME","242239","206280","35959"
"2009-07-31","ACME","285427","254890","30537"
"2009-08-01","ACME","194377","170312","24065"
"2009-08-02","ACME","193804","171668","22136"
"2009-08-03","ACME","299328","264367","34961"
"2009-08-04","ACME","295066","266196","28870"
"2009-08-05","ACME","218258","188879","29379"
"2009-08-06","ACME","166919","144925","21994"
"2009-08-07","ACME","294921","260288","34633"
"2009-08-08","ACME","170961","147437","23524"
"2009-08-09","ACME","257926","223132","34794"
"2009-08-10","ACME","125518","103716","21802"
"2009-08-11","ACME","186303","160773","25530"
"2009-08-12","ACME","318137","284673","33464"
"2009-08-13","ACME","178963","160646","18317"
"2009-08-14","ACME","228078","199200","28878"
"2009-08-15","ACME","330268","287467","42801"
"2009-08-16","ACME","63773","55650","8123"
"2009-08-17","ACME","217046","189525","27521"
"2009-08-18","ACME","230521","207066","23455"
"2009-08-19","ACME","266814","238600","28214"
"2009-08-20","ACME","263115","233133","29982"
"2009-08-21","ACME","276085","256588","19497"
"2009-08-22","ACME","256060","234339","21721"
"2009-08-23","ACME","227446","201786","25660"
"2009-08-24","ACME","215414","191022","24392"
"2009-08-25","ACME","245592","214683","30909"
"2009-08-26","ACME","361402","311369","50033"
"2009-08-27","ACME","164180","147344","16836"
"2009-08-28","ACME","197902","172051","25851"
"2009-08-29","ACME","341018","300617","40401"
"2009-08-30","ACME","299126","257035","42091"
"2009-08-31","ACME","93822","86174","7648"
"2009-09-01","ACME","181871","150838","31033"
"2009-09-02","ACME","126128","105452","20676"
"2009-09-03","ACME","277232","247295","29937"
"2009-09-04","ACME","186505","155610","30895"
"2009-09-05","ACME","163125","140615","22510"
"2009-09-06","ACME","183359","164045","19314"
"2009-09-07","ACME","349765","310929","38836"
"2009-09-08","ACME","219486","188629","30857"
"2009-09-09","ACME","184125","163631","20494"
"2009-09-10","ACME","287097","265652","21445"
"2009-09-11","ACME","433149","383098","50051"
"2009-09-12","ACME","213664","187930","25734"
"2009-09-13","ACME","300548","277072","23476"
"2009-09-14","ACME","185066","161293","23773"
"2009-09-15","ACME","293031","264678","28353"
"2009-09-16","ACME","196565","170632","25933"
"2009-09-17","ACME","351573","316508","35065"
"2009-09-18","ACME","290787","268404","22383"
"2009-09-19","ACME","211906","188875","23031"
"2009-09-20","ACME","183321","159041","24280"
"2009-09-21","ACME","327521","285738","41783"
"2009-09-22","ACME","290607","252605","38002"
"2009-09-23","ACME","97074","82194","14880"
"2009-09-24","ACME","207625","182870","24755"
"2009-09-25","ACME","196978","180440","16538"
"2009-09-26","ACME","75764","62279","13485"
"2009-09-27","ACME","386696","335642","51054"
"2009-09-28","ACME","254665","220254","34411"
"2009-09-29","ACME","273149","234011","39138"
"2009-09-30","ACME","217966","191819","26147"
"2009-10-01","ACME","172076","146296","25780"
"2009-10-02","ACME","293573","266064","27509"
"2009-10-03","ACME","293035","254961","38074"
"2009-10-04","ACME","329080","281125","47955"
"2009-10-05","ACME","217295","186827","30468"
"2009-10-06","ACME","218326","191780","26546"
"2009-10-07","ACME","196154","171449","24705"
"2009-10-08","ACME","163793","138356","25437"
"2009-10-09","ACME","267527","227221","40306"
"2009-10-10","ACME","205563","177528","28035"
"2009-10-11","ACME","209053","185540","23513"
"2009-10-12","ACME","165814","134332","31482"
"2009-10-13","ACME","249638","223363","26275"
"2009-10-14","ACME","254079","219970","34109"
"2009-10-15","ACME","300163","261138","39025"
"2009-10-16","ACME","214332","188832","25500"
"2009-10-17","ACME","160578","142290","18288"
"2009-10-18","ACME","160772","138469","22303"
"2009-10-19","ACME","381646","342343","39303"
"2009-10-20","ACME","236947","213429","23518"
"2009-10-21","ACME","328192","284528","43664"
"2009-10-22","ACME","255780","224579","31201"
"2009-10-23","ACME","256485","228243","28242"
"2009-10-24","ACME","277043","241769","35274"
"2009-10-25","ACME","272510","245564","26946"
"2009-10-26","ACME","294874","267949","26925"
"2009-10-27","ACME","323735","284120","39615"
"2009-10-28","ACME","188085","159727","28358"
"2009-10-29","ACME","416049","364354","51695"
"2009-10-30","ACME","265893","234438","31455"
"2009-10-31","ACME","333869","307026","26843"
"2009-11-01","ACME","166340","142210","24130"
"2009-11-02","ACME","269380","248221","21159"
"2009-11-03","ACME","314458","281554","32904"
"2009-11-04","ACME","274647","238516","36131"
"2009-11-05","ACME","229940","205256","24684"
"2009-11-06","ACME","293995","259940","34055"
"2009-11-07","ACME","350894","311848","39046"
"2009-11-08","ACME","142794","121927","20867"
"2009-11-09","ACME","156740","123691","33049"
"2009-11-10","ACME","275022","245893","29129"
"2009-11-11","ACME","352895","314239","38656"
"2009-11-12","ACME","353389","316194","37195"
"2009-11-13","ACME","222535","201158","21377"
"2009-11-14","ACME","216838","188186","28652"
"2009-11-15","ACME","366490","326769","39721"
"2009-11-16","ACME","340984","298911","42073"
"2009-11-17","ACME","226550","201547","25003"
"2009-11-18","ACME","240014","205250","34764"
"2009-11-19","ACME","165318","149799","15519"
"2009-11-20","ACME","217455","188227","29228"
"2009-11-21","ACME","231647","207180","24467"
"2009-11-22","ACME","237727","207205","30522"
"2009-11-23","ACME","294094","261979","32115"
"2009-11-24","ACME","362435","323888","38547"
"2009-11-25","ACME","269335","245119","24216"
"2009-11-26","ACME","387119","354855","32264"
"2009-11-27","ACME","211360","184110","27250"
"2009-11-28","ACME","157643","131149","26494"
"2009-11-29","ACME","264170","226452","37718"
"2009-11-30","ACME","277565","240199","37366"
"2009-12-01","ACME","148208","129134","19074"
"2009-12-02","ACME","270614","241056","29558"
"2009-12-03","ACME","139622","112705","26917"
"2009-12-04","ACME","279143","249084","30059"
"2009-12-05","ACME","261726","244361","17365"
"2009-12-06","ACME","257221","226312","30909"
"2009-12-07","ACME","326662","282854","43808"
"2009-12-08","ACME","369845","329539","40306"
"2009-12-09","ACME","288923","260921","28002"
"2009-12-10","ACME","215988","190404","25584"
"2009-12-11","ACME","247027","213351","33676"
"2009-12-12","ACME","374352","330037","44315"
"2009-12-13","ACME","398615","347759","50856"
"2009-12-14","ACME","187374","166783","20591"
"2009-12-15","ACME","273142","242247","30895"
"2009-12-16","ACME","277931","246968","30963"
"2009-12-17","ACME","210427","190071","20356"
"2009-12-18","ACME","202367","178646","23721"
"2009-12-19","ACME","339575","303053","36522"
"2009-12-20","ACME","239919","217018","22901"
"2009-12-21","ACME","328028","276727","51301"
"2009-12-22","ACME","190454","171900","18554"
"2009-12-23","ACME","293178","262412","30766"
"2009-12-24","ACME","336160","310266","25894"
"2009-12-25","ACME","291682","260808","30874"
"2009-12-26","ACME","216296","186162","30134"
"2009-12-27","ACME","200816","168656","32160"
"2009-12-28","ACME","246703","224642","22061"
"2009-12-29","ACME","245179","219698","25481"
"2009-12-30","ACME","134956","115181","19775"
"2009-12-31","ACME","215448","186425","29023"
"2010-01-01","ACME","388819","348843","39976"
"2010-01-02","ACME","301875","262859","39016"
"2010-01-03","ACME","449610","381524","68086"
"2010-01-04","ACME","451595","397107","54488"
"2010-01-05","ACME","328760","291093","37667"
"2010-01-06","ACME","344479","301000","43479"
"2010-01-07","ACME","493802","440294","53508"
"2010-01-08","ACME","305318","263964","41354"
"2010-01-09","ACME","414352","361710","52642"
"2010-01-10","ACME","377077","337496","39581"
"2010-01-11","ACME","180081","145302","34779"
"2010-01-12","ACME","367007","321309","45698"
"2010-01-13","ACME","396820","354600","42220"
"2010-01-14","ACME","420632","375796","44836"
"2010-01-15","ACME","343477","300067","43410"
"2010-01-16","ACME","399435","350624","48811"
"2010-01-17","ACME","427107","379234","47873"
"2010-01-18","ACME","510003","446001","64002"
"2010-01-19","ACME","299431","268177","31254"
"2010-01-20","ACME","274012","234852","39160"
"2010-01-21","ACME","538219","494619","43600"
"2010-01-22","ACME","429683","381669","48014"
"2010-01-23","ACME","397432","348669","48763"
"2010-01-24","ACME","542411","483633","58778"
"2010-01-25","ACME","329403","288463","40940"
"2010-01-26","ACME","476745","421943","54802"
"2010-01-27","ACME","316283","285423","30860"
"2010-01-28","ACME","370772","323944","46828"
"2010-01-29","ACME","327887","290450","37437"
"2010-01-30","ACME","381876","339129","42747"
"2010-01-31","ACME","300627","263883","36744"
"2010-02-01","ACME","244681","203914","40767"
"2010-02-02","ACME","231433","198228","33205"
"2010-02-03","ACME","290665","263530","27135"
"2010-02-04","ACME","397172","347030","50142"
"2010-02-05","ACME","360016","322468","37548"
"2010-02-06","ACME","249860","215839","34021"
"2010-02-07","ACME","297192","265585","31607"
"2010-02-08","ACME","297059","262850","34209"
"2010-02-09","ACME","375442","335083","40359"
"2010-02-10","ACME","400297","352366","47931"
"2010-02-11","ACME","372491","327569","44922"
"2010-02-12","ACME","416408","376327","40081"
"2010-02-13","ACME","353841","305862","47979"
"2010-02-14","ACME","346368","315791","30577"
"2010-02-15","ACME","425852","377794","48058"
"2010-02-16","ACME","325837","293214","32623"
"2010-02-17","ACME","405573","355786","49787"
"2010-02-18","ACME","437222","381250","55972"
"2010-02-19","ACME","274948","233275","41673"
"2010-02-20","ACME","524826","467573","57253"
"2010-02-21","ACME","395839","351677","44162"
"2010-02-22","ACME","434608","379305","55303"
"2010-02-23","ACME","354368","313635","40733"
"2010-02-24","ACME","404329","348907","55422"
"2010-02-25","ACME","414557","369013","45544"
"2010-02-26","ACME","350133","299253","50880"
"2010-02-27","ACME","318837","286309","32528"
"2010-02-28","ACME","326166","282924","43242"
"2010-03-01","ACME","405083","358060","47023"
"2010-03-02","ACME","309769","280899","28870"
"2010-03-03","ACME","408156","359604","48552"
"2010-03-04","ACME","436171","377657","58514"
"2010-03-05","ACME","625675","564847","60828"
"2010-03-06","ACME","449404","396080","53324"
"2010-03-07","ACME","375484","332842","42642"
"2010-03-08","ACME","420318","368839","51479"
"2010-03-09","ACME","522752","465700","57052"
"2010-03-10","ACME","204093","170181","33912"
"2010-03-11","ACME","335311","275359","59952"
"2010-03-12","ACME","478096","431789","46307"
"2010-03-13","ACME","330323","290550","39773"
"2010-03-14","ACME","493585","450899","42686"
"2010-03-15","ACME","480248","419106","61142"
"2010-03-16","ACME","264258","230141","34117"
"2010-03-17","ACME","343509","289303","54206"
"2010-03-18","ACME","510341","443380","66961"
"2010-03-19","ACME","400118","353396","46722"
"2010-03-20","ACME","475543","408730","66813"
"2010-03-21","ACME","332507","296287","36220"
"2010-03-22","ACME","318967","282116","36851"
"2010-03-23","ACME","313164","275419","37745"
"2010-03-24","ACME","297549","263551","33998"
"2010-03-25","ACME","423285","365569","57716"
"2010-03-26","ACME","394468","348922","45546"
"2010-03-27","ACME","508424","449515","58909"
"2010-03-28","ACME","279670","251930","27740"
"2010-03-29","ACME","472920","431232","41688"
"2010-03-30","ACME","432757","375043","57714"
"2010-03-31","ACME","434184","383933","50251"
"2010-04-01","ACME","252423","226815","25608"
"2010-04-02","ACME","268036","228765","39271"
"2010-04-03","ACME","272100","240517","31583"
"2010-04-04","ACME","311778","261874","49904"
"2010-04-05","ACME","405974","370652","35322"
"2010-04-06","ACME","461575","408776","52799"
"2010-04-07","ACME","600399","529941","70458"
"2010-04-08","ACME","510409","451286","59123"
"2010-04-09","ACME","283806","249898","33908"
"2010-04-10","ACME","336443","290693","45750"
"2010-04-11","ACME","250329","229851","20478"
"2010-04-12","ACME","579015","508907","70108"
"2010-04-13","ACME","346679","302935","43744"
"2010-04-14","ACME","449167","402729","46438"
"2010-04-15","ACME","481468","422904","58564"
"2010-04-16","ACME","489868","434628","55240"
"2010-04-17","ACME","366574","324441","42133"
"2010-04-18","ACME","259329","217592","41737"
"2010-04-19","ACME","336035","295215","40820"
"2010-04-20","ACME","351547","307556","43991"
"2010-04-21","ACME","392781","356189","36592"
"2010-04-22","ACME","451376","406337","45039"
"2010-04-23","ACME","380215","332552","47663"
"2010-04-24","ACME","282536","243848","38688"
"2010-04-25","ACME","360882","323849","37033"
"2010-04-26","ACME","394564","343463","51101"
"2010-04-27","ACME","316300","279204","37096"
"2010-04-28","ACME","506183","453297","52886"
"2010-04-29","ACME","458932","417914","41018"
"2010-04-30","ACME","247796","218903","28893"
"2010-05-01","ACME","445080","395166","49914"
"2010-05-02","ACME","288940","253636","35304"
"2010-05-03","ACME","337927","297480","40447"
"2010-05-04","ACME","303121","259193","43928"
"2010-05-05","ACME","304722","264291","40431"
"2010-05-06","ACME","339080","302731","36349"
"2010-05-07","ACME","555501","505199","50302"
"2010-05-08","ACME","329712","301913","27799"
"2010-05-09","ACME","264726","229309","35417"
"2010-05-10","ACME","352881","316530","36351"
"2010-05-11","ACME","383463","323945","59518"
"2010-05-12","ACME","484665","432765","51900"
"2010-05-13","ACME","406397","367032","39365"
"2010-05-14","ACME","397918","360015","37903"
"2010-05-15","ACME","266332","237741","28591"
"2010-05-16","ACME","492950","435513","57437"
"2010-05-17","ACME","610766","542283","68483"
"2010-05-18","ACME","285459","256003","29456"
"2010-05-19","ACME","464742","408473","56269"
"2010-05-20","ACME","570358","503927","66431"
"2010-05-21","ACME","490536","441364","49172"
"2010-05-22","ACME","398776","353853","44923"
"2010-05-23","ACME","433478","395105","38373"
"2010-05-24","ACME","367773","317729","50044"
"2010-05-25","ACME","392242","346441","45801"
"2010-05-26","ACME","361903","315214","46689"
"2010-05-27","ACME","409451","352441","57010"
"2010-05-28","ACME","249001","217426","31575"
"2010-05-29","ACME","363220","324483","38737"
"2010-05-30","ACME","401463","352009","49454"
"2010-05-31","ACME","273568","244626","28942"
"2010-06-01","ACME","381414","344166","37248"
"2010-06-02","ACME","593894","524088","69806"
"2010-06-03","ACME","670657","586275","84382"
"2010-06-04","ACME","762241","667211","95030"
"2010-06-05","ACME","717175","633492","83683"
"2010-06-06","ACME","840746","754659","86087"
"2010-06-07","ACME","548566","483159","65407"
"2010-06-08","ACME","634850","551262","83588"
"2010-06-09","ACME","613453","532518","80935"
"2010-06-10","ACME","553717","488869","64848"
"2010-06-11","ACME","793695","710689","83006"
"2010-06-12","ACME","586362","515791","70571"
"2010-06-13","ACME","466208","397924","68284"
"2010-06-14","ACME","683658","611243","72415"
"2010-06-15","ACME","628616","554056","74560"
"2010-06-16","ACME","742350","652473","89877"
"2010-06-17","ACME","634322","559540","74782"
"2010-06-18","ACME","599452","516649","82803"
"2010-06-19","ACME","672735","602478","70257"
"2010-06-20","ACME","723657","640990","82667"
"2010-06-21","ACME","817549","711760","105789"
"2010-06-22","ACME","700185","635664","64521"
"2010-06-23","ACME","873364","775631","97733"
"2010-06-24","ACME","754187","653841","100346"
"2010-06-25","ACME","818135","722513","95622"
"2010-06-26","ACME","779663","706155","73508"
"2010-06-27","ACME","852681","752987","99694"
"2010-06-28","ACME","821434","725673","95761"
"2010-06-29","ACME","625343","539999","85344"
"2010-06-30","ACME","760563","678018","82545"
"2010-07-01","ACME","646923","555875","91048"
"2010-07-02","ACME","774823","691540","83283"
"2010-07-03","ACME","632541","538237","94304"
"2010-07-04","ACME","702053","609399","92654"
"2010-07-05","ACME","655727","576030","79697"
"2010-07-06","ACME","582291","522972","59319"
"2010-07-07","ACME","835909","754454","81455"
"2010-07-08","ACME","578661","499836","78825"
"2010-07-09","ACME","571229","489797","81432"
"2010-07-10","ACME","785165","680521","104644"
"2010-07-11","ACME","869222","762587","106635"
"2010-07-12","ACME","630550","558961","71589"
"2010-07-13","ACME","466081","406212","59869"
"2010-07-14","ACME","708031","634312","73719"
"2010-07-15","ACME","647236","569805","77431"
"2010-07-16","ACME","555615","487339","68276"
"2010-07-17","ACME","886788","798028","88760"
"2010-07-18","ACME","606690","534967","71723"
"2010-07-19","ACME","760225","682680","77545"
"2010-07-20","ACME","684988","611894","73094"
"2010-07-21","ACME","447776","394098","53678"
"2010-07-22","ACME","619288","559393","59895"
"2010-07-23","ACME","476839","408491","68348"
"2010-07-24","ACME","374805","324144","50661"
"2010-07-25","ACME","831009","737592","93417"
"2010-07-26","ACME","926229","818888","107341"
"2010-07-27","ACME","625356","567337","58019"
"2010-07-28","ACME","747933","650643","97290"
"2010-07-29","ACME","780531","711218","69313"
"2010-07-30","ACME","639358","558188","81170"
"2010-07-31","ACME","610462","528821","81641"
"2010-08-01","ACME","649244","570312","78932"
"2010-08-02","ACME","570756","491923","78833"
"2010-08-03","ACME","574201","508945","65256"
"2010-08-04","ACME","740335","645086","95249"
"2010-08-05","ACME","665050","579294","85756"
"2010-08-06","ACME","665544","572983","92561"
"2010-08-07","ACME","749682","645942","103740"
"2010-08-08","ACME","728851","647565","81286"
"2010-08-09","ACME","681170","604005","77165"
"2010-08-10","ACME","474768","417768","57000"
"2010-08-11","ACME","449509","397221","52288"
"2010-08-12","ACME","715973","649221","66752"
"2010-08-13","ACME","602137","522148","79989"
"2010-08-14","ACME","610186","543045","67141"
"2010-08-15","ACME","706336","619697","86639"
"2010-08-16","ACME","512697","453001","59696"
"2010-08-17","ACME","670295","586099","84196"
"2010-08-18","ACME","580168","512248","67920"
"2010-08-19","ACME","628987","551267","77720"
"2010-08-20","ACME","621952","550710","71242"
"2010-08-21","ACME","694529","634872","59657"
"2010-08-22","ACME","606026","534794","71232"
"2010-08-23","ACME","653570","579739","73831"
"2010-08-24","ACME","666250","588104","78146"
"2010-08-25","ACME","786193","693107","93086"
"2010-08-26","ACME","593690","534238","59452"
"2010-08-27","ACME","620150","539439","80711"
"2010-08-28","ACME","697620","622959","74661"
"2010-08-29","ACME","657431","571260","86171"
"2010-08-30","ACME","867624","766876","100748"
"2010-08-31","ACME","692883","605177","87706"
"2010-09-01","ACME","708135","637644","70491"
"2010-09-02","ACME","864624","772637","91987"
"2010-09-03","ACME","1110480","974785","135695"
"2010-09-04","ACME","678549","602437","76112"
"2010-09-05","ACME","740505","649800","90705"
"2010-09-06","ACME","491791","429629","62162"
"2010-09-07","ACME","751938","672242","79696"
"2010-09-08","ACME","744780","661875","82905"
"2010-09-09","ACME","671271","584354","86917"
"2010-09-10","ACME","655896","573633","82263"
"2010-09-11","ACME","806880","726067","80813"
"2010-09-12","ACME","794734","710727","84007"
"2010-09-13","ACME","558292","489823","68469"
"2010-09-14","ACME","720364","620227","100137"
"2010-09-15","ACME","503881","437869","66012"
"2010-09-16","ACME","538511","479096","59415"
"2010-09-17","ACME","738135","652942","85193"
"2010-09-18","ACME","636051","566862","69189"
"2010-09-19","ACME","740774","661771","79003"
"2010-09-20","ACME","729592","631466","98126"
"2010-09-21","ACME","440250","373559","66691"
"2010-09-22","ACME","691712","598799","92913"
"2010-09-23","ACME","561724","499993","61731"
"2010-09-24","ACME","951649","850686","100963"
"2010-09-25","ACME","679283","583895","95388"
"2010-09-26","ACME","639305","564457","74848"
"2010-09-27","ACME","844418","743124","101294"
"2010-09-28","ACME","641720","563132","78588"
"2010-09-29","ACME","643203","555408","87795"
"2010-09-30","ACME","593848","534014","59834"
"2010-10-01","ACME","705590","635435","70155"
"2010-10-02","ACME","572094","510844","61250"
"2010-10-03","ACME","599880","529175","70705"
"2010-10-04","ACME","716906","634775","82131"
"2010-10-05","ACME","502126","432522","69604"
"2010-10-06","ACME","560874","491653","69221"
"2010-10-07","ACME","650604","584232","66372"
"2010-10-08","ACME","642281","571844","70437"
"2010-10-09","ACME","724860","631625","93235"
"2010-10-10","ACME","463441","403148","60293"
"2010-10-11","ACME","623547","547446","76101"
"2010-10-12","ACME","691964","605654","86310"
"2010-10-13","ACME","616265","549342","66923"
"2010-10-14","ACME","969831","848743","121088"
"2010-10-15","ACME","679444","604764","74680"
"2010-10-16","ACME","689516","602577","86939"
"2010-10-17","ACME","766500","688993","77507"
"2010-10-18","ACME","513623","463473","50150"
"2010-10-19","ACME","718961","627645","91316"
"2010-10-20","ACME","660755","591709","69046"
"2010-10-21","ACME","540942","473814","67128"
"2010-10-22","ACME","562975","503916","59059"
"2010-10-23","ACME","698228","618987","79241"
"2010-10-24","ACME","437842","392932","44910"
"2010-10-25","ACME","712781","634934","77847"
"2010-10-26","ACME","805726","707770","97956"
"2010-10-27","ACME","748657","653569","95088"
"2010-10-28","ACME","766494","681258","85236"
"2010-10-29","ACME","708237","618660","89577"
"2010-10-30","ACME","599889","519006","80883"
"2010-10-31","ACME","573994","503332","70662"
"2010-11-01","ACME","598923","524879","74044"
"2010-11-02","ACME","465266","399168","66098"
"2010-11-03","ACME","685910","606177","79733"
"2010-11-04","ACME","654048","571030","83018"
"2010-11-05","ACME","740735","647337","93398"
"2010-11-06","ACME","752355","666431","85924"
"2010-11-07","ACME","595978","511848","84130"
"2010-11-08","ACME","814684","736000","78684"
"2010-11-09","ACME","514641","443083","71558"
"2010-11-10","ACME","740168","642946","97222"
"2010-11-11","ACME","619600","541961","77639"
"2010-11-12","ACME","688477","606079","82398"
"2010-11-13","ACME","545083","480813","64270"
"2010-11-14","ACME","827023","721337","105686"
"2010-11-15","ACME","759432","671271","88161"
"2010-11-16","ACME","776374","684012","92362"
"2010-11-17","ACME","765007","673026","91981"
"2010-11-18","ACME","773521","679039","94482"
"2010-11-19","ACME","829121","737257","91864"
"2010-11-20","ACME","830208","739929","90279"
"2010-11-21","ACME","665644","584946","80698"
"2010-11-22","ACME","599254","520222","79032"
"2010-11-23","ACME","707537","614855","92682"
"2010-11-24","ACME","590658","532033","58625"
"2010-11-25","ACME","843845","744499","99346"
"2010-11-26","ACME","806549","721994","84555"
"2010-11-27","ACME","629529","552836","76693"
"2010-11-28","ACME","612340","534942","77398"
"2010-11-29","ACME","674682","597882","76800"
"2010-11-30","ACME","488100","429589","58511"
"2010-12-01","ACME","824441","731869","92572"
"2010-12-02","ACME","747539","665809","81730"
"2010-12-03","ACME","773309","690441","82868"
"2010-12-04","ACME","408322","342067","66255"
"2010-12-05","ACME","516414","445970","70444"
"2010-12-06","ACME","906831","821105","85726"
"2010-12-07","ACME","537913","468088","69825"
"2010-12-08","ACME","689398","610453","78945"
"2010-12-09","ACME","592945","529393","63552"
"2010-12-10","ACME","582658","515071","67587"
"2010-12-11","ACME","815824","719649","96175"
"2010-12-12","ACME","691347","592655","98692"
"2010-12-13","ACME","650522","561895","88627"
"2010-12-14","ACME","667570","572304","95266"
"2010-12-15","ACME","837049","728064","108985"
"2010-12-16","ACME","387399","336558","50841"
"2010-12-17","ACME","538716","476570","62146"
"2010-12-18","ACME","483896","428589","55307"
"2010-12-19","ACME","599847","532471","67376"
"2010-12-20","ACME","803651","721345","82306"
"2010-12-21","ACME","642078","567615","74463"
"2010-12-22","ACME","548672","477021","71651"
"2010-12-23","ACME","722070","635864","86206"
"2010-12-24","ACME","598985","546459","52526"
"2010-12-25","ACME","648510","572054","76456"
"2010-12-26","ACME","699585","616649","82936"
"2010-12-27","ACME","672958","589742","83216"
"2010-12-28","ACME","800051","702169","97882"
"2010-12-29","ACME","626519","552264","74255"
"2010-12-30","ACME","665183","582540","82643"
"2010-12-31","ACME","628255","553070","75185"
"2011-01-01","ACME","722505","641840","80665"
"2011-01-02","ACME","904655","798584","106071"
"2011-01-03","ACME","1038329","932559","105770"
"2011-01-04","ACME","942337","835558","106779"
"2011-01-05","ACME","760194","681968","78226"
"2011-01-06","ACME","996336","881157","115179"
"2011-01-07","ACME","828441","720941","107500"
"2011-01-08","ACME","658842","587113","71729"
"2011-01-09","ACME","840011","731675","108336"
"2011-01-10","ACME","979450","868547","110903"
"2011-01-11","ACME","807895","712323","95572"
"2011-01-12","ACME","866628","779222","87406"
"2011-01-13","ACME","754514","662659","91855"
"2011-01-14","ACME","726621","653016","73605"
"2011-01-15","ACME","638259","573479","64780"
"2011-01-16","ACME","700724","624891","75833"
"2011-01-17","ACME","1072343","956908","115435"
"2011-01-18","ACME","808168","720906","87262"
"2011-01-19","ACME","735856","640164","95692"
"2011-01-20","ACME","652715","569039","83676"
"2011-01-21","ACME","851484","749214","102270"
"2011-01-22","ACME","852989","752375","100614"
"2011-01-23","ACME","838649","736965","101684"
"2011-01-24","ACME","635966","549226","86740"
"2011-01-25","ACME","838772","734573","104199"
"2011-01-26","ACME","557054","494012","63042"
"2011-01-27","ACME","774822","682416","92406"
"2011-01-28","ACME","828541","717204","111337"
"2011-01-29","ACME","833910","739961","93949"
"2011-01-30","ACME","569250","482318","86932"
"2011-01-31","ACME","907198","807295","99903"
"2011-02-01","ACME","792925","706308","86617"
"2011-02-02","ACME","896020","791810","104210"
"2011-02-03","ACME","777093","676361","100732"
"2011-02-04","ACME","1014156","919000","95156"
"2011-02-05","ACME","753657","661449","92208"
"2011-02-06","ACME","911523","796955","114568"
"2011-02-07","ACME","814472","714980","99492"
"2011-02-08","ACME","913957","785163","128794"
"2011-02-09","ACME","787630","701025","86605"
"2011-02-10","ACME","635082","545338","89744"
"2011-02-11","ACME","909185","812794","96391"
"2011-02-12","ACME","585471","497758","87713"
"2011-02-13","ACME","930368","819246","111122"
"2011-02-14","ACME","931969","838644","93325"
"2011-02-15","ACME","844763","746615","98148"
"2011-02-16","ACME","743574","658120","85454"
"2011-02-17","ACME","654688","574688","80000"
"2011-02-18","ACME","651504","557737","93767"
"2011-02-19","ACME","769731","680151","89580"
"2011-02-20","ACME","691990","604712","87278"
"2011-02-21","ACME","778478","693561","84917"
"2011-02-22","ACME","877592","781050","96542"
"2011-02-23","ACME","661045","568886","92159"
"2011-02-24","ACME","717863","646713","71150"
"2011-02-25","ACME","598314","513614","84700"
"2011-02-26","ACME","816585","727727","88858"
"2011-02-27","ACME","729744","645420","84324"
"2011-02-28","ACME","790876","712879","77997"
"2011-03-01","ACME","696214","598081","98133"
"2011-03-02","ACME","662420","583395","79025"
"2011-03-03","ACME","741729","653265","88464"
"2011-03-04","ACME","823753","721449","102304"
"2011-03-05","ACME","812283","723509","88774"
"2011-03-06","ACME","896899","795292","101607"
"2011-03-07","ACME","758667","640395","118272"
"2011-03-08","ACME","843070","744062","99008"
"2011-03-09","ACME","541094","461584","79510"
"2011-03-10","ACME","855132","754375","100757"
"2011-03-11","ACME","864821","765351","99470"
"2011-03-12","ACME","766456","689729","76727"
"2011-03-13","ACME","671919","587774","84145"
"2011-03-14","ACME","867678","767716","99962"
"2011-03-15","ACME","765127","676236","88891"
"2011-03-16","ACME","952012","856812","95200"
"2011-03-17","ACME","869403","782539","86864"
"2011-03-18","ACME","789507","716806","72701"
"2011-03-19","ACME","888052","775634","112418"
"2011-03-20","ACME","926288","840824","85464"
"2011-03-21","ACME","975407","864789","110618"
"2011-03-22","ACME","824138","750616","73522"
"2011-03-23","ACME","1072442","942317","130125"
"2011-03-24","ACME","783327","674820","108507"
"2011-03-25","ACME","692083","605314","86769"
"2011-03-26","ACME","730395","632656","97739"
"2011-03-27","ACME","892217","778973","113244"
"2011-03-28","ACME","675602","580056","95546"
"2011-03-29","ACME","782140","697200","84940"
"2011-03-30","ACME","743849","653020","90829"
"2011-03-31","ACME","873284","775247","98037"
"2011-04-01","ACME","1092045","974148","117897"
"2011-04-02","ACME","895681","800153","95528"
"2011-04-03","ACME","1001567","879188","122379"
"2011-04-04","ACME","630701","552161","78540"
"2011-04-05","ACME","651050","581810","69240"
"2011-04-06","ACME","691832","603455","88377"
"2011-04-07","ACME","942344","830677","111667"
"2011-04-08","ACME","604170","535919","68251"
"2011-04-09","ACME","651402","564974","86428"
"2011-04-10","ACME","799557","707592","91965"
"2011-04-11","ACME","785015","717849","67166"
"2011-04-12","ACME","733532","655881","77651"
"2011-04-13","ACME","656438","572690","83748"
"2011-04-14","ACME","789358","694683","94675"
"2011-04-15","ACME","714887","614820","100067"
"2011-04-16","ACME","606544","542474","64070"
"2011-04-17","ACME","586813","515901","70912"
"2011-04-18","ACME","704368","618439","85929"
"2011-04-19","ACME","630603","548013","82590"
"2011-04-20","ACME","628080","552225","75855"
"2011-04-21","ACME","714209","628653","85556"
"2011-04-22","ACME","772409","665393","107016"
"2011-04-23","ACME","858623","763619","95004"
"2011-04-24","ACME","722578","625718","96860"
"2011-04-25","ACME","628250","541406","86844"
"2011-04-26","ACME","1020479","889576","130903"
"2011-04-27","ACME","748901","664969","83932"
"2011-04-28","ACME","790019","699238","90781"
"2011-04-29","ACME","678579","590586","87993"
"2011-04-30","ACME","869885","764030","105855"
"2011-05-01","ACME","699407","604070","95337"
"2011-05-02","ACME","594199","527566","66633"
"2011-05-03","ACME","688671","608982","79689"
"2011-05-04","ACME","577398","495031","82367"
"2011-05-05","ACME","888831","786150","102681"
"2011-05-06","ACME","765857","675769","90088"
"2011-05-07","ACME","960407","851199","109208"
"2011-05-08","ACME","878920","772134","106786"
"2011-05-09","ACME","756706","662744","93962"
"2011-05-10","ACME","971778","861487","110291"
"2011-05-11","ACME","877061","750548","126513"
"2011-05-12","ACME","1045376","922796","122580"
"2011-05-13","ACME","585679","518563","67116"
"2011-05-14","ACME","526710","466146","60564"
"2011-05-15","ACME","763593","674347","89246"
"2011-05-16","ACME","799029","715102","83927"
"2011-05-17","ACME","811914","716705","95209"
"2011-05-18","ACME","793796","691585","102211"
"2011-05-19","ACME","835732","738051","97681"
"2011-05-20","ACME","831976","750827","81149"
"2011-05-21","ACME","742425","657466","84959"
"2011-05-22","ACME","645733","554307","91426"
"2011-05-23","ACME","873475","763022","110453"
"2011-05-24","ACME","754207","671529","82678"
"2011-05-25","ACME","771164","648550","122614"
"2011-05-26","ACME","690469","619560","70909"
"2011-05-27","ACME","937393","836773","100620"
"2011-05-28","ACME","561185","499834","61351"
"2011-05-29","ACME","840117","741652","98465"
"2011-05-30","ACME","825317","729429","95888"
"2011-05-31","ACME","729601","646285","83316"
"2011-06-01","ACME","708369","621409","86960"
"2011-06-02","ACME","1088394","972378","116016"
"2011-06-03","ACME","1038333","923542","114791"
"2011-06-04","ACME","886533","785845","100688"
"2011-06-05","ACME","961018","843227","117791"
"2011-06-06","ACME","821462","723667","97795"
"2011-06-07","ACME","829693","723755","105938"
"2011-06-08","ACME","891900","783664","108236"
"2011-06-09","ACME","965070","818836","146234"
"2011-06-10","ACME","1019742","895395","124347"
"2011-06-11","ACME","747444","660531","86913"
"2011-06-12","ACME","944753","820862","123891"
"2011-06-13","ACME","955725","847194","108531"
"2011-06-14","ACME","739349","636646","102703"
"2011-06-15","ACME","953576","823872","129704"
"2011-06-16","ACME","818024","710629","107395"
"2011-06-17","ACME","838885","753569","85316"
"2011-06-18","ACME","1016820","885028","131792"
"2011-06-19","ACME","1057005","950898","106107"
"2011-06-20","ACME","1231742","1093891","137851"
"2011-06-21","ACME","930755","824187","106568"
"2011-06-22","ACME","727764","645195","82569"
"2011-06-23","ACME","982688","874141","108547"
"2011-06-24","ACME","1017170","901805","115365"
"2011-06-25","ACME","972117","865261","106856"
"2011-06-26","ACME","1043671","931121","112550"
"2011-06-27","ACME","819539","702546","116993"
"2011-06-28","ACME","864883","741658","123225"
"2011-06-29","ACME","782420","688763","93657"
"2011-06-30","ACME","1035738","922537","113201"
"2011-07-01","ACME","887746","777405","110341"
"2011-07-02","ACME","1031871","913655","118216"
"2011-07-03","ACME","1030786","914325","116461"
"2011-07-04","ACME","1186036","1067251","118785"
"2011-07-05","ACME","829070","727672","101398"
"2011-07-06","ACME","1155463","1021298","134165"
"2011-07-07","ACME","887116","786988","100128"
"2011-07-08","ACME","739703","646533","93170"
"2011-07-09","ACME","1060883","942748","118135"
"2011-07-10","ACME","844128","736433","107695"
"2011-07-11","ACME","635390","547149","88241"
"2011-07-12","ACME","958781","862933","95848"
"2011-07-13","ACME","1066528","945743","120785"
"2011-07-14","ACME","859302","754717","104585"
"2011-07-15","ACME","977942","860679","117263"
"2011-07-16","ACME","897252","800026","97226"
"2011-07-17","ACME","804670","712437","92233"
"2011-07-18","ACME","626946","549120","77826"
"2011-07-19","ACME","1121180","991790","129390"
"2011-07-20","ACME","711925","625981","85944"
"2011-07-21","ACME","771233","669612","101621"
"2011-07-22","ACME","1023532","916504","107028"
"2011-07-23","ACME","774789","683908","90881"
"2011-07-24","ACME","805272","709021","96251"
"2011-07-25","ACME","987975","883313","104662"
"2011-07-26","ACME","759592","677696","81896"
"2011-07-27","ACME","839866","736294","103572"
"2011-07-28","ACME","791783","701436","90347"
"2011-07-29","ACME","922327","813396","108931"
"2011-07-30","ACME","784395","680327","104068"
"2011-07-31","ACME","828085","716742","111343"
"2011-08-01","ACME","1172985","1029343","143642"
"2011-08-02","ACME","995627","891035","104592"
"2011-08-03","ACME","916233","807996","108237"
"2011-08-04","ACME","994368","896473","97895"
"2011-08-05","ACME","864965","766225","98740"
"2011-08-06","ACME","811166","692527","118639"
"2011-08-07","ACME","1016894","893281","123613"
"2011-08-08","ACME","817204","701252","115952"
"2011-08-09","ACME","1282137","1157741","124396"
"2011-08-10","ACME","577781","500033","77748"
"2011-08-11","ACME","964781","854318","110463"
"2011-08-12","ACME","992266","868140","124126"
"2011-08-13","ACME","866907","757838","109069"
"2011-08-14","ACME","810225","706586","103639"
"2011-08-15","ACME","889211","784339","104872"
"2011-08-16","ACME","1063233","945266","117967"
"2011-08-17","ACME","948291","849711","98580"
"2011-08-18","ACME","937158","825618","111540"
"2011-08-19","ACME","707070","621601","85469"
"2011-08-20","ACME","728919","641527","87392"
"2011-08-21","ACME","695001","597035","97966"
"2011-08-22","ACME","1054166","940406","113760"
"2011-08-23","ACME","681114","591243","89871"
"2011-08-24","ACME","1138122","1017243","120879"
"2011-08-25","ACME","779516","683116","96400"
"2011-08-26","ACME","1142421","1025925","116496"
"2011-08-27","ACME","973854","864900","108954"
"2011-08-28","ACME","832570","725132","107438"
"2011-08-29","ACME","902073","805888","96185"
"2011-08-30","ACME","911167","805554","105613"
"2011-08-31","ACME","998845","885554","113291"
"2011-09-01","ACME","1197305","1056553","140752"
"2011-09-02","ACME","1088111","965939","122172"
"2011-09-03","ACME","1071602","957755","113847"
"2011-09-04","ACME","883312","772293","111019"
"2011-09-05","ACME","849623","743102","106521"
"2011-09-06","ACME","1010262","890336","119926"
"2011-09-07","ACME","774971","674176","100795"
"2011-09-08","ACME","1028912","907898","121014"
"2011-09-09","ACME","906508","778127","128381"
"2011-09-10","ACME","874713","775022","99691"
"2011-09-11","ACME","963070","853691","109379"
"2011-09-12","ACME","806266","706820","99446"
"2011-09-13","ACME","986015","877539","108476"
"2011-09-14","ACME","1154040","1039017","115023"
"2011-09-15","ACME","902328","774590","127738"
"2011-09-16","ACME","1039169","931638","107531"
"2011-09-17","ACME","894667","793276","101391"
"2011-09-18","ACME","1072386","942139","130247"
"2011-09-19","ACME","841456","740427","101029"
"2011-09-20","ACME","813790","723583","90207"
"2011-09-21","ACME","935729","833757","101972"
"2011-09-22","ACME","1111963","991055","120908"
"2011-09-23","ACME","913459","797572","115887"
"2011-09-24","ACME","1036079","912322","123757"
"2011-09-25","ACME","921681","822298","99383"
"2011-09-26","ACME","863302","760409","102893"
"2011-09-27","ACME","888995","780919","108076"
"2011-09-28","ACME","1049030","930629","118401"
"2011-09-29","ACME","837075","740971","96104"
"2011-09-30","ACME","800806","698854","101952"
"2011-10-01","ACME","843284","724376","118908"
"2011-10-02","ACME","1100715","971335","129380"
"2011-10-03","ACME","1113837","975512","138325"
"2011-10-04","ACME","774594","667621","106973"
"2011-10-05","ACME","957413","845049","112364"
"2011-10-06","ACME","782436","689882","92554"
"2011-10-07","ACME","970882","855383","115499"
"2011-10-08","ACME","1059142","935107","124035"
"2011-10-09","ACME","907562","786509","121053"
"2011-10-10","ACME","767739","680560","87179"
"2011-10-11","ACME","947584","842957","104627"
"2011-10-12","ACME","1072841","937151","135690"
"2011-10-13","ACME","868563","757515","111048"
"2011-10-14","ACME","741610","651988","89622"
"2011-10-15","ACME","1151581","1020636","130945"
"2011-10-16","ACME","966308","847152","119156"
"2011-10-17","ACME","731549","638748","92801"
"2011-10-18","ACME","1100129","989008","111121"
"2011-10-19","ACME","816908","737647","79261"
"2011-10-20","ACME","974858","869872","104986"
"2011-10-21","ACME","734972","641032","93940"
"2011-10-22","ACME","1249274","1100516","148758"
"2011-10-23","ACME","1150994","1003152","147842"
"2011-10-24","ACME","732252","647462","84790"
"2011-10-25","ACME","940333","838616","101717"
"2011-10-26","ACME","958229","844180","114049"
"2011-10-27","ACME","997327","867897","129430"
"2011-10-28","ACME","972910","854551","118359"
"2011-10-29","ACME","1069454","947739","121715"
"2011-10-30","ACME","876143","771620","104523"
"2011-10-31","ACME","895502","797137","98365"
"2011-11-01","ACME","884754","783391","101363"
"2011-11-02","ACME","1121337","985890","135447"
"2011-11-03","ACME","979176","879870","99306"
"2011-11-04","ACME","1081750","963378","118372"
"2011-11-05","ACME","895364","777179","118185"
"2011-11-06","ACME","885962","771393","114569"
"2011-11-07","ACME","813379","714713","98666"
"2011-11-08","ACME","944951","821235","123716"
"2011-11-09","ACME","970895","851182","119713"
"2011-11-10","ACME","909654","797967","111687"
"2011-11-11","ACME","714128","628906","85222"
"2011-11-12","ACME","701804","606390","95414"
"2011-11-13","ACME","884134","769547","114587"
"2011-11-14","ACME","1070728","954866","115862"
"2011-11-15","ACME","1024828","894682","130146"
"2011-11-16","ACME","830784","721762","109022"
"2011-11-17","ACME","1096201","968683","127518"
"2011-11-18","ACME","742506","644321","98185"
"2011-11-19","ACME","858255","755779","102476"
"2011-11-20","ACME","1055270","943779","111491"
"2011-11-21","ACME","1283710","1155775","127935"
"2011-11-22","ACME","835899","743335","92564"
"2011-11-23","ACME","841296","743963","97333"
"2011-11-24","ACME","976355","857635","118720"
"2011-11-25","ACME","971364","854228","117136"
"2011-11-26","ACME","957694","841115","116579"
"2011-11-27","ACME","753369","645091","108278"
"2011-11-28","ACME","838566","746347","92219"
"2011-11-29","ACME","935080","831107","103973"
"2011-11-30","ACME","944308","841810","102498"
"2011-12-01","ACME","782215","675039","107176"
"2011-12-02","ACME","906680","798752","107928"
"2011-12-03","ACME","755878","664966","90912"
"2011-12-04","ACME","982962","858567","124395"
"2011-12-05","ACME","930416","821707","108709"
"2011-12-06","ACME","1103676","971441","132235"
"2011-12-07","ACME","799826","719216","80610"
"2011-12-08","ACME","792581","706042","86539"
"2011-12-09","ACME","981602","856622","124980"
"2011-12-10","ACME","1055202","936372","118830"
"2011-12-11","ACME","988529","871908","116621"
"2011-12-12","ACME","946316","816025","130291"
"2011-12-13","ACME","979770","851119","128651"
"2011-12-14","ACME","1030128","921189","108939"
"2011-12-15","ACME","1009513","895817","113696"
"2011-12-16","ACME","821128","706190","114938"
"2011-12-17","ACME","942837","828187","114650"
"2011-12-18","ACME","811374","701880","109494"
"2011-12-19","ACME","816443","733383","83060"
"2011-12-20","ACME","1090701","979121","111580"
"2011-12-21","ACME","1172865","1043045","129820"
"2011-12-22","ACME","795192","716913","78279"
"2011-12-23","ACME","1127569","991439","136130"
"2011-12-24","ACME","797662","689942","107720"
"2011-12-25","ACME","911769","797218","114551"
"2011-12-26","ACME","1147134","1016566","130568"
"2011-12-27","ACME","918038","789867","128171"
"2011-12-28","ACME","865805","770061","95744"
"2011-12-29","ACME","872605","757812","114793"
"2011-12-30","ACME","855071","754669","100402"
"2011-12-31","ACME","1234063","1098471","135592"
"2012-01-01","ACME","1482535","1311176","171359"
"2012-01-02","ACME","1317887","1152125","165762"
"2012-01-03","ACME","1154229","1018621","135608"
"2012-01-04","ACME","1158990","1026796","132194"
"2012-01-05","ACME","1082644","951278","131366"
"2012-01-06","ACME","1265682","1108205","157477"
"2012-01-07","ACME","1286743","1127450","159293"
"2012-01-08","ACME","1541312","1359002","182310"
"2012-01-09","ACME","1317481","1153902","163579"
"2012-01-10","ACME","1130993","993280","137713"
"2012-01-11","ACME","1341650","1179874","161776"
"2012-01-12","ACME","1196560","1048861","147699"
"2012-01-13","ACME","1171266","1038685","132581"
"2012-01-14","ACME","1370809","1214741","156068"
"2012-01-15","ACME","1456523","1277758","178765"
"2012-01-16","ACME","1515692","1317883","197809"
"2012-01-17","ACME","1265066","1123006","142060"
"2012-01-18","ACME","1303697","1143708","159989"
"2012-01-19","ACME","1178846","1052804","126042"
"2012-01-20","ACME","1177404","1047297","130107"
"2012-01-21","ACME","1065965","932638","133327"
"2012-01-22","ACME","1503347","1319591","183756"
"2012-01-23","ACME","1229241","1097047","132194"
"2012-01-24","ACME","1156331","1015283","141048"
"2012-01-25","ACME","1296935","1141618","155317"
"2012-01-26","ACME","1233059","1103930","129129"
"2012-01-27","ACME","1201885","1069101","132784"
"2012-01-28","ACME","1243202","1087564","155638"
"2012-01-29","ACME","1070617","947820","122797"
"2012-01-30","ACME","1256314","1096756","159558"
"2012-01-31","ACME","1426137","1275724","150413"
"2012-02-01","ACME","1229923","1103194","126729"
"2012-02-02","ACME","1212229","1069777","142452"
"2012-02-03","ACME","1541551","1358253","183298"
"2012-02-04","ACME","1450140","1288771","161369"
"2012-02-05","ACME","1190891","1056698","134193"
"2012-02-06","ACME","1617503","1443446","174057"
"2012-02-07","ACME","1377870","1206761","171109"
"2012-02-08","ACME","1491506","1339326","152180"
"2012-02-09","ACME","1096444","948394","148050"
"2012-02-10","ACME","1529858","1361239","168619"
"2012-02-11","ACME","1412087","1233992","178095"
"2012-02-12","ACME","1556352","1374172","182180"
"2012-02-13","ACME","1475122","1311739","163383"
"2012-02-14","ACME","1329880","1188965","140915"
"2012-02-15","ACME","1368792","1219344","149448"
"2012-02-16","ACME","1410702","1254407","156295"
"2012-02-17","ACME","1413258","1220254","193004"
"2012-02-18","ACME","1682295","1482700","199595"
"2012-02-19","ACME","1389892","1208664","181228"
"2012-02-20","ACME","1520972","1337876","183096"
"2012-02-21","ACME","1373129","1208776","164353"
"2012-02-22","ACME","1212622","1068840","143782"
"2012-02-23","ACME","1355348","1191657","163691"
"2012-02-24","ACME","1334983","1180592","154391"
"2012-02-25","ACME","1506173","1352817","153356"
"2012-02-26","ACME","1321026","1182340","138686"
"2012-02-27","ACME","1533685","1369525","164160"
"2012-02-28","ACME","1478971","1309156","169815"
"2012-02-29","ACME","1318946","1165460","153486"
"2012-03-01","ACME","1405181","1215482","189699"
"2012-03-02","ACME","1539561","1356696","182865"
"2012-03-03","ACME","1595728","1421742","173986"
"2012-03-04","ACME","1357966","1188885","169081"
"2012-03-05","ACME","1310084","1155789","154295"
"2012-03-06","ACME","1155240","990074","165166"
"2012-03-07","ACME","1369543","1203977","165566"
"2012-03-08","ACME","1356575","1196647","159928"
"2012-03-09","ACME","1348309","1183222","165087"
"2012-03-10","ACME","1309174","1151555","157619"
"2012-03-11","ACME","1156157","1021591","134566"
"2012-03-12","ACME","1283693","1135145","148548"
"2012-03-13","ACME","1225906","1064062","161844"
"2012-03-14","ACME","1122042","986361","135681"
"2012-03-15","ACME","1566093","1393221","172872"
"2012-03-16","ACME","1363856","1203844","160012"
"2012-03-17","ACME","1157036","1016764","140272"
"2012-03-18","ACME","1401582","1230924","170658"
"2012-03-19","ACME","1105467","969069","136398"
"2012-03-20","ACME","1481964","1302289","179675"
"2012-03-21","ACME","1222626","1071865","150761"
"2012-03-22","ACME","1614893","1441877","173016"
"2012-03-23","ACME","1102858","965010","137848"
"2012-03-24","ACME","1300217","1143207","157010"
"2012-03-25","ACME","1396886","1230304","166582"
"2012-03-26","ACME","1555387","1390204","165183"
"2012-03-27","ACME","1339050","1170659","168391"
"2012-03-28","ACME","1191620","1073495","118125"
"2012-03-29","ACME","1695005","1503345","191660"
"2012-03-30","ACME","1427428","1261668","165760"
"2012-03-31","ACME","1752209","1567669","184540"
"2012-04-01","ACME","1362420","1181654","180766"
"2012-04-02","ACME","1650683","1472636","178047"
"2012-04-03","ACME","1497069","1320006","177063"
"2012-04-04","ACME","1342059","1180057","162002"
"2012-04-05","ACME","1476832","1310221","166611"
"2012-04-06","ACME","1336555","1170434","166121"
"2012-04-07","ACME","1784429","1575963","208466"
"2012-04-08","ACME","1334853","1165590","169263"
"2012-04-09","ACME","1634457","1437327","197130"
"2012-04-10","ACME","1544751","1390657","154094"
"2012-04-11","ACME","1145375","1003538","141837"
"2012-04-12","ACME","1515095","1349627","165468"
"2012-04-13","ACME","1141838","1009779","132059"
"2012-04-14","ACME","1143309","1003321","139988"
"2012-04-15","ACME","1385768","1227899","157869"
"2012-04-16","ACME","1488252","1328762","159490"
"2012-04-17","ACME","1441424","1264415","177009"
"2012-04-18","ACME","1083285","952293","130992"
"2012-04-19","ACME","1401165","1227662","173503"
"2012-04-20","ACME","1450480","1281253","169227"
"2012-04-21","ACME","1150437","1016430","134007"
"2012-04-22","ACME","1599309","1415917","183392"
"2012-04-23","ACME","1785695","1580891","204804"
"2012-04-24","ACME","1382565","1218215","164350"
"2012-04-25","ACME","1445996","1272617","173379"
"2012-04-26","ACME","1296761","1152166","144595"
"2012-04-27","ACME","1698883","1489738","209145"
"2012-04-28","ACME","1574984","1386721","188263"
"2012-04-29","ACME","1296824","1143353","153471"
"2012-04-30","ACME","1387607","1232301","155306"
"2012-05-01","ACME","1498698","1312515","186183"
"2012-05-02","ACME","1478591","1290873","187718"
"2012-05-03","ACME","1460642","1272391","188251"
"2012-05-04","ACME","1348857","1167395","181462"
"2012-05-05","ACME","1407661","1264565","143096"
"2012-05-06","ACME","1305325","1149900","155425"
"2012-05-07","ACME","1282147","1130545","151602"
"2012-05-08","ACME","1400471","1229743","170728"
"2012-05-09","ACME","1720800","1519874","200926"
"2012-05-10","ACME","1345687","1180364","165323"
"2012-05-11","ACME","1627965","1416289","211676"
"2012-05-12","ACME","1494805","1328792","166013"
"2012-05-13","ACME","1321551","1170185","151366"
"2012-05-14","ACME","1717586","1521586","196000"
"2012-05-15","ACME","1372619","1202907","169712"
"2012-05-16","ACME","1594990","1414938","180052"
"2012-05-17","ACME","1599343","1399847","199496"
"2012-05-18","ACME","1489482","1296946","192536"
"2012-05-19","ACME","1545420","1388911","156509"
"2012-05-20","ACME","1562038","1375495","186543"
"2012-05-21","ACME","1356731","1203808","152923"
"2012-05-22","ACME","1556302","1369254","187048"
"2012-05-23","ACME","1472040","1303232","168808"
"2012-05-24","ACME","1617852","1423239","194613"
"2012-05-25","ACME","1610461","1428351","182110"
"2012-05-26","ACME","1461204","1295763","165441"
"2012-05-27","ACME","1692317","1511156","181161"
"2012-05-28","ACME","1346385","1186576","159809"
"2012-05-29","ACME","1515550","1333206","182344"
"2012-05-30","ACME","1291467","1140117","151350"
"2012-05-31","ACME","899994","796844","103150"
"2012-06-01","ACME","162059","145403","16656"
"2012-06-02","ACME","745170","659283","85887"
"2012-06-03","ACME","688362","602977","85385"
"2012-06-04","ACME","608859","542000","66859"
"2012-06-05","ACME","804104","719088","85016"
"2012-06-06","ACME","593681","529558","64123"
"2012-06-07","ACME","628170","554986","73184"
"2012-06-08","ACME","522726","460498","62228"
"2012-06-09","ACME","707758","618927","88831"
"2012-06-10","ACME","648786","566236","82550"
"2012-06-11","ACME","862988","781766","81222"
"2012-06-12","ACME","591974","520617","71357"
"2012-06-13","ACME","469726","394534","75192"
"2012-06-14","ACME","613077","532620","80457"
"2012-06-15","ACME","663645","587414","76231"
"2012-06-16","ACME","593185","510417","82768"
"2012-06-17","ACME","555650","497490","58160"
"2012-06-18","ACME","752504","666586","85918"
"2012-06-19","ACME","722384","642823","79561"
"2012-06-20","ACME","772104","696271","75833"
"2012-06-21","ACME","700146","623744","76402"
"2012-06-22","ACME","542696","473883","68813"
"2012-06-23","ACME","705519","629440","76079"
"2012-06-24","ACME","640442","568368","72074"
"2012-06-25","ACME","450545","388734","61811"
"2012-06-26","ACME","553927","492408","61519"
"2012-06-27","ACME","555382","489768","65614"
"2012-06-28","ACME","697826","625524","72302"
"2012-06-29","ACME","611661","534301","77360"
"2012-06-30","ACME","752187","668209","83978"
"2012-07-01","ACME","777302","682724","94578"
"2012-07-02","ACME","685692","593500","92192"
"2012-07-03","ACME","733300","644944","88356"
"2012-07-04","ACME","618284","537692","80592"
"2012-07-05","ACME","500509","428961","71548"
"2012-07-06","ACME","642551","567937","74614"
"2012-07-07","ACME","692357","600360","91997"
"2012-07-08","ACME","574671","508976","65695"
"2012-07-09","ACME","869630","774030","95600"
"2012-07-10","ACME","747038","656029","91009"
"2012-07-11","ACME","666529","588972","77557"
"2012-07-12","ACME","706969","606205","100764"
"2012-07-13","ACME","655780","581237","74543"
"2012-07-14","ACME","646410","576639","69771"
"2012-07-15","ACME","584025","510502","73523"
"2012-07-16","ACME","785087","701636","83451"
"2012-07-17","ACME","1089498","969092","120406"
"2012-07-18","ACME","657311","589709","67602"
"2012-07-19","ACME","706992","604115","102877"
"2012-07-20","ACME","604192","524232","79960"
"2012-07-21","ACME","467610","391647","75963"
"2012-07-22","ACME","630683","551538","79145"
"2012-07-23","ACME","546318","469673","76645"
"2012-07-24","ACME","635543","562076","73467"
"2012-07-25","ACME","600735","535074","65661"
"2012-07-26","ACME","603486","532986","70500"
"2012-07-27","ACME","398356","337602","60754"
"2012-07-28","ACME","550075","487710","62365"
"2012-07-29","ACME","554485","485599","68886"
"2012-07-30","ACME","724461","642188","82273"
"2012-07-31","ACME","679316","608022","71294"
"2012-08-01","ACME","934895","831773","103122"
"2012-08-02","ACME","707419","616960","90459"
"2012-08-03","ACME","544204","483259","60945"
"2012-08-04","ACME","625754","537391","88363"
"2012-08-05","ACME","639040","566226","72814"
"2012-08-06","ACME","766913","676421","90492"
"2012-08-07","ACME","684861","601884","82977"
"2012-08-08","ACME","504065","430758","73307"
"2012-08-09","ACME","773835","682190","91645"
"2012-08-10","ACME","781621","673835","107786"
"2012-08-11","ACME","771349","684944","86405"
"2012-08-12","ACME","835779","746899","88880"
"2012-08-13","ACME","537486","473773","63713"
"2012-08-14","ACME","549484","466994","82490"
"2012-08-15","ACME","655523","583849","71674"
"2012-08-16","ACME","684403","615331","69072"
"2012-08-17","ACME","674444","605876","68568"
"2012-08-18","ACME","716677","640261","76416"
"2012-08-19","ACME","1038088","916537","121551"
"2012-08-20","ACME","509558","446701","62857"
"2012-08-21","ACME","615166","549413","65753"
"2012-08-22","ACME","522580","452889","69691"
"2012-08-23","ACME","783147","701060","82087"
"2012-08-24","ACME","833128","726723","106405"
"2012-08-25","ACME","724907","636516","88391"
"2012-08-26","ACME","705508","637166","68342"
"2012-08-27","ACME","622141","543928","78213"
"2012-08-28","ACME","544906","479028","65878"
"2012-08-29","ACME","695176","616956","78220"
"2012-08-30","ACME","591908","519751","72157"
"2012-08-31","ACME","568332","504542","63790"
"2012-09-01","ACME","727889","655237","72652"
"2012-09-02","ACME","717146","634988","82158"
"2012-09-03","ACME","787156","693682","93474"
"2012-09-04","ACME","517322","448218","69104"
"2012-09-05","ACME","889312","788088","101224"
"2012-09-06","ACME","576766","511787","64979"
"2012-09-07","ACME","510857","459719","51138"
"2012-09-08","ACME","564717","495940","68777"
"2012-09-09","ACME","685374","594987","90387"
"2012-09-10","ACME","704444","623101","81343"
"2012-09-11","ACME","705320","621056","84264"
"2012-09-12","ACME","928220","800283","127937"
"2012-09-13","ACME","691168","609790","81378"
"2012-09-14","ACME","494799","435865","58934"
"2012-09-15","ACME","516337","456556","59781"
"2012-09-16","ACME","842485","755959","86526"
"2012-09-17","ACME","739477","662435","77042"
"2012-09-18","ACME","874985","778103","96882"
"2012-09-19","ACME","551223","482241","68982"
"2012-09-20","ACME","593866","508433","85433"
"2012-09-21","ACME","857741","764305","93436"
"2012-09-22","ACME","715565","632973","82592"
"2012-09-23","ACME","752785","666206","86579"
"2012-09-24","ACME","916613","803239","113374"
"2012-09-25","ACME","539928","479090","60838"
"2012-09-26","ACME","774238","693874","80364"
"2012-09-27","ACME","1003441","892332","111109"
"2012-09-28","ACME","849818","754134","95684"
"2012-09-29","ACME","570538","508247","62291"
"2012-09-30","ACME","818779","727369","91410"
"2012-10-01","ACME","884655","775394","109261"
"2012-10-02","ACME","776176","683475","92701"
"2012-10-03","ACME","745727","653892","91835"
"2012-10-04","ACME","947832","850647","97185"
"2012-10-05","ACME","725821","639481","86340"
"2012-10-06","ACME","806898","716366","90532"
"2012-10-07","ACME","789029","699707","89322"
"2012-10-08","ACME","954726","832341","122385"
"2012-10-09","ACME","1110686","979320","131366"
"2012-10-10","ACME","763171","678252","84919"
"2012-10-11","ACME","664155","588502","75653"
"2012-10-12","ACME","646418","555310","91108"
"2012-10-13","ACME","834496","736789","97707"
"2012-10-14","ACME","846191","750905","95286"
"2012-10-15","ACME","855101","765875","89226"
"2012-10-16","ACME","734093","654519","79574"
"2012-10-17","ACME","811052","732001","79051"
"2012-10-18","ACME","716106","637150","78956"
"2012-10-19","ACME","653246","564196","89050"
"2012-10-20","ACME","609400","530351","79049"
"2012-10-21","ACME","684458","606011","78447"
"2012-10-22","ACME","831475","731733","99742"
"2012-10-23","ACME","763745","664046","99699"
"2012-10-24","ACME","691369","614701","76668"
"2012-10-25","ACME","733698","636300","97398"
"2012-10-26","ACME","887678","777894","109784"
"2012-10-27","ACME","600233","529987","70246"
"2012-10-28","ACME","831574","727619","103955"
"2012-10-29","ACME","689375","603994","85381"
"2012-10-30","ACME","577063","521553","55510"
"2012-10-31","ACME","715489","632992","82497"
"2012-11-01","ACME","800566","723412","77154"
"2012-11-02","ACME","849943","746242","103701"
"2012-11-03","ACME","651474","569633","81841"
"2012-11-04","ACME","614922","518896","96026"
"2012-11-05","ACME","886779","759333","127446"
"2012-11-06","ACME","822338","726951","95387"
"2012-11-07","ACME","641523","554879","86644"
"2012-11-08","ACME","813754","701797","111957"
"2012-11-09","ACME","603409","523531","79878"
"2012-11-10","ACME","715426","630520","84906"
"2012-11-11","ACME","793247","706624","86623"
"2012-11-12","ACME","724388","657732","66656"
"2012-11-13","ACME","854058","743246","110812"
"2012-11-14","ACME","767710","691828","75882"
"2012-11-15","ACME","881574","777764","103810"
"2012-11-16","ACME","671336","578051","93285"
"2012-11-17","ACME","575746","496137","79609"
"2012-11-18","ACME","707380","614072","93308"
"2012-11-19","ACME","1046437","947109","99328"
"2012-11-20","ACME","805105","707219","97886"
"2012-11-21","ACME","654649","570870","83779"
"2012-11-22","ACME","588377","512766","75611"
"2012-11-23","ACME","916036","807027","109009"
"2012-11-24","ACME","950579","850300","100279"
"2012-11-25","ACME","788761","698500","90261"
"2012-11-26","ACME","857463","779471","77992"
"2012-11-27","ACME","898684","796736","101948"
"2012-11-28","ACME","951688","843425","108263"
"2012-11-29","ACME","689942","605047","84895"
"2012-11-30","ACME","985095","882662","102433"
"2012-12-01","ACME","804390","699412","104978"
"2012-12-02","ACME","977215","880166","97049"
"2012-12-03","ACME","739009","663566","75443"
"2012-12-04","ACME","732417","647909","84508"
"2012-12-05","ACME","690074","606890","83184"
"2012-12-06","ACME","762879","674603","88276"
"2012-12-07","ACME","889967","783632","106335"
"2012-12-08","ACME","783659","698018","85641"
"2012-12-09","ACME","780256","684772","95484"
"2012-12-10","ACME","624035","536238","87797"
"2012-12-11","ACME","712877","625578","87299"
"2012-12-12","ACME","812214","716249","95965"
"2012-12-13","ACME","731816","638411","93405"
"2012-12-14","ACME","578238","512330","65908"
"2012-12-15","ACME","463325","414569","48756"
"2012-12-16","ACME","637120","543794","93326"
"2012-12-17","ACME","740325","653463","86862"
"2012-12-18","ACME","656456","569361","87095"
"2012-12-19","ACME","693783","605395","88388"
"2012-12-20","ACME","860446","754910","105536"
"2012-12-21","ACME","870400","767321","103079"
"2012-12-22","ACME","676661","593950","82711"
"2012-12-23","ACME","761265","680904","80361"
"2012-12-24","ACME","635067","565777","69290"
"2012-12-25","ACME","511860","443749","68111"
"2012-12-26","ACME","620841","543923","76918"
"2012-12-27","ACME","879120","772268","106852"
"2012-12-28","ACME","793605","693438","100167"
"2012-12-29","ACME","625199","547243","77956"
"2012-12-30","ACME","654643","580455","74188"
"2012-12-31","ACME","892782","789491","103291"
"2013-01-01","ACME","328965","275555","53410"
"2013-01-02","ACME","1614369","1409747","204622"
"2013-01-03","ACME","1786544","1564530","222014"
"2013-01-04","ACME","2066953","1832709","234244"
"2013-01-05","ACME","2133885","1857453","276432"
"2013-01-06","ACME","1837164","1603020","234144"
"2013-01-07","ACME","2310710","2006068","304642"
"2013-01-08","ACME","2158396","1912568","245828"
"2013-01-09","ACME","2117398","1848433","268965"
"2013-01-10","ACME","2012884","1755976","256908"
"2013-01-11","ACME","2026181","1790831","235350"
"2013-01-12","ACME","2039539","1800103","239436"
"2013-01-13","ACME","1806574","1571157","235417"
"2013-01-14","ACME","1655045","1434321","220724"
"2013-01-15","ACME","2161867","1889040","272827"
"2013-01-16","ACME","2286259","2013959","272300"
"2013-01-17","ACME","2091871","1844204","247667"
"2013-01-18","ACME","2279068","2008244","270824"
"2013-01-19","ACME","1741393","1522418","218975"
"2013-01-20","ACME","2273977","1975527","298450"
"2013-01-21","ACME","2392472","2091334","301138"
"2013-01-22","ACME","1818285","1593113","225172"
"2013-01-23","ACME","2156003","1908496","247507"
"2013-01-24","ACME","2416778","2145354","271424"
"2013-01-25","ACME","2121111","1854973","266138"
"2013-01-26","ACME","2045030","1776692","268338"
"2013-01-27","ACME","1975418","1723235","252183"
"2013-01-28","ACME","2169749","1878218","291531"
"2013-01-29","ACME","2099229","1856920","242309"
"2013-01-30","ACME","1975085","1742664","232421"
"2013-01-31","ACME","2087945","1814359","273586"
"2013-02-01","ACME","3007045","2677885","329160"
"2013-02-02","ACME","1907990","1668855","239135"
"2013-02-03","ACME","2093380","1846740","246640"
"2013-02-04","ACME","2511954","2232088","279866"
"2013-02-05","ACME","2090754","1850616","240138"
"2013-02-06","ACME","2328871","2039984","288887"
"2013-02-07","ACME","2326298","2038123","288175"
"2013-02-08","ACME","2350685","2074253","276432"
"2013-02-09","ACME","2554063","2230690","323373"
"2013-02-10","ACME","2618769","2281395","337374"
"2013-02-11","ACME","2574174","2258846","315328"
"2013-02-12","ACME","2295058","2026620","268438"
"2013-02-13","ACME","2392187","2110288","281899"
"2013-02-14","ACME","2408228","2112744","295484"
"2013-02-15","ACME","2173708","1923096","250612"
"2013-02-16","ACME","2641371","2320525","320846"
"2013-02-17","ACME","2017786","1753374","264412"
"2013-02-18","ACME","2131588","1874058","257530"
"2013-02-19","ACME","2041600","1782661","258939"
"2013-02-20","ACME","2283570","2001313","282257"
"2013-02-21","ACME","2344900","2061975","282925"
"2013-02-22","ACME","2352125","2046885","305240"
"2013-02-23","ACME","2563864","2248452","315412"
"2013-02-24","ACME","2121506","1874659","246847"
"2013-02-25","ACME","2622662","2317124","305538"
"2013-02-26","ACME","2213063","1936090","276973"
"2013-02-27","ACME","2246397","1988673","257724"
"2013-02-28","ACME","2616247","2337163","279084"
"2013-03-01","ACME","656549","574553","81996"
"2013-03-02","ACME","1287739","1153413","134326"
"2013-03-03","ACME","2271752","1992130","279622"
"2013-03-04","ACME","2410768","2110256","300512"
"2013-03-05","ACME","2225767","1952289","273478"
"2013-03-06","ACME","2527404","2212575","314829"
"2013-03-07","ACME","2301581","1983582","317999"
"2013-03-08","ACME","2065867","1781845","284022"
"2013-03-09","ACME","2352575","2054301","298274"
"2013-03-10","ACME","2296802","2039488","257314"
"2013-03-11","ACME","2667005","2376361","290644"
"2013-03-12","ACME","2260473","1976996","283477"
"2013-03-13","ACME","2692576","2387834","304742"
"2013-03-14","ACME","2393748","2088567","305181"
"2013-03-15","ACME","2462850","2157450","305400"
"2013-03-16","ACME","2228614","1945901","282713"
"2013-03-17","ACME","2283779","2023153","260626"
"2013-03-18","ACME","2725323","2384466","340857"
"2013-03-19","ACME","2656743","2343155","313588"
"2013-03-20","ACME","2430020","2146696","283324"
"2013-03-21","ACME","2407488","2112463","295025"
"2013-03-22","ACME","2775912","2433432","342480"
"2013-03-23","ACME","2608043","2311003","297040"
"2013-03-24","ACME","2290679","2004797","285882"
"2013-03-25","ACME","2503043","2168445","334598"
"2013-03-26","ACME","2306869","2017079","289790"
"2013-03-27","ACME","2548521","2239798","308723"
"2013-03-28","ACME","2205306","1916714","288592"
"2013-03-29","ACME","2634264","2303761","330503"
"2013-03-30","ACME","2537341","2224757","312584"
"2013-03-31","ACME","2103797","1836755","267042"
"2013-04-01","ACME","2819138","2457954","361184"
"2013-04-02","ACME","2323882","2030244","293638"
"2013-04-03","ACME","2610169","2283123","327046"
"2013-04-04","ACME","2552622","2266756","285866"
"2013-04-05","ACME","2718885","2415540","303345"
"2013-04-06","ACME","2314003","2009288","304715"
"2013-04-07","ACME","2549937","2220519","329418"
"2013-04-08","ACME","2505734","2208128","297606"
"2013-04-09","ACME","2725389","2409781","315608"
"2013-04-10","ACME","2531939","2204734","327205"
"2013-04-11","ACME","2396407","2109116","287291"
"2013-04-12","ACME","2305519","2006942","298577"
"2013-04-13","ACME","2233345","1972505","260840"
"2013-04-14","ACME","2897768","2572300","325468"
"2013-04-15","ACME","2421993","2126442","295551"
"2013-04-16","ACME","2603268","2311097","292171"
"2013-04-17","ACME","2443557","2174439","269118"
"2013-04-18","ACME","2714341","2384175","330166"
"2013-04-19","ACME","2705296","2401884","303412"
"2013-04-20","ACME","2541532","2266305","275227"
"2013-04-21","ACME","2813830","2471104","342726"
"2013-04-22","ACME","2661196","2346346","314850"
"2013-04-23","ACME","2362349","2057392","304957"
"2013-04-24","ACME","2754942","2458277","296665"
"2013-04-25","ACME","2447498","2130695","316803"
"2013-04-26","ACME","2611188","2291357","319831"
"2013-04-27","ACME","2443691","2147734","295957"
"2013-04-28","ACME","2095607","1820142","275465"
"2013-04-29","ACME","2543927","2249356","294571"
"2013-04-30","ACME","2439922","2155472","284450"
"2013-05-01","ACME","845568","728866","116702"
"2013-05-02","ACME","2498410","2175974","322436"
"2013-05-03","ACME","2549933","2194134","355799"
"2013-05-04","ACME","2230786","1911485","319301"
"2013-05-05","ACME","2284026","1984131","299895"
"2013-05-06","ACME","2753818","2414172","339646"
"2013-05-07","ACME","2317355","2014117","303238"
"2013-05-08","ACME","2480131","2170809","309322"
"2013-05-09","ACME","2461358","2153841","307517"
"2013-05-10","ACME","2493758","2164527","329231"
"2013-05-11","ACME","2165021","1872765","292256"
"2013-05-12","ACME","2725032","2381244","343788"
"2013-05-13","ACME","2101566","1783362","318204"
"2013-05-14","ACME","2381910","2056415","325495"
"2013-05-15","ACME","2134131","1861964","272167"
"2013-05-16","ACME","2127072","1818257","308815"
"2013-05-17","ACME","2743931","2408985","334946"
"2013-05-18","ACME","2176665","1879187","297478"
"2013-05-19","ACME","2084033","1798219","285814"
"2013-05-20","ACME","2237181","1921596","315585"
"2013-05-21","ACME","1998452","1682860","315592"
"2013-05-22","ACME","2284664","1988058","296606"
"2013-05-23","ACME","2363802","2028689","335113"
"2013-05-24","ACME","2674811","2327735","347076"
"2013-05-25","ACME","2264281","1936172","328109"
"2013-05-26","ACME","2625807","2268701","357106"
"2013-05-27","ACME","2105789","1806370","299419"
"2013-05-28","ACME","2668122","2324371","343751"
"2013-05-29","ACME","2007811","1727342","280469"
"2013-05-30","ACME","2549364","2181281","368083"
"2013-05-31","ACME","1965734","1709533","256201"
"2008-06-02","ARCAM","92997","77406","15591"
"2008-06-03","ARCAM","30999","25802","5197"
"2008-06-06","ARCAM","30999","25802","5197"
"2008-06-07","ARCAM","30999","25802","5197"
"2008-06-10","ARCAM","38769","28983","9786"
"2008-06-14","ARCAM","30999","25802","5197"
"2008-06-18","ARCAM","38769","28983","9786"
"2008-06-20","ARCAM","30999","25802","5197"
"2008-06-21","ARCAM","30999","25802","5197"
"2008-06-22","ARCAM","30999","25802","5197"
"2008-06-27","ARCAM","30999","25802","5197"
"2008-06-30","ARCAM","61998","51604","10394"
"2008-07-01","ARCAM","30999","25802","5197"
"2008-07-04","ARCAM","92997","77406","15591"
"2008-07-06","ARCAM","30999","25802","5197"
"2008-07-14","ARCAM","61998","51604","10394"
"2008-07-16","ARCAM","30999","25802","5197"
"2008-07-18","ARCAM","30999","25802","5197"
"2008-07-19","ARCAM","69768","54785","14983"
"2008-07-21","ARCAM","30999","25802","5197"
"2008-07-23","ARCAM","38769","28983","9786"
"2008-08-02","ARCAM","30999","25802","5197"
"2008-08-04","ARCAM","30999","25802","5197"
"2008-08-09","ARCAM","30999","25802","5197"
"2008-08-12","ARCAM","30999","25802","5197"
"2008-08-14","ARCAM","30999","25802","5197"
"2008-08-21","ARCAM","30999","25802","5197"
"2008-08-27","ARCAM","30999","25802","5197"
"2008-08-31","ARCAM","30999","25802","5197"
"2008-09-01","ARCAM","77538","57966","19572"
"2008-09-02","ARCAM","61998","51604","10394"
"2008-09-03","ARCAM","30999","25802","5197"
"2008-09-06","ARCAM","61998","51604","10394"
"2008-09-07","ARCAM","38769","28983","9786"
"2008-09-11","ARCAM","30999","25802","5197"
"2008-09-13","ARCAM","30999","25802","5197"
"2008-09-16","ARCAM","38769","28983","9786"
"2008-09-18","ARCAM","38769","28983","9786"
"2008-09-20","ARCAM","30999","25802","5197"
"2008-09-22","ARCAM","61998","51604","10394"
"2008-09-23","ARCAM","30999","25802","5197"
"2008-09-26","ARCAM","30999","25802","5197"
"2008-09-27","ARCAM","108537","83768","24769"
"2008-09-28","ARCAM","61998","51604","10394"
"2008-09-30","ARCAM","38769","28983","9786"
"2008-10-01","ARCAM","30999","25802","5197"
"2008-10-05","ARCAM","30999","25802","5197"
"2008-10-07","ARCAM","30999","25802","5197"
"2008-10-11","ARCAM","30999","25802","5197"
"2008-10-12","ARCAM","38769","28983","9786"
"2008-10-27","ARCAM","77538","57966","19572"
"2008-10-28","ARCAM","30999","25802","5197"
"2008-11-01","ARCAM","38769","28983","9786"
"2008-11-02","ARCAM","38769","28983","9786"
"2008-11-03","ARCAM","30999","25802","5197"
"2008-11-05","ARCAM","69768","54785","14983"
"2008-11-06","ARCAM","38769","28983","9786"
"2008-11-10","ARCAM","30999","25802","5197"
"2008-11-12","ARCAM","30999","25802","5197"
"2008-11-19","ARCAM","30999","25802","5197"
"2008-11-21","ARCAM","30999","25802","5197"
"2008-11-22","ARCAM","30999","25802","5197"
"2008-11-23","ARCAM","30999","25802","5197"
"2008-11-25","ARCAM","30999","25802","5197"
"2008-11-27","ARCAM","30999","25802","5197"
"2008-11-29","ARCAM","61998","51604","10394"
"2008-12-04","ARCAM","38769","28983","9786"
"2008-12-05","ARCAM","30999","25802","5197"
"2008-12-07","ARCAM","30999","25802","5197"
"2008-12-08","ARCAM","30999","25802","5197"
"2008-12-10","ARCAM","30999","25802","5197"
"2008-12-13","ARCAM","61998","51604","10394"
"2008-12-15","ARCAM","30999","25802","5197"
"2008-12-19","ARCAM","30999","25802","5197"
"2008-12-20","ARCAM","69768","54785","14983"
"2008-12-27","ARCAM","30999","25802","5197"
"2008-12-29","ARCAM","30999","25802","5197"
"2009-01-01","ARCAM","61998","51604","10394"
"2009-01-04","ARCAM","30999","25802","5197"
"2009-01-10","ARCAM","30999","25802","5197"
"2009-01-12","ARCAM","61998","51604","10394"
"2009-01-15","ARCAM","69768","54785","14983"
"2009-01-21","ARCAM","38769","28983","9786"
"2009-01-24","ARCAM","30999","25802","5197"
"2009-01-25","ARCAM","30999","25802","5197"
"2009-01-27","ARCAM","100767","80587","20180"
"2009-01-28","ARCAM","61998","51604","10394"
"2009-01-31","ARCAM","61998","51604","10394"
"2009-02-01","ARCAM","30999","25802","5197"
"2009-02-04","ARCAM","30999","25802","5197"
"2009-02-06","ARCAM","30999","25802","5197"
"2009-02-08","ARCAM","61998","51604","10394"
"2009-02-15","ARCAM","30999","25802","5197"
"2009-02-17","ARCAM","30999","25802","5197"
"2009-02-20","ARCAM","30999","25802","5197"
"2009-02-21","ARCAM","92997","77406","15591"
"2009-02-22","ARCAM","30999","25802","5197"
"2009-02-25","ARCAM","69768","54785","14983"
"2009-02-26","ARCAM","30999","25802","5197"
"2009-02-27","ARCAM","69768","54785","14983"
"2009-02-28","ARCAM","30999","25802","5197"
"2009-03-02","ARCAM","30999","25802","5197"
"2009-03-08","ARCAM","69768","54785","14983"
"2009-03-09","ARCAM","30999","25802","5197"
"2009-03-10","ARCAM","38769","28983","9786"
"2009-03-11","ARCAM","30999","25802","5197"
"2009-03-14","ARCAM","38769","28983","9786"
"2009-03-15","ARCAM","69768","54785","14983"
"2009-03-20","ARCAM","100767","80587","20180"
"2009-03-21","ARCAM","30999","25802","5197"
"2009-03-24","ARCAM","139536","109570","29966"
"2009-03-26","ARCAM","69768","54785","14983"
"2009-03-27","ARCAM","61998","51604","10394"
"2009-03-31","ARCAM","61998","51604","10394"
"2009-04-02","ARCAM","38769","28983","9786"
"2009-04-03","ARCAM","38769","28983","9786"
"2009-04-05","ARCAM","30999","25802","5197"
"2009-04-06","ARCAM","61998","51604","10394"
"2009-04-09","ARCAM","30999","25802","5197"
"2009-04-10","ARCAM","30999","25802","5197"
"2009-04-11","ARCAM","61998","51604","10394"
"2009-04-13","ARCAM","131766","106389","25377"
"2009-04-14","ARCAM","69768","54785","14983"
"2009-04-16","ARCAM","30999","25802","5197"
"2009-04-19","ARCAM","92997","77406","15591"
"2009-04-20","ARCAM","30999","25802","5197"
"2009-04-21","ARCAM","61998","51604","10394"
"2009-04-22","ARCAM","30999","25802","5197"
"2009-04-24","ARCAM","38769","28983","9786"
"2009-04-27","ARCAM","69768","54785","14983"
"2009-04-29","ARCAM","61998","51604","10394"
"2009-05-02","ARCAM","30999","25802","5197"
"2009-05-03","ARCAM","61998","51604","10394"
"2009-05-05","ARCAM","38769","28983","9786"
"2009-05-07","ARCAM","61998","51604","10394"
"2009-05-10","ARCAM","100767","80587","20180"
"2009-05-11","ARCAM","30999","25802","5197"
"2009-05-12","ARCAM","61998","51604","10394"
"2009-05-13","ARCAM","92997","77406","15591"
"2009-05-14","ARCAM","30999","25802","5197"
"2009-05-15","ARCAM","61998","51604","10394"
"2009-05-16","ARCAM","30999","25802","5197"
"2009-05-17","ARCAM","38769","28983","9786"
"2009-05-22","ARCAM","30999","25802","5197"
"2009-05-23","ARCAM","30999","25802","5197"
"2009-05-27","ARCAM","61998","51604","10394"
"2009-05-28","ARCAM","69768","54785","14983"
"2009-05-29","ARCAM","30999","25802","5197"
"2009-05-30","ARCAM","30999","25802","5197"
"2009-06-01","ARCAM","30999","25802","5197"
"2009-06-02","ARCAM","92997","77406","15591"
"2009-06-03","ARCAM","92997","77406","15591"
"2009-06-04","ARCAM","30999","25802","5197"
"2009-06-06","ARCAM","30999","25802","5197"
"2009-06-08","ARCAM","30999","25802","5197"
"2009-06-09","ARCAM","30999","25802","5197"
"2009-06-10","ARCAM","69768","54785","14983"
"2009-06-11","ARCAM","69768","54785","14983"
"2009-06-13","ARCAM","61998","51604","10394"
"2009-06-14","ARCAM","30999","25802","5197"
"2009-06-15","ARCAM","38769","28983","9786"
"2009-06-20","ARCAM","30999","25802","5197"
"2009-06-21","ARCAM","139536","109570","29966"
"2009-06-22","ARCAM","131766","106389","25377"
"2009-06-25","ARCAM","92997","77406","15591"
"2009-06-27","ARCAM","61998","51604","10394"
"2009-06-28","ARCAM","30999","25802","5197"
"2009-06-29","ARCAM","38769","28983","9786"
"2009-06-30","ARCAM","30999","25802","5197"
"2009-07-01","ARCAM","61998","51604","10394"
"2009-07-04","ARCAM","61998","51604","10394"
"2009-07-08","ARCAM","69768","54785","14983"
"2009-07-12","ARCAM","38769","28983","9786"
"2009-07-13","ARCAM","108537","83768","24769"
"2009-07-14","ARCAM","30999","25802","5197"
"2009-07-15","ARCAM","30999","25802","5197"
"2009-07-16","ARCAM","69768","54785","14983"
"2009-07-19","ARCAM","30999","25802","5197"
"2009-07-20","ARCAM","100767","80587","20180"
"2009-07-21","ARCAM","38769","28983","9786"
"2009-07-22","ARCAM","30999","25802","5197"
"2009-07-24","ARCAM","61998","51604","10394"
"2009-07-25","ARCAM","139536","109570","29966"
"2009-07-27","ARCAM","30999","25802","5197"
"2009-07-28","ARCAM","69768","54785","14983"
"2009-07-29","ARCAM","30999","25802","5197"
"2009-07-30","ARCAM","30999","25802","5197"
"2009-08-03","ARCAM","30999","25802","5197"
"2009-08-05","ARCAM","69768","54785","14983"
"2009-08-08","ARCAM","61998","51604","10394"
"2009-08-11","ARCAM","30999","25802","5197"
"2009-08-16","ARCAM","77538","57966","19572"
"2009-08-17","ARCAM","77538","57966","19572"
"2009-08-18","ARCAM","30999","25802","5197"
"2009-08-19","ARCAM","38769","28983","9786"
"2009-08-20","ARCAM","30999","25802","5197"
"2009-08-21","ARCAM","69768","54785","14983"
"2009-08-23","ARCAM","69768","54785","14983"
"2009-08-24","ARCAM","69768","54785","14983"
"2009-08-25","ARCAM","30999","25802","5197"
"2009-08-26","ARCAM","100767","80587","20180"
"2009-08-27","ARCAM","61998","51604","10394"
"2009-08-28","ARCAM","38769","28983","9786"
"2009-08-30","ARCAM","92997","77406","15591"
"2009-08-31","ARCAM","30999","25802","5197"
"2009-09-01","ARCAM","30999","25802","5197"
"2009-09-03","ARCAM","38769","28983","9786"
"2009-09-05","ARCAM","30999","25802","5197"
"2009-09-06","ARCAM","61998","51604","10394"
"2009-09-08","ARCAM","92997","77406","15591"
"2009-09-09","ARCAM","30999","25802","5197"
"2009-09-10","ARCAM","30999","25802","5197"
"2009-09-11","ARCAM","30999","25802","5197"
"2009-09-13","ARCAM","30999","25802","5197"
"2009-09-14","ARCAM","77538","57966","19572"
"2009-09-15","ARCAM","61998","51604","10394"
"2009-09-17","ARCAM","61998","51604","10394"
"2009-09-18","ARCAM","100767","80587","20180"
"2009-09-19","ARCAM","30999","25802","5197"
"2009-09-21","ARCAM","30999","25802","5197"
"2009-09-22","ARCAM","69768","54785","14983"
"2009-09-23","ARCAM","30999","25802","5197"
"2009-09-25","ARCAM","30999","25802","5197"
"2009-09-26","ARCAM","30999","25802","5197"
"2009-09-27","ARCAM","30999","25802","5197"
"2009-09-28","ARCAM","38769","28983","9786"
"2009-09-29","ARCAM","38769","28983","9786"
"2009-09-30","ARCAM","30999","25802","5197"
"2009-10-01","ARCAM","30999","25802","5197"
"2009-10-02","ARCAM","30999","25802","5197"
"2009-10-04","ARCAM","38769","28983","9786"
"2009-10-06","ARCAM","30999","25802","5197"
"2009-10-07","ARCAM","38769","28983","9786"
"2009-10-09","ARCAM","123996","103208","20788"
"2009-10-11","ARCAM","69768","54785","14983"
"2009-10-12","ARCAM","108537","83768","24769"
"2009-10-14","ARCAM","61998","51604","10394"
"2009-10-15","ARCAM","30999","25802","5197"
"2009-10-16","ARCAM","38769","28983","9786"
"2009-10-17","ARCAM","30999","25802","5197"
"2009-10-18","ARCAM","61998","51604","10394"
"2009-10-22","ARCAM","30999","25802","5197"
"2009-10-23","ARCAM","61998","51604","10394"
"2009-10-30","ARCAM","38769","28983","9786"
"2009-10-31","ARCAM","30999","25802","5197"
"2009-11-02","ARCAM","38769","28983","9786"
"2009-11-04","ARCAM","61998","51604","10394"
"2009-11-09","ARCAM","61998","51604","10394"
"2009-11-11","ARCAM","69768","54785","14983"
"2009-11-12","ARCAM","30999","25802","5197"
"2009-11-14","ARCAM","108537","83768","24769"
"2009-11-17","ARCAM","61998","51604","10394"
"2009-11-18","ARCAM","61998","51604","10394"
"2009-11-21","ARCAM","38769","28983","9786"
"2009-11-23","ARCAM","30999","25802","5197"
"2009-11-24","ARCAM","38769","28983","9786"
"2009-11-28","ARCAM","30999","25802","5197"
"2009-11-29","ARCAM","38769","28983","9786"
"2009-11-30","ARCAM","30999","25802","5197"
"2009-12-02","ARCAM","30999","25802","5197"
"2009-12-03","ARCAM","30999","25802","5197"
"2009-12-04","ARCAM","61998","51604","10394"
"2009-12-05","ARCAM","30999","25802","5197"
"2009-12-06","ARCAM","38769","28983","9786"
"2009-12-07","ARCAM","30999","25802","5197"
"2009-12-08","ARCAM","69768","54785","14983"
"2009-12-10","ARCAM","30999","25802","5197"
"2009-12-11","ARCAM","61998","51604","10394"
"2009-12-12","ARCAM","30999","25802","5197"
"2009-12-13","ARCAM","30999","25802","5197"
"2009-12-14","ARCAM","61998","51604","10394"
"2009-12-16","ARCAM","30999","25802","5197"
"2009-12-18","ARCAM","38769","28983","9786"
"2009-12-20","ARCAM","61998","51604","10394"
"2009-12-24","ARCAM","69768","54785","14983"
"2009-12-25","ARCAM","100767","80587","20180"
"2009-12-31","ARCAM","69768","54785","14983"
"2010-01-01","ARCAM","30999","25802","5197"
"2010-01-02","ARCAM","30999","25802","5197"
"2010-01-03","ARCAM","30999","25802","5197"
"2010-01-04","ARCAM","108537","83768","24769"
"2010-01-05","ARCAM","30999","25802","5197"
"2010-01-06","ARCAM","30999","25802","5197"
"2010-01-08","ARCAM","123996","103208","20788"
"2010-01-09","ARCAM","30999","25802","5197"
"2010-01-11","ARCAM","61998","51604","10394"
"2010-01-12","ARCAM","162765","132191","30574"
"2010-01-14","ARCAM","30999","25802","5197"
"2010-01-15","ARCAM","61998","51604","10394"
"2010-01-16","ARCAM","61998","51604","10394"
"2010-01-17","ARCAM","69768","54785","14983"
"2010-01-18","ARCAM","30999","25802","5197"
"2010-01-19","ARCAM","30999","25802","5197"
"2010-01-20","ARCAM","30999","25802","5197"
"2010-01-21","ARCAM","61998","51604","10394"
"2010-01-22","ARCAM","30999","25802","5197"
"2010-01-23","ARCAM","30999","25802","5197"
"2010-01-24","ARCAM","30999","25802","5197"
"2010-01-25","ARCAM","69768","54785","14983"
"2010-01-27","ARCAM","61998","51604","10394"
"2010-01-28","ARCAM","38769","28983","9786"
"2010-01-29","ARCAM","30999","25802","5197"
"2010-01-30","ARCAM","69768","54785","14983"
"2010-01-31","ARCAM","123996","103208","20788"
"2010-02-01","ARCAM","139536","109570","29966"
"2010-02-05","ARCAM","61998","51604","10394"
"2010-02-06","ARCAM","30999","25802","5197"
"2010-02-08","ARCAM","30999","25802","5197"
"2010-02-09","ARCAM","61998","51604","10394"
"2010-02-10","ARCAM","100767","80587","20180"
"2010-02-11","ARCAM","61998","51604","10394"
"2010-02-13","ARCAM","69768","54785","14983"
"2010-02-14","ARCAM","61998","51604","10394"
"2010-02-16","ARCAM","69768","54785","14983"
"2010-02-17","ARCAM","30999","25802","5197"
"2010-02-18","ARCAM","61998","51604","10394"
"2010-02-20","ARCAM","100767","80587","20180"
"2010-02-22","ARCAM","162765","132191","30574"
"2010-02-23","ARCAM","30999","25802","5197"
"2010-02-24","ARCAM","61998","51604","10394"
"2010-02-25","ARCAM","61998","51604","10394"
"2010-02-27","ARCAM","30999","25802","5197"
"2010-02-28","ARCAM","30999","25802","5197"
"2010-03-02","ARCAM","30999","25802","5197"
"2010-03-03","ARCAM","100767","80587","20180"
"2010-03-04","ARCAM","77538","57966","19572"
"2010-03-05","ARCAM","30999","25802","5197"
"2010-03-07","ARCAM","30999","25802","5197"
"2010-03-08","ARCAM","61998","51604","10394"
"2010-03-09","ARCAM","61998","51604","10394"
"2010-03-10","ARCAM","38769","28983","9786"
"2010-03-11","ARCAM","61998","51604","10394"
"2010-03-12","ARCAM","131766","106389","25377"
"2010-03-13","ARCAM","69768","54785","14983"
"2010-03-14","ARCAM","30999","25802","5197"
"2010-03-17","ARCAM","61998","51604","10394"
"2010-03-19","ARCAM","30999","25802","5197"
"2010-03-20","ARCAM","69768","54785","14983"
"2010-03-22","ARCAM","61998","51604","10394"
"2010-03-25","ARCAM","30999","25802","5197"
"2010-03-26","ARCAM","61998","51604","10394"
"2010-03-27","ARCAM","69768","54785","14983"
"2010-03-28","ARCAM","61998","51604","10394"
"2010-03-29","ARCAM","61998","51604","10394"
"2010-03-30","ARCAM","139536","109570","29966"
"2010-03-31","ARCAM","61998","51604","10394"
"2010-04-02","ARCAM","30999","25802","5197"
"2010-04-03","ARCAM","30999","25802","5197"
"2010-04-04","ARCAM","38769","28983","9786"
"2010-04-06","ARCAM","30999","25802","5197"
"2010-04-07","ARCAM","108537","83768","24769"
"2010-04-09","ARCAM","30999","25802","5197"
"2010-04-10","ARCAM","108537","83768","24769"
"2010-04-11","ARCAM","30999","25802","5197"
"2010-04-12","ARCAM","92997","77406","15591"
"2010-04-14","ARCAM","131766","106389","25377"
"2010-04-15","ARCAM","69768","54785","14983"
"2010-04-16","ARCAM","69768","54785","14983"
"2010-04-17","ARCAM","61998","51604","10394"
"2010-04-18","ARCAM","38769","28983","9786"
"2010-04-19","ARCAM","38769","28983","9786"
"2010-04-21","ARCAM","100767","80587","20180"
"2010-04-22","ARCAM","30999","25802","5197"
"2010-04-24","ARCAM","77538","57966","19572"
"2010-04-25","ARCAM","30999","25802","5197"
"2010-04-26","ARCAM","178305","138553","39752"
"2010-04-27","ARCAM","139536","109570","29966"
"2010-04-28","ARCAM","61998","51604","10394"
"2010-04-29","ARCAM","30999","25802","5197"
"2010-04-30","ARCAM","30999","25802","5197"
"2010-05-01","ARCAM","100767","80587","20180"
"2010-05-02","ARCAM","30999","25802","5197"
"2010-05-03","ARCAM","69768","54785","14983"
"2010-05-04","ARCAM","61998","51604","10394"
"2010-05-05","ARCAM","69768","54785","14983"
"2010-05-06","ARCAM","30999","25802","5197"
"2010-05-07","ARCAM","77538","57966","19572"
"2010-05-09","ARCAM","61998","51604","10394"
"2010-05-10","ARCAM","61998","51604","10394"
"2010-05-12","ARCAM","92997","77406","15591"
"2010-05-13","ARCAM","30999","25802","5197"
"2010-05-14","ARCAM","38769","28983","9786"
"2010-05-15","ARCAM","30999","25802","5197"
"2010-05-16","ARCAM","30999","25802","5197"
"2010-05-17","ARCAM","38769","28983","9786"
"2010-05-18","ARCAM","61998","51604","10394"
"2010-05-19","ARCAM","61998","51604","10394"
"2010-05-20","ARCAM","77538","57966","19572"
"2010-05-21","ARCAM","30999","25802","5197"
"2010-05-22","ARCAM","61998","51604","10394"
"2010-05-23","ARCAM","92997","77406","15591"
"2010-05-26","ARCAM","100767","80587","20180"
"2010-05-27","ARCAM","69768","54785","14983"
"2010-05-28","ARCAM","92997","77406","15591"
"2010-05-29","ARCAM","123996","103208","20788"
"2010-05-30","ARCAM","92997","77406","15591"
"2010-05-31","ARCAM","61998","51604","10394"
"2010-06-01","ARCAM","123996","103208","20788"
"2010-06-02","ARCAM","30999","25802","5197"
"2010-06-03","ARCAM","69768","54785","14983"
"2010-06-04","ARCAM","255762","209597","46165"
"2010-06-05","ARCAM","61998","51604","10394"
"2010-06-06","ARCAM","123996","103208","20788"
"2010-06-07","ARCAM","69768","54785","14983"
"2010-06-08","ARCAM","61998","51604","10394"
"2010-06-09","ARCAM","38769","28983","9786"
"2010-06-10","ARCAM","61998","51604","10394"
"2010-06-11","ARCAM","154995","129010","25985"
"2010-06-12","ARCAM","38769","28983","9786"
"2010-06-13","ARCAM","69768","54785","14983"
"2010-06-14","ARCAM","30999","25802","5197"
"2010-06-15","ARCAM","30999","25802","5197"
"2010-06-16","ARCAM","69768","54785","14983"
"2010-06-17","ARCAM","61998","51604","10394"
"2010-06-18","ARCAM","61998","51604","10394"
"2010-06-19","ARCAM","100767","80587","20180"
"2010-06-20","ARCAM","30999","25802","5197"
"2010-06-21","ARCAM","92997","77406","15591"
"2010-06-22","ARCAM","123996","103208","20788"
"2010-06-23","ARCAM","100767","80587","20180"
"2010-06-25","ARCAM","30999","25802","5197"
"2010-06-26","ARCAM","69768","54785","14983"
"2010-06-27","ARCAM","38769","28983","9786"
"2010-06-28","ARCAM","30999","25802","5197"
"2010-06-29","ARCAM","123996","103208","20788"
"2010-06-30","ARCAM","170535","135372","35163"
"2010-07-01","ARCAM","69768","54785","14983"
"2010-07-02","ARCAM","185994","154812","31182"
"2010-07-03","ARCAM","131766","106389","25377"
"2010-07-04","ARCAM","61998","51604","10394"
"2010-07-05","ARCAM","61998","51604","10394"
"2010-07-06","ARCAM","61998","51604","10394"
"2010-07-07","ARCAM","30999","25802","5197"
"2010-07-08","ARCAM","30999","25802","5197"
"2010-07-09","ARCAM","38769","28983","9786"
"2010-07-10","ARCAM","162765","132191","30574"
"2010-07-11","ARCAM","100767","80587","20180"
"2010-07-12","ARCAM","38769","28983","9786"
"2010-07-13","ARCAM","38769","28983","9786"
"2010-07-15","ARCAM","30999","25802","5197"
"2010-07-16","ARCAM","131766","106389","25377"
"2010-07-17","ARCAM","108537","83768","24769"
"2010-07-18","ARCAM","216993","180614","36379"
"2010-07-19","ARCAM","61998","51604","10394"
"2010-07-20","ARCAM","139536","109570","29966"
"2010-07-21","ARCAM","38769","28983","9786"
"2010-07-22","ARCAM","30999","25802","5197"
"2010-07-23","ARCAM","61998","51604","10394"
"2010-07-25","ARCAM","100767","80587","20180"
"2010-07-26","ARCAM","69768","54785","14983"
"2010-07-27","ARCAM","61998","51604","10394"
"2010-07-28","ARCAM","139536","109570","29966"
"2010-07-29","ARCAM","30999","25802","5197"
"2010-07-30","ARCAM","30999","25802","5197"
"2010-07-31","ARCAM","61998","51604","10394"
"2010-08-01","ARCAM","30999","25802","5197"
"2010-08-02","ARCAM","92997","77406","15591"
"2010-08-03","ARCAM","30999","25802","5197"
"2010-08-04","ARCAM","61998","51604","10394"
"2010-08-05","ARCAM","155076","115932","39144"
"2010-08-06","ARCAM","61998","51604","10394"
"2010-08-07","ARCAM","100767","80587","20180"
"2010-08-08","ARCAM","123996","103208","20788"
"2010-08-09","ARCAM","100767","80587","20180"
"2010-08-10","ARCAM","30999","25802","5197"
"2010-08-11","ARCAM","209304","164355","44949"
"2010-08-12","ARCAM","92997","77406","15591"
"2010-08-13","ARCAM","100767","80587","20180"
"2010-08-14","ARCAM","100767","80587","20180"
"2010-08-15","ARCAM","131766","106389","25377"
"2010-08-16","ARCAM","61998","51604","10394"
"2010-08-17","ARCAM","38769","28983","9786"
"2010-08-18","ARCAM","162765","132191","30574"
"2010-08-19","ARCAM","69768","54785","14983"
"2010-08-20","ARCAM","100767","80587","20180"
"2010-08-21","ARCAM","61998","51604","10394"
"2010-08-22","ARCAM","30999","25802","5197"
"2010-08-24","ARCAM","100767","80587","20180"
"2010-08-25","ARCAM","92997","77406","15591"
"2010-08-26","ARCAM","92997","77406","15591"
"2010-08-27","ARCAM","30999","25802","5197"
"2010-08-28","ARCAM","30999","25802","5197"
"2010-08-29","ARCAM","30999","25802","5197"
"2010-08-30","ARCAM","30999","25802","5197"
"2010-08-31","ARCAM","38769","28983","9786"
"2010-09-01","ARCAM","123996","103208","20788"
"2010-09-02","ARCAM","131766","106389","25377"
"2010-09-03","ARCAM","108537","83768","24769"
"2010-09-04","ARCAM","61998","51604","10394"
"2010-09-05","ARCAM","38769","28983","9786"
"2010-09-07","ARCAM","170535","135372","35163"
"2010-09-08","ARCAM","123996","103208","20788"
"2010-09-10","ARCAM","185994","154812","31182"
"2010-09-11","ARCAM","131766","106389","25377"
"2010-09-12","ARCAM","61998","51604","10394"
"2010-09-13","ARCAM","100767","80587","20180"
"2010-09-14","ARCAM","30999","25802","5197"
"2010-09-15","ARCAM","162765","132191","30574"
"2010-09-16","ARCAM","131766","106389","25377"
"2010-09-17","ARCAM","38769","28983","9786"
"2010-09-18","ARCAM","100767","80587","20180"
"2010-09-19","ARCAM","30999","25802","5197"
"2010-09-20","ARCAM","38769","28983","9786"
"2010-09-21","ARCAM","170535","135372","35163"
"2010-09-22","ARCAM","69768","54785","14983"
"2010-09-23","ARCAM","61998","51604","10394"
"2010-09-25","ARCAM","201534","161174","40360"
"2010-09-27","ARCAM","139536","109570","29966"
"2010-09-28","ARCAM","69768","54785","14983"
"2010-09-29","ARCAM","123996","103208","20788"
"2010-10-01","ARCAM","30999","25802","5197"
"2010-10-03","ARCAM","61998","51604","10394"
"2010-10-04","ARCAM","100767","80587","20180"
"2010-10-05","ARCAM","100767","80587","20180"
"2010-10-06","ARCAM","162765","132191","30574"
"2010-10-07","ARCAM","38769","28983","9786"
"2010-10-08","ARCAM","61998","51604","10394"
"2010-10-09","ARCAM","92997","77406","15591"
"2010-10-10","ARCAM","100767","80587","20180"
"2010-10-11","ARCAM","131766","106389","25377"
"2010-10-13","ARCAM","61998","51604","10394"
"2010-10-14","ARCAM","30999","25802","5197"
"2010-10-15","ARCAM","61998","51604","10394"
"2010-10-16","ARCAM","61998","51604","10394"
"2010-10-17","ARCAM","147306","112751","34555"
"2010-10-18","ARCAM","131766","106389","25377"
"2010-10-19","ARCAM","38769","28983","9786"
"2010-10-20","ARCAM","100767","80587","20180"
"2010-10-21","ARCAM","61998","51604","10394"
"2010-10-22","ARCAM","30999","25802","5197"
"2010-10-23","ARCAM","30999","25802","5197"
"2010-10-24","ARCAM","30999","25802","5197"
"2010-10-25","ARCAM","162765","132191","30574"
"2010-10-26","ARCAM","108537","83768","24769"
"2010-10-27","ARCAM","131766","106389","25377"
"2010-10-28","ARCAM","92997","77406","15591"
"2010-10-29","ARCAM","61998","51604","10394"
"2010-10-30","ARCAM","38769","28983","9786"
"2010-10-31","ARCAM","209304","164355","44949"
"2010-11-01","ARCAM","131766","106389","25377"
"2010-11-02","ARCAM","92997","77406","15591"
"2010-11-04","ARCAM","92997","77406","15591"
"2010-11-05","ARCAM","30999","25802","5197"
"2010-11-06","ARCAM","69768","54785","14983"
"2010-11-07","ARCAM","139536","109570","29966"
"2010-11-08","ARCAM","100767","80587","20180"
"2010-11-09","ARCAM","61998","51604","10394"
"2010-11-10","ARCAM","61998","51604","10394"
"2010-11-11","ARCAM","123996","103208","20788"
"2010-11-12","ARCAM","69768","54785","14983"
"2010-11-13","ARCAM","131766","106389","25377"
"2010-11-14","ARCAM","100767","80587","20180"
"2010-11-15","ARCAM","30999","25802","5197"
"2010-11-16","ARCAM","100767","80587","20180"
"2010-11-17","ARCAM","30999","25802","5197"
"2010-11-19","ARCAM","178305","138553","39752"
"2010-11-20","ARCAM","30999","25802","5197"
"2010-11-21","ARCAM","69768","54785","14983"
"2010-11-22","ARCAM","100767","80587","20180"
"2010-11-23","ARCAM","162765","132191","30574"
"2010-11-25","ARCAM","100767","80587","20180"
"2010-11-26","ARCAM","30999","25802","5197"
"2010-11-27","ARCAM","61998","51604","10394"
"2010-11-28","ARCAM","38769","28983","9786"
"2010-11-29","ARCAM","92997","77406","15591"
"2010-11-30","ARCAM","92997","77406","15591"
"2010-12-01","ARCAM","30999","25802","5197"
"2010-12-02","ARCAM","147306","112751","34555"
"2010-12-03","ARCAM","162765","132191","30574"
"2010-12-04","ARCAM","30999","25802","5197"
"2010-12-05","ARCAM","100767","80587","20180"
"2010-12-06","ARCAM","30999","25802","5197"
"2010-12-08","ARCAM","30999","25802","5197"
"2010-12-09","ARCAM","30999","25802","5197"
"2010-12-10","ARCAM","69768","54785","14983"
"2010-12-11","ARCAM","108537","83768","24769"
"2010-12-12","ARCAM","92997","77406","15591"
"2010-12-13","ARCAM","61998","51604","10394"
"2010-12-14","ARCAM","108537","83768","24769"
"2010-12-15","ARCAM","69768","54785","14983"
"2010-12-16","ARCAM","30999","25802","5197"
"2010-12-17","ARCAM","30999","25802","5197"
"2010-12-18","ARCAM","38769","28983","9786"
"2010-12-19","ARCAM","123996","103208","20788"
"2010-12-20","ARCAM","123996","103208","20788"
"2010-12-22","ARCAM","38769","28983","9786"
"2010-12-23","ARCAM","123996","103208","20788"
"2010-12-24","ARCAM","69768","54785","14983"
"2010-12-25","ARCAM","30999","25802","5197"
"2010-12-26","ARCAM","185994","154812","31182"
"2010-12-27","ARCAM","30999","25802","5197"
"2010-12-28","ARCAM","100767","80587","20180"
"2010-12-29","ARCAM","139536","109570","29966"
"2010-12-30","ARCAM","61998","51604","10394"
"2010-12-31","ARCAM","30999","25802","5197"
"2011-01-01","ARCAM","69768","54785","14983"
"2011-01-02","ARCAM","131766","106389","25377"
"2011-01-03","ARCAM","61998","51604","10394"
"2011-01-04","ARCAM","38769","28983","9786"
"2011-01-05","ARCAM","61998","51604","10394"
"2011-01-06","ARCAM","123996","103208","20788"
"2011-01-07","ARCAM","30999","25802","5197"
"2011-01-08","ARCAM","69768","54785","14983"
"2011-01-09","ARCAM","30999","25802","5197"
"2011-01-10","ARCAM","92997","77406","15591"
"2011-01-11","ARCAM","30999","25802","5197"
"2011-01-12","ARCAM","108537","83768","24769"
"2011-01-13","ARCAM","92997","77406","15591"
"2011-01-14","ARCAM","92997","77406","15591"
"2011-01-16","ARCAM","61998","51604","10394"
"2011-01-17","ARCAM","100767","80587","20180"
"2011-01-18","ARCAM","92997","77406","15591"
"2011-01-19","ARCAM","30999","25802","5197"
"2011-01-20","ARCAM","92997","77406","15591"
"2011-01-21","ARCAM","139536","109570","29966"
"2011-01-22","ARCAM","108537","83768","24769"
"2011-01-23","ARCAM","92997","77406","15591"
"2011-01-25","ARCAM","61998","51604","10394"
"2011-01-26","ARCAM","131766","106389","25377"
"2011-01-27","ARCAM","224763","183795","40968"
"2011-01-28","ARCAM","162765","132191","30574"
"2011-01-29","ARCAM","61998","51604","10394"
"2011-01-30","ARCAM","100767","80587","20180"
"2011-01-31","ARCAM","116307","86949","29358"
"2011-02-01","ARCAM","193764","157993","35771"
"2011-02-02","ARCAM","30999","25802","5197"
"2011-02-03","ARCAM","131766","106389","25377"
"2011-02-04","ARCAM","100767","80587","20180"
"2011-02-06","ARCAM","92997","77406","15591"
"2011-02-07","ARCAM","139536","109570","29966"
"2011-02-08","ARCAM","61998","51604","10394"
"2011-02-09","ARCAM","30999","25802","5197"
"2011-02-12","ARCAM","92997","77406","15591"
"2011-02-13","ARCAM","92997","77406","15591"
"2011-02-14","ARCAM","170535","135372","35163"
"2011-02-15","ARCAM","92997","77406","15591"
"2011-02-16","ARCAM","123996","103208","20788"
"2011-02-17","ARCAM","100767","80587","20180"
"2011-02-18","ARCAM","100767","80587","20180"
"2011-02-19","ARCAM","100767","80587","20180"
"2011-02-20","ARCAM","69768","54785","14983"
"2011-02-21","ARCAM","30999","25802","5197"
"2011-02-22","ARCAM","162765","132191","30574"
"2011-02-23","ARCAM","38769","28983","9786"
"2011-02-24","ARCAM","77538","57966","19572"
"2011-02-25","ARCAM","69768","54785","14983"
"2011-02-26","ARCAM","61998","51604","10394"
"2011-02-27","ARCAM","69768","54785","14983"
"2011-02-28","ARCAM","61998","51604","10394"
"2011-03-01","ARCAM","30999","25802","5197"
"2011-03-02","ARCAM","61998","51604","10394"
"2011-03-03","ARCAM","170535","135372","35163"
"2011-03-04","ARCAM","154995","129010","25985"
"2011-03-05","ARCAM","30999","25802","5197"
"2011-03-06","ARCAM","201534","161174","40360"
"2011-03-07","ARCAM","162765","132191","30574"
"2011-03-08","ARCAM","170535","135372","35163"
"2011-03-09","ARCAM","30999","25802","5197"
"2011-03-11","ARCAM","201534","161174","40360"
"2011-03-12","ARCAM","139536","109570","29966"
"2011-03-13","ARCAM","108537","83768","24769"
"2011-03-14","ARCAM","193764","157993","35771"
"2011-03-15","ARCAM","92997","77406","15591"
"2011-03-16","ARCAM","69768","54785","14983"
"2011-03-18","ARCAM","30999","25802","5197"
"2011-03-20","ARCAM","69768","54785","14983"
"2011-03-21","ARCAM","240303","190157","50146"
"2011-03-22","ARCAM","61998","51604","10394"
"2011-03-23","ARCAM","100767","80587","20180"
"2011-03-25","ARCAM","30999","25802","5197"
"2011-03-26","ARCAM","100767","80587","20180"
"2011-03-27","ARCAM","61998","51604","10394"
"2011-03-28","ARCAM","162765","132191","30574"
"2011-03-29","ARCAM","123996","103208","20788"
"2011-03-30","ARCAM","61998","51604","10394"
"2011-03-31","ARCAM","30999","25802","5197"
"2011-04-02","ARCAM","92997","77406","15591"
"2011-04-03","ARCAM","123996","103208","20788"
"2011-04-04","ARCAM","123996","103208","20788"
"2011-04-05","ARCAM","92997","77406","15591"
"2011-04-06","ARCAM","232533","186976","45557"
"2011-04-08","ARCAM","162765","132191","30574"
"2011-04-09","ARCAM","216993","180614","36379"
"2011-04-10","ARCAM","131766","106389","25377"
"2011-04-11","ARCAM","162765","132191","30574"
"2011-04-12","ARCAM","162765","132191","30574"
"2011-04-13","ARCAM","116307","86949","29358"
"2011-04-14","ARCAM","123996","103208","20788"
"2011-04-15","ARCAM","61998","51604","10394"
"2011-04-16","ARCAM","69768","54785","14983"
"2011-04-17","ARCAM","131766","106389","25377"
"2011-04-18","ARCAM","123996","103208","20788"
"2011-04-19","ARCAM","30999","25802","5197"
"2011-04-20","ARCAM","100767","80587","20180"
"2011-04-21","ARCAM","30999","25802","5197"
"2011-04-22","ARCAM","116307","86949","29358"
"2011-04-23","ARCAM","38769","28983","9786"
"2011-04-25","ARCAM","30999","25802","5197"
"2011-04-26","ARCAM","123996","103208","20788"
"2011-04-27","ARCAM","162765","132191","30574"
"2011-04-28","ARCAM","92997","77406","15591"
"2011-04-29","ARCAM","92997","77406","15591"
"2011-04-30","ARCAM","38769","28983","9786"
"2011-05-01","ARCAM","69768","54785","14983"
"2011-05-02","ARCAM","131766","106389","25377"
"2011-05-03","ARCAM","69768","54785","14983"
"2011-05-04","ARCAM","100767","80587","20180"
"2011-05-05","ARCAM","92997","77406","15591"
"2011-05-06","ARCAM","30999","25802","5197"
"2011-05-07","ARCAM","162765","132191","30574"
"2011-05-08","ARCAM","30999","25802","5197"
"2011-05-09","ARCAM","30999","25802","5197"
"2011-05-10","ARCAM","123996","103208","20788"
"2011-05-11","ARCAM","123996","103208","20788"
"2011-05-12","ARCAM","30999","25802","5197"
"2011-05-13","ARCAM","30999","25802","5197"
"2011-05-14","ARCAM","131766","106389","25377"
"2011-05-15","ARCAM","92997","77406","15591"
"2011-05-16","ARCAM","131766","106389","25377"
"2011-05-17","ARCAM","123996","103208","20788"
"2011-05-18","ARCAM","38769","28983","9786"
"2011-05-19","ARCAM","69768","54785","14983"
"2011-05-20","ARCAM","92997","77406","15591"
"2011-05-21","ARCAM","139536","109570","29966"
"2011-05-22","ARCAM","30999","25802","5197"
"2011-05-23","ARCAM","92997","77406","15591"
"2011-05-24","ARCAM","69768","54785","14983"
"2011-05-25","ARCAM","100767","80587","20180"
"2011-05-26","ARCAM","69768","54785","14983"
"2011-05-27","ARCAM","69768","54785","14983"
"2011-05-28","ARCAM","92997","77406","15591"
"2011-05-29","ARCAM","61998","51604","10394"
"2011-05-30","ARCAM","131766","106389","25377"
"2011-05-31","ARCAM","162765","132191","30574"
"2011-06-01","ARCAM","139536","109570","29966"
"2011-06-02","ARCAM","131766","106389","25377"
"2011-06-03","ARCAM","92997","77406","15591"
"2011-06-04","ARCAM","193764","157993","35771"
"2011-06-05","ARCAM","92997","77406","15591"
"2011-06-06","ARCAM","69768","54785","14983"
"2011-06-07","ARCAM","69768","54785","14983"
"2011-06-08","ARCAM","77538","57966","19572"
"2011-06-09","ARCAM","170535","135372","35163"
"2011-06-10","ARCAM","178305","138553","39752"
"2011-06-11","ARCAM","170535","135372","35163"
"2011-06-12","ARCAM","100767","80587","20180"
"2011-06-13","ARCAM","61998","51604","10394"
"2011-06-14","ARCAM","69768","54785","14983"
"2011-06-15","ARCAM","209304","164355","44949"
"2011-06-16","ARCAM","154995","129010","25985"
"2011-06-17","ARCAM","30999","25802","5197"
"2011-06-18","ARCAM","131766","106389","25377"
"2011-06-19","ARCAM","69768","54785","14983"
"2011-06-20","ARCAM","162765","132191","30574"
"2011-06-21","ARCAM","209304","164355","44949"
"2011-06-22","ARCAM","61998","51604","10394"
"2011-06-23","ARCAM","154995","129010","25985"
"2011-06-24","ARCAM","100767","80587","20180"
"2011-06-25","ARCAM","92997","77406","15591"
"2011-06-26","ARCAM","61998","51604","10394"
"2011-06-27","ARCAM","77538","57966","19572"
"2011-06-28","ARCAM","240303","190157","50146"
"2011-06-29","ARCAM","154995","129010","25985"
"2011-06-30","ARCAM","30999","25802","5197"
"2011-07-01","ARCAM","100767","80587","20180"
"2011-07-02","ARCAM","69768","54785","14983"
"2011-07-03","ARCAM","108537","83768","24769"
"2011-07-04","ARCAM","123996","103208","20788"
"2011-07-05","ARCAM","100767","80587","20180"
"2011-07-06","ARCAM","100767","80587","20180"
"2011-07-07","ARCAM","61998","51604","10394"
"2011-07-08","ARCAM","61998","51604","10394"
"2011-07-09","ARCAM","100767","80587","20180"
"2011-07-10","ARCAM","61998","51604","10394"
"2011-07-11","ARCAM","154995","129010","25985"
"2011-07-12","ARCAM","38769","28983","9786"
"2011-07-13","ARCAM","92997","77406","15591"
"2011-07-14","ARCAM","123996","103208","20788"
"2011-07-15","ARCAM","69768","54785","14983"
"2011-07-16","ARCAM","100767","80587","20180"
"2011-07-17","ARCAM","30999","25802","5197"
"2011-07-18","ARCAM","131766","106389","25377"
"2011-07-19","ARCAM","38769","28983","9786"
"2011-07-20","ARCAM","162765","132191","30574"
"2011-07-22","ARCAM","100767","80587","20180"
"2011-07-23","ARCAM","201534","161174","40360"
"2011-07-24","ARCAM","69768","54785","14983"
"2011-07-25","ARCAM","38769","28983","9786"
"2011-07-26","ARCAM","131766","106389","25377"
"2011-07-28","ARCAM","92997","77406","15591"
"2011-07-29","ARCAM","100767","80587","20180"
"2011-07-30","ARCAM","69768","54785","14983"
"2011-07-31","ARCAM","92997","77406","15591"
"2011-08-01","ARCAM","193764","157993","35771"
"2011-08-02","ARCAM","131766","106389","25377"
"2011-08-03","ARCAM","61998","51604","10394"
"2011-08-04","ARCAM","116307","86949","29358"
"2011-08-05","ARCAM","61998","51604","10394"
"2011-08-06","ARCAM","38769","28983","9786"
"2011-08-07","ARCAM","69768","54785","14983"
"2011-08-08","ARCAM","61998","51604","10394"
"2011-08-09","ARCAM","30999","25802","5197"
"2011-08-10","ARCAM","162765","132191","30574"
"2011-08-11","ARCAM","131766","106389","25377"
"2011-08-12","ARCAM","154995","129010","25985"
"2011-08-13","ARCAM","170535","135372","35163"
"2011-08-14","ARCAM","185994","154812","31182"
"2011-08-15","ARCAM","185994","154812","31182"
"2011-08-16","ARCAM","30999","25802","5197"
"2011-08-17","ARCAM","193764","157993","35771"
"2011-08-18","ARCAM","30999","25802","5197"
"2011-08-19","ARCAM","30999","25802","5197"
"2011-08-20","ARCAM","100767","80587","20180"
"2011-08-21","ARCAM","162765","132191","30574"
"2011-08-22","ARCAM","38769","28983","9786"
"2011-08-23","ARCAM","69768","54785","14983"
"2011-08-24","ARCAM","30999","25802","5197"
"2011-08-25","ARCAM","100767","80587","20180"
"2011-08-26","ARCAM","61998","51604","10394"
"2011-08-27","ARCAM","154995","129010","25985"
"2011-08-28","ARCAM","100767","80587","20180"
"2011-08-29","ARCAM","162765","132191","30574"
"2011-08-30","ARCAM","131766","106389","25377"
"2011-08-31","ARCAM","162765","132191","30574"
"2011-09-01","ARCAM","92997","77406","15591"
"2011-09-02","ARCAM","201534","161174","40360"
"2011-09-03","ARCAM","100767","80587","20180"
"2011-09-04","ARCAM","30999","25802","5197"
"2011-09-05","ARCAM","123996","103208","20788"
"2011-09-06","ARCAM","100767","80587","20180"
"2011-09-07","ARCAM","131766","106389","25377"
"2011-09-08","ARCAM","92997","77406","15591"
"2011-09-09","ARCAM","139536","109570","29966"
"2011-09-10","ARCAM","154995","129010","25985"
"2011-09-11","ARCAM","154995","129010","25985"
"2011-09-12","ARCAM","131766","106389","25377"
"2011-09-13","ARCAM","100767","80587","20180"
"2011-09-14","ARCAM","123996","103208","20788"
"2011-09-15","ARCAM","108537","83768","24769"
"2011-09-16","ARCAM","69768","54785","14983"
"2011-09-17","ARCAM","193764","157993","35771"
"2011-09-18","ARCAM","139536","109570","29966"
"2011-09-19","ARCAM","139536","109570","29966"
"2011-09-20","ARCAM","69768","54785","14983"
"2011-09-21","ARCAM","30999","25802","5197"
"2011-09-22","ARCAM","123996","103208","20788"
"2011-09-23","ARCAM","92997","77406","15591"
"2011-09-24","ARCAM","69768","54785","14983"
"2011-09-25","ARCAM","178305","138553","39752"
"2011-09-27","ARCAM","185994","154812","31182"
"2011-09-28","ARCAM","61998","51604","10394"
"2011-09-29","ARCAM","61998","51604","10394"
"2011-09-30","ARCAM","201534","161174","40360"
"2011-10-01","ARCAM","255762","209597","46165"
"2011-10-02","ARCAM","100767","80587","20180"
"2011-10-03","ARCAM","30999","25802","5197"
"2011-10-04","ARCAM","30999","25802","5197"
"2011-10-07","ARCAM","100767","80587","20180"
"2011-10-08","ARCAM","170535","135372","35163"
"2011-10-09","ARCAM","61998","51604","10394"
"2011-10-10","ARCAM","216993","180614","36379"
"2011-10-11","ARCAM","61998","51604","10394"
"2011-10-12","ARCAM","30999","25802","5197"
"2011-10-13","ARCAM","170535","135372","35163"
"2011-10-14","ARCAM","92997","77406","15591"
"2011-10-15","ARCAM","92997","77406","15591"
"2011-10-16","ARCAM","61998","51604","10394"
"2011-10-17","ARCAM","108537","83768","24769"
"2011-10-18","ARCAM","38769","28983","9786"
"2011-10-19","ARCAM","263532","212778","50754"
"2011-10-20","ARCAM","108537","83768","24769"
"2011-10-21","ARCAM","100767","80587","20180"
"2011-10-22","ARCAM","162765","132191","30574"
"2011-10-23","ARCAM","38769","28983","9786"
"2011-10-24","ARCAM","131766","106389","25377"
"2011-10-26","ARCAM","30999","25802","5197"
"2011-10-27","ARCAM","123996","103208","20788"
"2011-10-28","ARCAM","100767","80587","20180"
"2011-10-29","ARCAM","170535","135372","35163"
"2011-10-30","ARCAM","69768","54785","14983"
"2011-10-31","ARCAM","61998","51604","10394"
"2011-11-01","ARCAM","92997","77406","15591"
"2011-11-02","ARCAM","154995","129010","25985"
"2011-11-03","ARCAM","224763","183795","40968"
"2011-11-04","ARCAM","61998","51604","10394"
"2011-11-05","ARCAM","232533","186976","45557"
"2011-11-06","ARCAM","162765","132191","30574"
"2011-11-07","ARCAM","178305","138553","39752"
"2011-11-08","ARCAM","61998","51604","10394"
"2011-11-09","ARCAM","30999","25802","5197"
"2011-11-10","ARCAM","61998","51604","10394"
"2011-11-11","ARCAM","154995","129010","25985"
"2011-11-12","ARCAM","170535","135372","35163"
"2011-11-13","ARCAM","69768","54785","14983"
"2011-11-14","ARCAM","162765","132191","30574"
"2011-11-15","ARCAM","139536","109570","29966"
"2011-11-16","ARCAM","100767","80587","20180"
"2011-11-17","ARCAM","162765","132191","30574"
"2011-11-18","ARCAM","162765","132191","30574"
"2011-11-19","ARCAM","38769","28983","9786"
"2011-11-20","ARCAM","92997","77406","15591"
"2011-11-21","ARCAM","162765","132191","30574"
"2011-11-22","ARCAM","92997","77406","15591"
"2011-11-23","ARCAM","92997","77406","15591"
"2011-11-24","ARCAM","38769","28983","9786"
"2011-11-25","ARCAM","30999","25802","5197"
"2011-11-26","ARCAM","216993","180614","36379"
"2011-11-27","ARCAM","92997","77406","15591"
"2011-11-28","ARCAM","61998","51604","10394"
"2011-11-29","ARCAM","100767","80587","20180"
"2011-11-30","ARCAM","123996","103208","20788"
"2011-12-01","ARCAM","100767","80587","20180"
"2011-12-02","ARCAM","263532","212778","50754"
"2011-12-03","ARCAM","61998","51604","10394"
"2011-12-04","ARCAM","131766","106389","25377"
"2011-12-05","ARCAM","100767","80587","20180"
"2011-12-06","ARCAM","123996","103208","20788"
"2011-12-07","ARCAM","162765","132191","30574"
"2011-12-09","ARCAM","139536","109570","29966"
"2011-12-10","ARCAM","170535","135372","35163"
"2011-12-11","ARCAM","131766","106389","25377"
"2011-12-12","ARCAM","193764","157993","35771"
"2011-12-13","ARCAM","69768","54785","14983"
"2011-12-14","ARCAM","131766","106389","25377"
"2011-12-15","ARCAM","100767","80587","20180"
"2011-12-16","ARCAM","30999","25802","5197"
"2011-12-17","ARCAM","154995","129010","25985"
"2011-12-18","ARCAM","201534","161174","40360"
"2011-12-19","ARCAM","61998","51604","10394"
"2011-12-20","ARCAM","162765","132191","30574"
"2011-12-21","ARCAM","302301","241761","60540"
"2011-12-22","ARCAM","240303","190157","50146"
"2011-12-23","ARCAM","108537","83768","24769"
"2011-12-24","ARCAM","162765","132191","30574"
"2011-12-25","ARCAM","154995","129010","25985"
"2011-12-26","ARCAM","92997","77406","15591"
"2011-12-27","ARCAM","100767","80587","20180"
"2011-12-28","ARCAM","131766","106389","25377"
"2011-12-29","ARCAM","69768","54785","14983"
"2011-12-30","ARCAM","69768","54785","14983"
"2011-12-31","ARCAM","100767","80587","20180"
"2012-01-01","ARCAM","100767","80587","20180"
"2012-01-02","ARCAM","131766","106389","25377"
"2012-01-03","ARCAM","131766","106389","25377"
"2012-01-04","ARCAM","92997","77406","15591"
"2012-01-05","ARCAM","69768","54785","14983"
"2012-01-06","ARCAM","131766","106389","25377"
"2012-01-07","ARCAM","201534","161174","40360"
"2012-01-08","ARCAM","100767","80587","20180"
"2012-01-09","ARCAM","30999","25802","5197"
"2012-01-10","ARCAM","100767","80587","20180"
"2012-01-11","ARCAM","185994","154812","31182"
"2012-01-12","ARCAM","193764","157993","35771"
"2012-01-13","ARCAM","209304","164355","44949"
"2012-01-14","ARCAM","232533","186976","45557"
"2012-01-15","ARCAM","131766","106389","25377"
"2012-01-16","ARCAM","30999","25802","5197"
"2012-01-17","ARCAM","240303","190157","50146"
"2012-01-18","ARCAM","240303","190157","50146"
"2012-01-20","ARCAM","131766","106389","25377"
"2012-01-21","ARCAM","30999","25802","5197"
"2012-01-22","ARCAM","69768","54785","14983"
"2012-01-23","ARCAM","123996","103208","20788"
"2012-01-24","ARCAM","131766","106389","25377"
"2012-01-25","ARCAM","193764","157993","35771"
"2012-01-26","ARCAM","30999","25802","5197"
"2012-01-27","ARCAM","30999","25802","5197"
"2012-01-28","ARCAM","185994","154812","31182"
"2012-01-29","ARCAM","38769","28983","9786"
"2012-01-30","ARCAM","131766","106389","25377"
"2012-01-31","ARCAM","30999","25802","5197"
"2012-02-01","ARCAM","131766","106389","25377"
"2012-02-02","ARCAM","279072","219140","59932"
"2012-02-03","ARCAM","92997","77406","15591"
"2012-02-04","ARCAM","139536","109570","29966"
"2012-02-05","ARCAM","193764","157993","35771"
"2012-02-06","ARCAM","216993","180614","36379"
"2012-02-07","ARCAM","201534","161174","40360"
"2012-02-08","ARCAM","193764","157993","35771"
"2012-02-09","ARCAM","30999","25802","5197"
"2012-02-10","ARCAM","162765","132191","30574"
"2012-02-11","ARCAM","185994","154812","31182"
"2012-02-12","ARCAM","92997","77406","15591"
"2012-02-13","ARCAM","162765","132191","30574"
"2012-02-14","ARCAM","147306","112751","34555"
"2012-02-15","ARCAM","216993","180614","36379"
"2012-02-16","ARCAM","131766","106389","25377"
"2012-02-17","ARCAM","92997","77406","15591"
"2012-02-18","ARCAM","201534","161174","40360"
"2012-02-19","ARCAM","131766","106389","25377"
"2012-02-20","ARCAM","193764","157993","35771"
"2012-02-21","ARCAM","61998","51604","10394"
"2012-02-22","ARCAM","123996","103208","20788"
"2012-02-23","ARCAM","216993","180614","36379"
"2012-02-24","ARCAM","178305","138553","39752"
"2012-02-25","ARCAM","154995","129010","25985"
"2012-02-26","ARCAM","92997","77406","15591"
"2012-02-27","ARCAM","108537","83768","24769"
"2012-02-28","ARCAM","216993","180614","36379"
"2012-02-29","ARCAM","131766","106389","25377"
"2012-03-01","ARCAM","100767","80587","20180"
"2012-03-02","ARCAM","255762","209597","46165"
"2012-03-03","ARCAM","30999","25802","5197"
"2012-03-04","ARCAM","255762","209597","46165"
"2012-03-05","ARCAM","162765","132191","30574"
"2012-03-06","ARCAM","193845","144915","48930"
"2012-03-07","ARCAM","154995","129010","25985"
"2012-03-08","ARCAM","263532","212778","50754"
"2012-03-09","ARCAM","30999","25802","5197"
"2012-03-10","ARCAM","185994","154812","31182"
"2012-03-11","ARCAM","185994","154812","31182"
"2012-03-12","ARCAM","123996","103208","20788"
"2012-03-13","ARCAM","162765","132191","30574"
"2012-03-14","ARCAM","294531","238580","55951"
"2012-03-15","ARCAM","356529","290184","66345"
"2012-03-16","ARCAM","232533","186976","45557"
"2012-03-17","ARCAM","162765","132191","30574"
"2012-03-18","ARCAM","123996","103208","20788"
"2012-03-19","ARCAM","131766","106389","25377"
"2012-03-20","ARCAM","61998","51604","10394"
"2012-03-21","ARCAM","131766","106389","25377"
"2012-03-22","ARCAM","123996","103208","20788"
"2012-03-23","ARCAM","263532","212778","50754"
"2012-03-24","ARCAM","131766","106389","25377"
"2012-03-25","ARCAM","100767","80587","20180"
"2012-03-26","ARCAM","162765","132191","30574"
"2012-03-27","ARCAM","279072","219140","59932"
"2012-03-28","ARCAM","131766","106389","25377"
"2012-03-29","ARCAM","123996","103208","20788"
"2012-03-30","ARCAM","294531","238580","55951"
"2012-03-31","ARCAM","131766","106389","25377"
"2012-04-01","ARCAM","139536","109570","29966"
"2012-04-02","ARCAM","232533","186976","45557"
"2012-04-03","ARCAM","123996","103208","20788"
"2012-04-04","ARCAM","154995","129010","25985"
"2012-04-05","ARCAM","224763","183795","40968"
"2012-04-06","ARCAM","224763","183795","40968"
"2012-04-07","ARCAM","248073","193338","54735"
"2012-04-08","ARCAM","92997","77406","15591"
"2012-04-09","ARCAM","77538","57966","19572"
"2012-04-10","ARCAM","131766","106389","25377"
"2012-04-11","ARCAM","123996","103208","20788"
"2012-04-12","ARCAM","38769","28983","9786"
"2012-04-13","ARCAM","69768","54785","14983"
"2012-04-14","ARCAM","61998","51604","10394"
"2012-04-15","ARCAM","271302","215959","55343"
"2012-04-16","ARCAM","255762","209597","46165"
"2012-04-17","ARCAM","209304","164355","44949"
"2012-04-18","ARCAM","278991","232218","46773"
"2012-04-19","ARCAM","154995","129010","25985"
"2012-04-20","ARCAM","248073","193338","54735"
"2012-04-21","ARCAM","193764","157993","35771"
"2012-04-22","ARCAM","457296","370771","86525"
"2012-04-23","ARCAM","224763","183795","40968"
"2012-04-24","ARCAM","170535","135372","35163"
"2012-04-25","ARCAM","131766","106389","25377"
"2012-04-26","ARCAM","185994","154812","31182"
"2012-04-27","ARCAM","170535","135372","35163"
"2012-04-28","ARCAM","116307","86949","29358"
"2012-04-29","ARCAM","232533","186976","45557"
"2012-04-30","ARCAM","154995","129010","25985"
"2012-05-01","ARCAM","178305","138553","39752"
"2012-05-02","ARCAM","123996","103208","20788"
"2012-05-03","ARCAM","131766","106389","25377"
"2012-05-04","ARCAM","201534","161174","40360"
"2012-05-05","ARCAM","193764","157993","35771"
"2012-05-06","ARCAM","240303","190157","50146"
"2012-05-07","ARCAM","224763","183795","40968"
"2012-05-08","ARCAM","131766","106389","25377"
"2012-05-09","ARCAM","170535","135372","35163"
"2012-05-10","ARCAM","170535","135372","35163"
"2012-05-11","ARCAM","263532","212778","50754"
"2012-05-12","ARCAM","162765","132191","30574"
"2012-05-13","ARCAM","162765","132191","30574"
"2012-05-14","ARCAM","240303","190157","50146"
"2012-05-15","ARCAM","92997","77406","15591"
"2012-05-16","ARCAM","201534","161174","40360"
"2012-05-17","ARCAM","38769","28983","9786"
"2012-05-18","ARCAM","201534","161174","40360"
"2012-05-19","ARCAM","38769","28983","9786"
"2012-05-20","ARCAM","162765","132191","30574"
"2012-05-21","ARCAM","201534","161174","40360"
"2012-05-22","ARCAM","178305","138553","39752"
"2012-05-23","ARCAM","154995","129010","25985"
"2012-05-24","ARCAM","92997","77406","15591"
"2012-05-25","ARCAM","193764","157993","35771"
"2012-05-26","ARCAM","170535","135372","35163"
"2012-05-27","ARCAM","139536","109570","29966"
"2012-05-28","ARCAM","170535","135372","35163"
"2012-05-29","ARCAM","170535","135372","35163"
"2012-05-30","ARCAM","286761","235399","51362"
"2012-05-31","ARCAM","69768","54785","14983"
"2012-06-02","ARCAM","100767","80587","20180"
"2012-06-03","ARCAM","69768","54785","14983"
"2012-06-04","ARCAM","100767","80587","20180"
"2012-06-05","ARCAM","201534","161174","40360"
"2012-06-07","ARCAM","77538","57966","19572"
"2012-06-08","ARCAM","108537","83768","24769"
"2012-06-09","ARCAM","38769","28983","9786"
"2012-06-10","ARCAM","30999","25802","5197"
"2012-06-11","ARCAM","123996","103208","20788"
"2012-06-12","ARCAM","69768","54785","14983"
"2012-06-13","ARCAM","154995","129010","25985"
"2012-06-14","ARCAM","61998","51604","10394"
"2012-06-15","ARCAM","30999","25802","5197"
"2012-06-16","ARCAM","100767","80587","20180"
"2012-06-17","ARCAM","92997","77406","15591"
"2012-06-18","ARCAM","30999","25802","5197"
"2012-06-19","ARCAM","30999","25802","5197"
"2012-06-20","ARCAM","30999","25802","5197"
"2012-06-22","ARCAM","61998","51604","10394"
"2012-06-23","ARCAM","92997","77406","15591"
"2012-06-24","ARCAM","69768","54785","14983"
"2012-06-25","ARCAM","123996","103208","20788"
"2012-06-27","ARCAM","123996","103208","20788"
"2012-06-28","ARCAM","69768","54785","14983"
"2012-06-29","ARCAM","92997","77406","15591"
"2012-06-30","ARCAM","38769","28983","9786"
"2012-07-01","ARCAM","162765","132191","30574"
"2012-07-02","ARCAM","263532","212778","50754"
"2012-07-03","ARCAM","30999","25802","5197"
"2012-07-04","ARCAM","193764","157993","35771"
"2012-07-05","ARCAM","123996","103208","20788"
"2012-07-07","ARCAM","30999","25802","5197"
"2012-07-08","ARCAM","108537","83768","24769"
"2012-07-09","ARCAM","92997","77406","15591"
"2012-07-10","ARCAM","30999","25802","5197"
"2012-07-11","ARCAM","92997","77406","15591"
"2012-07-12","ARCAM","77538","57966","19572"
"2012-07-13","ARCAM","131766","106389","25377"
"2012-07-14","ARCAM","69768","54785","14983"
"2012-07-15","ARCAM","92997","77406","15591"
"2012-07-16","ARCAM","61998","51604","10394"
"2012-07-17","ARCAM","139536","109570","29966"
"2012-07-18","ARCAM","30999","25802","5197"
"2012-07-19","ARCAM","30999","25802","5197"
"2012-07-20","ARCAM","30999","25802","5197"
"2012-07-22","ARCAM","100767","80587","20180"
"2012-07-23","ARCAM","170535","135372","35163"
"2012-07-24","ARCAM","131766","106389","25377"
"2012-07-25","ARCAM","61998","51604","10394"
"2012-07-26","ARCAM","30999","25802","5197"
"2012-07-28","ARCAM","100767","80587","20180"
"2012-07-30","ARCAM","131766","106389","25377"
"2012-07-31","ARCAM","61998","51604","10394"
"2012-08-01","ARCAM","100767","80587","20180"
"2012-08-02","ARCAM","92997","77406","15591"
"2012-08-03","ARCAM","77538","57966","19572"
"2012-08-04","ARCAM","170535","135372","35163"
"2012-08-05","ARCAM","92997","77406","15591"
"2012-08-06","ARCAM","162765","132191","30574"
"2012-08-07","ARCAM","131766","106389","25377"
"2012-08-08","ARCAM","139536","109570","29966"
"2012-08-10","ARCAM","38769","28983","9786"
"2012-08-12","ARCAM","108537","83768","24769"
"2012-08-13","ARCAM","61998","51604","10394"
"2012-08-14","ARCAM","61998","51604","10394"
"2012-08-15","ARCAM","100767","80587","20180"
"2012-08-17","ARCAM","61998","51604","10394"
"2012-08-18","ARCAM","69768","54785","14983"
"2012-08-19","ARCAM","30999","25802","5197"
"2012-08-21","ARCAM","61998","51604","10394"
"2012-08-22","ARCAM","30999","25802","5197"
"2012-08-23","ARCAM","131766","106389","25377"
"2012-08-24","ARCAM","100767","80587","20180"
"2012-08-25","ARCAM","61998","51604","10394"
"2012-08-26","ARCAM","92997","77406","15591"
"2012-08-27","ARCAM","170535","135372","35163"
"2012-08-28","ARCAM","61998","51604","10394"
"2012-08-29","ARCAM","139536","109570","29966"
"2012-08-30","ARCAM","69768","54785","14983"
"2012-08-31","ARCAM","92997","77406","15591"
"2012-09-01","ARCAM","185994","154812","31182"
"2012-09-03","ARCAM","38769","28983","9786"
"2012-09-04","ARCAM","61998","51604","10394"
"2012-09-05","ARCAM","92997","77406","15591"
"2012-09-06","ARCAM","69768","54785","14983"
"2012-09-07","ARCAM","69768","54785","14983"
"2012-09-08","ARCAM","123996","103208","20788"
"2012-09-09","ARCAM","61998","51604","10394"
"2012-09-11","ARCAM","38769","28983","9786"
"2012-09-12","ARCAM","38769","28983","9786"
"2012-09-13","ARCAM","30999","25802","5197"
"2012-09-14","ARCAM","131766","106389","25377"
"2012-09-15","ARCAM","69768","54785","14983"
"2012-09-16","ARCAM","69768","54785","14983"
"2012-09-17","ARCAM","61998","51604","10394"
"2012-09-18","ARCAM","100767","80587","20180"
"2012-09-19","ARCAM","30999","25802","5197"
"2012-09-20","ARCAM","61998","51604","10394"
"2012-09-21","ARCAM","69768","54785","14983"
"2012-09-22","ARCAM","69768","54785","14983"
"2012-09-23","ARCAM","61998","51604","10394"
"2012-09-25","ARCAM","61998","51604","10394"
"2012-09-26","ARCAM","61998","51604","10394"
"2012-09-27","ARCAM","61998","51604","10394"
"2012-09-28","ARCAM","30999","25802","5197"
"2012-09-29","ARCAM","108537","83768","24769"
"2012-09-30","ARCAM","30999","25802","5197"
"2012-10-01","ARCAM","92997","77406","15591"
"2012-10-02","ARCAM","30999","25802","5197"
"2012-10-03","ARCAM","61998","51604","10394"
"2012-10-04","ARCAM","123996","103208","20788"
"2012-10-05","ARCAM","92997","77406","15591"
"2012-10-06","ARCAM","108537","83768","24769"
"2012-10-07","ARCAM","201534","161174","40360"
"2012-10-08","ARCAM","162765","132191","30574"
"2012-10-09","ARCAM","92997","77406","15591"
"2012-10-11","ARCAM","193764","157993","35771"
"2012-10-12","ARCAM","30999","25802","5197"
"2012-10-13","ARCAM","30999","25802","5197"
"2012-10-14","ARCAM","162765","132191","30574"
"2012-10-15","ARCAM","92997","77406","15591"
"2012-10-16","ARCAM","61998","51604","10394"
"2012-10-18","ARCAM","77538","57966","19572"
"2012-10-19","ARCAM","61998","51604","10394"
"2012-10-20","ARCAM","30999","25802","5197"
"2012-10-21","ARCAM","193764","157993","35771"
"2012-10-22","ARCAM","30999","25802","5197"
"2012-10-23","ARCAM","30999","25802","5197"
"2012-10-24","ARCAM","123996","103208","20788"
"2012-10-25","ARCAM","61998","51604","10394"
"2012-10-26","ARCAM","61998","51604","10394"
"2012-10-27","ARCAM","100767","80587","20180"
"2012-10-28","ARCAM","100767","80587","20180"
"2012-10-29","ARCAM","100767","80587","20180"
"2012-10-30","ARCAM","30999","25802","5197"
"2012-10-31","ARCAM","131766","106389","25377"
"2012-11-01","ARCAM","92997","77406","15591"
"2012-11-02","ARCAM","61998","51604","10394"
"2012-11-03","ARCAM","92997","77406","15591"
"2012-11-04","ARCAM","170535","135372","35163"
"2012-11-05","ARCAM","38769","28983","9786"
"2012-11-06","ARCAM","61998","51604","10394"
"2012-11-07","ARCAM","61998","51604","10394"
"2012-11-08","ARCAM","100767","80587","20180"
"2012-11-09","ARCAM","38769","28983","9786"
"2012-11-10","ARCAM","100767","80587","20180"
"2012-11-11","ARCAM","123996","103208","20788"
"2012-11-12","ARCAM","100767","80587","20180"
"2012-11-13","ARCAM","108537","83768","24769"
"2012-11-14","ARCAM","178305","138553","39752"
"2012-11-15","ARCAM","100767","80587","20180"
"2012-11-16","ARCAM","100767","80587","20180"
"2012-11-17","ARCAM","170535","135372","35163"
"2012-11-18","ARCAM","30999","25802","5197"
"2012-11-19","ARCAM","92997","77406","15591"
"2012-11-20","ARCAM","61998","51604","10394"
"2012-11-21","ARCAM","147306","112751","34555"
"2012-11-23","ARCAM","30999","25802","5197"
"2012-11-24","ARCAM","131766","106389","25377"
"2012-11-25","ARCAM","123996","103208","20788"
"2012-11-26","ARCAM","209304","164355","44949"
"2012-11-27","ARCAM","38769","28983","9786"
"2012-11-28","ARCAM","108537","83768","24769"
"2012-11-29","ARCAM","61998","51604","10394"
"2012-11-30","ARCAM","30999","25802","5197"
"2012-12-01","ARCAM","38769","28983","9786"
"2012-12-02","ARCAM","185994","154812","31182"
"2012-12-03","ARCAM","30999","25802","5197"
"2012-12-04","ARCAM","100767","80587","20180"
"2012-12-05","ARCAM","69768","54785","14983"
"2012-12-06","ARCAM","131766","106389","25377"
"2012-12-07","ARCAM","108537","83768","24769"
"2012-12-08","ARCAM","209304","164355","44949"
"2012-12-09","ARCAM","30999","25802","5197"
"2012-12-10","ARCAM","100767","80587","20180"
"2012-12-11","ARCAM","100767","80587","20180"
"2012-12-13","ARCAM","131766","106389","25377"
"2012-12-14","ARCAM","154995","129010","25985"
"2012-12-15","ARCAM","30999","25802","5197"
"2012-12-16","ARCAM","61998","51604","10394"
"2012-12-17","ARCAM","185994","154812","31182"
"2012-12-18","ARCAM","69768","54785","14983"
"2012-12-19","ARCAM","61998","51604","10394"
"2012-12-21","ARCAM","61998","51604","10394"
"2012-12-22","ARCAM","61998","51604","10394"
"2012-12-23","ARCAM","61998","51604","10394"
"2012-12-24","ARCAM","162765","132191","30574"
"2012-12-25","ARCAM","92997","77406","15591"
"2012-12-26","ARCAM","193764","157993","35771"
"2012-12-27","ARCAM","92997","77406","15591"
"2012-12-28","ARCAM","108537","83768","24769"
"2012-12-29","ARCAM","30999","25802","5197"
"2012-12-30","ARCAM","100767","80587","20180"
"2012-12-31","ARCAM","77538","57966","19572"
"2013-01-01","ARCAM","30999","25802","5197"
"2013-01-02","ARCAM","395298","319167","76131"
"2013-01-03","ARCAM","255762","209597","46165"
"2013-01-04","ARCAM","310071","244942","65129"
"2013-01-05","ARCAM","69768","54785","14983"
"2013-01-06","ARCAM","364299","293365","70934"
"2013-01-07","ARCAM","209304","164355","44949"
"2013-01-08","ARCAM","193764","157993","35771"
"2013-01-09","ARCAM","356529","290184","66345"
"2013-01-10","ARCAM","162765","132191","30574"
"2013-01-11","ARCAM","185994","154812","31182"
"2013-01-12","ARCAM","170535","135372","35163"
"2013-01-13","ARCAM","131766","106389","25377"
"2013-01-14","ARCAM","263532","212778","50754"
"2013-01-15","ARCAM","247992","206416","41576"
"2013-01-16","ARCAM","162765","132191","30574"
"2013-01-17","ARCAM","240303","190157","50146"
"2013-01-18","ARCAM","154995","129010","25985"
"2013-01-19","ARCAM","154995","129010","25985"
"2013-01-20","ARCAM","364299","293365","70934"
"2013-01-21","ARCAM","232533","186976","45557"
"2013-01-22","ARCAM","154995","129010","25985"
"2013-01-23","ARCAM","255762","209597","46165"
"2013-01-24","ARCAM","209304","164355","44949"
"2013-01-25","ARCAM","294531","238580","55951"
"2013-01-26","ARCAM","224763","183795","40968"
"2013-01-27","ARCAM","426297","344969","81328"
"2013-01-28","ARCAM","271302","215959","55343"
"2013-01-29","ARCAM","162765","132191","30574"
"2013-01-30","ARCAM","286761","235399","51362"
"2013-01-31","ARCAM","178305","138553","39752"
"2013-02-01","ARCAM","263532","212778","50754"
"2013-02-02","ARCAM","418608","328710","89898"
"2013-02-03","ARCAM","325530","264382","61148"
"2013-02-04","ARCAM","279072","219140","59932"
"2013-02-05","ARCAM","302301","241761","60540"
"2013-02-06","ARCAM","232533","186976","45557"
"2013-02-07","ARCAM","395298","319167","76131"
"2013-02-08","ARCAM","162765","132191","30574"
"2013-02-09","ARCAM","271302","215959","55343"
"2013-02-10","ARCAM","302301","241761","60540"
"2013-02-11","ARCAM","92997","77406","15591"
"2013-02-12","ARCAM","302301","241761","60540"
"2013-02-13","ARCAM","503835","402935","100900"
"2013-02-14","ARCAM","348759","287003","61756"
"2013-02-15","ARCAM","294531","238580","55951"
"2013-02-16","ARCAM","185994","154812","31182"
"2013-02-17","ARCAM","317760","261201","56559"
"2013-02-18","ARCAM","216993","180614","36379"
"2013-02-19","ARCAM","131766","106389","25377"
"2013-02-20","ARCAM","271302","215959","55343"
"2013-02-21","ARCAM","224763","183795","40968"
"2013-02-22","ARCAM","310071","244942","65129"
"2013-02-23","ARCAM","356529","290184","66345"
"2013-02-24","ARCAM","216993","180614","36379"
"2013-02-25","ARCAM","317760","261201","56559"
"2013-02-26","ARCAM","395298","319167","76131"
"2013-02-27","ARCAM","185994","154812","31182"
"2013-02-28","ARCAM","139536","109570","29966"
"2013-03-01","ARCAM","69768","54785","14983"
"2013-03-02","ARCAM","162765","132191","30574"
"2013-03-03","ARCAM","410838","325529","85309"
"2013-03-04","ARCAM","216993","180614","36379"
"2013-03-05","ARCAM","232533","186976","45557"
"2013-03-06","ARCAM","325530","264382","61148"
"2013-03-07","ARCAM","123996","103208","20788"
"2013-03-08","ARCAM","341070","270744","70326"
"2013-03-09","ARCAM","178305","138553","39752"
"2013-03-10","ARCAM","123996","103208","20788"
"2013-03-11","ARCAM","309990","258020","51970"
"2013-03-12","ARCAM","356529","290184","66345"
"2013-03-13","ARCAM","224763","183795","40968"
"2013-03-14","ARCAM","100767","80587","20180"
"2013-03-15","ARCAM","278991","232218","46773"
"2013-03-16","ARCAM","472755","390211","82544"
"2013-03-17","ARCAM","302301","241761","60540"
"2013-03-18","ARCAM","232533","186976","45557"
"2013-03-19","ARCAM","263532","212778","50754"
"2013-03-20","ARCAM","216993","180614","36379"
"2013-03-21","ARCAM","255762","209597","46165"
"2013-03-22","ARCAM","154995","129010","25985"
"2013-03-23","ARCAM","30999","25802","5197"
"2013-03-24","ARCAM","186075","141734","44341"
"2013-03-25","ARCAM","263532","212778","50754"
"2013-03-26","ARCAM","325530","264382","61148"
"2013-03-27","ARCAM","216993","180614","36379"
"2013-03-28","ARCAM","224763","183795","40968"
"2013-03-29","ARCAM","302301","241761","60540"
"2013-03-30","ARCAM","356529","290184","66345"
"2013-03-31","ARCAM","325530","264382","61148"
"2013-04-01","ARCAM","387528","315986","71542"
"2013-04-02","ARCAM","216993","180614","36379"
"2013-04-03","ARCAM","302301","241761","60540"
"2013-04-04","ARCAM","348759","287003","61756"
"2013-04-05","ARCAM","364299","293365","70934"
"2013-04-06","ARCAM","255762","209597","46165"
"2013-04-07","ARCAM","232533","186976","45557"
"2013-04-08","ARCAM","503916","389857","114059"
"2013-04-09","ARCAM","341070","270744","70326"
"2013-04-10","ARCAM","325530","264382","61148"
"2013-04-11","ARCAM","333300","267563","65737"
"2013-04-12","ARCAM","193764","157993","35771"
"2013-04-13","ARCAM","441837","351331","90506"
"2013-04-14","ARCAM","240303","190157","50146"
"2013-04-15","ARCAM","317760","261201","56559"
"2013-04-16","ARCAM","193764","157993","35771"
"2013-04-17","ARCAM","426297","344969","81328"
"2013-04-18","ARCAM","193764","157993","35771"
"2013-04-19","ARCAM","379758","312805","66953"
"2013-04-20","ARCAM","333300","267563","65737"
"2013-04-21","ARCAM","178305","138553","39752"
"2013-04-22","ARCAM","418527","341788","76739"
"2013-04-23","ARCAM","92997","77406","15591"
"2013-04-24","ARCAM","193764","157993","35771"
"2013-04-25","ARCAM","356529","290184","66345"
"2013-04-26","ARCAM","224763","183795","40968"
"2013-04-27","ARCAM","271302","215959","55343"
"2013-04-28","ARCAM","333300","267563","65737"
"2013-04-29","ARCAM","426297","344969","81328"
"2013-04-30","ARCAM","224763","183795","40968"
"2013-05-01","ARCAM","139536","109570","29966"
"2013-05-02","ARCAM","193764","157993","35771"
"2013-05-03","ARCAM","224763","183795","40968"
"2013-05-04","ARCAM","418608","328710","89898"
"2013-05-05","ARCAM","403068","322348","80720"
"2013-05-06","ARCAM","162765","132191","30574"
"2013-05-07","ARCAM","333300","267563","65737"
"2013-05-08","ARCAM","154995","129010","25985"
"2013-05-09","ARCAM","325530","264382","61148"
"2013-05-10","ARCAM","247992","206416","41576"
"2013-05-11","ARCAM","224763","183795","40968"
"2013-05-12","ARCAM","371988","309624","62364"
"2013-05-13","ARCAM","131766","106389","25377"
"2013-05-14","ARCAM","480606","380314","100292"
"2013-05-15","ARCAM","193764","157993","35771"
"2013-05-16","ARCAM","255762","209597","46165"
"2013-05-17","ARCAM","224763","183795","40968"
"2013-05-18","ARCAM","279072","219140","59932"
"2013-05-19","ARCAM","302301","241761","60540"
"2013-05-20","ARCAM","162765","132191","30574"
"2013-05-21","ARCAM","201534","161174","40360"
"2013-05-22","ARCAM","294531","238580","55951"
"2013-05-23","ARCAM","263532","212778","50754"
"2013-05-24","ARCAM","154995","129010","25985"
"2013-05-25","ARCAM","302301","241761","60540"
"2013-05-26","ARCAM","294531","238580","55951"
"2013-05-27","ARCAM","193764","157993","35771"
"2013-05-28","ARCAM","193764","157993","35771"
"2013-05-29","ARCAM","278991","232218","46773"
"2013-05-30","ARCAM","154995","129010","25985"
"2013-05-31","ARCAM","247992","206416","41576"
"2008-06-06","Artie","41939","41007","932"
"2008-06-08","Artie","20759","16765","3994"
"2008-06-10","Artie","13269","9564","3705"
"2008-06-21","Artie","41518","33530","7988"
"2008-06-22","Artie","20759","16765","3994"
"2008-06-26","Artie","20759","16765","3994"
"2008-07-03","Artie","20759","16765","3994"
"2008-07-08","Artie","20759","16765","3994"
"2008-07-09","Artie","20759","16765","3994"
"2008-07-16","Artie","20759","16765","3994"
"2008-07-19","Artie","13269","9564","3705"
"2008-07-20","Artie","13269","9564","3705"
"2008-07-24","Artie","20759","16765","3994"
"2008-07-25","Artie","41939","41007","932"
"2008-07-26","Artie","20759","16765","3994"
"2008-07-27","Artie","41939","41007","932"
"2008-07-30","Artie","20759","16765","3994"
"2008-08-03","Artie","41939","41007","932"
"2008-08-05","Artie","20759","16765","3994"
"2008-08-07","Artie","13269","9564","3705"
"2008-08-18","Artie","13269","9564","3705"
"2008-08-23","Artie","20759","16765","3994"
"2008-08-26","Artie","20759","16765","3994"
"2008-09-14","Artie","20759","16765","3994"
"2008-09-20","Artie","41939","41007","932"
"2008-10-01","Artie","41518","33530","7988"
"2008-10-02","Artie","20759","16765","3994"
"2008-10-13","Artie","13269","9564","3705"
"2008-10-17","Artie","62698","57772","4926"
"2008-10-24","Artie","41518","33530","7988"
"2008-10-28","Artie","41939","41007","932"
"2008-10-30","Artie","20759","16765","3994"
"2008-11-02","Artie","41939","41007","932"
"2008-11-06","Artie","20759","16765","3994"
"2008-11-09","Artie","20759","16765","3994"
"2008-11-10","Artie","20759","16765","3994"
"2008-11-21","Artie","20759","16765","3994"
"2008-12-28","Artie","41939","41007","932"
"2009-01-03","Artie","41939","41007","932"
"2009-01-04","Artie","20759","16765","3994"
"2009-01-08","Artie","20759","16765","3994"
"2009-01-10","Artie","13269","9564","3705"
"2009-01-12","Artie","13269","9564","3705"
"2009-01-16","Artie","41939","41007","932"
"2009-01-18","Artie","62698","57772","4926"
"2009-01-22","Artie","41939","41007","932"
"2009-01-23","Artie","41939","41007","932"
"2009-01-24","Artie","13269","9564","3705"
"2009-01-26","Artie","20759","16765","3994"
"2009-02-03","Artie","41939","41007","932"
"2009-02-05","Artie","20759","16765","3994"
"2009-02-08","Artie","13269","9564","3705"
"2009-02-12","Artie","41939","41007","932"
"2009-02-13","Artie","13269","9564","3705"
"2009-02-14","Artie","20759","16765","3994"
"2009-02-15","Artie","20759","16765","3994"
"2009-02-22","Artie","54787","43094","11693"
"2009-02-23","Artie","20759","16765","3994"
"2009-02-26","Artie","20759","16765","3994"
"2009-03-01","Artie","20759","16765","3994"
"2009-03-04","Artie","20759","16765","3994"
"2009-03-05","Artie","20759","16765","3994"
"2009-03-11","Artie","20759","16765","3994"
"2009-03-14","Artie","13269","9564","3705"
"2009-03-23","Artie","20759","16765","3994"
"2009-03-27","Artie","62698","57772","4926"
"2009-03-30","Artie","20759","16765","3994"
"2009-04-03","Artie","20759","16765","3994"
"2009-04-09","Artie","41939","41007","932"
"2009-04-11","Artie","20759","16765","3994"
"2009-04-12","Artie","20759","16765","3994"
"2009-04-14","Artie","13269","9564","3705"
"2009-04-19","Artie","13269","9564","3705"
"2009-04-20","Artie","41939","41007","932"
"2009-04-22","Artie","13269","9564","3705"
"2009-04-24","Artie","41518","33530","7988"
"2009-04-25","Artie","41939","41007","932"
"2009-04-26","Artie","20759","16765","3994"
"2009-04-28","Artie","20759","16765","3994"
"2009-05-01","Artie","13269","9564","3705"
"2009-05-03","Artie","13269","9564","3705"
"2009-05-05","Artie","13269","9564","3705"
"2009-05-08","Artie","13269","9564","3705"
"2009-05-10","Artie","13269","9564","3705"
"2009-05-12","Artie","13269","9564","3705"
"2009-05-14","Artie","13269","9564","3705"
"2009-05-16","Artie","20759","16765","3994"
"2009-05-20","Artie","55208","50571","4637"
"2009-05-24","Artie","41939","41007","932"
"2009-05-26","Artie","20759","16765","3994"
"2009-05-31","Artie","83878","82014","1864"
"2009-06-04","Artie","13269","9564","3705"
"2009-06-05","Artie","20759","16765","3994"
"2009-06-07","Artie","13269","9564","3705"
"2009-06-08","Artie","20759","16765","3994"
"2009-06-10","Artie","41939","41007","932"
"2009-06-11","Artie","13269","9564","3705"
"2009-06-12","Artie","13269","9564","3705"
"2009-06-13","Artie","41939","41007","932"
"2009-06-14","Artie","20759","16765","3994"
"2009-06-15","Artie","20759","16765","3994"
"2009-06-17","Artie","20759","16765","3994"
"2009-06-18","Artie","13269","9564","3705"
"2009-06-19","Artie","13269","9564","3705"
"2009-06-20","Artie","20759","16765","3994"
"2009-06-21","Artie","41939","41007","932"
"2009-06-24","Artie","20759","16765","3994"
"2009-06-26","Artie","20759","16765","3994"
"2009-07-01","Artie","20759","16765","3994"
"2009-07-04","Artie","20759","16765","3994"
"2009-07-10","Artie","13269","9564","3705"
"2009-07-11","Artie","20759","16765","3994"
"2009-07-13","Artie","55208","50571","4637"
"2009-07-23","Artie","41939","41007","932"
"2009-07-24","Artie","41939","41007","932"
"2009-07-28","Artie","41939","41007","932"
"2009-08-04","Artie","13269","9564","3705"
"2009-08-06","Artie","20759","16765","3994"
"2009-08-25","Artie","20759","16765","3994"
"2009-08-26","Artie","41939","41007","932"
"2009-08-28","Artie","13269","9564","3705"
"2009-08-30","Artie","55208","50571","4637"
"2009-09-01","Artie","41518","33530","7988"
"2009-09-04","Artie","62698","57772","4926"
"2009-09-07","Artie","20759","16765","3994"
"2009-09-09","Artie","20759","16765","3994"
"2009-09-13","Artie","20759","16765","3994"
"2009-09-17","Artie","41939","41007","932"
"2009-09-20","Artie","13269","9564","3705"
"2009-09-21","Artie","20759","16765","3994"
"2009-09-23","Artie","41939","41007","932"
"2009-09-26","Artie","20759","16765","3994"
"2009-09-29","Artie","41939","41007","932"
"2009-09-30","Artie","13269","9564","3705"
"2009-10-01","Artie","20759","16765","3994"
"2009-10-02","Artie","13269","9564","3705"
"2009-10-06","Artie","20759","16765","3994"
"2009-10-10","Artie","54787","43094","11693"
"2009-10-12","Artie","20759","16765","3994"
"2009-10-16","Artie","55208","50571","4637"
"2009-10-19","Artie","41518","33530","7988"
"2009-10-21","Artie","13269","9564","3705"
"2009-10-22","Artie","62698","57772","4926"
"2009-10-23","Artie","20759","16765","3994"
"2009-10-29","Artie","20759","16765","3994"
"2009-11-01","Artie","13269","9564","3705"
"2009-11-07","Artie","20759","16765","3994"
"2009-11-08","Artie","13269","9564","3705"
"2009-11-12","Artie","20759","16765","3994"
"2009-11-15","Artie","62698","57772","4926"
"2009-11-17","Artie","13269","9564","3705"
"2009-11-24","Artie","20759","16765","3994"
"2009-11-26","Artie","20759","16765","3994"
"2009-11-29","Artie","20759","16765","3994"
"2009-12-01","Artie","13269","9564","3705"
"2009-12-03","Artie","41939","41007","932"
"2009-12-05","Artie","20759","16765","3994"
"2009-12-06","Artie","20759","16765","3994"
"2009-12-10","Artie","20759","16765","3994"
"2009-12-12","Artie","20759","16765","3994"
"2009-12-14","Artie","20759","16765","3994"
"2009-12-19","Artie","20759","16765","3994"
"2009-12-20","Artie","39807","28692","11115"
"2009-12-23","Artie","20759","16765","3994"
"2009-12-25","Artie","13269","9564","3705"
"2009-12-30","Artie","20759","16765","3994"
"2010-01-01","Artie","41939","41007","932"
"2010-01-04","Artie","20759","16765","3994"
"2010-01-05","Artie","20759","16765","3994"
"2010-01-06","Artie","20759","16765","3994"
"2010-01-07","Artie","20759","16765","3994"
"2010-01-08","Artie","20759","16765","3994"
"2010-01-09","Artie","62698","57772","4926"
"2010-01-10","Artie","20759","16765","3994"
"2010-01-12","Artie","62698","57772","4926"
"2010-01-14","Artie","62698","57772","4926"
"2010-01-16","Artie","41518","33530","7988"
"2010-01-18","Artie","20759","16765","3994"
"2010-01-20","Artie","20759","16765","3994"
"2010-01-25","Artie","13269","9564","3705"
"2010-01-29","Artie","20759","16765","3994"
"2010-01-30","Artie","20759","16765","3994"
"2010-01-31","Artie","20759","16765","3994"
"2010-02-03","Artie","13269","9564","3705"
"2010-02-07","Artie","41939","41007","932"
"2010-02-08","Artie","20759","16765","3994"
"2010-02-09","Artie","13269","9564","3705"
"2010-02-12","Artie","13269","9564","3705"
"2010-02-13","Artie","13269","9564","3705"
"2010-02-14","Artie","34028","26329","7699"
"2010-02-16","Artie","41518","33530","7988"
"2010-02-17","Artie","20759","16765","3994"
"2010-02-19","Artie","34028","26329","7699"
"2010-02-22","Artie","41939","41007","932"
"2010-02-25","Artie","62698","57772","4926"
"2010-02-26","Artie","41939","41007","932"
"2010-02-27","Artie","41939","41007","932"
"2010-03-01","Artie","20759","16765","3994"
"2010-03-03","Artie","41518","33530","7988"
"2010-03-05","Artie","62698","57772","4926"
"2010-03-10","Artie","20759","16765","3994"
"2010-03-12","Artie","13269","9564","3705"
"2010-03-14","Artie","41939","41007","932"
"2010-03-16","Artie","20759","16765","3994"
"2010-03-24","Artie","62698","57772","4926"
"2010-03-25","Artie","20759","16765","3994"
"2010-03-26","Artie","20759","16765","3994"
"2010-03-28","Artie","41939","41007","932"
"2010-03-29","Artie","62698","57772","4926"
"2010-03-30","Artie","20759","16765","3994"
"2010-04-02","Artie","41939","41007","932"
"2010-04-03","Artie","20759","16765","3994"
"2010-04-06","Artie","41939","41007","932"
"2010-04-12","Artie","96726","84101","12625"
"2010-04-15","Artie","20759","16765","3994"
"2010-04-16","Artie","41518","33530","7988"
"2010-04-17","Artie","34028","26329","7699"
"2010-04-19","Artie","41939","41007","932"
"2010-04-21","Artie","62698","57772","4926"
"2010-04-23","Artie","55208","50571","4637"
"2010-04-25","Artie","41518","33530","7988"
"2010-04-28","Artie","20759","16765","3994"
"2010-04-30","Artie","34028","26329","7699"
"2010-05-03","Artie","47297","35893","11404"
"2010-05-06","Artie","41518","33530","7988"
"2010-05-11","Artie","54787","43094","11693"
"2010-05-15","Artie","54787","43094","11693"
"2010-05-17","Artie","83457","74537","8920"
"2010-05-20","Artie","41939","41007","932"
"2010-05-23","Artie","13269","9564","3705"
"2010-05-24","Artie","20759","16765","3994"
"2010-05-28","Artie","41939","41007","932"
"2010-06-01","Artie","20759","16765","3994"
"2010-06-02","Artie","47297","35893","11404"
"2010-06-04","Artie","20759","16765","3994"
"2010-06-05","Artie","20759","16765","3994"
"2010-06-06","Artie","20759","16765","3994"
"2010-06-07","Artie","41518","33530","7988"
"2010-06-08","Artie","41518","33530","7988"
"2010-06-09","Artie","20759","16765","3994"
"2010-06-10","Artie","83457","74537","8920"
"2010-06-13","Artie","20759","16765","3994"
"2010-06-14","Artie","41518","33530","7988"
"2010-06-17","Artie","68056","52658","15398"
"2010-06-19","Artie","20759","16765","3994"
"2010-06-20","Artie","20759","16765","3994"
"2010-06-21","Artie","62698","57772","4926"
"2010-06-22","Artie","104216","91302","12914"
"2010-06-23","Artie","13269","9564","3705"
"2010-06-24","Artie","97147","91578","5569"
"2010-06-25","Artie","83457","74537","8920"
"2010-06-26","Artie","13269","9564","3705"
"2010-06-27","Artie","34028","26329","7699"
"2010-06-28","Artie","13269","9564","3705"
"2010-06-29","Artie","13269","9564","3705"
"2010-06-30","Artie","54787","43094","11693"
"2010-07-01","Artie","20759","16765","3994"
"2010-07-02","Artie","20759","16765","3994"
"2010-07-03","Artie","13269","9564","3705"
"2010-07-04","Artie","75967","67336","8631"
"2010-07-05","Artie","34028","26329","7699"
"2010-07-06","Artie","20759","16765","3994"
"2010-07-07","Artie","13269","9564","3705"
"2010-07-10","Artie","20759","16765","3994"
"2010-07-11","Artie","20759","16765","3994"
"2010-07-13","Artie","62698","57772","4926"
"2010-07-15","Artie","41518","33530","7988"
"2010-07-16","Artie","41939","41007","932"
"2010-07-17","Artie","20759","16765","3994"
"2010-07-20","Artie","41518","33530","7988"
"2010-07-21","Artie","41939","41007","932"
"2010-07-22","Artie","41939","41007","932"
"2010-07-23","Artie","41518","33530","7988"
"2010-07-25","Artie","41518","33530","7988"
"2010-07-26","Artie","41518","33530","7988"
"2010-07-27","Artie","20759","16765","3994"
"2010-07-28","Artie","62277","50295","11982"
"2010-07-29","Artie","41939","41007","932"
"2010-07-30","Artie","41939","41007","932"
"2010-08-01","Artie","20759","16765","3994"
"2010-08-04","Artie","20759","16765","3994"
"2010-08-08","Artie","62698","57772","4926"
"2010-08-09","Artie","41939","41007","932"
"2010-08-11","Artie","83457","74537","8920"
"2010-08-12","Artie","20759","16765","3994"
"2010-08-18","Artie","55208","50571","4637"
"2010-08-19","Artie","20759","16765","3994"
"2010-08-20","Artie","97147","91578","5569"
"2010-08-21","Artie","41939","41007","932"
"2010-08-24","Artie","20759","16765","3994"
"2010-08-26","Artie","20759","16765","3994"
"2010-08-28","Artie","13269","9564","3705"
"2010-08-29","Artie","41939","41007","932"
"2010-08-31","Artie","13269","9564","3705"
"2010-09-02","Artie","13269","9564","3705"
"2010-09-03","Artie","20759","16765","3994"
"2010-09-05","Artie","75967","67336","8631"
"2010-09-06","Artie","41939","41007","932"
"2010-09-08","Artie","104637","98779","5858"
"2010-09-09","Artie","20759","16765","3994"
"2010-09-11","Artie","20759","16765","3994"
"2010-09-12","Artie","62277","50295","11982"
"2010-09-15","Artie","55208","50571","4637"
"2010-09-16","Artie","54787","43094","11693"
"2010-09-17","Artie","41518","33530","7988"
"2010-09-18","Artie","41939","41007","932"
"2010-09-19","Artie","34028","26329","7699"
"2010-09-20","Artie","20759","16765","3994"
"2010-09-21","Artie","55208","50571","4637"
"2010-09-23","Artie","41939","41007","932"
"2010-09-26","Artie","41939","41007","932"
"2010-09-27","Artie","41939","41007","932"
"2010-09-28","Artie","62698","57772","4926"
"2010-09-29","Artie","13269","9564","3705"
"2010-10-02","Artie","41518","33530","7988"
"2010-10-03","Artie","20759","16765","3994"
"2010-10-04","Artie","34028","26329","7699"
"2010-10-05","Artie","20759","16765","3994"
"2010-10-06","Artie","20759","16765","3994"
"2010-10-07","Artie","41939","41007","932"
"2010-10-09","Artie","20759","16765","3994"
"2010-10-10","Artie","13269","9564","3705"
"2010-10-12","Artie","13269","9564","3705"
"2010-10-14","Artie","41939","41007","932"
"2010-10-15","Artie","13269","9564","3705"
"2010-10-16","Artie","41518","33530","7988"
"2010-10-19","Artie","13269","9564","3705"
"2010-10-20","Artie","41518","33530","7988"
"2010-10-24","Artie","83878","82014","1864"
"2010-10-25","Artie","34028","26329","7699"
"2010-10-26","Artie","41518","33530","7988"
"2010-10-27","Artie","13269","9564","3705"
"2010-10-28","Artie","62698","57772","4926"
"2010-10-31","Artie","20759","16765","3994"
"2010-11-02","Artie","20759","16765","3994"
"2010-11-03","Artie","20759","16765","3994"
"2010-11-04","Artie","20759","16765","3994"
"2010-11-05","Artie","41518","33530","7988"
"2010-11-06","Artie","41939","41007","932"
"2010-11-07","Artie","104637","98779","5858"
"2010-11-10","Artie","20759","16765","3994"
"2010-11-12","Artie","34028","26329","7699"
"2010-11-14","Artie","34028","26329","7699"
"2010-11-17","Artie","41939","41007","932"
"2010-11-19","Artie","41939","41007","932"
"2010-11-21","Artie","41518","33530","7988"
"2010-11-22","Artie","20759","16765","3994"
"2010-11-24","Artie","125396","115544","9852"
"2010-11-25","Artie","41939","41007","932"
"2010-11-27","Artie","54787","43094","11693"
"2010-11-28","Artie","20759","16765","3994"
"2010-11-29","Artie","20759","16765","3994"
"2010-12-01","Artie","41939","41007","932"
"2010-12-02","Artie","13269","9564","3705"
"2010-12-03","Artie","83457","74537","8920"
"2010-12-04","Artie","62698","57772","4926"
"2010-12-05","Artie","41939","41007","932"
"2010-12-07","Artie","34028","26329","7699"
"2010-12-10","Artie","41518","33530","7988"
"2010-12-11","Artie","125817","123021","2796"
"2010-12-12","Artie","83457","74537","8920"
"2010-12-14","Artie","41939","41007","932"
"2010-12-15","Artie","41518","33530","7988"
"2010-12-16","Artie","13269","9564","3705"
"2010-12-18","Artie","20759","16765","3994"
"2010-12-19","Artie","75967","67336","8631"
"2010-12-21","Artie","62698","57772","4926"
"2010-12-22","Artie","20759","16765","3994"
"2010-12-23","Artie","62698","57772","4926"
"2010-12-24","Artie","62698","57772","4926"
"2010-12-25","Artie","55208","50571","4637"
"2010-12-26","Artie","41939","41007","932"
"2010-12-28","Artie","68477","60135","8342"
"2010-12-29","Artie","13269","9564","3705"
"2011-01-01","Artie","20759","16765","3994"
"2011-01-02","Artie","41518","33530","7988"
"2011-01-03","Artie","62277","50295","11982"
"2011-01-04","Artie","20759","16765","3994"
"2011-01-06","Artie","13269","9564","3705"
"2011-01-08","Artie","41939","41007","932"
"2011-01-12","Artie","34028","26329","7699"
"2011-01-13","Artie","13269","9564","3705"
"2011-01-15","Artie","20759","16765","3994"
"2011-01-16","Artie","54787","43094","11693"
"2011-01-17","Artie","68056","52658","15398"
"2011-01-18","Artie","41939","41007","932"
"2011-01-19","Artie","83457","74537","8920"
"2011-01-20","Artie","13269","9564","3705"
"2011-01-21","Artie","20759","16765","3994"
"2011-01-22","Artie","41518","33530","7988"
"2011-01-24","Artie","34028","26329","7699"
"2011-01-25","Artie","20759","16765","3994"
"2011-01-26","Artie","34028","26329","7699"
"2011-01-27","Artie","62698","57772","4926"
"2011-01-29","Artie","62698","57772","4926"
"2011-01-30","Artie","62698","57772","4926"
"2011-01-31","Artie","13269","9564","3705"
"2011-02-01","Artie","13269","9564","3705"
"2011-02-02","Artie","41518","33530","7988"
"2011-02-05","Artie","54787","43094","11693"
"2011-02-06","Artie","20759","16765","3994"
"2011-02-07","Artie","13269","9564","3705"
"2011-02-08","Artie","41518","33530","7988"
"2011-02-11","Artie","62698","57772","4926"
"2011-02-12","Artie","20759","16765","3994"
"2011-02-13","Artie","62698","57772","4926"
"2011-02-15","Artie","34028","26329","7699"
"2011-02-16","Artie","75967","67336","8631"
"2011-02-17","Artie","20759","16765","3994"
"2011-02-18","Artie","26538","19128","7410"
"2011-02-20","Artie","20759","16765","3994"
"2011-02-21","Artie","20759","16765","3994"
"2011-02-22","Artie","62698","57772","4926"
"2011-02-24","Artie","75967","67336","8631"
"2011-02-25","Artie","34028","26329","7699"
"2011-02-26","Artie","47297","35893","11404"
"2011-02-28","Artie","83878","82014","1864"
"2011-03-01","Artie","34028","26329","7699"
"2011-03-02","Artie","41939","41007","932"
"2011-03-03","Artie","20759","16765","3994"
"2011-03-04","Artie","20759","16765","3994"
"2011-03-05","Artie","68477","60135","8342"
"2011-03-06","Artie","41939","41007","932"
"2011-03-07","Artie","20759","16765","3994"
"2011-03-08","Artie","34028","26329","7699"
"2011-03-09","Artie","41939","41007","932"
"2011-03-11","Artie","54787","43094","11693"
"2011-03-12","Artie","41518","33530","7988"
"2011-03-14","Artie","47297","35893","11404"
"2011-03-15","Artie","20759","16765","3994"
"2011-03-17","Artie","55208","50571","4637"
"2011-03-18","Artie","13269","9564","3705"
"2011-03-19","Artie","34028","26329","7699"
"2011-03-21","Artie","54787","43094","11693"
"2011-03-22","Artie","20759","16765","3994"
"2011-03-23","Artie","104637","98779","5858"
"2011-03-24","Artie","20759","16765","3994"
"2011-03-25","Artie","34028","26329","7699"
"2011-03-26","Artie","41939","41007","932"
"2011-03-27","Artie","20759","16765","3994"
"2011-03-28","Artie","34028","26329","7699"
"2011-03-29","Artie","83457","74537","8920"
"2011-03-30","Artie","83457","74537","8920"
"2011-04-01","Artie","62698","57772","4926"
"2011-04-02","Artie","20759","16765","3994"
"2011-04-03","Artie","62277","50295","11982"
"2011-04-04","Artie","13269","9564","3705"
"2011-04-06","Artie","75546","59859","15687"
"2011-04-07","Artie","62698","57772","4926"
"2011-04-08","Artie","62698","57772","4926"
"2011-04-09","Artie","20759","16765","3994"
"2011-04-10","Artie","54787","43094","11693"
"2011-04-12","Artie","41939","41007","932"
"2011-04-13","Artie","104637","98779","5858"
"2011-04-14","Artie","20759","16765","3994"
"2011-04-15","Artie","20759","16765","3994"
"2011-04-16","Artie","89236","76900","12336"
"2011-04-17","Artie","83878","82014","1864"
"2011-04-18","Artie","13269","9564","3705"
"2011-04-19","Artie","20759","16765","3994"
"2011-04-20","Artie","97147","91578","5569"
"2011-04-21","Artie","62277","50295","11982"
"2011-04-22","Artie","20759","16765","3994"
"2011-04-23","Artie","41518","33530","7988"
"2011-04-24","Artie","20759","16765","3994"
"2011-04-25","Artie","13269","9564","3705"
"2011-04-26","Artie","104637","98779","5858"
"2011-04-27","Artie","47297","35893","11404"
"2011-04-28","Artie","20759","16765","3994"
"2011-04-30","Artie","83878","82014","1864"
"2011-05-02","Artie","41518","33530","7988"
"2011-05-05","Artie","34028","26329","7699"
"2011-05-06","Artie","54787","43094","11693"
"2011-05-07","Artie","54787","43094","11693"
"2011-05-09","Artie","62698","57772","4926"
"2011-05-11","Artie","131175","117907","13268"
"2011-05-12","Artie","13269","9564","3705"
"2011-05-14","Artie","41518","33530","7988"
"2011-05-16","Artie","55208","50571","4637"
"2011-05-17","Artie","34028","26329","7699"
"2011-05-20","Artie","20759","16765","3994"
"2011-05-21","Artie","62698","57772","4926"
"2011-05-23","Artie","62698","57772","4926"
"2011-05-24","Artie","75967","67336","8631"
"2011-05-25","Artie","62277","50295","11982"
"2011-05-26","Artie","34028","26329","7699"
"2011-05-27","Artie","54787","43094","11693"
"2011-05-29","Artie","20759","16765","3994"
"2011-05-30","Artie","41518","33530","7988"
"2011-05-31","Artie","83457","74537","8920"
"2011-06-01","Artie","20759","16765","3994"
"2011-06-02","Artie","20759","16765","3994"
"2011-06-03","Artie","20759","16765","3994"
"2011-06-04","Artie","20759","16765","3994"
"2011-06-06","Artie","20759","16765","3994"
"2011-06-07","Artie","201363","182880","18483"
"2011-06-09","Artie","75967","67336","8631"
"2011-06-10","Artie","20759","16765","3994"
"2011-06-11","Artie","41518","33530","7988"
"2011-06-12","Artie","41939","41007","932"
"2011-06-13","Artie","62277","50295","11982"
"2011-06-14","Artie","83457","74537","8920"
"2011-06-15","Artie","20759","16765","3994"
"2011-06-16","Artie","62698","57772","4926"
"2011-06-17","Artie","83036","67060","15976"
"2011-06-18","Artie","41939","41007","932"
"2011-06-19","Artie","41518","33530","7988"
"2011-06-20","Artie","20759","16765","3994"
"2011-06-21","Artie","20759","16765","3994"
"2011-06-22","Artie","13269","9564","3705"
"2011-06-23","Artie","62698","57772","4926"
"2011-06-24","Artie","83457","74537","8920"
"2011-06-25","Artie","41518","33530","7988"
"2011-06-26","Artie","20759","16765","3994"
"2011-06-27","Artie","26538","19128","7410"
"2011-06-28","Artie","47297","35893","11404"
"2011-06-29","Artie","20759","16765","3994"
"2011-06-30","Artie","117906","108343","9563"
"2011-07-01","Artie","13269","9564","3705"
"2011-07-02","Artie","41518","33530","7988"
"2011-07-03","Artie","47297","35893","11404"
"2011-07-04","Artie","20759","16765","3994"
"2011-07-05","Artie","20759","16765","3994"
"2011-07-06","Artie","54787","43094","11693"
"2011-07-07","Artie","34028","26329","7699"
"2011-07-08","Artie","34028","26329","7699"
"2011-07-09","Artie","55208","50571","4637"
"2011-07-10","Artie","20759","16765","3994"
"2011-07-11","Artie","104637","98779","5858"
"2011-07-12","Artie","20759","16765","3994"
"2011-07-13","Artie","34028","26329","7699"
"2011-07-14","Artie","75967","67336","8631"
"2011-07-15","Artie","125396","115544","9852"
"2011-07-17","Artie","62698","57772","4926"
"2011-07-18","Artie","20759","16765","3994"
"2011-07-19","Artie","20759","16765","3994"
"2011-07-20","Artie","83457","74537","8920"
"2011-07-21","Artie","89236","76900","12336"
"2011-07-22","Artie","130754","110430","20324"
"2011-07-23","Artie","62698","57772","4926"
"2011-07-24","Artie","104216","91302","12914"
"2011-07-25","Artie","41518","33530","7988"
"2011-07-29","Artie","104637","98779","5858"
"2011-07-30","Artie","20759","16765","3994"
"2011-07-31","Artie","41518","33530","7988"
"2011-08-01","Artie","34028","26329","7699"
"2011-08-02","Artie","20759","16765","3994"
"2011-08-03","Artie","104637","98779","5858"
"2011-08-04","Artie","62698","57772","4926"
"2011-08-05","Artie","20759","16765","3994"
"2011-08-06","Artie","20759","16765","3994"
"2011-08-07","Artie","20759","16765","3994"
"2011-08-08","Artie","41518","33530","7988"
"2011-08-09","Artie","54787","43094","11693"
"2011-08-10","Artie","34028","26329","7699"
"2011-08-11","Artie","20759","16765","3994"
"2011-08-12","Artie","41518","33530","7988"
"2011-08-14","Artie","125396","115544","9852"
"2011-08-16","Artie","41939","41007","932"
"2011-08-17","Artie","83036","67060","15976"
"2011-08-18","Artie","34028","26329","7699"
"2011-08-19","Artie","26538","19128","7410"
"2011-08-20","Artie","41939","41007","932"
"2011-08-21","Artie","62698","57772","4926"
"2011-08-22","Artie","109995","93665","16330"
"2011-08-24","Artie","55208","50571","4637"
"2011-08-25","Artie","54787","43094","11693"
"2011-08-26","Artie","68477","60135","8342"
"2011-08-27","Artie","89236","76900","12336"
"2011-08-28","Artie","34028","26329","7699"
"2011-08-29","Artie","109995","93665","16330"
"2011-08-31","Artie","68056","52658","15398"
"2011-09-01","Artie","13269","9564","3705"
"2011-09-04","Artie","83457","74537","8920"
"2011-09-05","Artie","20759","16765","3994"
"2011-09-07","Artie","13269","9564","3705"
"2011-09-08","Artie","47297","35893","11404"
"2011-09-09","Artie","89236","76900","12336"
"2011-09-10","Artie","20759","16765","3994"
"2011-09-11","Artie","20759","16765","3994"
"2011-09-13","Artie","41939","41007","932"
"2011-09-14","Artie","41518","33530","7988"
"2011-09-15","Artie","34028","26329","7699"
"2011-09-17","Artie","54787","43094","11693"
"2011-09-18","Artie","62698","57772","4926"
"2011-09-19","Artie","41939","41007","932"
"2011-09-20","Artie","83457","74537","8920"
"2011-09-21","Artie","34028","26329","7699"
"2011-09-22","Artie","34028","26329","7699"
"2011-09-23","Artie","41518","33530","7988"
"2011-09-24","Artie","55208","50571","4637"
"2011-09-25","Artie","34028","26329","7699"
"2011-09-28","Artie","104637","98779","5858"
"2011-09-29","Artie","75967","67336","8631"
"2011-09-30","Artie","54787","43094","11693"
"2011-10-01","Artie","41518","33530","7988"
"2011-10-03","Artie","41518","33530","7988"
"2011-10-04","Artie","117485","100866","16619"
"2011-10-05","Artie","26538","19128","7410"
"2011-10-06","Artie","20759","16765","3994"
"2011-10-07","Artie","96726","84101","12625"
"2011-10-08","Artie","13269","9564","3705"
"2011-10-09","Artie","13269","9564","3705"
"2011-10-11","Artie","62698","57772","4926"
"2011-10-12","Artie","20759","16765","3994"
"2011-10-13","Artie","41939","41007","932"
"2011-10-14","Artie","20759","16765","3994"
"2011-10-16","Artie","13269","9564","3705"
"2011-10-17","Artie","20759","16765","3994"
"2011-10-18","Artie","96726","84101","12625"
"2011-10-19","Artie","83457","74537","8920"
"2011-10-20","Artie","39807","28692","11115"
"2011-10-21","Artie","20759","16765","3994"
"2011-10-22","Artie","41939","41007","932"
"2011-10-23","Artie","20759","16765","3994"
"2011-10-25","Artie","20759","16765","3994"
"2011-10-27","Artie","55208","50571","4637"
"2011-10-28","Artie","41939","41007","932"
"2011-10-29","Artie","41518","33530","7988"
"2011-10-30","Artie","20759","16765","3994"
"2011-10-31","Artie","62698","57772","4926"
"2011-11-02","Artie","34028","26329","7699"
"2011-11-03","Artie","41518","33530","7988"
"2011-11-04","Artie","83457","74537","8920"
"2011-11-05","Artie","41939","41007","932"
"2011-11-06","Artie","41939","41007","932"
"2011-11-07","Artie","62698","57772","4926"
"2011-11-08","Artie","20759","16765","3994"
"2011-11-09","Artie","41518","33530","7988"
"2011-11-10","Artie","20759","16765","3994"
"2011-11-11","Artie","62277","50295","11982"
"2011-11-12","Artie","20759","16765","3994"
"2011-11-14","Artie","75546","59859","15687"
"2011-11-15","Artie","41518","33530","7988"
"2011-11-16","Artie","62277","50295","11982"
"2011-11-17","Artie","41518","33530","7988"
"2011-11-19","Artie","20759","16765","3994"
"2011-11-20","Artie","83457","74537","8920"
"2011-11-21","Artie","125396","115544","9852"
"2011-11-26","Artie","20759","16765","3994"
"2011-11-27","Artie","41939","41007","932"
"2011-11-28","Artie","26538","19128","7410"
"2011-11-29","Artie","41518","33530","7988"
"2011-11-30","Artie","20759","16765","3994"
"2011-12-01","Artie","41939","41007","932"
"2011-12-02","Artie","20759","16765","3994"
"2011-12-03","Artie","55208","50571","4637"
"2011-12-04","Artie","13269","9564","3705"
"2011-12-05","Artie","54787","43094","11693"
"2011-12-06","Artie","83036","67060","15976"
"2011-12-09","Artie","47297","35893","11404"
"2011-12-10","Artie","34028","26329","7699"
"2011-12-11","Artie","89236","76900","12336"
"2011-12-12","Artie","75967","67336","8631"
"2011-12-13","Artie","41518","33530","7988"
"2011-12-16","Artie","20759","16765","3994"
"2011-12-17","Artie","47297","35893","11404"
"2011-12-18","Artie","83457","74537","8920"
"2011-12-19","Artie","83878","82014","1864"
"2011-12-21","Artie","75967","67336","8631"
"2011-12-22","Artie","83878","82014","1864"
"2011-12-24","Artie","83878","82014","1864"
"2011-12-25","Artie","13269","9564","3705"
"2011-12-26","Artie","62277","50295","11982"
"2011-12-27","Artie","20759","16765","3994"
"2011-12-28","Artie","97147","91578","5569"
"2011-12-29","Artie","41518","33530","7988"
"2011-12-31","Artie","68056","52658","15398"
"2012-01-01","Artie","34028","26329","7699"
"2012-01-02","Artie","20759","16765","3994"
"2012-01-03","Artie","83457","74537","8920"
"2012-01-04","Artie","104637","98779","5858"
"2012-01-05","Artie","20759","16765","3994"
"2012-01-07","Artie","62277","50295","11982"
"2012-01-08","Artie","41939","41007","932"
"2012-01-09","Artie","62277","50295","11982"
"2012-01-10","Artie","20759","16765","3994"
"2012-01-13","Artie","62277","50295","11982"
"2012-01-14","Artie","55208","50571","4637"
"2012-01-15","Artie","20759","16765","3994"
"2012-01-16","Artie","167335","156551","10784"
"2012-01-17","Artie","117906","108343","9563"
"2012-01-18","Artie","62698","57772","4926"
"2012-01-19","Artie","145734","124832","20902"
"2012-01-20","Artie","83457","74537","8920"
"2012-01-21","Artie","54787","43094","11693"
"2012-01-22","Artie","62698","57772","4926"
"2012-01-23","Artie","13269","9564","3705"
"2012-01-24","Artie","20759","16765","3994"
"2012-01-25","Artie","62277","50295","11982"
"2012-01-26","Artie","41518","33530","7988"
"2012-01-27","Artie","41518","33530","7988"
"2012-01-28","Artie","83457","74537","8920"
"2012-01-29","Artie","83878","82014","1864"
"2012-01-31","Artie","41518","33530","7988"
"2012-02-01","Artie","20759","16765","3994"
"2012-02-02","Artie","75967","67336","8631"
"2012-02-03","Artie","20759","16765","3994"
"2012-02-04","Artie","83036","67060","15976"
"2012-02-05","Artie","96726","84101","12625"
"2012-02-06","Artie","47297","35893","11404"
"2012-02-07","Artie","104637","98779","5858"
"2012-02-08","Artie","55208","50571","4637"
"2012-02-09","Artie","62277","50295","11982"
"2012-02-10","Artie","34028","26329","7699"
"2012-02-11","Artie","109995","93665","16330"
"2012-02-12","Artie","68477","60135","8342"
"2012-02-13","Artie","34028","26329","7699"
"2012-02-14","Artie","125817","123021","2796"
"2012-02-15","Artie","13269","9564","3705"
"2012-02-16","Artie","83878","82014","1864"
"2012-02-17","Artie","54787","43094","11693"
"2012-02-18","Artie","20759","16765","3994"
"2012-02-19","Artie","20759","16765","3994"
"2012-02-20","Artie","55208","50571","4637"
"2012-02-21","Artie","41939","41007","932"
"2012-02-22","Artie","55208","50571","4637"
"2012-02-23","Artie","41939","41007","932"
"2012-02-24","Artie","75967","67336","8631"
"2012-02-25","Artie","117906","108343","9563"
"2012-02-26","Artie","125396","115544","9852"
"2012-02-27","Artie","83457","74537","8920"
"2012-02-28","Artie","139086","132585","6501"
"2012-02-29","Artie","41518","33530","7988"
"2012-03-01","Artie","41518","33530","7988"
"2012-03-02","Artie","68056","52658","15398"
"2012-03-03","Artie","41939","41007","932"
"2012-03-04","Artie","54787","43094","11693"
"2012-03-05","Artie","166914","149074","17840"
"2012-03-06","Artie","83457","74537","8920"
"2012-03-07","Artie","125396","115544","9852"
"2012-03-08","Artie","62698","57772","4926"
"2012-03-09","Artie","20759","16765","3994"
"2012-03-10","Artie","68477","60135","8342"
"2012-03-11","Artie","60566","45457","15109"
"2012-03-13","Artie","13269","9564","3705"
"2012-03-14","Artie","20759","16765","3994"
"2012-03-15","Artie","41939","41007","932"
"2012-03-16","Artie","83457","74537","8920"
"2012-03-17","Artie","89236","76900","12336"
"2012-03-18","Artie","47297","35893","11404"
"2012-03-19","Artie","41518","33530","7988"
"2012-03-20","Artie","62698","57772","4926"
"2012-03-21","Artie","34028","26329","7699"
"2012-03-23","Artie","104637","98779","5858"
"2012-03-24","Artie","34028","26329","7699"
"2012-03-25","Artie","41939","41007","932"
"2012-03-26","Artie","20759","16765","3994"
"2012-03-27","Artie","83457","74537","8920"
"2012-03-28","Artie","75546","59859","15687"
"2012-03-29","Artie","88815","69423","19392"
"2012-03-30","Artie","41518","33530","7988"
"2012-03-31","Artie","54787","43094","11693"
"2012-04-01","Artie","20759","16765","3994"
"2012-04-02","Artie","20759","16765","3994"
"2012-04-03","Artie","62277","50295","11982"
"2012-04-04","Artie","180183","158638","21545"
"2012-04-05","Artie","13269","9564","3705"
"2012-04-06","Artie","20759","16765","3994"
"2012-04-07","Artie","117906","108343","9563"
"2012-04-08","Artie","13269","9564","3705"
"2012-04-09","Artie","41939","41007","932"
"2012-04-10","Artie","159424","141873","17551"
"2012-04-11","Artie","55208","50571","4637"
"2012-04-12","Artie","41518","33530","7988"
"2012-04-13","Artie","75967","67336","8631"
"2012-04-14","Artie","41518","33530","7988"
"2012-04-15","Artie","104216","91302","12914"
"2012-04-16","Artie","41939","41007","932"
"2012-04-17","Artie","62698","57772","4926"
"2012-04-18","Artie","55208","50571","4637"
"2012-04-19","Artie","75967","67336","8631"
"2012-04-20","Artie","89236","76900","12336"
"2012-04-21","Artie","75546","59859","15687"
"2012-04-22","Artie","20759","16765","3994"
"2012-04-23","Artie","54787","43094","11693"
"2012-04-24","Artie","146576","139786","6790"
"2012-04-25","Artie","96305","76624","19681"
"2012-04-26","Artie","54787","43094","11693"
"2012-04-27","Artie","131175","117907","13268"
"2012-04-28","Artie","89236","76900","12336"
"2012-04-29","Artie","20759","16765","3994"
"2012-04-30","Artie","55208","50571","4637"
"2012-05-01","Artie","75546","59859","15687"
"2012-05-02","Artie","41518","33530","7988"
"2012-05-03","Artie","89236","76900","12336"
"2012-05-04","Artie","62698","57772","4926"
"2012-05-05","Artie","125396","115544","9852"
"2012-05-06","Artie","83457","74537","8920"
"2012-05-07","Artie","81325","62222","19103"
"2012-05-08","Artie","41939","41007","932"
"2012-05-09","Artie","167335","156551","10784"
"2012-05-10","Artie","83036","67060","15976"
"2012-05-11","Artie","83457","74537","8920"
"2012-05-12","Artie","117906","108343","9563"
"2012-05-13","Artie","144444","127471","16973"
"2012-05-14","Artie","41518","33530","7988"
"2012-05-15","Artie","62698","57772","4926"
"2012-05-16","Artie","83878","82014","1864"
"2012-05-17","Artie","104216","91302","12914"
"2012-05-18","Artie","83457","74537","8920"
"2012-05-19","Artie","83457","74537","8920"
"2012-05-21","Artie","41939","41007","932"
"2012-05-22","Artie","75546","59859","15687"
"2012-05-23","Artie","41518","33530","7988"
"2012-05-24","Artie","83878","82014","1864"
"2012-05-25","Artie","96305","76624","19681"
"2012-05-26","Artie","75967","67336","8631"
"2012-05-27","Artie","62277","50295","11982"
"2012-05-28","Artie","13269","9564","3705"
"2012-05-29","Artie","62277","50295","11982"
"2012-05-30","Artie","34028","26329","7699"
"2012-05-31","Artie","20759","16765","3994"
"2012-06-01","Artie","55208","50571","4637"
"2012-06-02","Artie","34028","26329","7699"
"2012-06-04","Artie","20759","16765","3994"
"2012-06-05","Artie","62698","57772","4926"
"2012-06-07","Artie","20759","16765","3994"
"2012-06-08","Artie","20759","16765","3994"
"2012-06-09","Artie","41518","33530","7988"
"2012-06-11","Artie","13269","9564","3705"
"2012-06-12","Artie","41939","41007","932"
"2012-06-13","Artie","41939","41007","932"
"2012-06-14","Artie","41939","41007","932"
"2012-06-15","Artie","41939","41007","932"
"2012-06-16","Artie","41939","41007","932"
"2012-06-18","Artie","20759","16765","3994"
"2012-06-21","Artie","13269","9564","3705"
"2012-06-22","Artie","125396","115544","9852"
"2012-06-23","Artie","68056","52658","15398"
"2012-06-24","Artie","75967","67336","8631"
"2012-06-26","Artie","20759","16765","3994"
"2012-06-28","Artie","20759","16765","3994"
"2012-06-29","Artie","41518","33530","7988"
"2012-06-30","Artie","41939","41007","932"
"2012-07-01","Artie","13269","9564","3705"
"2012-07-02","Artie","41939","41007","932"
"2012-07-06","Artie","13269","9564","3705"
"2012-07-07","Artie","20759","16765","3994"
"2012-07-08","Artie","20759","16765","3994"
"2012-07-09","Artie","47297","35893","11404"
"2012-07-10","Artie","20759","16765","3994"
"2012-07-11","Artie","96726","84101","12625"
"2012-07-12","Artie","62698","57772","4926"
"2012-07-13","Artie","41518","33530","7988"
"2012-07-15","Artie","20759","16765","3994"
"2012-07-16","Artie","41939","41007","932"
"2012-07-17","Artie","41939","41007","932"
"2012-07-18","Artie","41939","41007","932"
"2012-07-20","Artie","20759","16765","3994"
"2012-07-23","Artie","75967","67336","8631"
"2012-07-24","Artie","20759","16765","3994"
"2012-07-26","Artie","55208","50571","4637"
"2012-07-27","Artie","41939","41007","932"
"2012-07-28","Artie","20759","16765","3994"
"2012-08-01","Artie","20759","16765","3994"
"2012-08-03","Artie","13269","9564","3705"
"2012-08-04","Artie","20759","16765","3994"
"2012-08-05","Artie","62698","57772","4926"
"2012-08-06","Artie","20759","16765","3994"
"2012-08-07","Artie","34028","26329","7699"
"2012-08-08","Artie","13269","9564","3705"
"2012-08-09","Artie","41939","41007","932"
"2012-08-10","Artie","62698","57772","4926"
"2012-08-11","Artie","34028","26329","7699"
"2012-08-12","Artie","104637","98779","5858"
"2012-08-13","Artie","62698","57772","4926"
"2012-08-14","Artie","13269","9564","3705"
"2012-08-15","Artie","97147","91578","5569"
"2012-08-16","Artie","83457","74537","8920"
"2012-08-17","Artie","13269","9564","3705"
"2012-08-18","Artie","20759","16765","3994"
"2012-08-19","Artie","34028","26329","7699"
"2012-08-20","Artie","20759","16765","3994"
"2012-08-21","Artie","62698","57772","4926"
"2012-08-22","Artie","41939","41007","932"
"2012-08-23","Artie","62698","57772","4926"
"2012-08-24","Artie","125396","115544","9852"
"2012-08-25","Artie","75967","67336","8631"
"2012-08-26","Artie","83878","82014","1864"
"2012-08-28","Artie","13269","9564","3705"
"2012-08-30","Artie","20759","16765","3994"
"2012-08-31","Artie","41939","41007","932"
"2012-09-02","Artie","34028","26329","7699"
"2012-09-03","Artie","41518","33530","7988"
"2012-09-05","Artie","83457","74537","8920"
"2012-09-07","Artie","41939","41007","932"
"2012-09-08","Artie","41518","33530","7988"
"2012-09-09","Artie","34028","26329","7699"
"2012-09-10","Artie","34028","26329","7699"
"2012-09-11","Artie","62698","57772","4926"
"2012-09-12","Artie","20759","16765","3994"
"2012-09-13","Artie","20759","16765","3994"
"2012-09-14","Artie","83878","82014","1864"
"2012-09-16","Artie","138244","117631","20613"
"2012-09-17","Artie","54787","43094","11693"
"2012-09-18","Artie","62698","57772","4926"
"2012-09-19","Artie","20759","16765","3994"
"2012-09-20","Artie","75967","67336","8631"
"2012-09-21","Artie","20759","16765","3994"
"2012-09-23","Artie","20759","16765","3994"
"2012-09-24","Artie","68477","60135","8342"
"2012-09-25","Artie","41939","41007","932"
"2012-09-26","Artie","41518","33530","7988"
"2012-09-27","Artie","62698","57772","4926"
"2012-09-28","Artie","20759","16765","3994"
"2012-09-29","Artie","41939","41007","932"
"2012-09-30","Artie","62277","50295","11982"
"2012-10-02","Artie","41939","41007","932"
"2012-10-03","Artie","41518","33530","7988"
"2012-10-04","Artie","20759","16765","3994"
"2012-10-06","Artie","62698","57772","4926"
"2012-10-07","Artie","20759","16765","3994"
"2012-10-08","Artie","41939","41007","932"
"2012-10-09","Artie","55208","50571","4637"
"2012-10-10","Artie","20759","16765","3994"
"2012-10-11","Artie","13269","9564","3705"
"2012-10-13","Artie","62698","57772","4926"
"2012-10-15","Artie","41518","33530","7988"
"2012-10-18","Artie","55208","50571","4637"
"2012-10-20","Artie","62698","57772","4926"
"2012-10-21","Artie","20759","16765","3994"
"2012-10-22","Artie","41939","41007","932"
"2012-10-23","Artie","20759","16765","3994"
"2012-10-24","Artie","41518","33530","7988"
"2012-10-25","Artie","62698","57772","4926"
"2012-10-26","Artie","62698","57772","4926"
"2012-10-28","Artie","41518","33530","7988"
"2012-10-29","Artie","54787","43094","11693"
"2012-11-01","Artie","20759","16765","3994"
"2012-11-02","Artie","55208","50571","4637"
"2012-11-04","Artie","20759","16765","3994"
"2012-11-05","Artie","41518","33530","7988"
"2012-11-06","Artie","34028","26329","7699"
"2012-11-07","Artie","20759","16765","3994"
"2012-11-08","Artie","62698","57772","4926"
"2012-11-09","Artie","41939","41007","932"
"2012-11-10","Artie","83457","74537","8920"
"2012-11-11","Artie","13269","9564","3705"
"2012-11-12","Artie","83878","82014","1864"
"2012-11-13","Artie","20759","16765","3994"
"2012-11-14","Artie","62698","57772","4926"
"2012-11-15","Artie","20759","16765","3994"
"2012-11-16","Artie","104637","98779","5858"
"2012-11-17","Artie","62698","57772","4926"
"2012-11-18","Artie","20759","16765","3994"
"2012-11-19","Artie","41518","33530","7988"
"2012-11-20","Artie","13269","9564","3705"
"2012-11-21","Artie","62698","57772","4926"
"2012-11-22","Artie","62698","57772","4926"
"2012-11-23","Artie","41518","33530","7988"
"2012-11-24","Artie","41939","41007","932"
"2012-11-25","Artie","26538","19128","7410"
"2012-11-27","Artie","41518","33530","7988"
"2012-11-28","Artie","20759","16765","3994"
"2012-11-30","Artie","75967","67336","8631"
"2012-12-02","Artie","62698","57772","4926"
"2012-12-03","Artie","96726","84101","12625"
"2012-12-04","Artie","20759","16765","3994"
"2012-12-06","Artie","20759","16765","3994"
"2012-12-07","Artie","20759","16765","3994"
"2012-12-08","Artie","34028","26329","7699"
"2012-12-09","Artie","83457","74537","8920"
"2012-12-10","Artie","20759","16765","3994"
"2012-12-11","Artie","104637","98779","5858"
"2012-12-13","Artie","83878","82014","1864"
"2012-12-15","Artie","104637","98779","5858"
"2012-12-16","Artie","20759","16765","3994"
"2012-12-17","Artie","13269","9564","3705"
"2012-12-18","Artie","62698","57772","4926"
"2012-12-20","Artie","20759","16765","3994"
"2012-12-21","Artie","41939","41007","932"
"2012-12-23","Artie","20759","16765","3994"
"2012-12-24","Artie","13269","9564","3705"
"2012-12-26","Artie","20759","16765","3994"
"2012-12-27","Artie","20759","16765","3994"
"2012-12-29","Artie","62698","57772","4926"
"2012-12-30","Artie","41939","41007","932"
"2012-12-31","Artie","41939","41007","932"
"2013-01-02","Artie","62277","50295","11982"
"2013-01-03","Artie","62698","57772","4926"
"2013-01-04","Artie","125396","115544","9852"
"2013-01-05","Artie","54787","43094","11693"
"2013-01-06","Artie","54787","43094","11693"
"2013-01-07","Artie","83036","67060","15976"
"2013-01-08","Artie","188094","173316","14778"
"2013-01-09","Artie","54787","43094","11693"
"2013-01-10","Artie","172693","151437","21256"
"2013-01-11","Artie","159424","141873","17551"
"2013-01-12","Artie","117485","100866","16619"
"2013-01-13","Artie","146155","132309","13846"
"2013-01-14","Artie","104216","91302","12914"
"2013-01-15","Artie","55208","50571","4637"
"2013-01-17","Artie","103795","83825","19970"
"2013-01-18","Artie","62698","57772","4926"
"2013-01-19","Artie","68477","60135","8342"
"2013-01-20","Artie","97147","91578","5569"
"2013-01-22","Artie","41939","41007","932"
"2013-01-23","Artie","13269","9564","3705"
"2013-01-24","Artie","180604","166115","14489"
"2013-01-25","Artie","103795","83825","19970"
"2013-01-26","Artie","83878","82014","1864"
"2013-01-27","Artie","124975","108067","16908"
"2013-01-28","Artie","62698","57772","4926"
"2013-01-29","Artie","62698","57772","4926"
"2013-01-30","Artie","68056","52658","15398"
"2013-01-31","Artie","125396","115544","9852"
"2013-02-01","Artie","83457","74537","8920"
"2013-02-02","Artie","130754","110430","20324"
"2013-02-03","Artie","125396","115544","9852"
"2013-02-04","Artie","20759","16765","3994"
"2013-02-05","Artie","124554","100590","23964"
"2013-02-06","Artie","39807","28692","11115"
"2013-02-07","Artie","41518","33530","7988"
"2013-02-08","Artie","117906","108343","9563"
"2013-02-09","Artie","104216","91302","12914"
"2013-02-10","Artie","62698","57772","4926"
"2013-02-11","Artie","62277","50295","11982"
"2013-02-12","Artie","151934","134672","17262"
"2013-02-13","Artie","117906","108343","9563"
"2013-02-14","Artie","83878","82014","1864"
"2013-02-15","Artie","136533","112793","23740"
"2013-02-16","Artie","200942","175403","25539"
"2013-02-18","Artie","81325","62222","19103"
"2013-02-19","Artie","55208","50571","4637"
"2013-02-20","Artie","34028","26329","7699"
"2013-02-21","Artie","146155","132309","13846"
"2013-02-22","Artie","124975","108067","16908"
"2013-02-23","Artie","62698","57772","4926"
"2013-02-24","Artie","117906","108343","9563"
"2013-02-25","Artie","103795","83825","19970"
"2013-02-26","Artie","62277","50295","11982"
"2013-02-27","Artie","130754","110430","20324"
"2013-02-28","Artie","159003","134396","24607"
"2013-03-02","Artie","20759","16765","3994"
"2013-03-03","Artie","159845","149350","10495"
"2013-03-04","Artie","138244","117631","20613"
"2013-03-05","Artie","34028","26329","7699"
"2013-03-06","Artie","34028","26329","7699"
"2013-03-07","Artie","117906","108343","9563"
"2013-03-08","Artie","166914","149074","17840"
"2013-03-09","Artie","75967","67336","8631"
"2013-03-10","Artie","145734","124832","20902"
"2013-03-11","Artie","117485","100866","16619"
"2013-03-12","Artie","109574","86188","23386"
"2013-03-13","Artie","41518","33530","7988"
"2013-03-14","Artie","109574","86188","23386"
"2013-03-15","Artie","193873","175679","18194"
"2013-03-16","Artie","125396","115544","9852"
"2013-03-17","Artie","145734","124832","20902"
"2013-03-18","Artie","62698","57772","4926"
"2013-03-19","Artie","62277","50295","11982"
"2013-03-20","Artie","13269","9564","3705"
"2013-03-21","Artie","125817","123021","2796"
"2013-03-22","Artie","26538","19128","7410"
"2013-03-23","Artie","68477","60135","8342"
"2013-03-24","Artie","152355","142149","10206"
"2013-03-25","Artie","276488","235262","41226"
"2013-03-26","Artie","75546","59859","15687"
"2013-03-27","Artie","62277","50295","11982"
"2013-03-28","Artie","123264","103229","20035"
"2013-03-29","Artie","89236","76900","12336"
"2013-03-30","Artie","109995","93665","16330"
"2013-03-31","Artie","138244","117631","20613"
"2013-04-01","Artie","130333","102953","27380"
"2013-04-02","Artie","62698","57772","4926"
"2013-04-03","Artie","62698","57772","4926"
"2013-04-04","Artie","54787","43094","11693"
"2013-04-05","Artie","242881","216410","26471"
"2013-04-06","Artie","104637","98779","5858"
"2013-04-07","Artie","117064","93389","23675"
"2013-04-08","Artie","34028","26329","7699"
"2013-04-09","Artie","187673","165839","21834"
"2013-04-10","Artie","34028","26329","7699"
"2013-04-11","Artie","75546","59859","15687"
"2013-04-12","Artie","75967","67336","8631"
"2013-04-13","Artie","75546","59859","15687"
"2013-04-14","Artie","75967","67336","8631"
"2013-04-15","Artie","88815","69423","19392"
"2013-04-16","Artie","96305","76624","19681"
"2013-04-17","Artie","138244","117631","20613"
"2013-04-18","Artie","104637","98779","5858"
"2013-04-19","Artie","83457","74537","8920"
"2013-04-20","Artie","54787","43094","11693"
"2013-04-21","Artie","41518","33530","7988"
"2013-04-22","Artie","151934","134672","17262"
"2013-04-23","Artie","124975","108067","16908"
"2013-04-24","Artie","104637","98779","5858"
"2013-04-25","Artie","125396","115544","9852"
"2013-04-26","Artie","54787","43094","11693"
"2013-04-27","Artie","117485","100866","16619"
"2013-04-28","Artie","104216","91302","12914"
"2013-04-29","Artie","75546","59859","15687"
"2013-04-30","Artie","20759","16765","3994"
"2013-05-01","Artie","34028","26329","7699"
"2013-05-02","Artie","96726","84101","12625"
"2013-05-03","Artie","41518","33530","7988"
"2013-05-04","Artie","88815","69423","19392"
"2013-05-05","Artie","75967","67336","8631"
"2013-05-06","Artie","55208","50571","4637"
"2013-05-07","Artie","103795","83825","19970"
"2013-05-08","Artie","104637","98779","5858"
"2013-05-09","Artie","130754","110430","20324"
"2013-05-10","Artie","41518","33530","7988"
"2013-05-11","Artie","54787","43094","11693"
"2013-05-12","Artie","138665","125108","13557"
"2013-05-13","Artie","54787","43094","11693"
"2013-05-14","Artie","180604","166115","14489"
"2013-05-15","Artie","62698","57772","4926"
"2013-05-16","Artie","68056","52658","15398"
"2013-05-17","Artie","138665","125108","13557"
"2013-05-18","Artie","104637","98779","5858"
"2013-05-19","Artie","20759","16765","3994"
"2013-05-20","Artie","26538","19128","7410"
"2013-05-21","Artie","41518","33530","7988"
"2013-05-22","Artie","20759","16765","3994"
"2013-05-23","Artie","96726","84101","12625"
"2013-05-24","Artie","41518","33530","7988"
"2013-05-25","Artie","20759","16765","3994"
"2013-05-27","Artie","89236","76900","12336"
"2013-05-28","Artie","125396","115544","9852"
"2013-05-29","Artie","96726","84101","12625"
"2013-05-30","Artie","200942","175403","25539"
"2013-05-31","Artie","145734","124832","20902"
"2008-06-01","BDT","42606","35975","6631"
"2008-06-02","BDT","1668","1516","152"
"2008-06-03","BDT","28495","24803","3692"
"2008-06-04","BDT","32472","28682","3790"
"2008-06-05","BDT","20554","17936","2618"
"2008-06-06","BDT","2578","2456","122"
"2008-06-07","BDT","27334","23718","3616"
"2008-06-08","BDT","56923","52840","4083"
"2008-06-09","BDT","20466","17180","3286"
"2008-06-10","BDT","10587","9457","1130"
"2008-06-11","BDT","12328","10584","1744"
"2008-06-12","BDT","11477","10334","1143"
"2008-06-13","BDT","11197","9516","1681"
"2008-06-14","BDT","1299","1296","3"
"2008-06-15","BDT","19904","16941","2963"
"2008-06-16","BDT","3788","3357","431"
"2008-06-17","BDT","6828","5780","1048"
"2008-06-18","BDT","19346","16704","2642"
"2008-06-19","BDT","6617","6133","484"
"2008-06-20","BDT","18354","16915","1439"
"2008-06-21","BDT","54825","50483","4342"
"2008-06-22","BDT","79500","72148","7352"
"2008-06-23","BDT","12188","9638","2550"
"2008-06-24","BDT","31465","27324","4141"
"2008-06-25","BDT","14556","12090","2466"
"2008-06-26","BDT","46618","43628","2990"
"2008-06-27","BDT","69043","62741","6302"
"2008-06-28","BDT","49196","46084","3112"
"2008-06-29","BDT","40493","33688","6805"
"2008-06-30","BDT","63773","58563","5210"
"2008-07-01","BDT","20986","19286","1700"
"2008-07-02","BDT","17297","15162","2135"
"2008-07-03","BDT","4708","3939","769"
"2008-07-04","BDT","92705","86673","6032"
"2008-07-05","BDT","10958","8668","2290"
"2008-07-06","BDT","17277","15201","2076"
"2008-07-07","BDT","1167","1068","99"
"2008-07-08","BDT","14404","12874","1530"
"2008-07-09","BDT","6999","6315","684"
"2008-07-10","BDT","62524","57208","5316"
"2008-07-11","BDT","8398","7357","1041"
"2008-07-13","BDT","13056","11025","2031"
"2008-07-14","BDT","40336","34413","5923"
"2008-07-15","BDT","16037","14808","1229"
"2008-07-16","BDT","41685","35475","6210"
"2008-07-17","BDT","20636","17719","2917"
"2008-07-18","BDT","9606","7897","1709"
"2008-07-19","BDT","61175","54958","6217"
"2008-07-20","BDT","12237","9828","2409"
"2008-07-21","BDT","7918","6245","1673"
"2008-07-22","BDT","122466","114966","7500"
"2008-07-23","BDT","62975","57788","5187"
"2008-07-24","BDT","99344","91758","7586"
"2008-07-25","BDT","53306","48462","4844"
"2008-07-26","BDT","51784","48209","3575"
"2008-07-27","BDT","13267","11899","1368"
"2008-07-28","BDT","99242","92773","6469"
"2008-07-29","BDT","23496","20420","3076"
"2008-07-30","BDT","36033","31923","4110"
"2008-07-31","BDT","51326","47567","3759"
"2008-08-01","BDT","21135","18460","2675"
"2008-08-02","BDT","23625","20676","2949"
"2008-08-03","BDT","14257","12914","1343"
"2008-08-04","BDT","17946","15463","2483"
"2008-08-05","BDT","41176","35277","5899"
"2008-08-06","BDT","12328","10584","1744"
"2008-08-07","BDT","15878","13056","2822"
"2008-08-08","BDT","13466","12387","1079"
"2008-08-09","BDT","59694","55146","4548"
"2008-08-10","BDT","7286","6395","891"
"2008-08-11","BDT","15487","13419","2068"
"2008-08-12","BDT","18026","15421","2605"
"2008-08-13","BDT","62523","57083","5440"
"2008-08-14","BDT","39908","37923","1985"
"2008-08-15","BDT","15006","13134","1872"
"2008-08-16","BDT","14937","12696","2241"
"2008-08-17","BDT","51866","47129","4737"
"2008-08-18","BDT","45248","41712","3536"
"2008-08-19","BDT","10518","9198","1320"
"2008-08-20","BDT","7458","6282","1176"
"2008-08-21","BDT","45566","42461","3105"
"2008-08-22","BDT","13627","11880","1747"
"2008-08-23","BDT","46618","43628","2990"
"2008-08-24","BDT","39908","37923","1985"
"2008-08-25","BDT","8009","7001","1008"
"2008-08-26","BDT","33753","29215","4538"
"2008-08-27","BDT","60313","52017","8296"
"2008-08-28","BDT","7867","6774","1093"
"2008-08-31","BDT","39908","37923","1985"
"2008-09-01","BDT","82167","77871","4296"
"2008-09-02","BDT","18817","17073","1744"
"2008-09-03","BDT","7918","6245","1673"
"2008-09-04","BDT","16357","14475","1882"
"2008-09-05","BDT","23476","20284","3192"
"2008-09-06","BDT","57503","52860","4643"
"2008-09-07","BDT","4949","4617","332"
"2008-09-08","BDT","11707","10254","1453"
"2008-09-09","BDT","4319","3583","736"
"2008-09-10","BDT","13028","11520","1508"
"2008-09-11","BDT","44207","41370","2837"
"2008-09-12","BDT","50266","46039","4227"
"2008-09-14","BDT","20106","15883","4223"
"2008-09-15","BDT","8298","7611","687"
"2008-09-16","BDT","20346","16923","3423"
"2008-09-17","BDT","61585","56129","5456"
"2008-09-18","BDT","24852","21103","3749"
"2008-09-19","BDT","60892","51238","9654"
"2008-09-20","BDT","18167","15861","2306"
"2008-09-21","BDT","10465","9366","1099"
"2008-09-22","BDT","47877","44827","3050"
"2008-09-23","BDT","14956","12836","2120"
"2008-09-24","BDT","16407","14358","2049"
"2008-09-25","BDT","6298","5679","619"
"2008-09-26","BDT","58853","50556","8297"
"2008-09-27","BDT","34143","29146","4997"
"2008-09-28","BDT","18456","15579","2877"
"2008-09-29","BDT","41118","38824","2294"
"2008-09-30","BDT","21786","18701","3085"
"2008-10-01","BDT","15856","13639","2217"
"2008-10-02","BDT","18816","16809","2007"
"2008-10-03","BDT","13247","12228","1019"
"2008-10-04","BDT","21594","18636","2958"
"2008-10-05","BDT","18967","15669","3298"
"2008-10-06","BDT","49145","45600","3545"
"2008-10-08","BDT","56596","47468","9128"
"2008-10-09","BDT","1668","1516","152"
"2008-10-10","BDT","96953","89636","7317"
"2008-10-11","BDT","12407","10831","1576"
"2008-10-12","BDT","48117","45139","2978"
"2008-10-13","BDT","16726","14482","2244"
"2008-10-14","BDT","16725","14094","2631"
"2008-10-15","BDT","62423","58564","3859"
"2008-10-16","BDT","23976","21768","2208"
"2008-10-17","BDT","57366","51933","5433"
"2008-10-18","BDT","8638","7166","1472"
"2008-10-19","BDT","47007","43984","3023"
"2008-10-20","BDT","70214","63679","6535"
"2008-10-21","BDT","22197","19124","3073"
"2008-10-22","BDT","38998","36983","2015"
"2008-10-23","BDT","74893","68843","6050"
"2008-10-24","BDT","9288","8161","1127"
"2008-10-25","BDT","32522","28472","4050"
"2008-10-26","BDT","4197","3849","348"
"2008-10-27","BDT","26935","21710","5225"
"2008-10-28","BDT","29187","25678","3509"
"2008-10-29","BDT","58494","54235","4259"
"2008-10-30","BDT","15446","12961","2485"
"2008-10-31","BDT","63412","58535","4877"
"2008-11-01","BDT","55392","47313","8079"
"2008-11-02","BDT","12957","10900","2057"
"2008-11-03","BDT","54774","50764","4010"
"2008-11-04","BDT","6318","5815","503"
"2008-11-05","BDT","7028","5441","1587"
"2008-11-06","BDT","8009","7001","1008"
"2008-11-07","BDT","52895","48689","4206"
"2008-11-08","BDT","23494","21738","1756"
"2008-11-09","BDT","30935","26562","4373"
"2008-11-10","BDT","9308","8297","1011"
"2008-11-11","BDT","6179","5122","1057"
"2008-11-12","BDT","92572","82920","9652"
"2008-11-13","BDT","44907","42306","2601"
"2008-11-14","BDT","3788","3357","431"
"2008-11-15","BDT","27624","22930","4694"
"2008-11-16","BDT","11777","9865","1912"
"2008-11-17","BDT","39887","32653","7234"
"2008-11-18","BDT","73401","66957","6444"
"2008-11-19","BDT","15467","13283","2184"
"2008-11-21","BDT","22965","19982","2983"
"2008-11-22","BDT","21346","18874","2472"
"2008-11-23","BDT","13076","11906","1170"
"2008-11-24","BDT","22585","20155","2430"
"2008-11-25","BDT","4319","3583","736"
"2008-11-26","BDT","13627","11880","1747"
"2008-11-27","BDT","37217","31675","5542"
"2008-11-28","BDT","14188","12123","2065"
"2008-11-29","BDT","38609","36627","1982"
"2008-11-30","BDT","69062","62333","6729"
"2008-12-01","BDT","14557","11330","3227"
"2008-12-02","BDT","12476","10676","1800"
"2008-12-03","BDT","15465","13352","2113"
"2008-12-04","BDT","16316","13602","2714"
"2008-12-05","BDT","59215","54686","4529"
"2008-12-06","BDT","25904","23519","2385"
"2008-12-08","BDT","16053","14147","1906"
"2008-12-09","BDT","68503","63235","5268"
"2008-12-10","BDT","6999","6315","684"
"2008-12-11","BDT","12047","9960","2087"
"2008-12-12","BDT","61965","56101","5864"
"2008-12-13","BDT","21877","19457","2420"
"2008-12-14","BDT","1688","1652","36"
"2008-12-15","BDT","21463","19912","1551"
"2008-12-16","BDT","16196","13720","2476"
"2008-12-17","BDT","8196","7335","861"
"2008-12-18","BDT","66693","60965","5728"
"2008-12-19","BDT","24275","20720","3555"
"2008-12-20","BDT","70753","63737","7016"
"2008-12-21","BDT","140064","125451","14613"
"2008-12-22","BDT","30624","26263","4361"
"2008-12-23","BDT","16407","14358","2049"
"2008-12-24","BDT","2967","2812","155"
"2008-12-25","BDT","389","356","33"
"2008-12-26","BDT","18625","16138","2487"
"2008-12-27","BDT","52236","48507","3729"
"2008-12-28","BDT","46478","42682","3796"
"2008-12-29","BDT","77218","73254","3964"
"2008-12-30","BDT","16166","13737","2429"
"2008-12-31","BDT","56225","52204","4021"
"2009-01-01","BDT","42334","34663","7671"
"2009-01-02","BDT","30503","26400","4103"
"2009-01-03","BDT","62524","56195","6329"
"2009-01-04","BDT","65633","60247","5386"
"2009-01-05","BDT","96132","90427","5705"
"2009-01-06","BDT","28984","24352","4632"
"2009-01-07","BDT","137901","124368","13533"
"2009-01-08","BDT","91406","85377","6029"
"2009-01-09","BDT","104102","96784","7318"
"2009-01-10","BDT","22194","19590","2604"
"2009-01-11","BDT","76411","70472","5939"
"2009-01-12","BDT","60673","56733","3940"
"2009-01-13","BDT","33604","29774","3830"
"2009-01-14","BDT","15396","12663","2733"
"2009-01-15","BDT","115179","102067","13112"
"2009-01-16","BDT","52595","44502","8093"
"2009-01-17","BDT","13178","11437","1741"
"2009-01-18","BDT","46672","40034","6638"
"2009-01-19","BDT","82069","74309","7760"
"2009-01-20","BDT","67564","61393","6171"
"2009-01-21","BDT","10378","8252","2126"
"2009-01-22","BDT","104531","97193","7338"
"2009-01-23","BDT","16336","13738","2598"
"2009-01-24","BDT","71210","64456","6754"
"2009-01-25","BDT","92311","83330","8981"
"2009-01-26","BDT","49960","43319","6641"
"2009-01-27","BDT","18743","16520","2223"
"2009-01-28","BDT","135122","126793","8329"
"2009-01-29","BDT","13278","10170","3108"
"2009-01-30","BDT","13607","11744","1863"
"2009-01-31","BDT","68209","58229","9980"
"2009-02-01","BDT","32624","27566","5058"
"2009-02-02","BDT","41512","36405","5107"
"2009-02-03","BDT","46555","39777","6778"
"2009-02-04","BDT","14527","13031","1496"
"2009-02-05","BDT","83536","79069","4467"
"2009-02-06","BDT","77983","70103","7880"
"2009-02-07","BDT","145049","134643","10406"
"2009-02-08","BDT","139662","125172","14490"
"2009-02-09","BDT","101790","91038","10752"
"2009-02-10","BDT","42143","35902","6241"
"2009-02-11","BDT","54372","47025","7347"
"2009-02-12","BDT","61575","57709","3866"
"2009-02-13","BDT","18314","15352","2962"
"2009-02-14","BDT","93232","83657","9575"
"2009-02-15","BDT","17246","14678","2568"
"2009-02-16","BDT","31780","27351","4429"
"2009-02-17","BDT","61584","55937","5647"
"2009-02-18","BDT","24805","21917","2888"
"2009-02-19","BDT","29891","26686","3205"
"2009-02-20","BDT","28425","25192","3233"
"2009-02-21","BDT","30471","26335","4136"
"2009-02-22","BDT","105179","93610","11569"
"2009-02-23","BDT","27870","24641","3229"
"2009-02-24","BDT","23543","19808","3735"
"2009-02-25","BDT","15626","14112","1514"
"2009-02-26","BDT","52247","48027","4220"
"2009-02-27","BDT","15884","13967","1917"
"2009-02-28","BDT","58642","53622","5020"
"2009-03-01","BDT","128826","114131","14695"
"2009-03-02","BDT","55926","51925","4001"
"2009-03-03","BDT","43230","38128","5102"
"2009-03-04","BDT","42900","36382","6518"
"2009-03-05","BDT","20985","17845","3140"
"2009-03-06","BDT","19046","16275","2771"
"2009-03-07","BDT","45695","37826","7869"
"2009-03-08","BDT","51567","48245","3322"
"2009-03-09","BDT","30364","24779","5585"
"2009-03-10","BDT","8398","7357","1041"
"2009-03-11","BDT","92101","82102","9999"
"2009-03-12","BDT","103857","93402","10455"
"2009-03-13","BDT","23164","19518","3646"
"2009-03-14","BDT","79709","68454","11255"
"2009-03-15","BDT","67470","61272","6198"
"2009-03-16","BDT","105832","97668","8164"
"2009-03-17","BDT","30202","26702","3500"
"2009-03-18","BDT","25642","22714","2928"
"2009-03-19","BDT","78458","70680","7778"
"2009-03-20","BDT","57865","53924","3941"
"2009-03-21","BDT","27962","24386","3576"
"2009-03-22","BDT","47686","44302","3384"
"2009-03-23","BDT","14395","12593","1802"
"2009-03-24","BDT","34143","29762","4381"
"2009-03-25","BDT","28052","24635","3417"
"2009-03-26","BDT","63411","54312","9099"
"2009-03-27","BDT","33594","29337","4257"
"2009-03-28","BDT","54619","46460","8159"
"2009-03-29","BDT","89473","78692","10781"
"2009-03-30","BDT","44532","38445","6087"
"2009-03-31","BDT","18825","15799","3026"
"2009-04-01","BDT","86475","77938","8537"
"2009-04-02","BDT","42129","36574","5555"
"2009-04-03","BDT","80615","71372","9243"
"2009-04-04","BDT","104581","96989","7592"
"2009-04-05","BDT","14355","12321","2034"
"2009-04-06","BDT","72052","65033","7019"
"2009-04-07","BDT","182056","167873","14183"
"2009-04-08","BDT","41576","39439","2137"
"2009-04-09","BDT","35394","30051","5343"
"2009-04-10","BDT","66434","60154","6280"
"2009-04-11","BDT","51210","44343","6867"
"2009-04-12","BDT","41363","35656","5707"
"2009-04-13","BDT","9475","8495","980"
"2009-04-14","BDT","49861","42674","7187"
"2009-04-15","BDT","16096","13448","2648"
"2009-04-16","BDT","79461","70587","8874"
"2009-04-17","BDT","19735","16382","3353"
"2009-04-18","BDT","16225","12846","3379"
"2009-04-19","BDT","58344","54318","4026"
"2009-04-20","BDT","32484","29050","3434"
"2009-04-21","BDT","71133","64453","6680"
"2009-04-22","BDT","55214","50839","4375"
"2009-04-23","BDT","71809","60826","10983"
"2009-04-24","BDT","31951","26756","5195"
"2009-04-25","BDT","44886","38831","6055"
"2009-04-26","BDT","54556","50009","4547"
"2009-04-27","BDT","28324","24477","3847"
"2009-04-28","BDT","179236","163584","15652"
"2009-04-29","BDT","65391","59808","5583"
"2009-04-30","BDT","100061","88858","11203"
"2009-05-01","BDT","87658","79366","8292"
"2009-05-02","BDT","24595","20072","4523"
"2009-05-03","BDT","19746","16915","2831"
"2009-05-04","BDT","10518","9198","1320"
"2009-05-05","BDT","108053","100391","7662"
"2009-05-06","BDT","6877","5903","974"
"2009-05-07","BDT","66914","60398","6516"
"2009-05-08","BDT","19735","16382","3353"
"2009-05-09","BDT","114019","101319","12700"
"2009-05-10","BDT","87463","77288","10175"
"2009-05-11","BDT","64161","54713","9448"
"2009-05-12","BDT","21696","18346","3350"
"2009-05-13","BDT","73791","66834","6957"
"2009-05-14","BDT","12593","10845","1748"
"2009-05-15","BDT","59002","54129","4873"
"2009-05-16","BDT","107799","96395","11404"
"2009-05-17","BDT","71181","64357","6824"
"2009-05-18","BDT","43472","37523","5949"
"2009-05-19","BDT","30734","27507","3227"
"2009-05-20","BDT","48915","45309","3606"
"2009-05-21","BDT","83759","73703","10056"
"2009-05-22","BDT","56634","52696","3938"
"2009-05-23","BDT","47621","42550","5071"
"2009-05-24","BDT","83786","78732","5054"
"2009-05-25","BDT","43465","37486","5979"
"2009-05-26","BDT","66962","61007","5955"
"2009-05-27","BDT","59575","54528","5047"
"2009-05-28","BDT","27826","23523","4303"
"2009-05-29","BDT","56206","50380","5826"
"2009-05-30","BDT","18867","16797","2070"
"2009-05-31","BDT","71441","65145","6296"
"2009-06-01","BDT","49635","46381","3254"
"2009-06-02","BDT","97142","91383","5759"
"2009-06-03","BDT","24974","21542","3432"
"2009-06-04","BDT","63133","57092","6041"
"2009-06-05","BDT","26648","23737","2911"
"2009-06-06","BDT","154335","137373","16962"
"2009-06-07","BDT","28474","24481","3993"
"2009-06-08","BDT","19324","16899","2425"
"2009-06-09","BDT","57413","49930","7483"
"2009-06-10","BDT","26735","23358","3377"
"2009-06-11","BDT","24114","20117","3997"
"2009-06-12","BDT","70230","63149","7081"
"2009-06-13","BDT","53234","49043","4191"
"2009-06-14","BDT","46087","43045","3042"
"2009-06-15","BDT","50871","43826","7045"
"2009-06-16","BDT","26135","22409","3726"
"2009-06-17","BDT","153307","142430","10877"
"2009-06-18","BDT","81322","73447","7875"
"2009-06-19","BDT","56994","52599","4395"
"2009-06-20","BDT","112999","103439","9560"
"2009-06-21","BDT","99760","93673","6087"
"2009-06-22","BDT","62592","56985","5607"
"2009-06-23","BDT","33353","29191","4162"
"2009-06-24","BDT","112541","104046","8495"
"2009-06-25","BDT","99142","87577","11565"
"2009-06-26","BDT","30522","25987","4535"
"2009-06-27","BDT","114040","105224","8816"
"2009-06-28","BDT","109831","101899","7932"
"2009-06-29","BDT","24473","21290","3183"
"2009-06-30","BDT","107991","99918","8073"
"2009-07-01","BDT","114948","101891","13057"
"2009-07-02","BDT","145928","125546","20382"
"2009-07-03","BDT","82665","73602","9063"
"2009-07-04","BDT","65011","55289","9722"
"2009-07-05","BDT","73311","64023","9288"
"2009-07-06","BDT","46167","39642","6525"
"2009-07-07","BDT","18803","15302","3501"
"2009-07-08","BDT","59423","55560","3863"
"2009-07-09","BDT","104292","96474","7818"
"2009-07-10","BDT","140906","127996","12910"
"2009-07-11","BDT","58382","49940","8442"
"2009-07-12","BDT","63991","58553","5438"
"2009-07-13","BDT","139819","131738","8081"
"2009-07-14","BDT","69557","59768","9789"
"2009-07-15","BDT","89048","76264","12784"
"2009-07-16","BDT","25971","22267","3704"
"2009-07-17","BDT","124747","113607","11140"
"2009-07-18","BDT","67973","63134","4839"
"2009-07-19","BDT","167884","151655","16229"
"2009-07-20","BDT","65982","59348","6634"
"2009-07-21","BDT","40311","35510","4801"
"2009-07-22","BDT","54283","50737","3546"
"2009-07-23","BDT","54132","45985","8147"
"2009-07-24","BDT","95814","89712","6102"
"2009-07-25","BDT","47972","41003","6969"
"2009-07-26","BDT","82558","70105","12453"
"2009-07-27","BDT","77137","66273","10864"
"2009-07-28","BDT","87607","80248","7359"
"2009-07-29","BDT","53161","44942","8219"
"2009-07-30","BDT","53400","47005","6395"
"2009-07-31","BDT","101899","95076","6823"
"2009-08-01","BDT","68291","59163","9128"
"2009-08-02","BDT","167248","154245","13003"
"2009-08-03","BDT","17256","14347","2909"
"2009-08-04","BDT","30205","25872","4333"
"2009-08-05","BDT","78750","67689","11061"
"2009-08-06","BDT","78300","71679","6621"
"2009-08-07","BDT","97637","85863","11774"
"2009-08-08","BDT","58000","50698","7302"
"2009-08-09","BDT","51269","45427","5842"
"2009-08-10","BDT","15776","14029","1747"
"2009-08-11","BDT","26494","22193","4301"
"2009-08-12","BDT","77636","66433","11203"
"2009-08-13","BDT","68363","61968","6395"
"2009-08-14","BDT","93956","84319","9637"
"2009-08-15","BDT","112480","102812","9668"
"2009-08-16","BDT","106371","97959","8412"
"2009-08-17","BDT","114357","106779","7578"
"2009-08-18","BDT","82401","75453","6948"
"2009-08-19","BDT","145018","130275","14743"
"2009-08-20","BDT","74279","64453","9826"
"2009-08-21","BDT","88111","79080","9031"
"2009-08-22","BDT","93597","84120","9477"
"2009-08-23","BDT","55055","51539","3516"
"2009-08-24","BDT","65662","58769","6893"
"2009-08-25","BDT","62937","53177","9760"
"2009-08-26","BDT","32343","27978","4365"
"2009-08-27","BDT","50333","47549","2784"
"2009-08-28","BDT","61761","57155","4606"
"2009-08-29","BDT","23476","20816","2660"
"2009-08-30","BDT","24994","21285","3709"
"2009-08-31","BDT","34912","30060","4852"
"2009-09-01","BDT","131574","124013","7561"
"2009-09-02","BDT","46761","40139","6622"
"2009-09-03","BDT","95136","87330","7806"
"2009-09-04","BDT","49940","43222","6718"
"2009-09-05","BDT","60298","52317","7981"
"2009-09-06","BDT","45044","38565","6479"
"2009-09-07","BDT","39708","35248","4460"
"2009-09-08","BDT","80659","73404","7255"
"2009-09-09","BDT","65229","60241","4988"
"2009-09-10","BDT","155873","141515","14358"
"2009-09-11","BDT","45190","40195","4995"
"2009-09-12","BDT","127207","115769","11438"
"2009-09-13","BDT","100921","93531","7390"
"2009-09-14","BDT","97792","91326","6466"
"2009-09-15","BDT","41222","36446","4776"
"2009-09-16","BDT","76750","70702","6048"
"2009-09-17","BDT","40959","34797","6162"
"2009-09-18","BDT","162659","150171","12488"
"2009-09-19","BDT","43311","37333","5978"
"2009-09-20","BDT","26590","23546","3044"
"2009-09-21","BDT","36992","31447","5545"
"2009-09-22","BDT","37497","31632","5865"
"2009-09-23","BDT","62872","53953","8919"
"2009-09-24","BDT","94628","82671","11957"
"2009-09-25","BDT","33972","29612","4360"
"2009-09-26","BDT","16434","13677","2757"
"2009-09-27","BDT","78161","71433","6728"
"2009-09-28","BDT","50933","43725","7208"
"2009-09-29","BDT","113189","104852","8337"
"2009-09-30","BDT","65852","59660","6192"
"2009-10-01","BDT","76939","70294","6645"
"2009-10-02","BDT","11886","10753","1133"
"2009-10-03","BDT","87741","79677","8064"
"2009-10-04","BDT","76061","68295","7766"
"2009-10-05","BDT","77251","68948","8303"
"2009-10-06","BDT","38540","33671","4869"
"2009-10-07","BDT","80514","72105","8409"
"2009-10-08","BDT","84379","75721","8658"
"2009-10-09","BDT","155419","145366","10053"
"2009-10-10","BDT","109449","96860","12589"
"2009-10-11","BDT","21404","18907","2497"
"2009-10-12","BDT","34880","30270","4610"
"2009-10-13","BDT","52635","48919","3716"
"2009-10-14","BDT","101227","90888","10339"
"2009-10-15","BDT","54127","48006","6121"
"2009-10-16","BDT","25622","22601","3021"
"2009-10-17","BDT","106908","95078","11830"
"2009-10-18","BDT","31243","27318","3925"
"2009-10-19","BDT","113099","103533","9566"
"2009-10-20","BDT","90230","81179","9051"
"2009-10-21","BDT","67563","60844","6719"
"2009-10-22","BDT","65319","60160","5159"
"2009-10-23","BDT","68970","62235","6735"
"2009-10-24","BDT","137666","127386","10280"
"2009-10-25","BDT","108990","96652","12338"
"2009-10-26","BDT","26123","23429","2694"
"2009-10-27","BDT","37422","32440","4982"
"2009-10-28","BDT","45826","42763","3063"
"2009-10-29","BDT","84640","75267","9373"
"2009-10-30","BDT","63265","58977","4288"
"2009-10-31","BDT","67452","57132","10320"
"2009-11-01","BDT","97764","86700","11064"
"2009-11-02","BDT","40923","35683","5240"
"2009-11-03","BDT","99551","85856","13695"
"2009-11-04","BDT","22052","18556","3496"
"2009-11-05","BDT","67051","60791","6260"
"2009-11-06","BDT","50742","47509","3233"
"2009-11-07","BDT","59660","52379","7281"
"2009-11-08","BDT","80538","74380","6158"
"2009-11-09","BDT","54668","47686","6982"
"2009-11-10","BDT","55477","46688","8789"
"2009-11-11","BDT","95609","85762","9847"
"2009-11-12","BDT","147362","137107","10255"
"2009-11-13","BDT","153638","141886","11752"
"2009-11-14","BDT","72653","66050","6603"
"2009-11-15","BDT","88693","79062","9631"
"2009-11-16","BDT","20663","18029","2634"
"2009-11-17","BDT","71299","64767","6532"
"2009-11-18","BDT","65178","55097","10081"
"2009-11-19","BDT","41813","36101","5712"
"2009-11-20","BDT","29102","25512","3590"
"2009-11-21","BDT","73022","65257","7765"
"2009-11-22","BDT","99048","92816","6232"
"2009-11-23","BDT","101209","88255","12954"
"2009-11-24","BDT","68206","61657","6549"
"2009-11-25","BDT","147087","131498","15589"
"2009-11-26","BDT","17084","15708","1376"
"2009-11-27","BDT","9677","8517","1160"
"2009-11-28","BDT","71999","66060","5939"
"2009-11-29","BDT","30744","26066","4678"
"2009-11-30","BDT","42630","36287","6343"
"2009-12-01","BDT","154257","144851","9406"
"2009-12-02","BDT","102090","89998","12092"
"2009-12-03","BDT","19005","16950","2055"
"2009-12-04","BDT","90180","76637","13543"
"2009-12-05","BDT","36682","31697","4985"
"2009-12-06","BDT","115649","107418","8231"
"2009-12-07","BDT","36024","31080","4944"
"2009-12-08","BDT","37713","32951","4762"
"2009-12-09","BDT","96870","82307","14563"
"2009-12-10","BDT","45772","39343","6429"
"2009-12-11","BDT","99023","92488","6535"
"2009-12-12","BDT","83015","78485","4530"
"2009-12-13","BDT","121451","110234","11217"
"2009-12-14","BDT","60270","51969","8301"
"2009-12-15","BDT","53200","46772","6428"
"2009-12-16","BDT","21234","18911","2323"
"2009-12-17","BDT","102156","92078","10078"
"2009-12-18","BDT","80995","72738","8257"
"2009-12-19","BDT","138376","124801","13575"
"2009-12-20","BDT","33001","28234","4767"
"2009-12-21","BDT","50355","46434","3921"
"2009-12-22","BDT","27975","21938","6037"
"2009-12-23","BDT","87668","78646","9022"
"2009-12-24","BDT","147065","128903","18162"
"2009-12-25","BDT","57358","48858","8500"
"2009-12-26","BDT","89650","80886","8764"
"2009-12-27","BDT","36412","31974","4438"
"2009-12-28","BDT","12255","11046","1209"
"2009-12-29","BDT","32272","28849","3423"
"2009-12-30","BDT","81652","74091","7561"
"2009-12-31","BDT","84622","75188","9434"
"2010-01-01","BDT","73211","66719","6492"
"2010-01-02","BDT","28322","25519","2803"
"2010-01-03","BDT","167146","155197","11949"
"2010-01-04","BDT","52163","48896","3267"
"2010-01-05","BDT","80636","73573","7063"
"2010-01-06","BDT","183983","164871","19112"
"2010-01-07","BDT","94664","85136","9528"
"2010-01-08","BDT","99393","91864","7529"
"2010-01-09","BDT","155931","141191","14740"
"2010-01-10","BDT","197639","180388","17251"
"2010-01-11","BDT","104519","98090","6429"
"2010-01-12","BDT","51601","43352","8249"
"2010-01-13","BDT","82859","69317","13542"
"2010-01-14","BDT","117695","108755","8940"
"2010-01-15","BDT","81421","70829","10592"
"2010-01-16","BDT","84290","75468","8822"
"2010-01-17","BDT","61777","52289","9488"
"2010-01-18","BDT","21042","18888","2154"
"2010-01-19","BDT","77765","67112","10653"
"2010-01-20","BDT","119519","108432","11087"
"2010-01-21","BDT","77247","65477","11770"
"2010-01-22","BDT","163727","152064","11663"
"2010-01-23","BDT","177763","160847","16916"
"2010-01-24","BDT","196010","181348","14662"
"2010-01-25","BDT","82671","73894","8777"
"2010-01-26","BDT","59307","51598","7709"
"2010-01-27","BDT","130036","114586","15450"
"2010-01-28","BDT","102769","95212","7557"
"2010-01-29","BDT","127257","110238","17019"
"2010-01-30","BDT","29043","25928","3115"
"2010-01-31","BDT","154834","138539","16295"
"2010-02-01","BDT","113218","98522","14696"
"2010-02-02","BDT","180972","163133","17839"
"2010-02-03","BDT","121498","111603","9895"
"2010-02-04","BDT","73248","67759","5489"
"2010-02-05","BDT","105183","97609","7574"
"2010-02-06","BDT","77189","69855","7334"
"2010-02-07","BDT","127683","113878","13805"
"2010-02-08","BDT","53657","46612","7045"
"2010-02-09","BDT","105252","94946","10306"
"2010-02-10","BDT","67103","58814","8289"
"2010-02-11","BDT","89400","76421","12979"
"2010-02-12","BDT","50187","43699","6488"
"2010-02-13","BDT","113167","98428","14739"
"2010-02-14","BDT","86368","74129","12239"
"2010-02-15","BDT","200349","183221","17128"
"2010-02-16","BDT","139448","126036","13412"
"2010-02-17","BDT","65481","59825","5656"
"2010-02-18","BDT","32691","28577","4114"
"2010-02-19","BDT","138664","122702","15962"
"2010-02-20","BDT","176654","162481","14173"
"2010-02-21","BDT","99695","93227","6468"
"2010-02-22","BDT","156344","141415","14929"
"2010-02-23","BDT","117486","101258","16228"
"2010-02-24","BDT","18671","16727","1944"
"2010-02-25","BDT","256839","229273","27566"
"2010-02-26","BDT","26055","22969","3086"
"2010-02-27","BDT","154643","135522","19121"
"2010-02-28","BDT","165435","152424","13011"
"2010-03-01","BDT","133376","120672","12704"
"2010-03-02","BDT","88989","81030","7959"
"2010-03-03","BDT","107779","93807","13972"
"2010-03-04","BDT","142317","124527","17790"
"2010-03-05","BDT","150616","134156","16460"
"2010-03-06","BDT","122317","111895","10422"
"2010-03-07","BDT","148236","129849","18387"
"2010-03-08","BDT","165625","151470","14155"
"2010-03-09","BDT","141928","133028","8900"
"2010-03-10","BDT","122700","105599","17101"
"2010-03-11","BDT","124695","109337","15358"
"2010-03-12","BDT","65520","55043","10477"
"2010-03-13","BDT","181293","166548","14745"
"2010-03-14","BDT","96336","86103","10233"
"2010-03-15","BDT","105006","93963","11043"
"2010-03-16","BDT","60959","53231","7728"
"2010-03-17","BDT","69972","64671","5301"
"2010-03-18","BDT","49179","41804","7375"
"2010-03-19","BDT","119707","105135","14572"
"2010-03-20","BDT","86290","72467","13823"
"2010-03-21","BDT","128836","113224","15612"
"2010-03-22","BDT","146896","132450","14446"
"2010-03-23","BDT","69921","64730","5191"
"2010-03-24","BDT","75950","68917","7033"
"2010-03-25","BDT","118167","105196","12971"
"2010-03-26","BDT","48091","41248","6843"
"2010-03-27","BDT","141814","128043","13771"
"2010-03-28","BDT","85844","74129","11715"
"2010-03-29","BDT","113694","102113","11581"
"2010-03-30","BDT","91472","80003","11469"
"2010-03-31","BDT","117635","104432","13203"
"2010-04-01","BDT","87720","78359","9361"
"2010-04-02","BDT","78579","71567","7012"
"2010-04-03","BDT","226609","209874","16735"
"2010-04-04","BDT","128385","117903","10482"
"2010-04-05","BDT","53736","46284","7452"
"2010-04-06","BDT","107726","91577","16149"
"2010-04-07","BDT","123591","108873","14718"
"2010-04-08","BDT","56643","48560","8083"
"2010-04-09","BDT","67152","61894","5258"
"2010-04-10","BDT","187236","167981","19255"
"2010-04-11","BDT","112205","101251","10954"
"2010-04-12","BDT","142553","129204","13349"
"2010-04-13","BDT","121151","107768","13383"
"2010-04-14","BDT","136314","124757","11557"
"2010-04-15","BDT","79398","68823","10575"
"2010-04-16","BDT","33511","28685","4826"
"2010-04-17","BDT","105468","94359","11109"
"2010-04-18","BDT","158346","145887","12459"
"2010-04-19","BDT","100647","90350","10297"
"2010-04-20","BDT","95586","85641","9945"
"2010-04-21","BDT","169891","156540","13351"
"2010-04-22","BDT","95798","84892","10906"
"2010-04-23","BDT","116005","108308","7697"
"2010-04-24","BDT","71777","60951","10826"
"2010-04-25","BDT","75119","67972","7147"
"2010-04-26","BDT","215509","190600","24909"
"2010-04-27","BDT","172489","158078","14411"
"2010-04-28","BDT","151960","138985","12975"
"2010-04-29","BDT","29131","24275","4856"
"2010-04-30","BDT","70363","64386","5977"
"2010-05-01","BDT","163851","142597","21254"
"2010-05-02","BDT","134662","123595","11067"
"2010-05-03","BDT","148709","131327","17382"
"2010-05-04","BDT","80426","73945","6481"
"2010-05-05","BDT","131363","115160","16203"
"2010-05-06","BDT","53963","50202","3761"
"2010-05-07","BDT","95756","86276","9480"
"2010-05-08","BDT","104565","92098","12467"
"2010-05-09","BDT","152220","133166","19054"
"2010-05-10","BDT","80845","70124","10721"
"2010-05-11","BDT","86738","77919","8819"
"2010-05-12","BDT","117919","108925","8994"
"2010-05-13","BDT","90700","77310","13390"
"2010-05-14","BDT","44148","39168","4980"
"2010-05-15","BDT","165624","147542","18082"
"2010-05-16","BDT","177775","159154","18621"
"2010-05-17","BDT","110265","97653","12612"
"2010-05-18","BDT","78804","67424","11380"
"2010-05-19","BDT","76966","66282","10684"
"2010-05-20","BDT","45079","37496","7583"
"2010-05-21","BDT","98676","89376","9300"
"2010-05-22","BDT","111510","99537","11973"
"2010-05-23","BDT","43956","37915","6041"
"2010-05-24","BDT","53518","46049","7469"
"2010-05-25","BDT","118135","104639","13496"
"2010-05-26","BDT","82142","73433","8709"
"2010-05-27","BDT","88287","80595","7692"
"2010-05-28","BDT","77775","72271","5504"
"2010-05-29","BDT","62547","52903","9644"
"2010-05-30","BDT","138544","123419","15125"
"2010-05-31","BDT","171711","157516","14195"
"2010-06-01","BDT","180411","164906","15505"
"2010-06-02","BDT","107599","95567","12032"
"2010-06-03","BDT","157987","134681","23306"
"2010-06-04","BDT","236008","217021","18987"
"2010-06-05","BDT","192841","172124","20717"
"2010-06-06","BDT","136122","122886","13236"
"2010-06-07","BDT","147384","135066","12318"
"2010-06-08","BDT","240977","208515","32462"
"2010-06-09","BDT","304212","281729","22483"
"2010-06-10","BDT","111228","95844","15384"
"2010-06-11","BDT","203488","176376","27112"
"2010-06-12","BDT","146471","129685","16786"
"2010-06-13","BDT","183758","166433","17325"
"2010-06-14","BDT","102801","89917","12884"
"2010-06-15","BDT","113721","102233","11488"
"2010-06-16","BDT","238802","216588","22214"
"2010-06-17","BDT","290234","266826","23408"
"2010-06-18","BDT","144250","128849","15401"
"2010-06-19","BDT","89033","80077","8956"
"2010-06-20","BDT","267763","237862","29901"
"2010-06-21","BDT","142028","126619","15409"
"2010-06-22","BDT","240705","217230","23475"
"2010-06-23","BDT","321659","295290","26369"
"2010-06-24","BDT","166907","148642","18265"
"2010-06-25","BDT","108334","91578","16756"
"2010-06-26","BDT","178654","160044","18610"
"2010-06-27","BDT","98333","88370","9963"
"2010-06-28","BDT","108452","98660","9792"
"2010-06-29","BDT","141764","128813","12951"
"2010-06-30","BDT","219831","200002","19829"
"2010-07-01","BDT","97868","83827","14041"
"2010-07-02","BDT","221415","201509","19906"
"2010-07-03","BDT","216931","194285","22646"
"2010-07-04","BDT","310755","280036","30719"
"2010-07-05","BDT","54095","47453","6642"
"2010-07-06","BDT","280391","256352","24039"
"2010-07-07","BDT","213328","191871","21457"
"2010-07-08","BDT","295083","264778","30305"
"2010-07-09","BDT","162659","142689","19970"
"2010-07-10","BDT","104042","89275","14767"
"2010-07-11","BDT","178563","156474","22089"
"2010-07-12","BDT","283876","246536","37340"
"2010-07-13","BDT","137376","114684","22692"
"2010-07-14","BDT","186041","160567","25474"
"2010-07-15","BDT","226964","210221","16743"
"2010-07-16","BDT","145594","130919","14675"
"2010-07-17","BDT","176251","158467","17784"
"2010-07-18","BDT","143822","131877","11945"
"2010-07-19","BDT","216944","198158","18786"
"2010-07-20","BDT","109736","94871","14865"
"2010-07-21","BDT","175213","162337","12876"
"2010-07-22","BDT","180952","167695","13257"
"2010-07-23","BDT","206895","183652","23243"
"2010-07-24","BDT","148513","126670","21843"
"2010-07-25","BDT","230341","209365","20976"
"2010-07-26","BDT","146141","133184","12957"
"2010-07-27","BDT","224271","198986","25285"
"2010-07-28","BDT","162526","141737","20789"
"2010-07-29","BDT","239995","217080","22915"
"2010-07-30","BDT","169795","154442","15353"
"2010-07-31","BDT","166756","146354","20402"
"2010-08-01","BDT","218510","191332","27178"
"2010-08-02","BDT","248793","228447","20346"
"2010-08-03","BDT","244598","222359","22239"
"2010-08-04","BDT","239724","211150","28574"
"2010-08-05","BDT","77808","67600","10208"
"2010-08-06","BDT","260892","237933","22959"
"2010-08-07","BDT","178540","162555","15985"
"2010-08-08","BDT","243728","215299","28429"
"2010-08-09","BDT","228915","207535","21380"
"2010-08-10","BDT","381128","341773","39355"
"2010-08-11","BDT","83899","70259","13640"
"2010-08-12","BDT","177333","162094","15239"
"2010-08-13","BDT","264037","241815","22222"
"2010-08-14","BDT","160242","141427","18815"
"2010-08-15","BDT","244945","215678","29267"
"2010-08-16","BDT","257967","233162","24805"
"2010-08-17","BDT","322970","294007","28963"
"2010-08-18","BDT","177018","160922","16096"
"2010-08-19","BDT","215656","193268","22388"
"2010-08-20","BDT","182824","165291","17533"
"2010-08-21","BDT","117964","105257","12707"
"2010-08-22","BDT","106087","88051","18036"
"2010-08-23","BDT","232727","211793","20934"
"2010-08-24","BDT","169182","150471","18711"
"2010-08-25","BDT","126467","115280","11187"
"2010-08-26","BDT","260083","235337","24746"
"2010-08-27","BDT","191825","172747","19078"
"2010-08-28","BDT","298476","273583","24893"
"2010-08-29","BDT","132112","113453","18659"
"2010-08-30","BDT","149864","133233","16631"
"2010-08-31","BDT","146241","131898","14343"
"2010-09-01","BDT","260450","235496","24954"
"2010-09-02","BDT","182493","161706","20787"
"2010-09-03","BDT","144223","130260","13963"
"2010-09-04","BDT","196127","178848","17279"
"2010-09-05","BDT","216043","197910","18133"
"2010-09-06","BDT","190921","175507","15414"
"2010-09-07","BDT","162842","144762","18080"
"2010-09-08","BDT","202152","183931","18221"
"2010-09-09","BDT","142943","125629","17314"
"2010-09-10","BDT","159359","144808","14551"
"2010-09-11","BDT","226986","201603","25383"
"2010-09-12","BDT","167403","147379","20024"
"2010-09-13","BDT","209375","183696","25679"
"2010-09-14","BDT","71861","60802","11059"
"2010-09-15","BDT","226436","204191","22245"
"2010-09-16","BDT","169029","144502","24527"
"2010-09-17","BDT","244427","217011","27416"
"2010-09-18","BDT","153229","137037","16192"
"2010-09-19","BDT","140431","128705","11726"
"2010-09-20","BDT","247123","218743","28380"
"2010-09-21","BDT","182089","160910","21179"
"2010-09-22","BDT","178386","156670","21716"
"2010-09-23","BDT","214772","194726","20046"
"2010-09-24","BDT","253143","230405","22738"
"2010-09-25","BDT","314099","288378","25721"
"2010-09-26","BDT","317431","291956","25475"
"2010-09-27","BDT","202499","186631","15868"
"2010-09-28","BDT","296419","267564","28855"
"2010-09-29","BDT","213307","191420","21887"
"2010-09-30","BDT","109672","92712","16960"
"2010-10-01","BDT","277872","252462","25410"
"2010-10-02","BDT","171664","154009","17655"
"2010-10-03","BDT","168448","147130","21318"
"2010-10-04","BDT","219950","192540","27410"
"2010-10-05","BDT","290901","264487","26414"
"2010-10-06","BDT","145783","130448","15335"
"2010-10-07","BDT","158342","146569","11773"
"2010-10-08","BDT","250158","222583","27575"
"2010-10-09","BDT","269544","242466","27078"
"2010-10-10","BDT","180490","160394","20096"
"2010-10-11","BDT","225885","204726","21159"
"2010-10-12","BDT","161961","143477","18484"
"2010-10-13","BDT","140020","126203","13817"
"2010-10-14","BDT","354101","317907","36194"
"2010-10-15","BDT","160926","141653","19273"
"2010-10-16","BDT","310294","277215","33079"
"2010-10-17","BDT","183336","164512","18824"
"2010-10-18","BDT","240671","214434","26237"
"2010-10-19","BDT","197527","179443","18084"
"2010-10-20","BDT","297640","277979","19661"
"2010-10-21","BDT","253927","233280","20647"
"2010-10-22","BDT","303173","275202","27971"
"2010-10-23","BDT","215578","201694","13884"
"2010-10-24","BDT","111725","99257","12468"
"2010-10-25","BDT","174455","155958","18497"
"2010-10-26","BDT","209868","190035","19833"
"2010-10-27","BDT","327594","302048","25546"
"2010-10-28","BDT","132711","119432","13279"
"2010-10-29","BDT","176137","159012","17125"
"2010-10-30","BDT","144568","128001","16567"
"2010-10-31","BDT","194248","174133","20115"
"2010-11-01","BDT","166551","147432","19119"
"2010-11-02","BDT","222380","197326","25054"
"2010-11-03","BDT","84141","77893","6248"
"2010-11-04","BDT","196648","176696","19952"
"2010-11-05","BDT","146193","125124","21069"
"2010-11-06","BDT","291120","267803","23317"
"2010-11-07","BDT","175236","153797","21439"
"2010-11-08","BDT","138909","124374","14535"
"2010-11-09","BDT","85412","74262","11150"
"2010-11-10","BDT","200863","179855","21008"
"2010-11-11","BDT","148326","130255","18071"
"2010-11-12","BDT","225050","207116","17934"
"2010-11-13","BDT","299692","271545","28147"
"2010-11-14","BDT","205024","175815","29209"
"2010-11-15","BDT","117322","103879","13443"
"2010-11-16","BDT","229271","205084","24187"
"2010-11-17","BDT","115489","104677","10812"
"2010-11-18","BDT","95577","82223","13354"
"2010-11-19","BDT","230402","211276","19126"
"2010-11-20","BDT","102574","87487","15087"
"2010-11-21","BDT","117460","103974","13486"
"2010-11-22","BDT","165732","149860","15872"
"2010-11-23","BDT","54270","48829","5441"
"2010-11-24","BDT","252153","225648","26505"
"2010-11-25","BDT","144240","131302","12938"
"2010-11-26","BDT","147419","133885","13534"
"2010-11-27","BDT","236854","213627","23227"
"2010-11-28","BDT","183690","161508","22182"
"2010-11-29","BDT","293694","265342","28352"
"2010-11-30","BDT","131719","116923","14796"
"2010-12-01","BDT","189682","170994","18688"
"2010-12-02","BDT","157616","142196","15420"
"2010-12-03","BDT","144259","132611","11648"
"2010-12-04","BDT","188982","172532","16450"
"2010-12-05","BDT","209201","187338","21863"
"2010-12-06","BDT","266173","237299","28874"
"2010-12-07","BDT","190626","169019","21607"
"2010-12-08","BDT","247867","227116","20751"
"2010-12-09","BDT","327373","303197","24176"
"2010-12-10","BDT","167344","150082","17262"
"2010-12-11","BDT","163867","148608","15259"
"2010-12-12","BDT","213327","196077","17250"
"2010-12-13","BDT","46543","40504","6039"
"2010-12-14","BDT","281900","255405","26495"
"2010-12-15","BDT","275987","241872","34115"
"2010-12-16","BDT","171532","158655","12877"
"2010-12-17","BDT","218813","199234","19579"
"2010-12-18","BDT","161904","140917","20987"
"2010-12-19","BDT","201279","180766","20513"
"2010-12-20","BDT","217053","193526","23527"
"2010-12-21","BDT","76602","68780","7822"
"2010-12-22","BDT","163240","142041","21199"
"2010-12-23","BDT","105672","90789","14883"
"2010-12-24","BDT","259962","236889","23073"
"2010-12-25","BDT","231551","208646","22905"
"2010-12-26","BDT","190246","174201","16045"
"2010-12-27","BDT","193608","178500","15108"
"2010-12-28","BDT","167047","144177","22870"
"2010-12-29","BDT","225292","198806","26486"
"2010-12-30","BDT","310084","284710","25374"
"2010-12-31","BDT","290331","261274","29057"
"2011-01-01","BDT","340023","301377","38646"
"2011-01-02","BDT","283577","256971","26606"
"2011-01-03","BDT","214832","195113","19719"
"2011-01-04","BDT","219125","199496","19629"
"2011-01-05","BDT","345062","309436","35626"
"2011-01-06","BDT","153492","135785","17707"
"2011-01-07","BDT","218584","199817","18767"
"2011-01-08","BDT","217940","195369","22571"
"2011-01-09","BDT","206320","179990","26330"
"2011-01-10","BDT","260749","238730","22019"
"2011-01-11","BDT","305876","279876","26000"
"2011-01-12","BDT","162615","141733","20882"
"2011-01-13","BDT","263877","237460","26417"
"2011-01-14","BDT","164132","145630","18502"
"2011-01-15","BDT","182383","163424","18959"
"2011-01-16","BDT","417858","377909","39949"
"2011-01-17","BDT","256448","228657","27791"
"2011-01-18","BDT","300842","275535","25307"
"2011-01-19","BDT","288053","265872","22181"
"2011-01-20","BDT","204023","179172","24851"
"2011-01-21","BDT","231982","209248","22734"
"2011-01-22","BDT","172946","152958","19988"
"2011-01-23","BDT","155252","134702","20550"
"2011-01-24","BDT","377603","339612","37991"
"2011-01-25","BDT","183693","159715","23978"
"2011-01-26","BDT","206842","181471","25371"
"2011-01-27","BDT","260766","239478","21288"
"2011-01-28","BDT","294746","267789","26957"
"2011-01-29","BDT","158646","138924","19722"
"2011-01-30","BDT","140803","128460","12343"
"2011-01-31","BDT","189746","171844","17902"
"2011-02-01","BDT","126881","109093","17788"
"2011-02-02","BDT","288667","266859","21808"
"2011-02-03","BDT","208103","185278","22825"
"2011-02-04","BDT","327417","296736","30681"
"2011-02-05","BDT","201937","184031","17906"
"2011-02-06","BDT","124806","106270","18536"
"2011-02-07","BDT","233701","202273","31428"
"2011-02-08","BDT","149639","136191","13448"
"2011-02-09","BDT","166403","146737","19666"
"2011-02-10","BDT","178804","158522","20282"
"2011-02-11","BDT","197554","178068","19486"
"2011-02-12","BDT","332336","298410","33926"
"2011-02-13","BDT","219865","199795","20070"
"2011-02-14","BDT","126034","107673","18361"
"2011-02-15","BDT","127420","112944","14476"
"2011-02-16","BDT","193293","172386","20907"
"2011-02-17","BDT","229068","204288","24780"
"2011-02-18","BDT","209074","184460","24614"
"2011-02-19","BDT","207719","184861","22858"
"2011-02-20","BDT","120078","104325","15753"
"2011-02-21","BDT","192794","177546","15248"
"2011-02-22","BDT","316968","288095","28873"
"2011-02-23","BDT","189914","164735","25179"
"2011-02-24","BDT","85079","72570","12509"
"2011-02-25","BDT","262371","238003","24368"
"2011-02-26","BDT","207286","185469","21817"
"2011-02-27","BDT","237859","213443","24416"
"2011-02-28","BDT","358473","333514","24959"
"2011-03-01","BDT","127141","113265","13876"
"2011-03-02","BDT","191265","170308","20957"
"2011-03-03","BDT","237279","215665","21614"
"2011-03-04","BDT","279053","250472","28581"
"2011-03-05","BDT","212833","192591","20242"
"2011-03-06","BDT","234809","213381","21428"
"2011-03-07","BDT","211584","183144","28440"
"2011-03-08","BDT","419200","388076","31124"
"2011-03-09","BDT","198862","177683","21179"
"2011-03-10","BDT","211924","192351","19573"
"2011-03-11","BDT","209150","190863","18287"
"2011-03-12","BDT","179637","159032","20605"
"2011-03-13","BDT","174085","153510","20575"
"2011-03-14","BDT","255848","236112","19736"
"2011-03-15","BDT","178885","153394","25491"
"2011-03-16","BDT","191020","170274","20746"
"2011-03-17","BDT","266830","237347","29483"
"2011-03-18","BDT","294211","266888","27323"
"2011-03-19","BDT","231858","208389","23469"
"2011-03-20","BDT","214258","193653","20605"
"2011-03-21","BDT","114433","99714","14719"
"2011-03-22","BDT","240000","215325","24675"
"2011-03-23","BDT","291624","266480","25144"
"2011-03-24","BDT","184170","165192","18978"
"2011-03-25","BDT","340743","310510","30233"
"2011-03-26","BDT","239939","221010","18929"
"2011-03-27","BDT","235087","214547","20540"
"2011-03-28","BDT","236217","215287","20930"
"2011-03-29","BDT","110870","94007","16863"
"2011-03-30","BDT","199433","179178","20255"
"2011-03-31","BDT","202733","183405","19328"
"2011-04-01","BDT","185012","163946","21066"
"2011-04-02","BDT","105902","92099","13803"
"2011-04-03","BDT","150760","132846","17914"
"2011-04-04","BDT","180644","158355","22289"
"2011-04-05","BDT","151989","136689","15300"
"2011-04-06","BDT","397885","363353","34532"
"2011-04-07","BDT","302857","267660","35197"
"2011-04-08","BDT","258954","232503","26451"
"2011-04-09","BDT","220844","195902","24942"
"2011-04-10","BDT","273139","251089","22050"
"2011-04-11","BDT","188125","168562","19563"
"2011-04-12","BDT","145140","128794","16346"
"2011-04-13","BDT","298496","273383","25113"
"2011-04-14","BDT","124187","106067","18120"
"2011-04-15","BDT","150214","128995","21219"
"2011-04-16","BDT","228611","202372","26239"
"2011-04-17","BDT","144720","129062","15658"
"2011-04-18","BDT","161150","142209","18941"
"2011-04-19","BDT","163076","142744","20332"
"2011-04-20","BDT","322175","293687","28488"
"2011-04-21","BDT","206193","183401","22792"
"2011-04-22","BDT","299196","269890","29306"
"2011-04-23","BDT","234511","213066","21445"
"2011-04-24","BDT","102675","93506","9169"
"2011-04-25","BDT","219724","190175","29549"
"2011-04-26","BDT","164825","149537","15288"
"2011-04-27","BDT","161114","142321","18793"
"2011-04-28","BDT","406507","371660","34847"
"2011-04-29","BDT","213703","195796","17907"
"2011-04-30","BDT","116939","102003","14936"
"2011-05-01","BDT","201278","177240","24038"
"2011-05-02","BDT","120784","107304","13480"
"2011-05-03","BDT","306959","274874","32085"
"2011-05-04","BDT","308411","281670","26741"
"2011-05-05","BDT","225014","203811","21203"
"2011-05-06","BDT","230859","207781","23078"
"2011-05-07","BDT","303206","271159","32047"
"2011-05-08","BDT","316652","282881","33771"
"2011-05-09","BDT","213610","192006","21604"
"2011-05-10","BDT","206066","182562","23504"
"2011-05-11","BDT","178973","152706","26267"
"2011-05-12","BDT","320939","293116","27823"
"2011-05-13","BDT","147020","128963","18057"
"2011-05-14","BDT","157489","138031","19458"
"2011-05-15","BDT","267227","237238","29989"
"2011-05-16","BDT","220650","199616","21034"
"2011-05-17","BDT","332140","302188","29952"
"2011-05-18","BDT","256878","230163","26715"
"2011-05-19","BDT","210468","188911","21557"
"2011-05-20","BDT","218830","199047","19783"
"2011-05-21","BDT","146479","134333","12146"
"2011-05-22","BDT","250189","220875","29314"
"2011-05-23","BDT","218223","198172","20051"
"2011-05-24","BDT","251309","226791","24518"
"2011-05-25","BDT","207026","189486","17540"
"2011-05-26","BDT","205707","188271","17436"
"2011-05-27","BDT","260503","235814","24689"
"2011-05-28","BDT","168498","152211","16287"
"2011-05-29","BDT","312387","276861","35526"
"2011-05-30","BDT","324602","296774","27828"
"2011-05-31","BDT","227644","206979","20665"
"2011-06-01","BDT","250713","226394","24319"
"2011-06-02","BDT","386034","353488","32546"
"2011-06-03","BDT","289615","264731","24884"
"2011-06-04","BDT","332347","303146","29201"
"2011-06-05","BDT","392351","351047","41304"
"2011-06-06","BDT","223025","201676","21349"
"2011-06-07","BDT","406241","351683","54558"
"2011-06-08","BDT","232425","202491","29934"
"2011-06-09","BDT","196525","177099","19426"
"2011-06-10","BDT","234651","213087","21564"
"2011-06-11","BDT","248129","219544","28585"
"2011-06-12","BDT","305499","280818","24681"
"2011-06-13","BDT","189314","170668","18646"
"2011-06-14","BDT","358872","324966","33906"
"2011-06-15","BDT","177896","155621","22275"
"2011-06-16","BDT","135317","120189","15128"
"2011-06-17","BDT","210713","187365","23348"
"2011-06-18","BDT","284549","258535","26014"
"2011-06-19","BDT","141477","123592","17885"
"2011-06-20","BDT","347939","311601","36338"
"2011-06-21","BDT","251053","230903","20150"
"2011-06-22","BDT","295506","268654","26852"
"2011-06-23","BDT","311230","279875","31355"
"2011-06-24","BDT","342759","307848","34911"
"2011-06-25","BDT","188357","165417","22940"
"2011-06-26","BDT","240874","213999","26875"
"2011-06-27","BDT","379173","348406","30767"
"2011-06-28","BDT","224772","199133","25639"
"2011-06-29","BDT","227742","204965","22777"
"2011-06-30","BDT","283996","263566","20430"
"2011-07-01","BDT","309657","279181","30476"
"2011-07-02","BDT","259032","233859","25173"
"2011-07-03","BDT","215373","197599","17774"
"2011-07-04","BDT","294331","266546","27785"
"2011-07-05","BDT","248475","219186","29289"
"2011-07-06","BDT","270606","248849","21757"
"2011-07-07","BDT","266053","235945","30108"
"2011-07-08","BDT","363945","325148","38797"
"2011-07-09","BDT","208690","186205","22485"
"2011-07-10","BDT","324932","291052","33880"
"2011-07-11","BDT","156415","137823","18592"
"2011-07-12","BDT","304424","276466","27958"
"2011-07-13","BDT","341182","306317","34865"
"2011-07-14","BDT","326596","291180","35416"
"2011-07-15","BDT","169186","149402","19784"
"2011-07-16","BDT","245958","217072","28886"
"2011-07-17","BDT","248350","214930","33420"
"2011-07-18","BDT","251954","225605","26349"
"2011-07-19","BDT","333176","305723","27453"
"2011-07-20","BDT","316757","281349","35408"
"2011-07-21","BDT","362976","333077","29899"
"2011-07-22","BDT","294188","264593","29595"
"2011-07-23","BDT","118806","106060","12746"
"2011-07-24","BDT","154623","135591","19032"
"2011-07-25","BDT","253346","222050","31296"
"2011-07-26","BDT","237364","215317","22047"
"2011-07-27","BDT","211417","187398","24019"
"2011-07-28","BDT","315946","279831","36115"
"2011-07-29","BDT","250053","227753","22300"
"2011-07-30","BDT","273274","244756","28518"
"2011-07-31","BDT","186914","170205","16709"
"2011-08-01","BDT","240202","211014","29188"
"2011-08-02","BDT","219561","198670","20891"
"2011-08-03","BDT","297098","268939","28159"
"2011-08-04","BDT","334785","304412","30373"
"2011-08-05","BDT","225612","200346","25266"
"2011-08-06","BDT","234702","206812","27890"
"2011-08-07","BDT","250195","218439","31756"
"2011-08-08","BDT","146226","132775","13451"
"2011-08-09","BDT","272745","248751","23994"
"2011-08-10","BDT","204688","181558","23130"
"2011-08-11","BDT","242080","219017","23063"
"2011-08-12","BDT","454555","402250","52305"
"2011-08-13","BDT","161981","144657","17324"
"2011-08-14","BDT","306252","275890","30362"
"2011-08-15","BDT","185667","163420","22247"
"2011-08-16","BDT","287206","257353","29853"
"2011-08-17","BDT","363220","324436","38784"
"2011-08-18","BDT","261393","232325","29068"
"2011-08-19","BDT","424373","388093","36280"
"2011-08-20","BDT","405748","372965","32783"
"2011-08-21","BDT","192792","171252","21540"
"2011-08-22","BDT","384396","349455","34941"
"2011-08-23","BDT","146630","130456","16174"
"2011-08-24","BDT","257219","227452","29767"
"2011-08-25","BDT","188749","166588","22161"
"2011-08-26","BDT","227249","199160","28089"
"2011-08-27","BDT","319987","288237","31750"
"2011-08-28","BDT","135190","122749","12441"
"2011-08-29","BDT","230528","204921","25607"
"2011-08-30","BDT","301176","273285","27891"
"2011-08-31","BDT","364107","329842","34265"
"2011-09-01","BDT","410991","367705","43286"
"2011-09-02","BDT","334863","304138","30725"
"2011-09-03","BDT","192637","167298","25339"
"2011-09-04","BDT","223445","201233","22212"
"2011-09-05","BDT","279723","251177","28546"
"2011-09-06","BDT","189632","170635","18997"
"2011-09-07","BDT","245218","217428","27790"
"2011-09-08","BDT","330897","296580","34317"
"2011-09-09","BDT","186237","159835","26402"
"2011-09-10","BDT","351347","315841","35506"
"2011-09-11","BDT","294122","269624","24498"
"2011-09-12","BDT","520452","472296","48156"
"2011-09-13","BDT","285723","254342","31381"
"2011-09-14","BDT","359683","325882","33801"
"2011-09-15","BDT","439785","402192","37593"
"2011-09-16","BDT","414654","369038","45616"
"2011-09-17","BDT","329562","295601","33961"
"2011-09-18","BDT","313356","284277","29079"
"2011-09-19","BDT","226041","204295","21746"
"2011-09-20","BDT","369669","334972","34697"
"2011-09-21","BDT","182355","161458","20897"
"2011-09-22","BDT","275401","248064","27337"
"2011-09-23","BDT","214620","192970","21650"
"2011-09-24","BDT","198369","177126","21243"
"2011-09-25","BDT","236230","202204","34026"
"2011-09-26","BDT","295769","265301","30468"
"2011-09-27","BDT","303551","272905","30646"
"2011-09-28","BDT","419923","381152","38771"
"2011-09-29","BDT","319800","285133","34667"
"2011-09-30","BDT","259775","232404","27371"
"2011-10-01","BDT","309435","275522","33913"
"2011-10-02","BDT","216652","192979","23673"
"2011-10-03","BDT","339639","291622","48017"
"2011-10-04","BDT","342995","307414","35581"
"2011-10-05","BDT","319201","291817","27384"
"2011-10-06","BDT","260914","239725","21189"
"2011-10-07","BDT","317656","287853","29803"
"2011-10-08","BDT","269384","244086","25298"
"2011-10-09","BDT","191076","175457","15619"
"2011-10-10","BDT","349338","313353","35985"
"2011-10-11","BDT","219711","201446","18265"
"2011-10-12","BDT","169554","145633","23921"
"2011-10-13","BDT","431934","390068","41866"
"2011-10-14","BDT","220809","193784","27025"
"2011-10-15","BDT","283395","257077","26318"
"2011-10-16","BDT","253144","228544","24600"
"2011-10-17","BDT","323508","280920","42588"
"2011-10-18","BDT","308679","281697","26982"
"2011-10-19","BDT","310834","287058","23776"
"2011-10-20","BDT","177377","156289","21088"
"2011-10-21","BDT","216949","193761","23188"
"2011-10-22","BDT","336660","299531","37129"
"2011-10-23","BDT","336009","297385","38624"
"2011-10-24","BDT","380824","338105","42719"
"2011-10-25","BDT","298980","270894","28086"
"2011-10-26","BDT","180891","159733","21158"
"2011-10-27","BDT","341870","314948","26922"
"2011-10-28","BDT","139243","120779","18464"
"2011-10-29","BDT","232209","205784","26425"
"2011-10-30","BDT","314228","293330","20898"
"2011-10-31","BDT","230328","203320","27008"
"2011-11-01","BDT","288203","259755","28448"
"2011-11-02","BDT","67160","59098","8062"
"2011-11-03","BDT","434235","388757","45478"
"2011-11-04","BDT","267735","241456","26279"
"2011-11-05","BDT","171874","152876","18998"
"2011-11-06","BDT","333693","304231","29462"
"2011-11-07","BDT","318780","281542","37238"
"2011-11-08","BDT","220715","194400","26315"
"2011-11-09","BDT","125741","111102","14639"
"2011-11-10","BDT","288470","260024","28446"
"2011-11-11","BDT","459451","426215","33236"
"2011-11-12","BDT","290929","265354","25575"
"2011-11-13","BDT","249563","226670","22893"
"2011-11-14","BDT","431943","399332","32611"
"2011-11-15","BDT","341949","306860","35089"
"2011-11-16","BDT","253252","227010","26242"
"2011-11-17","BDT","287712","259009","28703"
"2011-11-18","BDT","212869","189671","23198"
"2011-11-19","BDT","178100","157918","20182"
"2011-11-20","BDT","332826","293337","39489"
"2011-11-21","BDT","295884","260019","35865"
"2011-11-22","BDT","199173","178688","20485"
"2011-11-23","BDT","323481","292719","30762"
"2011-11-24","BDT","230510","200567","29943"
"2011-11-25","BDT","245299","221850","23449"
"2011-11-26","BDT","134146","116021","18125"
"2011-11-27","BDT","158949","140475","18474"
"2011-11-28","BDT","262863","235354","27509"
"2011-11-29","BDT","217362","193193","24169"
"2011-11-30","BDT","306584","283415","23169"
"2011-12-01","BDT","313400","282775","30625"
"2011-12-02","BDT","335268","298131","37137"
"2011-12-03","BDT","227175","204535","22640"
"2011-12-04","BDT","173553","149727","23826"
"2011-12-05","BDT","245572","220424","25148"
"2011-12-06","BDT","243791","223066","20725"
"2011-12-07","BDT","224449","200479","23970"
"2011-12-08","BDT","303824","266901","36923"
"2011-12-09","BDT","300764","274342","26422"
"2011-12-10","BDT","253808","227718","26090"
"2011-12-11","BDT","366472","334245","32227"
"2011-12-12","BDT","237701","208056","29645"
"2011-12-13","BDT","145329","124695","20634"
"2011-12-14","BDT","133831","115106","18725"
"2011-12-15","BDT","394437","353733","40704"
"2011-12-16","BDT","397037","359717","37320"
"2011-12-17","BDT","113673","98535","15138"
"2011-12-18","BDT","267695","241892","25803"
"2011-12-19","BDT","367683","333052","34631"
"2011-12-20","BDT","266032","240554","25478"
"2011-12-21","BDT","297607","261481","36126"
"2011-12-22","BDT","310415","272268","38147"
"2011-12-23","BDT","332811","299952","32859"
"2011-12-24","BDT","127763","109820","17943"
"2011-12-25","BDT","303636","276611","27025"
"2011-12-26","BDT","224592","202068","22524"
"2011-12-27","BDT","241592","219058","22534"
"2011-12-28","BDT","234512","207550","26962"
"2011-12-29","BDT","201401","178889","22512"
"2011-12-30","BDT","205699","183937","21762"
"2011-12-31","BDT","296232","263246","32986"
"2012-01-01","BDT","270814","242169","28645"
"2012-01-02","BDT","384011","347409","36602"
"2012-01-03","BDT","358083","312299","45784"
"2012-01-04","BDT","472540","426409","46131"
"2012-01-05","BDT","368317","322614","45703"
"2012-01-06","BDT","423840","367246","56594"
"2012-01-07","BDT","485176","441847","43329"
"2012-01-08","BDT","438783","400308","38475"
"2012-01-09","BDT","342453","298143","44310"
"2012-01-10","BDT","291831","264272","27559"
"2012-01-11","BDT","637238","572778","64460"
"2012-01-12","BDT","352284","319489","32795"
"2012-01-13","BDT","360847","320811","40036"
"2012-01-14","BDT","283368","252726","30642"
"2012-01-15","BDT","393844","350447","43397"
"2012-01-16","BDT","433060","388520","44540"
"2012-01-17","BDT","392648","351743","40905"
"2012-01-18","BDT","256427","224879","31548"
"2012-01-19","BDT","564881","508728","56153"
"2012-01-20","BDT","447197","400937","46260"
"2012-01-21","BDT","421046","379268","41778"
"2012-01-22","BDT","559530","507394","52136"
"2012-01-23","BDT","263967","235237","28730"
"2012-01-24","BDT","372901","329457","43444"
"2012-01-25","BDT","331686","297234","34452"
"2012-01-26","BDT","575850","518438","57412"
"2012-01-27","BDT","383004","344103","38901"
"2012-01-28","BDT","446916","406342","40574"
"2012-01-29","BDT","351138","316667","34471"
"2012-01-30","BDT","223599","197374","26225"
"2012-01-31","BDT","427374","387885","39489"
"2012-02-01","BDT","395880","354931","40949"
"2012-02-02","BDT","333620","296098","37522"
"2012-02-03","BDT","482077","440648","41429"
"2012-02-04","BDT","307754","280561","27193"
"2012-02-05","BDT","588840","536422","52418"
"2012-02-06","BDT","536945","489241","47704"
"2012-02-07","BDT","399187","360300","38887"
"2012-02-08","BDT","609397","554202","55195"
"2012-02-09","BDT","451374","412591","38783"
"2012-02-10","BDT","298451","265880","32571"
"2012-02-11","BDT","359166","324041","35125"
"2012-02-12","BDT","347055","312588","34467"
"2012-02-13","BDT","290405","262202","28203"
"2012-02-14","BDT","363041","323935","39106"
"2012-02-15","BDT","216936","192404","24532"
"2012-02-16","BDT","379138","339694","39444"
"2012-02-17","BDT","525255","469740","55515"
"2012-02-18","BDT","267488","232413","35075"
"2012-02-19","BDT","304567","271817","32750"
"2012-02-20","BDT","600919","549903","51016"
"2012-02-21","BDT","259720","229042","30678"
"2012-02-22","BDT","414842","370185","44657"
"2012-02-23","BDT","690267","622648","67619"
"2012-02-24","BDT","523983","471162","52821"
"2012-02-25","BDT","530903","486831","44072"
"2012-02-26","BDT","429412","384217","45195"
"2012-02-27","BDT","304195","266289","37906"
"2012-02-28","BDT","280321","252454","27867"
"2012-02-29","BDT","565568","525069","40499"
"2012-03-01","BDT","339597","305722","33875"
"2012-03-02","BDT","458772","407183","51589"
"2012-03-03","BDT","254331","225086","29245"
"2012-03-04","BDT","481926","431068","50858"
"2012-03-05","BDT","367924","330406","37518"
"2012-03-06","BDT","401205","367528","33677"
"2012-03-07","BDT","324869","291041","33828"
"2012-03-08","BDT","334632","302048","32584"
"2012-03-09","BDT","458407","414833","43574"
"2012-03-10","BDT","254874","221383","33491"
"2012-03-11","BDT","371452","328433","43019"
"2012-03-12","BDT","579590","530415","49175"
"2012-03-13","BDT","412059","364564","47495"
"2012-03-14","BDT","263706","228510","35196"
"2012-03-15","BDT","470664","421355","49309"
"2012-03-16","BDT","332819","303959","28860"
"2012-03-17","BDT","409396","366582","42814"
"2012-03-18","BDT","457868","411864","46004"
"2012-03-19","BDT","410981","369716","41265"
"2012-03-20","BDT","531864","486626","45238"
"2012-03-21","BDT","404894","359960","44934"
"2012-03-22","BDT","376715","341990","34725"
"2012-03-23","BDT","221754","195490","26264"
"2012-03-24","BDT","568106","519132","48974"
"2012-03-25","BDT","437880","399736","38144"
"2012-03-26","BDT","549951","489154","60797"
"2012-03-27","BDT","397867","353745","44122"
"2012-03-28","BDT","366839","329463","37376"
"2012-03-29","BDT","437455","394393","43062"
"2012-03-30","BDT","431671","392771","38900"
"2012-03-31","BDT","324780","287909","36871"
"2012-04-01","BDT","437375","389378","47997"
"2012-04-02","BDT","339955","310246","29709"
"2012-04-03","BDT","441558","388683","52875"
"2012-04-04","BDT","580526","520812","59714"
"2012-04-05","BDT","269647","243356","26291"
"2012-04-06","BDT","345618","303305","42313"
"2012-04-07","BDT","562147","509328","52819"
"2012-04-08","BDT","415076","369442","45634"
"2012-04-09","BDT","385953","345127","40826"
"2012-04-10","BDT","533980","469170","64810"
"2012-04-11","BDT","367624","323147","44477"
"2012-04-12","BDT","504799","454231","50568"
"2012-04-13","BDT","334589","302561","32028"
"2012-04-14","BDT","247206","221444","25762"
"2012-04-15","BDT","297981","265258","32723"
"2012-04-16","BDT","310536","273746","36790"
"2012-04-17","BDT","388321","350093","38228"
"2012-04-18","BDT","470168","427713","42455"
"2012-04-19","BDT","541166","490541","50625"
"2012-04-20","BDT","473691","432212","41479"
"2012-04-21","BDT","299810","264881","34929"
"2012-04-22","BDT","396140","353975","42165"
"2012-04-23","BDT","664665","602163","62502"
"2012-04-24","BDT","270977","240704","30273"
"2012-04-25","BDT","399497","361482","38015"
"2012-04-26","BDT","338167","300829","37338"
"2012-04-27","BDT","401032","360243","40789"
"2012-04-28","BDT","340731","307783","32948"
"2012-04-29","BDT","402545","366157","36388"
"2012-04-30","BDT","366047","330476","35571"
"2012-05-01","BDT","435652","394325","41327"
"2012-05-02","BDT","353609","314512","39097"
"2012-05-03","BDT","334449","295084","39365"
"2012-05-04","BDT","531624","477786","53838"
"2012-05-05","BDT","453745","417372","36373"
"2012-05-06","BDT","309521","272683","36838"
"2012-05-07","BDT","627281","569549","57732"
"2012-05-08","BDT","239616","215422","24194"
"2012-05-09","BDT","405805","367541","38264"
"2012-05-10","BDT","385330","350150","35180"
"2012-05-11","BDT","399813","358357","41456"
"2012-05-12","BDT","422440","371187","51253"
"2012-05-13","BDT","291197","266548","24649"
"2012-05-14","BDT","451827","410538","41289"
"2012-05-15","BDT","747530","676612","70918"
"2012-05-16","BDT","558240","496769","61471"
"2012-05-17","BDT","397210","359544","37666"
"2012-05-18","BDT","531517","481780","49737"
"2012-05-19","BDT","453871","408239","45632"
"2012-05-20","BDT","320815","289206","31609"
"2012-05-21","BDT","270021","235856","34165"
"2012-05-22","BDT","398975","353963","45012"
"2012-05-23","BDT","518042","465988","52054"
"2012-05-24","BDT","468880","412569","56311"
"2012-05-25","BDT","462730","418334","44396"
"2012-05-26","BDT","327059","295181","31878"
"2012-05-27","BDT","519828","478610","41218"
"2012-05-28","BDT","389732","347842","41890"
"2012-05-29","BDT","557751","509040","48711"
"2012-05-30","BDT","331515","295053","36462"
"2012-05-31","BDT","374062","331635","42427"
"2012-06-01","BDT","214654","196706","17948"
"2012-06-02","BDT","191771","173342","18429"
"2012-06-03","BDT","298234","277249","20985"
"2012-06-04","BDT","181344","157114","24230"
"2012-06-05","BDT","170456","148653","21803"
"2012-06-06","BDT","165258","147469","17789"
"2012-06-07","BDT","112789","101193","11596"
"2012-06-08","BDT","239442","214498","24944"
"2012-06-09","BDT","269901","244903","24998"
"2012-06-10","BDT","140061","124030","16031"
"2012-06-11","BDT","154679","139719","14960"
"2012-06-12","BDT","202935","181061","21874"
"2012-06-13","BDT","193769","174044","19725"
"2012-06-14","BDT","252812","228284","24528"
"2012-06-15","BDT","142931","126470","16461"
"2012-06-16","BDT","285891","263486","22405"
"2012-06-17","BDT","198879","175399","23480"
"2012-06-18","BDT","110332","98319","12013"
"2012-06-19","BDT","147812","135838","11974"
"2012-06-20","BDT","207827","184559","23268"
"2012-06-21","BDT","95357","85738","9619"
"2012-06-22","BDT","256442","235222","21220"
"2012-06-23","BDT","195656","177377","18279"
"2012-06-24","BDT","165051","148669","16382"
"2012-06-25","BDT","102471","92959","9512"
"2012-06-26","BDT","225829","209349","16480"
"2012-06-27","BDT","233768","211857","21911"
"2012-06-28","BDT","116860","104418","12442"
"2012-06-29","BDT","156894","139923","16971"
"2012-06-30","BDT","120271","108155","12116"
"2012-07-01","BDT","251959","223199","28760"
"2012-07-02","BDT","158878","143899","14979"
"2012-07-03","BDT","280997","256827","24170"
"2012-07-04","BDT","250872","227054","23818"
"2012-07-05","BDT","130593","116027","14566"
"2012-07-06","BDT","149742","132298","17444"
"2012-07-07","BDT","215019","190660","24359"
"2012-07-08","BDT","168992","147655","21337"
"2012-07-09","BDT","150550","138001","12549"
"2012-07-10","BDT","190428","173138","17290"
"2012-07-11","BDT","255264","223842","31422"
"2012-07-12","BDT","375117","346231","28886"
"2012-07-13","BDT","163579","145936","17643"
"2012-07-14","BDT","65644","55765","9879"
"2012-07-15","BDT","147660","129897","17763"
"2012-07-16","BDT","236891","213048","23843"
"2012-07-17","BDT","253700","236257","17443"
"2012-07-18","BDT","184734","164619","20115"
"2012-07-19","BDT","209780","181831","27949"
"2012-07-20","BDT","246564","225060","21504"
"2012-07-21","BDT","144640","132053","12587"
"2012-07-22","BDT","185798","165477","20321"
"2012-07-23","BDT","145277","129356","15921"
"2012-07-24","BDT","176836","160197","16639"
"2012-07-25","BDT","283333","250794","32539"
"2012-07-26","BDT","246314","209869","36445"
"2012-07-27","BDT","89814","77780","12034"
"2012-07-28","BDT","182443","160710","21733"
"2012-07-29","BDT","163622","145694","17928"
"2012-07-30","BDT","203669","183154","20515"
"2012-07-31","BDT","159282","139485","19797"
"2012-08-01","BDT","142114","127698","14416"
"2012-08-02","BDT","311446","284738","26708"
"2012-08-03","BDT","175747","155491","20256"
"2012-08-04","BDT","220272","194973","25299"
"2012-08-05","BDT","204416","173269","31147"
"2012-08-06","BDT","78085","68304","9781"
"2012-08-07","BDT","233012","208039","24973"
"2012-08-08","BDT","213710","192483","21227"
"2012-08-09","BDT","110384","98547","11837"
"2012-08-10","BDT","175715","159352","16363"
"2012-08-11","BDT","282087","251499","30588"
"2012-08-12","BDT","202311","177604","24707"
"2012-08-13","BDT","191987","173789","18198"
"2012-08-14","BDT","241467","217911","23556"
"2012-08-15","BDT","244621","224440","20181"
"2012-08-16","BDT","131015","113357","17658"
"2012-08-17","BDT","94311","80932","13379"
"2012-08-18","BDT","423278","393242","30036"
"2012-08-19","BDT","268728","248463","20265"
"2012-08-20","BDT","237601","209581","28020"
"2012-08-21","BDT","243712","220419","23293"
"2012-08-22","BDT","343097","311472","31625"
"2012-08-23","BDT","242901","215915","26986"
"2012-08-24","BDT","221590","204083","17507"
"2012-08-25","BDT","151473","131250","20223"
"2012-08-26","BDT","202033","184935","17098"
"2012-08-27","BDT","86307","78664","7643"
"2012-08-28","BDT","135993","121529","14464"
"2012-08-29","BDT","152519","133745","18774"
"2012-08-30","BDT","85845","77255","8590"
"2012-08-31","BDT","180956","157539","23417"
"2012-09-01","BDT","329547","298136","31411"
"2012-09-02","BDT","315050","284235","30815"
"2012-09-03","BDT","232942","208534","24408"
"2012-09-04","BDT","170401","152175","18226"
"2012-09-05","BDT","287383","269339","18044"
"2012-09-06","BDT","169988","152884","17104"
"2012-09-07","BDT","169260","152261","16999"
"2012-09-08","BDT","235492","219964","15528"
"2012-09-09","BDT","164758","144653","20105"
"2012-09-10","BDT","161664","136140","25524"
"2012-09-11","BDT","135643","117840","17803"
"2012-09-12","BDT","192787","174057","18730"
"2012-09-13","BDT","176864","154141","22723"
"2012-09-14","BDT","196239","179775","16464"
"2012-09-15","BDT","226819","199065","27754"
"2012-09-16","BDT","212987","196152","16835"
"2012-09-17","BDT","292852","266995","25857"
"2012-09-18","BDT","205361","181456","23905"
"2012-09-19","BDT","180452","162947","17505"
"2012-09-20","BDT","64321","55601","8720"
"2012-09-21","BDT","229327","207966","21361"
"2012-09-22","BDT","444093","404091","40002"
"2012-09-23","BDT","260822","239469","21353"
"2012-09-24","BDT","203774","180903","22871"
"2012-09-25","BDT","334015","304421","29594"
"2012-09-26","BDT","160728","139806","20922"
"2012-09-27","BDT","107489","90764","16725"
"2012-09-28","BDT","198978","180489","18489"
"2012-09-29","BDT","321912","292852","29060"
"2012-09-30","BDT","300496","266011","34485"
"2012-10-01","BDT","285162","260162","25000"
"2012-10-02","BDT","242185","213998","28187"
"2012-10-03","BDT","104773","90565","14208"
"2012-10-04","BDT","395669","362571","33098"
"2012-10-05","BDT","251320","223061","28259"
"2012-10-06","BDT","178267","155759","22508"
"2012-10-07","BDT","223660","202819","20841"
"2012-10-08","BDT","275027","250333","24694"
"2012-10-09","BDT","94763","79409","15354"
"2012-10-10","BDT","201671","179963","21708"
"2012-10-11","BDT","163385","149437","13948"
"2012-10-12","BDT","165751","148450","17301"
"2012-10-13","BDT","329122","297351","31771"
"2012-10-14","BDT","275985","251324","24661"
"2012-10-15","BDT","202678","184671","18007"
"2012-10-16","BDT","214353","192663","21690"
"2012-10-17","BDT","199738","174784","24954"
"2012-10-18","BDT","219785","192799","26986"
"2012-10-19","BDT","216746","199663","17083"
"2012-10-20","BDT","144113","128108","16005"
"2012-10-21","BDT","216407","195307","21100"
"2012-10-22","BDT","223615","199685","23930"
"2012-10-23","BDT","300274","274906","25368"
"2012-10-24","BDT","203918","186131","17787"
"2012-10-25","BDT","197663","174922","22741"
"2012-10-26","BDT","428099","390362","37737"
"2012-10-27","BDT","308450","281220","27230"
"2012-10-28","BDT","140790","120706","20084"
"2012-10-29","BDT","129274","110996","18278"
"2012-10-30","BDT","308509","276627","31882"
"2012-10-31","BDT","127187","112092","15095"
"2012-11-01","BDT","220308","202472","17836"
"2012-11-02","BDT","139337","120988","18349"
"2012-11-03","BDT","199202","176185","23017"
"2012-11-04","BDT","273245","241302","31943"
"2012-11-05","BDT","196313","172752","23561"
"2012-11-06","BDT","167421","152302","15119"
"2012-11-07","BDT","301181","270812","30369"
"2012-11-08","BDT","235387","205235","30152"
"2012-11-09","BDT","302834","279617","23217"
"2012-11-10","BDT","336518","305957","30561"
"2012-11-11","BDT","333914","307827","26087"
"2012-11-12","BDT","141259","119517","21742"
"2012-11-13","BDT","248925","223970","24955"
"2012-11-14","BDT","305967","276593","29374"
"2012-11-15","BDT","184624","171063","13561"
"2012-11-16","BDT","250907","225755","25152"
"2012-11-17","BDT","216723","187014","29709"
"2012-11-18","BDT","203630","180470","23160"
"2012-11-19","BDT","182997","164066","18931"
"2012-11-20","BDT","178842","159484","19358"
"2012-11-21","BDT","169061","149288","19773"
"2012-11-22","BDT","171480","148136","23344"
"2012-11-23","BDT","154475","133538","20937"
"2012-11-24","BDT","212130","188217","23913"
"2012-11-25","BDT","264373","232826","31547"
"2012-11-26","BDT","239955","217965","21990"
"2012-11-27","BDT","185822","164154","21668"
"2012-11-28","BDT","159711","138599","21112"
"2012-11-29","BDT","190674","166035","24639"
"2012-11-30","BDT","399296","358715","40581"
"2012-12-01","BDT","333699","304960","28739"
"2012-12-02","BDT","264936","239691","25245"
"2012-12-03","BDT","204263","182302","21961"
"2012-12-04","BDT","119416","101074","18342"
"2012-12-05","BDT","234826","209854","24972"
"2012-12-06","BDT","199909","178753","21156"
"2012-12-07","BDT","92353","77499","14854"
"2012-12-08","BDT","161816","143150","18666"
"2012-12-09","BDT","109235","95165","14070"
"2012-12-10","BDT","223829","203137","20692"
"2012-12-11","BDT","248487","222469","26018"
"2012-12-12","BDT","175540","157498","18042"
"2012-12-13","BDT","249592","225091","24501"
"2012-12-14","BDT","236411","217072","19339"
"2012-12-15","BDT","332756","305459","27297"
"2012-12-16","BDT","209319","188062","21257"
"2012-12-17","BDT","112141","96223","15918"
"2012-12-18","BDT","196481","174911","21570"
"2012-12-19","BDT","133510","113149","20361"
"2012-12-20","BDT","223715","202706","21009"
"2012-12-21","BDT","262884","241247","21637"
"2012-12-22","BDT","297531","268478","29053"
"2012-12-23","BDT","169068","148984","20084"
"2012-12-24","BDT","283587","253947","29640"
"2012-12-25","BDT","206008","181517","24491"
"2012-12-26","BDT","192651","172870","19781"
"2012-12-27","BDT","113254","97226","16028"
"2012-12-28","BDT","213734","190039","23695"
"2012-12-29","BDT","344220","319443","24777"
"2012-12-30","BDT","243965","225026","18939"
"2012-12-31","BDT","213032","189976","23056"
"2013-01-01","BDT","106950","92618","14332"
"2013-01-02","BDT","441987","393943","48044"
"2013-01-03","BDT","528923","478976","49947"
"2013-01-04","BDT","777117","697968","79149"
"2013-01-05","BDT","457529","415240","42289"
"2013-01-06","BDT","740059","671279","68780"
"2013-01-07","BDT","627846","561880","65966"
"2013-01-08","BDT","476615","412402","64213"
"2013-01-09","BDT","636537","577257","59280"
"2013-01-10","BDT","442505","396986","45519"
"2013-01-11","BDT","513678","458445","55233"
"2013-01-12","BDT","428204","373439","54765"
"2013-01-13","BDT","662916","591777","71139"
"2013-01-14","BDT","593307","533830","59477"
"2013-01-15","BDT","772100","690314","81786"
"2013-01-16","BDT","481671","424328","57343"
"2013-01-17","BDT","607162","546386","60776"
"2013-01-18","BDT","647874","586312","61562"
"2013-01-19","BDT","711791","636266","75525"
"2013-01-20","BDT","499479","441855","57624"
"2013-01-21","BDT","468319","422509","45810"
"2013-01-22","BDT","512139","452468","59671"
"2013-01-23","BDT","544226","487520","56706"
"2013-01-24","BDT","668419","606699","61720"
"2013-01-25","BDT","365267","323516","41751"
"2013-01-26","BDT","596074","529327","66747"
"2013-01-27","BDT","679875","608276","71599"
"2013-01-28","BDT","701208","626062","75146"
"2013-01-29","BDT","391371","352923","38448"
"2013-01-30","BDT","523294","464157","59137"
"2013-01-31","BDT","357414","308880","48534"
"2013-02-01","BDT","583493","518749","64744"
"2013-02-02","BDT","735392","653181","82211"
"2013-02-03","BDT","709091","642933","66158"
"2013-02-04","BDT","921520","836112","85408"
"2013-02-05","BDT","690355","615612","74743"
"2013-02-06","BDT","431548","383762","47786"
"2013-02-07","BDT","627137","559670","67467"
"2013-02-08","BDT","717289","651579","65710"
"2013-02-09","BDT","846356","770267","76089"
"2013-02-10","BDT","595152","536008","59144"
"2013-02-11","BDT","668475","605324","63151"
"2013-02-12","BDT","795734","725415","70319"
"2013-02-13","BDT","642951","573102","69849"
"2013-02-14","BDT","660847","587633","73214"
"2013-02-15","BDT","786283","693850","92433"
"2013-02-16","BDT","599609","542000","57609"
"2013-02-17","BDT","719399","648137","71262"
"2013-02-18","BDT","577306","518924","58382"
"2013-02-19","BDT","501907","449423","52484"
"2013-02-20","BDT","789723","709599","80124"
"2013-02-21","BDT","562259","505733","56526"
"2013-02-22","BDT","645996","579774","66222"
"2013-02-23","BDT","839126","760802","78324"
"2013-02-24","BDT","826363","743862","82501"
"2013-02-25","BDT","746136","670003","76133"
"2013-02-26","BDT","607407","551090","56317"
"2013-02-27","BDT","629201","564624","64577"
"2013-02-28","BDT","480920","425023","55897"
"2013-03-01","BDT","236154","206519","29635"
"2013-03-02","BDT","237081","207427","29654"
"2013-03-03","BDT","614153","544227","69926"
"2013-03-04","BDT","513695","457500","56195"
"2013-03-05","BDT","767043","688308","78735"
"2013-03-06","BDT","549048","482430","66618"
"2013-03-07","BDT","590874","533201","57673"
"2013-03-08","BDT","483137","420773","62364"
"2013-03-09","BDT","739107","671087","68020"
"2013-03-10","BDT","516809","462817","53992"
"2013-03-11","BDT","744007","660478","83529"
"2013-03-12","BDT","691114","623918","67196"
"2013-03-13","BDT","647954","580967","66987"
"2013-03-14","BDT","665069","587881","77188"
"2013-03-15","BDT","851711","765236","86475"
"2013-03-16","BDT","596521","535399","61122"
"2013-03-17","BDT","732340","657505","74835"
"2013-03-18","BDT","686475","602301","84174"
"2013-03-19","BDT","793100","718838","74262"
"2013-03-20","BDT","810476","724220","86256"
"2013-03-21","BDT","842459","753130","89329"
"2013-03-22","BDT","753367","665307","88060"
"2013-03-23","BDT","965172","881057","84115"
"2013-03-24","BDT","933358","840335","93023"
"2013-03-25","BDT","880182","800318","79864"
"2013-03-26","BDT","840797","744984","95813"
"2013-03-27","BDT","758636","687823","70813"
"2013-03-28","BDT","682298","609710","72588"
"2013-03-29","BDT","565797","501357","64440"
"2013-03-30","BDT","608542","543755","64787"
"2013-03-31","BDT","639113","565558","73555"
"2013-04-01","BDT","774720","705271","69449"
"2013-04-02","BDT","1067125","957666","109459"
"2013-04-03","BDT","727938","652857","75081"
"2013-04-04","BDT","625835","567058","58777"
"2013-04-05","BDT","825934","745401","80533"
"2013-04-06","BDT","752397","686244","66153"
"2013-04-07","BDT","729996","658841","71155"
"2013-04-08","BDT","746111","674975","71136"
"2013-04-09","BDT","701029","637223","63806"
"2013-04-10","BDT","551661","492451","59210"
"2013-04-11","BDT","719193","646685","72508"
"2013-04-12","BDT","510331","449012","61319"
"2013-04-13","BDT","714715","646979","67736"
"2013-04-14","BDT","896196","818047","78149"
"2013-04-15","BDT","761890","685073","76817"
"2013-04-16","BDT","725872","648822","77050"
"2013-04-17","BDT","715981","635616","80365"
"2013-04-18","BDT","773606","695515","78091"
"2013-04-19","BDT","520719","455257","65462"
"2013-04-20","BDT","619499","545642","73857"
"2013-04-21","BDT","763832","688966","74866"
"2013-04-22","BDT","565645","501451","64194"
"2013-04-23","BDT","798815","726270","72545"
"2013-04-24","BDT","870466","791252","79214"
"2013-04-25","BDT","821194","742428","78766"
"2013-04-26","BDT","656225","591505","64720"
"2013-04-27","BDT","747663","667006","80657"
"2013-04-28","BDT","564975","513633","51342"
"2013-04-29","BDT","743156","672020","71136"
"2013-04-30","BDT","597859","525950","71909"
"2013-05-01","BDT","353314","317427","35887"
"2013-05-02","BDT","677182","606717","70465"
"2013-05-03","BDT","523719","472557","51162"
"2013-05-04","BDT","603569","542145","61424"
"2013-05-05","BDT","536580","469899","66681"
"2013-05-06","BDT","638646","570316","68330"
"2013-05-07","BDT","492615","449372","43243"
"2013-05-08","BDT","613554","538268","75286"
"2013-05-09","BDT","440159","393353","46806"
"2013-05-10","BDT","639437","583522","55915"
"2013-05-11","BDT","523792","472446","51346"
"2013-05-12","BDT","455302","403593","51709"
"2013-05-13","BDT","725455","663592","61863"
"2013-05-14","BDT","501562","445141","56421"
"2013-05-15","BDT","653941","592053","61888"
"2013-05-16","BDT","564957","505352","59605"
"2013-05-17","BDT","836096","755373","80723"
"2013-05-18","BDT","865428","777932","87496"
"2013-05-19","BDT","483088","423825","59263"
"2013-05-20","BDT","609864","553758","56106"
"2013-05-21","BDT","654915","594816","60099"
"2013-05-22","BDT","577313","504273","73040"
"2013-05-23","BDT","614249","552931","61318"
"2013-05-24","BDT","840963","750732","90231"
"2013-05-25","BDT","627716","556570","71146"
"2013-05-26","BDT","659495","589331","70164"
"2013-05-27","BDT","672031","614570","57461"
"2013-05-28","BDT","532340","466741","65599"
"2013-05-29","BDT","549463","487606","61857"
"2013-05-30","BDT","800083","724633","75450"
"2013-05-31","BDT","681674","616091","65583"
"2008-06-01","Bigdeal","26244","18574","7670"
"2008-06-02","Bigdeal","52071","39420","12651"
"2008-06-03","Bigdeal","17214","10519","6695"
"2008-06-04","Bigdeal","12602","9614","2988"
"2008-06-05","Bigdeal","38090","26199","11891"
"2008-06-06","Bigdeal","6947","5253","1694"
"2008-06-07","Bigdeal","41299","32150","9149"
"2008-06-08","Bigdeal","34451","30425","4026"
"2008-06-09","Bigdeal","50688","38100","12588"
"2008-06-10","Bigdeal","5006","3849","1157"
"2008-06-11","Bigdeal","49321","40669","8652"
"2008-06-12","Bigdeal","16250","12574","3676"
"2008-06-13","Bigdeal","20205","16340","3865"
"2008-06-14","Bigdeal","23020","13454","9566"
"2008-06-15","Bigdeal","18982","12569","6413"
"2008-06-16","Bigdeal","20855","14313","6542"
"2008-06-17","Bigdeal","2928","2295","633"
"2008-06-18","Bigdeal","13401","8180","5221"
"2008-06-19","Bigdeal","22582","18537","4045"
"2008-06-20","Bigdeal","7896","5867","2029"
"2008-06-21","Bigdeal","10565","5071","5494"
"2008-06-22","Bigdeal","23593","19757","3836"
"2008-06-23","Bigdeal","14234","9173","5061"
"2008-06-24","Bigdeal","8723","5406","3317"
"2008-06-25","Bigdeal","30878","22037","8841"
"2008-06-26","Bigdeal","39828","32150","7678"
"2008-06-27","Bigdeal","18614","12378","6236"
"2008-06-28","Bigdeal","30893","22881","8012"
"2008-06-29","Bigdeal","10476","7545","2931"
"2008-06-30","Bigdeal","16979","10678","6301"
"2008-07-01","Bigdeal","4765","3765","1000"
"2008-07-02","Bigdeal","14354","8827","5527"
"2008-07-03","Bigdeal","28553","22201","6352"
"2008-07-04","Bigdeal","14773","9841","4932"
"2008-07-05","Bigdeal","39339","32469","6870"
"2008-07-06","Bigdeal","27616","24017","3599"
"2008-07-07","Bigdeal","32932","26334","6598"
"2008-07-08","Bigdeal","51487","41602","9885"
"2008-07-09","Bigdeal","23687","15757","7930"
"2008-07-10","Bigdeal","32941","22749","10192"
"2008-07-11","Bigdeal","12683","8273","4410"
"2008-07-12","Bigdeal","21463","17884","3579"
"2008-07-13","Bigdeal","28420","21045","7375"
"2008-07-14","Bigdeal","6735","4229","2506"
"2008-07-15","Bigdeal","38119","27692","10427"
"2008-07-16","Bigdeal","47601","37938","9663"
"2008-07-17","Bigdeal","13435","9539","3896"
"2008-07-18","Bigdeal","11806","7921","3885"
"2008-07-19","Bigdeal","16203","9991","6212"
"2008-07-20","Bigdeal","37984","32673","5311"
"2008-07-21","Bigdeal","11084","5507","5577"
"2008-07-22","Bigdeal","20403","16725","3678"
"2008-07-23","Bigdeal","14800","8674","6126"
"2008-07-24","Bigdeal","10043","7739","2304"
"2008-07-25","Bigdeal","16442","11481","4961"
"2008-07-26","Bigdeal","7355","6006","1349"
"2008-07-27","Bigdeal","15241","7648","7593"
"2008-07-28","Bigdeal","24802","20356","4446"
"2008-07-29","Bigdeal","28459","21867","6592"
"2008-07-30","Bigdeal","10844","5107","5737"
"2008-07-31","Bigdeal","2058","1664","394"
"2008-08-01","Bigdeal","26751","19171","7580"
"2008-08-02","Bigdeal","32889","25252","7637"
"2008-08-03","Bigdeal","18506","15091","3415"
"2008-08-04","Bigdeal","12564","8888","3676"
"2008-08-05","Bigdeal","8386","7057","1329"
"2008-08-06","Bigdeal","37102","30788","6314"
"2008-08-07","Bigdeal","40110","31449","8661"
"2008-08-08","Bigdeal","32763","28076","4687"
"2008-08-09","Bigdeal","23613","16280","7333"
"2008-08-10","Bigdeal","8864","6114","2750"
"2008-08-11","Bigdeal","50391","40072","10319"
"2008-08-12","Bigdeal","10695","9876","819"
"2008-08-13","Bigdeal","43981","36006","7975"
"2008-08-14","Bigdeal","8334","6810","1524"
"2008-08-15","Bigdeal","8233","6558","1675"
"2008-08-16","Bigdeal","42080","31716","10364"
"2008-08-17","Bigdeal","34574","29609","4965"
"2008-08-18","Bigdeal","13623","10369","3254"
"2008-08-19","Bigdeal","55258","45524","9734"
"2008-08-20","Bigdeal","22932","19949","2983"
"2008-08-21","Bigdeal","27321","23070","4251"
"2008-08-22","Bigdeal","17751","13890","3861"
"2008-08-23","Bigdeal","36645","30326","6319"
"2008-08-24","Bigdeal","26583","18980","7603"
"2008-08-25","Bigdeal","41256","34302","6954"
"2008-08-26","Bigdeal","4717","3365","1352"
"2008-08-27","Bigdeal","14557","11544","3013"
"2008-08-28","Bigdeal","12641","8123","4518"
"2008-08-29","Bigdeal","17633","11754","5879"
"2008-08-30","Bigdeal","45317","33638","11679"
"2008-08-31","Bigdeal","11264","6997","4267"
"2008-09-01","Bigdeal","3546","2419","1127"
"2008-09-02","Bigdeal","11376","8363","3013"
"2008-09-03","Bigdeal","7804","4084","3720"
"2008-09-04","Bigdeal","23373","17651","5722"
"2008-09-05","Bigdeal","11115","6859","4256"
"2008-09-06","Bigdeal","10794","7348","3446"
"2008-09-07","Bigdeal","26882","17622","9260"
"2008-09-08","Bigdeal","6147","5334","813"
"2008-09-09","Bigdeal","2058","1664","394"
"2008-09-10","Bigdeal","19922","15996","3926"
"2008-09-11","Bigdeal","1038","822","216"
"2008-09-12","Bigdeal","29853","23038","6815"
"2008-09-13","Bigdeal","2058","1664","394"
"2008-09-14","Bigdeal","13833","8916","4917"
"2008-09-15","Bigdeal","9878","6928","2950"
"2008-09-16","Bigdeal","54230","45085","9145"
"2008-09-17","Bigdeal","10525","7966","2559"
"2008-09-18","Bigdeal","28110","21623","6487"
"2008-09-19","Bigdeal","9813","5314","4499"
"2008-09-20","Bigdeal","11514","5685","5829"
"2008-09-21","Bigdeal","12234","7060","5174"
"2008-09-22","Bigdeal","22091","18644","3447"
"2008-09-23","Bigdeal","15934","9665","6269"
"2008-09-24","Bigdeal","16990","12971","4019"
"2008-09-25","Bigdeal","14642","8659","5983"
"2008-09-26","Bigdeal","39429","30182","9247"
"2008-09-27","Bigdeal","46289","40987","5302"
"2008-09-28","Bigdeal","22044","19100","2944"
"2008-09-29","Bigdeal","26331","17800","8531"
"2008-09-30","Bigdeal","29519","16051","13468"
"2008-10-01","Bigdeal","37071","23467","13604"
"2008-10-02","Bigdeal","11066","9110","1956"
"2008-10-03","Bigdeal","33719","25872","7847"
"2008-10-04","Bigdeal","66659","54213","12446"
"2008-10-05","Bigdeal","10073","6517","3556"
"2008-10-06","Bigdeal","8126","6107","2019"
"2008-10-07","Bigdeal","20715","17127","3588"
"2008-10-08","Bigdeal","24524","20092","4432"
"2008-10-09","Bigdeal","10372","6078","4294"
"2008-10-10","Bigdeal","3436","2262","1174"
"2008-10-11","Bigdeal","27143","21227","5916"
"2008-10-12","Bigdeal","5257","2684","2573"
"2008-10-13","Bigdeal","31129","21852","9277"
"2008-10-14","Bigdeal","42932","32663","10269"
"2008-10-15","Bigdeal","10813","6462","4351"
"2008-10-16","Bigdeal","36209","25774","10435"
"2008-10-17","Bigdeal","24078","18044","6034"
"2008-10-18","Bigdeal","10294","9021","1273"
"2008-10-19","Bigdeal","16948","11360","5588"
"2008-10-20","Bigdeal","20293","16156","4137"
"2008-10-21","Bigdeal","25891","20424","5467"
"2008-10-22","Bigdeal","23333","18530","4803"
"2008-10-23","Bigdeal","19523","16156","3367"
"2008-10-24","Bigdeal","25071","16057","9014"
"2008-10-25","Bigdeal","6885","4195","2690"
"2008-10-26","Bigdeal","29163","22070","7093"
"2008-10-27","Bigdeal","59059","45202","13857"
"2008-10-28","Bigdeal","37283","30331","6952"
"2008-10-29","Bigdeal","25325","22088","3237"
"2008-10-30","Bigdeal","62399","48716","13683"
"2008-10-31","Bigdeal","64596","54656","9940"
"2008-11-01","Bigdeal","9643","7895","1748"
"2008-11-02","Bigdeal","13061","8176","4885"
"2008-11-03","Bigdeal","33085","27622","5463"
"2008-11-04","Bigdeal","48681","38584","10097"
"2008-11-05","Bigdeal","13608","11193","2415"
"2008-11-06","Bigdeal","11547","10254","1293"
"2008-11-07","Bigdeal","17226","13058","4168"
"2008-11-08","Bigdeal","16935","14588","2347"
"2008-11-09","Bigdeal","34718","25126","9592"
"2008-11-10","Bigdeal","15445","9689","5756"
"2008-11-11","Bigdeal","57344","43723","13621"
"2008-11-12","Bigdeal","13772","10347","3425"
"2008-11-13","Bigdeal","12473","8571","3902"
"2008-11-14","Bigdeal","28134","20555","7579"
"2008-11-15","Bigdeal","13513","8842","4671"
"2008-11-16","Bigdeal","19141","14313","4828"
"2008-11-17","Bigdeal","7376","5884","1492"
"2008-11-18","Bigdeal","13624","5627","7997"
"2008-11-19","Bigdeal","37325","32270","5055"
"2008-11-20","Bigdeal","46449","37022","9427"
"2008-11-21","Bigdeal","39041","31541","7500"
"2008-11-22","Bigdeal","23384","19088","4296"
"2008-11-23","Bigdeal","17379","9914","7465"
"2008-11-24","Bigdeal","23794","18641","5153"
"2008-11-25","Bigdeal","22316","18725","3591"
"2008-11-26","Bigdeal","9234","6340","2894"
"2008-11-27","Bigdeal","28542","21518","7024"
"2008-11-28","Bigdeal","8724","6062","2662"
"2008-11-29","Bigdeal","5064","3691","1373"
"2008-11-30","Bigdeal","42989","35033","7956"
"2008-12-01","Bigdeal","3008","1286","1722"
"2008-12-02","Bigdeal","38372","31086","7286"
"2008-12-03","Bigdeal","18584","15707","2877"
"2008-12-04","Bigdeal","28914","24364","4550"
"2008-12-05","Bigdeal","22555","16852","5703"
"2008-12-06","Bigdeal","51862","44821","7041"
"2008-12-07","Bigdeal","8026","3161","4865"
"2008-12-08","Bigdeal","23974","16627","7347"
"2008-12-09","Bigdeal","24483","17481","7002"
"2008-12-10","Bigdeal","21752","16893","4859"
"2008-12-11","Bigdeal","29661","21876","7785"
"2008-12-12","Bigdeal","18686","13837","4849"
"2008-12-13","Bigdeal","25173","20709","4464"
"2008-12-14","Bigdeal","21836","18774","3062"
"2008-12-15","Bigdeal","9183","5829","3354"
"2008-12-16","Bigdeal","36432","29536","6896"
"2008-12-17","Bigdeal","31451","21257","10194"
"2008-12-18","Bigdeal","19484","15265","4219"
"2008-12-19","Bigdeal","11832","5579","6253"
"2008-12-20","Bigdeal","27197","20567","6630"
"2008-12-21","Bigdeal","3317","2680","637"
"2008-12-22","Bigdeal","11294","7914","3380"
"2008-12-23","Bigdeal","10705","6320","4385"
"2008-12-24","Bigdeal","23354","18408","4946"
"2008-12-25","Bigdeal","3965","2859","1106"
"2008-12-26","Bigdeal","27719","21049","6670"
"2008-12-27","Bigdeal","31530","22956","8574"
"2008-12-28","Bigdeal","28041","23422","4619"
"2008-12-29","Bigdeal","41746","31476","10270"
"2008-12-30","Bigdeal","20470","13506","6964"
"2008-12-31","Bigdeal","40480","31822","8658"
"2009-01-01","Bigdeal","51829","42693","9136"
"2009-01-02","Bigdeal","59608","45054","14554"
"2009-01-03","Bigdeal","91885","75953","15932"
"2009-01-04","Bigdeal","27320","23287","4033"
"2009-01-05","Bigdeal","31080","23461","7619"
"2009-01-06","Bigdeal","39350","30040","9310"
"2009-01-07","Bigdeal","51964","39710","12254"
"2009-01-08","Bigdeal","42105","32259","9846"
"2009-01-09","Bigdeal","70484","52590","17894"
"2009-01-10","Bigdeal","46176","39671","6505"
"2009-01-11","Bigdeal","17340","11457","5883"
"2009-01-12","Bigdeal","39858","32888","6970"
"2009-01-13","Bigdeal","51985","37130","14855"
"2009-01-14","Bigdeal","72750","56328","16422"
"2009-01-15","Bigdeal","88511","74121","14390"
"2009-01-16","Bigdeal","70843","57936","12907"
"2009-01-17","Bigdeal","58915","48290","10625"
"2009-01-18","Bigdeal","43391","33755","9636"
"2009-01-19","Bigdeal","54622","40577","14045"
"2009-01-20","Bigdeal","49657","38077","11580"
"2009-01-21","Bigdeal","41026","35496","5530"
"2009-01-22","Bigdeal","21246","11009","10237"
"2009-01-23","Bigdeal","48934","40131","8803"
"2009-01-24","Bigdeal","36825","27437","9388"
"2009-01-25","Bigdeal","34639","28707","5932"
"2009-01-26","Bigdeal","63859","52257","11602"
"2009-01-27","Bigdeal","83371","68305","15066"
"2009-01-28","Bigdeal","41139","33350","7789"
"2009-01-29","Bigdeal","65359","49162","16197"
"2009-01-30","Bigdeal","43574","30787","12787"
"2009-01-31","Bigdeal","51266","38292","12974"
"2009-02-01","Bigdeal","44047","36544","7503"
"2009-02-02","Bigdeal","30116","20133","9983"
"2009-02-03","Bigdeal","26807","16633","10174"
"2009-02-04","Bigdeal","41954","31753","10201"
"2009-02-05","Bigdeal","35528","27546","7982"
"2009-02-06","Bigdeal","74887","59160","15727"
"2009-02-07","Bigdeal","37067","27730","9337"
"2009-02-08","Bigdeal","61375","50473","10902"
"2009-02-09","Bigdeal","49747","35756","13991"
"2009-02-10","Bigdeal","40503","31165","9338"
"2009-02-11","Bigdeal","31876","18814","13062"
"2009-02-12","Bigdeal","83213","66762","16451"
"2009-02-13","Bigdeal","44675","31633","13042"
"2009-02-14","Bigdeal","39180","23109","16071"
"2009-02-15","Bigdeal","40226","30226","10000"
"2009-02-16","Bigdeal","67603","52424","15179"
"2009-02-17","Bigdeal","34427","23213","11214"
"2009-02-18","Bigdeal","39878","31693","8185"
"2009-02-19","Bigdeal","54744","40925","13819"
"2009-02-20","Bigdeal","42051","31124","10927"
"2009-02-21","Bigdeal","29731","20651","9080"
"2009-02-22","Bigdeal","16857","11000","5857"
"2009-02-23","Bigdeal","35268","23146","12122"
"2009-02-24","Bigdeal","62224","46336","15888"
"2009-02-25","Bigdeal","73166","59641","13525"
"2009-02-26","Bigdeal","38994","26552","12442"
"2009-02-27","Bigdeal","64662","51507","13155"
"2009-02-28","Bigdeal","65916","54004","11912"
"2009-03-01","Bigdeal","32518","23318","9200"
"2009-03-02","Bigdeal","49558","35941","13617"
"2009-03-03","Bigdeal","70864","55314","15550"
"2009-03-04","Bigdeal","58444","43581","14863"
"2009-03-05","Bigdeal","8633","5194","3439"
"2009-03-06","Bigdeal","37951","30077","7874"
"2009-03-07","Bigdeal","39643","30897","8746"
"2009-03-08","Bigdeal","43143","28179","14964"
"2009-03-09","Bigdeal","34636","26020","8616"
"2009-03-10","Bigdeal","42400","26975","15425"
"2009-03-11","Bigdeal","24940","17608","7332"
"2009-03-12","Bigdeal","30728","21100","9628"
"2009-03-13","Bigdeal","31419","20709","10710"
"2009-03-14","Bigdeal","44776","33635","11141"
"2009-03-15","Bigdeal","30525","18691","11834"
"2009-03-16","Bigdeal","123735","104346","19389"
"2009-03-17","Bigdeal","36626","27847","8779"
"2009-03-18","Bigdeal","76927","59763","17164"
"2009-03-19","Bigdeal","73008","55829","17179"
"2009-03-20","Bigdeal","55626","42542","13084"
"2009-03-21","Bigdeal","42283","33120","9163"
"2009-03-22","Bigdeal","87170","71633","15537"
"2009-03-23","Bigdeal","31679","24643","7036"
"2009-03-24","Bigdeal","52262","43120","9142"
"2009-03-25","Bigdeal","45078","35114","9964"
"2009-03-26","Bigdeal","61523","44460","17063"
"2009-03-27","Bigdeal","39075","27596","11479"
"2009-03-28","Bigdeal","37394","27325","10069"
"2009-03-29","Bigdeal","32813","24658","8155"
"2009-03-30","Bigdeal","52821","38165","14656"
"2009-03-31","Bigdeal","47745","36353","11392"
"2009-04-01","Bigdeal","30996","22690","8306"
"2009-04-02","Bigdeal","47465","36648","10817"
"2009-04-03","Bigdeal","76612","58160","18452"
"2009-04-04","Bigdeal","9465","6114","3351"
"2009-04-05","Bigdeal","27591","19556","8035"
"2009-04-06","Bigdeal","39191","23648","15543"
"2009-04-07","Bigdeal","63817","49084","14733"
"2009-04-08","Bigdeal","33749","21657","12092"
"2009-04-09","Bigdeal","38926","32550","6376"
"2009-04-10","Bigdeal","40810","31536","9274"
"2009-04-11","Bigdeal","66576","47778","18798"
"2009-04-12","Bigdeal","92436","74979","17457"
"2009-04-13","Bigdeal","81871","66103","15768"
"2009-04-14","Bigdeal","83550","69147","14403"
"2009-04-15","Bigdeal","69949","61504","8445"
"2009-04-16","Bigdeal","107445","84927","22518"
"2009-04-17","Bigdeal","33859","26017","7842"
"2009-04-18","Bigdeal","50358","41077","9281"
"2009-04-19","Bigdeal","67981","54908","13073"
"2009-04-20","Bigdeal","44336","32646","11690"
"2009-04-21","Bigdeal","43424","31082","12342"
"2009-04-22","Bigdeal","26378","20519","5859"
"2009-04-23","Bigdeal","55293","40054","15239"
"2009-04-24","Bigdeal","79701","61997","17704"
"2009-04-25","Bigdeal","35142","23331","11811"
"2009-04-26","Bigdeal","21089","13181","7908"
"2009-04-27","Bigdeal","66444","52235","14209"
"2009-04-28","Bigdeal","15508","10366","5142"
"2009-04-29","Bigdeal","76159","55743","20416"
"2009-04-30","Bigdeal","44458","35375","9083"
"2009-05-01","Bigdeal","33869","23499","10370"
"2009-05-02","Bigdeal","42498","32927","9571"
"2009-05-03","Bigdeal","47115","34742","12373"
"2009-05-04","Bigdeal","42504","32026","10478"
"2009-05-05","Bigdeal","92542","74853","17689"
"2009-05-06","Bigdeal","25922","21735","4187"
"2009-05-07","Bigdeal","36017","23946","12071"
"2009-05-08","Bigdeal","16534","11678","4856"
"2009-05-09","Bigdeal","15381","10766","4615"
"2009-05-10","Bigdeal","62956","51498","11458"
"2009-05-11","Bigdeal","61129","49366","11763"
"2009-05-12","Bigdeal","59663","44470","15193"
"2009-05-13","Bigdeal","64942","49782","15160"
"2009-05-14","Bigdeal","42048","32640","9408"
"2009-05-15","Bigdeal","45708","36483","9225"
"2009-05-16","Bigdeal","20970","17794","3176"
"2009-05-17","Bigdeal","63128","49115","14013"
"2009-05-18","Bigdeal","42866","34384","8482"
"2009-05-19","Bigdeal","38567","27821","10746"
"2009-05-20","Bigdeal","76280","52724","23556"
"2009-05-21","Bigdeal","57502","45681","11821"
"2009-05-22","Bigdeal","55941","40490","15451"
"2009-05-23","Bigdeal","31971","23970","8001"
"2009-05-24","Bigdeal","47187","35341","11846"
"2009-05-25","Bigdeal","43145","32017","11128"
"2009-05-26","Bigdeal","57963","47591","10372"
"2009-05-27","Bigdeal","42599","29474","13125"
"2009-05-28","Bigdeal","36586","28466","8120"
"2009-05-29","Bigdeal","24125","14394","9731"
"2009-05-30","Bigdeal","50974","37817","13157"
"2009-05-31","Bigdeal","43300","34145","9155"
"2009-06-01","Bigdeal","32056","24874","7182"
"2009-06-02","Bigdeal","46089","34004","12085"
"2009-06-03","Bigdeal","55022","43706","11316"
"2009-06-04","Bigdeal","24709","15266","9443"
"2009-06-05","Bigdeal","68841","53675","15166"
"2009-06-06","Bigdeal","82978","63116","19862"
"2009-06-07","Bigdeal","86298","66160","20138"
"2009-06-08","Bigdeal","32489","25059","7430"
"2009-06-09","Bigdeal","42177","32645","9532"
"2009-06-10","Bigdeal","23029","16135","6894"
"2009-06-11","Bigdeal","48518","34708","13810"
"2009-06-12","Bigdeal","79959","60045","19914"
"2009-06-13","Bigdeal","63487","49647","13840"
"2009-06-14","Bigdeal","39987","29658","10329"
"2009-06-15","Bigdeal","70303","58014","12289"
"2009-06-16","Bigdeal","88251","78507","9744"
"2009-06-17","Bigdeal","39809","29324","10485"
"2009-06-18","Bigdeal","36833","24847","11986"
"2009-06-19","Bigdeal","81674","59849","21825"
"2009-06-20","Bigdeal","77292","61585","15707"
"2009-06-21","Bigdeal","58239","41462","16777"
"2009-06-22","Bigdeal","33955","24942","9013"
"2009-06-23","Bigdeal","65526","47233","18293"
"2009-06-24","Bigdeal","118465","90774","27691"
"2009-06-25","Bigdeal","64861","49122","15739"
"2009-06-26","Bigdeal","85964","63956","22008"
"2009-06-27","Bigdeal","70546","54406","16140"
"2009-06-28","Bigdeal","51017","37366","13651"
"2009-06-29","Bigdeal","37782","27782","10000"
"2009-06-30","Bigdeal","49441","37431","12010"
"2009-07-01","Bigdeal","58644","45040","13604"
"2009-07-02","Bigdeal","28989","21664","7325"
"2009-07-03","Bigdeal","7634","4246","3388"
"2009-07-04","Bigdeal","48045","35390","12655"
"2009-07-05","Bigdeal","37538","24098","13440"
"2009-07-06","Bigdeal","31980","25905","6075"
"2009-07-07","Bigdeal","76789","60368","16421"
"2009-07-08","Bigdeal","51830","36020","15810"
"2009-07-09","Bigdeal","52628","40138","12490"
"2009-07-10","Bigdeal","32208","20397","11811"
"2009-07-11","Bigdeal","67331","54904","12427"
"2009-07-12","Bigdeal","56266","37999","18267"
"2009-07-13","Bigdeal","50552","35926","14626"
"2009-07-14","Bigdeal","85470","62565","22905"
"2009-07-15","Bigdeal","84728","64837","19891"
"2009-07-16","Bigdeal","97127","73388","23739"
"2009-07-17","Bigdeal","74334","59396","14938"
"2009-07-18","Bigdeal","49441","32700","16741"
"2009-07-19","Bigdeal","54557","38100","16457"
"2009-07-20","Bigdeal","58901","44794","14107"
"2009-07-21","Bigdeal","96183","75799","20384"
"2009-07-22","Bigdeal","108885","80542","28343"
"2009-07-23","Bigdeal","51411","36868","14543"
"2009-07-24","Bigdeal","74910","58443","16467"
"2009-07-25","Bigdeal","52503","42552","9951"
"2009-07-26","Bigdeal","51325","36275","15050"
"2009-07-27","Bigdeal","63732","50125","13607"
"2009-07-28","Bigdeal","63976","40705","23271"
"2009-07-29","Bigdeal","45167","37910","7257"
"2009-07-30","Bigdeal","80487","63161","17326"
"2009-07-31","Bigdeal","74325","63182","11143"
"2009-08-01","Bigdeal","83305","65793","17512"
"2009-08-02","Bigdeal","44911","29645","15266"
"2009-08-03","Bigdeal","63031","50957","12074"
"2009-08-04","Bigdeal","54062","41535","12527"
"2009-08-05","Bigdeal","70832","55686","15146"
"2009-08-06","Bigdeal","88966","75039","13927"
"2009-08-07","Bigdeal","23288","17017","6271"
"2009-08-08","Bigdeal","37580","26881","10699"
"2009-08-09","Bigdeal","47139","33080","14059"
"2009-08-10","Bigdeal","64063","50601","13462"
"2009-08-11","Bigdeal","59140","41333","17807"
"2009-08-12","Bigdeal","51095","41233","9862"
"2009-08-13","Bigdeal","92832","73753","19079"
"2009-08-14","Bigdeal","48633","37055","11578"
"2009-08-15","Bigdeal","50175","37511","12664"
"2009-08-16","Bigdeal","42145","35236","6909"
"2009-08-17","Bigdeal","84189","66334","17855"
"2009-08-18","Bigdeal","38775","27824","10951"
"2009-08-19","Bigdeal","53951","41212","12739"
"2009-08-20","Bigdeal","41461","25572","15889"
"2009-08-21","Bigdeal","34508","27392","7116"
"2009-08-22","Bigdeal","38066","26066","12000"
"2009-08-23","Bigdeal","81078","59762","21316"
"2009-08-24","Bigdeal","65660","44977","20683"
"2009-08-25","Bigdeal","92965","74869","18096"
"2009-08-26","Bigdeal","125354","97973","27381"
"2009-08-27","Bigdeal","23983","17737","6246"
"2009-08-28","Bigdeal","47634","29893","17741"
"2009-08-29","Bigdeal","62308","46057","16251"
"2009-08-30","Bigdeal","72068","53914","18154"
"2009-08-31","Bigdeal","18510","12893","5617"
"2009-09-01","Bigdeal","26001","18863","7138"
"2009-09-02","Bigdeal","54386","39575","14811"
"2009-09-03","Bigdeal","52977","40436","12541"
"2009-09-04","Bigdeal","52404","39426","12978"
"2009-09-05","Bigdeal","26278","18607","7671"
"2009-09-06","Bigdeal","50617","38762","11855"
"2009-09-07","Bigdeal","81833","68299","13534"
"2009-09-08","Bigdeal","50285","35507","14778"
"2009-09-09","Bigdeal","51978","38879","13099"
"2009-09-10","Bigdeal","37011","27656","9355"
"2009-09-11","Bigdeal","57436","43277","14159"
"2009-09-12","Bigdeal","28351","20852","7499"
"2009-09-13","Bigdeal","83538","67364","16174"
"2009-09-14","Bigdeal","77439","55216","22223"
"2009-09-15","Bigdeal","27018","19634","7384"
"2009-09-16","Bigdeal","72084","60469","11615"
"2009-09-17","Bigdeal","39700","31796","7904"
"2009-09-18","Bigdeal","63161","51942","11219"
"2009-09-19","Bigdeal","50064","36125","13939"
"2009-09-20","Bigdeal","21148","15964","5184"
"2009-09-21","Bigdeal","63199","48088","15111"
"2009-09-22","Bigdeal","57830","45682","12148"
"2009-09-23","Bigdeal","63185","47066","16119"
"2009-09-24","Bigdeal","65382","52580","12802"
"2009-09-25","Bigdeal","34403","25443","8960"
"2009-09-26","Bigdeal","25758","17978","7780"
"2009-09-27","Bigdeal","78503","65195","13308"
"2009-09-28","Bigdeal","81730","64869","16861"
"2009-09-29","Bigdeal","84971","68713","16258"
"2009-09-30","Bigdeal","84985","62509","22476"
"2009-10-01","Bigdeal","51516","36451","15065"
"2009-10-02","Bigdeal","74458","59064","15394"
"2009-10-03","Bigdeal","71840","55944","15896"
"2009-10-04","Bigdeal","63622","51486","12136"
"2009-10-05","Bigdeal","42893","29636","13257"
"2009-10-06","Bigdeal","59613","43574","16039"
"2009-10-07","Bigdeal","84486","65659","18827"
"2009-10-08","Bigdeal","46814","38376","8438"
"2009-10-09","Bigdeal","45173","35975","9198"
"2009-10-10","Bigdeal","56499","40875","15624"
"2009-10-11","Bigdeal","59269","44020","15249"
"2009-10-12","Bigdeal","39014","24403","14611"
"2009-10-13","Bigdeal","54934","45298","9636"
"2009-10-14","Bigdeal","62706","47713","14993"
"2009-10-15","Bigdeal","54850","41403","13447"
"2009-10-16","Bigdeal","121792","100066","21726"
"2009-10-17","Bigdeal","97110","73094","24016"
"2009-10-18","Bigdeal","37136","25943","11193"
"2009-10-19","Bigdeal","62038","44080","17958"
"2009-10-20","Bigdeal","32433","24600","7833"
"2009-10-21","Bigdeal","48899","36658","12241"
"2009-10-22","Bigdeal","32934","20447","12487"
"2009-10-23","Bigdeal","88927","69385","19542"
"2009-10-24","Bigdeal","57358","45025","12333"
"2009-10-25","Bigdeal","37286","27277","10009"
"2009-10-26","Bigdeal","67201","50198","17003"
"2009-10-27","Bigdeal","44737","32798","11939"
"2009-10-28","Bigdeal","31837","23789","8048"
"2009-10-29","Bigdeal","53568","36440","17128"
"2009-10-30","Bigdeal","21898","15918","5980"
"2009-10-31","Bigdeal","59922","48093","11829"
"2009-11-01","Bigdeal","63745","50592","13153"
"2009-11-02","Bigdeal","54094","39406","14688"
"2009-11-03","Bigdeal","93041","75394","17647"
"2009-11-04","Bigdeal","40199","30943","9256"
"2009-11-05","Bigdeal","42923","27669","15254"
"2009-11-06","Bigdeal","70099","53642","16457"
"2009-11-07","Bigdeal","81662","64050","17612"
"2009-11-08","Bigdeal","57712","42716","14996"
"2009-11-09","Bigdeal","47136","37963","9173"
"2009-11-10","Bigdeal","17955","11766","6189"
"2009-11-11","Bigdeal","91369","73528","17841"
"2009-11-12","Bigdeal","50215","35869","14346"
"2009-11-13","Bigdeal","42183","32677","9506"
"2009-11-14","Bigdeal","56798","42991","13807"
"2009-11-15","Bigdeal","60761","44119","16642"
"2009-11-16","Bigdeal","50885","38619","12266"
"2009-11-17","Bigdeal","23364","18239","5125"
"2009-11-18","Bigdeal","81369","64139","17230"
"2009-11-19","Bigdeal","80862","64446","16416"
"2009-11-20","Bigdeal","70854","57408","13446"
"2009-11-21","Bigdeal","42308","29875","12433"
"2009-11-22","Bigdeal","44703","33604","11099"
"2009-11-23","Bigdeal","69149","50269","18880"
"2009-11-24","Bigdeal","24158","17932","6226"
"2009-11-25","Bigdeal","64424","49439","14985"
"2009-11-26","Bigdeal","81177","62934","18243"
"2009-11-27","Bigdeal","60217","48941","11276"
"2009-11-28","Bigdeal","65342","51475","13867"
"2009-11-29","Bigdeal","60937","43918","17019"
"2009-11-30","Bigdeal","39047","27899","11148"
"2009-12-01","Bigdeal","78173","58332","19841"
"2009-12-02","Bigdeal","62259","44058","18201"
"2009-12-03","Bigdeal","41000","26832","14168"
"2009-12-04","Bigdeal","41343","31848","9495"
"2009-12-05","Bigdeal","24721","15830","8891"
"2009-12-06","Bigdeal","43151","29771","13380"
"2009-12-07","Bigdeal","103185","80789","22396"
"2009-12-08","Bigdeal","61891","48099","13792"
"2009-12-09","Bigdeal","57446","44640","12806"
"2009-12-10","Bigdeal","38375","29484","8891"
"2009-12-11","Bigdeal","55879","42892","12987"
"2009-12-12","Bigdeal","45144","32204","12940"
"2009-12-13","Bigdeal","39498","30725","8773"
"2009-12-14","Bigdeal","77778","60494","17284"
"2009-12-15","Bigdeal","82347","61275","21072"
"2009-12-16","Bigdeal","90630","70506","20124"
"2009-12-17","Bigdeal","58864","51450","7414"
"2009-12-18","Bigdeal","85444","62557","22887"
"2009-12-19","Bigdeal","50281","35714","14567"
"2009-12-20","Bigdeal","46458","35676","10782"
"2009-12-21","Bigdeal","74338","56791","17547"
"2009-12-22","Bigdeal","44795","34571","10224"
"2009-12-23","Bigdeal","31197","23291","7906"
"2009-12-24","Bigdeal","72075","60424","11651"
"2009-12-25","Bigdeal","44547","28671","15876"
"2009-12-26","Bigdeal","28165","19304","8861"
"2009-12-27","Bigdeal","79450","58017","21433"
"2009-12-28","Bigdeal","91127","71792","19335"
"2009-12-29","Bigdeal","54602","43820","10782"
"2009-12-30","Bigdeal","29513","14051","15462"
"2009-12-31","Bigdeal","38085","30734","7351"
"2010-01-01","Bigdeal","77792","61179","16613"
"2010-01-02","Bigdeal","45354","34137","11217"
"2010-01-03","Bigdeal","83832","63200","20632"
"2010-01-04","Bigdeal","62432","44260","18172"
"2010-01-05","Bigdeal","76489","57869","18620"
"2010-01-06","Bigdeal","87917","65618","22299"
"2010-01-07","Bigdeal","75571","52902","22669"
"2010-01-08","Bigdeal","80527","56392","24135"
"2010-01-09","Bigdeal","104944","86671","18273"
"2010-01-10","Bigdeal","78869","60047","18822"
"2010-01-11","Bigdeal","62912","44803","18109"
"2010-01-12","Bigdeal","89964","70416","19548"
"2010-01-13","Bigdeal","99288","75025","24263"
"2010-01-14","Bigdeal","91411","73782","17629"
"2010-01-15","Bigdeal","98058","80060","17998"
"2010-01-16","Bigdeal","77525","61976","15549"
"2010-01-17","Bigdeal","64729","45027","19702"
"2010-01-18","Bigdeal","83526","57728","25798"
"2010-01-19","Bigdeal","26255","21625","4630"
"2010-01-20","Bigdeal","57510","37914","19596"
"2010-01-21","Bigdeal","147714","122153","25561"
"2010-01-22","Bigdeal","138842","110775","28067"
"2010-01-23","Bigdeal","93243","70499","22744"
"2010-01-24","Bigdeal","70122","48925","21197"
"2010-01-25","Bigdeal","68692","54777","13915"
"2010-01-26","Bigdeal","61877","48680","13197"
"2010-01-27","Bigdeal","30738","19518","11220"
"2010-01-28","Bigdeal","67650","48963","18687"
"2010-01-29","Bigdeal","112928","89912","23016"
"2010-01-30","Bigdeal","64811","46881","17930"
"2010-01-31","Bigdeal","42740","29689","13051"
"2010-02-01","Bigdeal","60285","38672","21613"
"2010-02-02","Bigdeal","98446","76134","22312"
"2010-02-03","Bigdeal","52621","41903","10718"
"2010-02-04","Bigdeal","53602","34928","18674"
"2010-02-05","Bigdeal","85229","62480","22749"
"2010-02-06","Bigdeal","80761","62730","18031"
"2010-02-07","Bigdeal","92024","73105","18919"
"2010-02-08","Bigdeal","98010","79054","18956"
"2010-02-09","Bigdeal","86489","62615","23874"
"2010-02-10","Bigdeal","70045","53398","16647"
"2010-02-11","Bigdeal","71199","55638","15561"
"2010-02-12","Bigdeal","97117","74858","22259"
"2010-02-13","Bigdeal","131779","104853","26926"
"2010-02-14","Bigdeal","94384","72454","21930"
"2010-02-15","Bigdeal","91898","66849","25049"
"2010-02-16","Bigdeal","121360","95241","26119"
"2010-02-17","Bigdeal","133414","100077","33337"
"2010-02-18","Bigdeal","116428","90778","25650"
"2010-02-19","Bigdeal","78504","57219","21285"
"2010-02-20","Bigdeal","86111","62159","23952"
"2010-02-21","Bigdeal","90593","66833","23760"
"2010-02-22","Bigdeal","51677","37485","14192"
"2010-02-23","Bigdeal","88972","65073","23899"
"2010-02-24","Bigdeal","88372","70267","18105"
"2010-02-25","Bigdeal","90093","70132","19961"
"2010-02-26","Bigdeal","102097","78475","23622"
"2010-02-27","Bigdeal","58464","47807","10657"
"2010-02-28","Bigdeal","97183","73730","23453"
"2010-03-01","Bigdeal","134956","106285","28671"
"2010-03-02","Bigdeal","117303","83882","33421"
"2010-03-03","Bigdeal","130522","100741","29781"
"2010-03-04","Bigdeal","100549","81779","18770"
"2010-03-05","Bigdeal","62512","44587","17925"
"2010-03-06","Bigdeal","69320","54850","14470"
"2010-03-07","Bigdeal","74829","56942","17887"
"2010-03-08","Bigdeal","117347","91959","25388"
"2010-03-09","Bigdeal","90932","67861","23071"
"2010-03-10","Bigdeal","83624","67903","15721"
"2010-03-11","Bigdeal","68735","48491","20244"
"2010-03-12","Bigdeal","113643","87767","25876"
"2010-03-13","Bigdeal","80431","57378","23053"
"2010-03-14","Bigdeal","60546","41685","18861"
"2010-03-15","Bigdeal","81648","56941","24707"
"2010-03-16","Bigdeal","129562","99093","30469"
"2010-03-17","Bigdeal","107100","85501","21599"
"2010-03-18","Bigdeal","98411","79715","18696"
"2010-03-19","Bigdeal","67416","51574","15842"
"2010-03-20","Bigdeal","161919","126510","35409"
"2010-03-21","Bigdeal","105362","74504","30858"
"2010-03-22","Bigdeal","112355","82070","30285"
"2010-03-23","Bigdeal","49155","35114","14041"
"2010-03-24","Bigdeal","68409","47566","20843"
"2010-03-25","Bigdeal","104868","78698","26170"
"2010-03-26","Bigdeal","53924","41694","12230"
"2010-03-27","Bigdeal","104017","71651","32366"
"2010-03-28","Bigdeal","58008","43088","14920"
"2010-03-29","Bigdeal","33846","21836","12010"
"2010-03-30","Bigdeal","80121","58780","21341"
"2010-03-31","Bigdeal","66165","46862","19303"
"2010-04-01","Bigdeal","42910","25981","16929"
"2010-04-02","Bigdeal","99010","79639","19371"
"2010-04-03","Bigdeal","102774","79652","23122"
"2010-04-04","Bigdeal","80410","58169","22241"
"2010-04-05","Bigdeal","127563","99528","28035"
"2010-04-06","Bigdeal","91668","63793","27875"
"2010-04-07","Bigdeal","115316","90054","25262"
"2010-04-08","Bigdeal","113555","85080","28475"
"2010-04-09","Bigdeal","148502","112241","36261"
"2010-04-10","Bigdeal","192371","150912","41459"
"2010-04-11","Bigdeal","108854","84498","24356"
"2010-04-12","Bigdeal","90752","74282","16470"
"2010-04-13","Bigdeal","113750","81031","32719"
"2010-04-14","Bigdeal","94841","69110","25731"
"2010-04-15","Bigdeal","75805","56335","19470"
"2010-04-16","Bigdeal","83582","64250","19332"
"2010-04-17","Bigdeal","92269","71576","20693"
"2010-04-18","Bigdeal","62673","44488","18185"
"2010-04-19","Bigdeal","80374","61952","18422"
"2010-04-20","Bigdeal","92402","74596","17806"
"2010-04-21","Bigdeal","95762","75233","20529"
"2010-04-22","Bigdeal","88454","69593","18861"
"2010-04-23","Bigdeal","47642","30288","17354"
"2010-04-24","Bigdeal","85081","67802","17279"
"2010-04-25","Bigdeal","52598","37594","15004"
"2010-04-26","Bigdeal","67497","49008","18489"
"2010-04-27","Bigdeal","53931","39131","14800"
"2010-04-28","Bigdeal","49699","37638","12061"
"2010-04-29","Bigdeal","84339","62439","21900"
"2010-04-30","Bigdeal","70646","50984","19662"
"2010-05-01","Bigdeal","99042","74100","24942"
"2010-05-02","Bigdeal","73539","56136","17403"
"2010-05-03","Bigdeal","78839","66204","12635"
"2010-05-04","Bigdeal","77979","54128","23851"
"2010-05-05","Bigdeal","71991","58293","13698"
"2010-05-06","Bigdeal","55969","45546","10423"
"2010-05-07","Bigdeal","56799","38025","18774"
"2010-05-08","Bigdeal","78679","55844","22835"
"2010-05-09","Bigdeal","105604","74366","31238"
"2010-05-10","Bigdeal","102519","84529","17990"
"2010-05-11","Bigdeal","115752","91759","23993"
"2010-05-12","Bigdeal","78718","57968","20750"
"2010-05-13","Bigdeal","62041","44752","17289"
"2010-05-14","Bigdeal","76326","52689","23637"
"2010-05-15","Bigdeal","68224","48825","19399"
"2010-05-16","Bigdeal","50665","33801","16864"
"2010-05-17","Bigdeal","137286","102778","34508"
"2010-05-18","Bigdeal","68309","49442","18867"
"2010-05-19","Bigdeal","77457","57653","19804"
"2010-05-20","Bigdeal","106268","78864","27404"
"2010-05-21","Bigdeal","99521","75944","23577"
"2010-05-22","Bigdeal","71632","51599","20033"
"2010-05-23","Bigdeal","131554","108933","22621"
"2010-05-24","Bigdeal","62672","43878","18794"
"2010-05-25","Bigdeal","99077","78289","20788"
"2010-05-26","Bigdeal","144954","104594","40360"
"2010-05-27","Bigdeal","67776","51634","16142"
"2010-05-28","Bigdeal","69667","54654","15013"
"2010-05-29","Bigdeal","49504","36828","12676"
"2010-05-30","Bigdeal","165041","125010","40031"
"2010-05-31","Bigdeal","84455","65129","19326"
"2010-06-01","Bigdeal","129198","102925","26273"
"2010-06-02","Bigdeal","136587","108157","28430"
"2010-06-03","Bigdeal","138365","104062","34303"
"2010-06-04","Bigdeal","148359","114986","33373"
"2010-06-05","Bigdeal","156183","119645","36538"
"2010-06-06","Bigdeal","165319","126667","38652"
"2010-06-07","Bigdeal","122245","90270","31975"
"2010-06-08","Bigdeal","172272","128708","43564"
"2010-06-09","Bigdeal","165607","124960","40647"
"2010-06-10","Bigdeal","170687","130935","39752"
"2010-06-11","Bigdeal","126419","88162","38257"
"2010-06-12","Bigdeal","109095","78291","30804"
"2010-06-13","Bigdeal","176290","139729","36561"
"2010-06-14","Bigdeal","180062","132869","47193"
"2010-06-15","Bigdeal","103320","73583","29737"
"2010-06-16","Bigdeal","196974","151565","45409"
"2010-06-17","Bigdeal","159052","117476","41576"
"2010-06-18","Bigdeal","229952","187500","42452"
"2010-06-19","Bigdeal","115554","82452","33102"
"2010-06-20","Bigdeal","180210","132884","47326"
"2010-06-21","Bigdeal","134633","104947","29686"
"2010-06-22","Bigdeal","140396","93765","46631"
"2010-06-23","Bigdeal","176614","125799","50815"
"2010-06-24","Bigdeal","254744","201367","53377"
"2010-06-25","Bigdeal","166551","123097","43454"
"2010-06-26","Bigdeal","170663","133923","36740"
"2010-06-27","Bigdeal","158260","120337","37923"
"2010-06-28","Bigdeal","185265","134820","50445"
"2010-06-29","Bigdeal","186377","143237","43140"
"2010-06-30","Bigdeal","179201","143660","35541"
"2010-07-01","Bigdeal","180217","140828","39389"
"2010-07-02","Bigdeal","137940","107997","29943"
"2010-07-03","Bigdeal","142256","94000","48256"
"2010-07-04","Bigdeal","161846","115552","46294"
"2010-07-05","Bigdeal","165688","121658","44030"
"2010-07-06","Bigdeal","154049","114509","39540"
"2010-07-07","Bigdeal","156648","117463","39185"
"2010-07-08","Bigdeal","127824","91658","36166"
"2010-07-09","Bigdeal","184508","136000","48508"
"2010-07-10","Bigdeal","128288","88870","39418"
"2010-07-11","Bigdeal","127519","89515","38004"
"2010-07-12","Bigdeal","134596","100207","34389"
"2010-07-13","Bigdeal","125648","97937","27711"
"2010-07-14","Bigdeal","152951","116660","36291"
"2010-07-15","Bigdeal","101600","76087","25513"
"2010-07-16","Bigdeal","120222","87928","32294"
"2010-07-17","Bigdeal","242936","186564","56372"
"2010-07-18","Bigdeal","149727","114813","34914"
"2010-07-19","Bigdeal","110737","79137","31600"
"2010-07-20","Bigdeal","153195","113187","40008"
"2010-07-21","Bigdeal","152837","114018","38819"
"2010-07-22","Bigdeal","134947","96362","38585"
"2010-07-23","Bigdeal","142781","106194","36587"
"2010-07-24","Bigdeal","128726","92512","36214"
"2010-07-25","Bigdeal","149710","111329","38381"
"2010-07-26","Bigdeal","114145","88444","25701"
"2010-07-27","Bigdeal","108988","73634","35354"
"2010-07-28","Bigdeal","202470","158960","43510"
"2010-07-29","Bigdeal","153837","126388","27449"
"2010-07-30","Bigdeal","111372","74985","36387"
"2010-07-31","Bigdeal","191938","150111","41827"
"2010-08-01","Bigdeal","121546","92025","29521"
"2010-08-02","Bigdeal","174545","135839","38706"
"2010-08-03","Bigdeal","184482","144174","40308"
"2010-08-04","Bigdeal","146874","114834","32040"
"2010-08-05","Bigdeal","158355","120216","38139"
"2010-08-06","Bigdeal","117104","82089","35015"
"2010-08-07","Bigdeal","128138","89140","38998"
"2010-08-08","Bigdeal","116032","91679","24353"
"2010-08-09","Bigdeal","167441","128352","39089"
"2010-08-10","Bigdeal","162846","126496","36350"
"2010-08-11","Bigdeal","143490","111392","32098"
"2010-08-12","Bigdeal","190086","140646","49440"
"2010-08-13","Bigdeal","107112","82777","24335"
"2010-08-14","Bigdeal","177936","139329","38607"
"2010-08-15","Bigdeal","92711","64790","27921"
"2010-08-16","Bigdeal","162607","119260","43347"
"2010-08-17","Bigdeal","240825","178719","62106"
"2010-08-18","Bigdeal","194641","152550","42091"
"2010-08-19","Bigdeal","114043","84669","29374"
"2010-08-20","Bigdeal","164911","128120","36791"
"2010-08-21","Bigdeal","152894","118676","34218"
"2010-08-22","Bigdeal","151422","117210","34212"
"2010-08-23","Bigdeal","159484","124165","35319"
"2010-08-24","Bigdeal","133366","96112","37254"
"2010-08-25","Bigdeal","179760","140609","39151"
"2010-08-26","Bigdeal","156203","127018","29185"
"2010-08-27","Bigdeal","178454","137849","40605"
"2010-08-28","Bigdeal","160510","126599","33911"
"2010-08-29","Bigdeal","196644","153551","43093"
"2010-08-30","Bigdeal","94679","71557","23122"
"2010-08-31","Bigdeal","116970","81209","35761"
"2010-09-01","Bigdeal","208686","158812","49874"
"2010-09-02","Bigdeal","194636","146509","48127"
"2010-09-03","Bigdeal","202127","162504","39623"
"2010-09-04","Bigdeal","100757","75233","25524"
"2010-09-05","Bigdeal","171844","131543","40301"
"2010-09-06","Bigdeal","144102","110322","33780"
"2010-09-07","Bigdeal","95874","68411","27463"
"2010-09-08","Bigdeal","117204","86811","30393"
"2010-09-09","Bigdeal","156082","121290","34792"
"2010-09-10","Bigdeal","156540","115562","40978"
"2010-09-11","Bigdeal","107613","78381","29232"
"2010-09-12","Bigdeal","241240","188956","52284"
"2010-09-13","Bigdeal","165098","133387","31711"
"2010-09-14","Bigdeal","223878","171782","52096"
"2010-09-15","Bigdeal","196662","153680","42982"
"2010-09-16","Bigdeal","150595","115384","35211"
"2010-09-17","Bigdeal","155498","115910","39588"
"2010-09-18","Bigdeal","146206","110557","35649"
"2010-09-19","Bigdeal","147113","110429","36684"
"2010-09-20","Bigdeal","127592","81589","46003"
"2010-09-21","Bigdeal","152314","109371","42943"
"2010-09-22","Bigdeal","151787","117504","34283"
"2010-09-23","Bigdeal","197552","150292","47260"
"2010-09-24","Bigdeal","149569","111798","37771"
"2010-09-25","Bigdeal","182477","134791","47686"
"2010-09-26","Bigdeal","154130","119562","34568"
"2010-09-27","Bigdeal","214444","171832","42612"
"2010-09-28","Bigdeal","85188","55326","29862"
"2010-09-29","Bigdeal","123235","96017","27218"
"2010-09-30","Bigdeal","144336","114760","29576"
"2010-10-01","Bigdeal","166545","127415","39130"
"2010-10-02","Bigdeal","128934","90056","38878"
"2010-10-03","Bigdeal","168120","130300","37820"
"2010-10-04","Bigdeal","151943","113794","38149"
"2010-10-05","Bigdeal","174064","133326","40738"
"2010-10-06","Bigdeal","191840","146905","44935"
"2010-10-07","Bigdeal","138271","103067","35204"
"2010-10-08","Bigdeal","175429","126924","48505"
"2010-10-09","Bigdeal","96384","66021","30363"
"2010-10-10","Bigdeal","159341","117312","42029"
"2010-10-11","Bigdeal","171081","133755","37326"
"2010-10-12","Bigdeal","155615","122546","33069"
"2010-10-13","Bigdeal","139984","95455","44529"
"2010-10-14","Bigdeal","190236","145004","45232"
"2010-10-15","Bigdeal","166685","133862","32823"
"2010-10-16","Bigdeal","164117","126918","37199"
"2010-10-17","Bigdeal","119674","86826","32848"
"2010-10-18","Bigdeal","193705","157376","36329"
"2010-10-19","Bigdeal","209274","159443","49831"
"2010-10-20","Bigdeal","92863","74597","18266"
"2010-10-21","Bigdeal","149373","115280","34093"
"2010-10-22","Bigdeal","197104","155061","42043"
"2010-10-23","Bigdeal","111165","83663","27502"
"2010-10-24","Bigdeal","174298","128965","45333"
"2010-10-25","Bigdeal","209710","163428","46282"
"2010-10-26","Bigdeal","152563","115988","36575"
"2010-10-27","Bigdeal","120780","86582","34198"
"2010-10-28","Bigdeal","90745","68359","22386"
"2010-10-29","Bigdeal","120594","91380","29214"
"2010-10-30","Bigdeal","163331","123620","39711"
"2010-10-31","Bigdeal","173479","132006","41473"
"2010-11-01","Bigdeal","195594","155991","39603"
"2010-11-02","Bigdeal","154230","106164","48066"
"2010-11-03","Bigdeal","192120","154395","37725"
"2010-11-04","Bigdeal","150012","111868","38144"
"2010-11-05","Bigdeal","203943","159743","44200"
"2010-11-06","Bigdeal","108393","75594","32799"
"2010-11-07","Bigdeal","183069","146214","36855"
"2010-11-08","Bigdeal","95789","66574","29215"
"2010-11-09","Bigdeal","146864","109728","37136"
"2010-11-10","Bigdeal","149231","110443","38788"
"2010-11-11","Bigdeal","167245","123681","43564"
"2010-11-12","Bigdeal","216530","176899","39631"
"2010-11-13","Bigdeal","130892","99634","31258"
"2010-11-14","Bigdeal","211468","164179","47289"
"2010-11-15","Bigdeal","141744","105555","36189"
"2010-11-16","Bigdeal","141778","103446","38332"
"2010-11-17","Bigdeal","156554","120000","36554"
"2010-11-18","Bigdeal","160692","126565","34127"
"2010-11-19","Bigdeal","132243","88978","43265"
"2010-11-20","Bigdeal","116937","82375","34562"
"2010-11-21","Bigdeal","164357","119194","45163"
"2010-11-22","Bigdeal","110657","84024","26633"
"2010-11-23","Bigdeal","134961","100626","34335"
"2010-11-24","Bigdeal","104365","70354","34011"
"2010-11-25","Bigdeal","178533","133352","45181"
"2010-11-26","Bigdeal","98889","75673","23216"
"2010-11-27","Bigdeal","166948","123802","43146"
"2010-11-28","Bigdeal","180610","142689","37921"
"2010-11-29","Bigdeal","191480","142938","48542"
"2010-11-30","Bigdeal","172811","133085","39726"
"2010-12-01","Bigdeal","178565","141413","37152"
"2010-12-02","Bigdeal","146069","115176","30893"
"2010-12-03","Bigdeal","151607","115762","35845"
"2010-12-04","Bigdeal","161001","128921","32080"
"2010-12-05","Bigdeal","161476","119639","41837"
"2010-12-06","Bigdeal","137710","105782","31928"
"2010-12-07","Bigdeal","168996","132524","36472"
"2010-12-08","Bigdeal","128334","94729","33605"
"2010-12-09","Bigdeal","116475","82611","33864"
"2010-12-10","Bigdeal","226343","181239","45104"
"2010-12-11","Bigdeal","159494","128872","30622"
"2010-12-12","Bigdeal","180496","142177","38319"
"2010-12-13","Bigdeal","128730","93788","34942"
"2010-12-14","Bigdeal","140150","113862","26288"
"2010-12-15","Bigdeal","164391","126220","38171"
"2010-12-16","Bigdeal","113280","84198","29082"
"2010-12-17","Bigdeal","181627","134398","47229"
"2010-12-18","Bigdeal","218540","171489","47051"
"2010-12-19","Bigdeal","77251","55202","22049"
"2010-12-20","Bigdeal","134749","98270","36479"
"2010-12-21","Bigdeal","130861","97544","33317"
"2010-12-22","Bigdeal","147061","107609","39452"
"2010-12-23","Bigdeal","102556","71259","31297"
"2010-12-24","Bigdeal","165833","132478","33355"
"2010-12-25","Bigdeal","132544","97984","34560"
"2010-12-26","Bigdeal","189545","137220","52325"
"2010-12-27","Bigdeal","161337","125077","36260"
"2010-12-28","Bigdeal","187626","142957","44669"
"2010-12-29","Bigdeal","158817","119211","39606"
"2010-12-30","Bigdeal","126919","95384","31535"
"2010-12-31","Bigdeal","196691","150718","45973"
"2011-01-01","Bigdeal","211671","161982","49689"
"2011-01-02","Bigdeal","181761","142255","39506"
"2011-01-03","Bigdeal","131403","98163","33240"
"2011-01-04","Bigdeal","144650","111948","32702"
"2011-01-05","Bigdeal","163151","122180","40971"
"2011-01-06","Bigdeal","123784","85682","38102"
"2011-01-07","Bigdeal","133071","102859","30212"
"2011-01-08","Bigdeal","172281","130342","41939"
"2011-01-09","Bigdeal","189353","146227","43126"
"2011-01-10","Bigdeal","148786","110723","38063"
"2011-01-11","Bigdeal","216081","165652","50429"
"2011-01-12","Bigdeal","174030","128758","45272"
"2011-01-13","Bigdeal","215148","162208","52940"
"2011-01-14","Bigdeal","213010","166787","46223"
"2011-01-15","Bigdeal","117033","90249","26784"
"2011-01-16","Bigdeal","193611","152644","40967"
"2011-01-17","Bigdeal","112720","82521","30199"
"2011-01-18","Bigdeal","189009","137661","51348"
"2011-01-19","Bigdeal","196006","150820","45186"
"2011-01-20","Bigdeal","189206","136526","52680"
"2011-01-21","Bigdeal","197908","149717","48191"
"2011-01-22","Bigdeal","132668","99688","32980"
"2011-01-23","Bigdeal","126216","100280","25936"
"2011-01-24","Bigdeal","159722","119089","40633"
"2011-01-25","Bigdeal","143602","107164","36438"
"2011-01-26","Bigdeal","134029","101185","32844"
"2011-01-27","Bigdeal","248555","190435","58120"
"2011-01-28","Bigdeal","176093","129991","46102"
"2011-01-29","Bigdeal","122543","93363","29180"
"2011-01-30","Bigdeal","150499","114780","35719"
"2011-01-31","Bigdeal","278427","218501","59926"
"2011-02-01","Bigdeal","147013","107883","39130"
"2011-02-02","Bigdeal","180342","145438","34904"
"2011-02-03","Bigdeal","169501","127539","41962"
"2011-02-04","Bigdeal","150615","121274","29341"
"2011-02-05","Bigdeal","215651","172353","43298"
"2011-02-06","Bigdeal","189145","148069","41076"
"2011-02-07","Bigdeal","166548","125093","41455"
"2011-02-08","Bigdeal","233787","181911","51876"
"2011-02-09","Bigdeal","217404","174418","42986"
"2011-02-10","Bigdeal","177972","140383","37589"
"2011-02-11","Bigdeal","150385","120265","30120"
"2011-02-12","Bigdeal","197479","153272","44207"
"2011-02-13","Bigdeal","161726","121560","40166"
"2011-02-14","Bigdeal","230964","181571","49393"
"2011-02-15","Bigdeal","166548","129810","36738"
"2011-02-16","Bigdeal","191279","139646","51633"
"2011-02-17","Bigdeal","155061","106005","49056"
"2011-02-18","Bigdeal","194325","150490","43835"
"2011-02-19","Bigdeal","202665","154720","47945"
"2011-02-20","Bigdeal","112327","72023","40304"
"2011-02-21","Bigdeal","206874","163490","43384"
"2011-02-22","Bigdeal","200269","157006","43263"
"2011-02-23","Bigdeal","150451","110724","39727"
"2011-02-24","Bigdeal","153458","120352","33106"
"2011-02-25","Bigdeal","132920","100879","32041"
"2011-02-26","Bigdeal","216657","172098","44559"
"2011-02-27","Bigdeal","166317","115419","50898"
"2011-02-28","Bigdeal","197498","146563","50935"
"2011-03-01","Bigdeal","203076","152255","50821"
"2011-03-02","Bigdeal","97457","64921","32536"
"2011-03-03","Bigdeal","232034","181178","50856"
"2011-03-04","Bigdeal","208048","155674","52374"
"2011-03-05","Bigdeal","210402","159065","51337"
"2011-03-06","Bigdeal","172609","129038","43571"
"2011-03-07","Bigdeal","149957","112577","37380"
"2011-03-08","Bigdeal","115975","89868","26107"
"2011-03-09","Bigdeal","170860","133115","37745"
"2011-03-10","Bigdeal","172075","135485","36590"
"2011-03-11","Bigdeal","166329","126673","39656"
"2011-03-12","Bigdeal","209827","156290","53537"
"2011-03-13","Bigdeal","112215","86085","26130"
"2011-03-14","Bigdeal","175028","130926","44102"
"2011-03-15","Bigdeal","260966","204715","56251"
"2011-03-16","Bigdeal","185865","147274","38591"
"2011-03-17","Bigdeal","150813","117839","32974"
"2011-03-18","Bigdeal","120011","85251","34760"
"2011-03-19","Bigdeal","137748","95861","41887"
"2011-03-20","Bigdeal","215508","161515","53993"
"2011-03-21","Bigdeal","177451","140936","36515"
"2011-03-22","Bigdeal","158386","120780","37606"
"2011-03-23","Bigdeal","158467","116688","41779"
"2011-03-24","Bigdeal","79358","57428","21930"
"2011-03-25","Bigdeal","175491","130914","44577"
"2011-03-26","Bigdeal","190451","152132","38319"
"2011-03-27","Bigdeal","194337","148885","45452"
"2011-03-28","Bigdeal","157490","108705","48785"
"2011-03-29","Bigdeal","199441","156549","42892"
"2011-03-30","Bigdeal","139498","92870","46628"
"2011-03-31","Bigdeal","118376","88861","29515"
"2011-04-01","Bigdeal","258340","203369","54971"
"2011-04-02","Bigdeal","114843","75134","39709"
"2011-04-03","Bigdeal","189831","146773","43058"
"2011-04-04","Bigdeal","109823","69894","39929"
"2011-04-05","Bigdeal","194900","154382","40518"
"2011-04-06","Bigdeal","180251","131012","49239"
"2011-04-07","Bigdeal","214455","167634","46821"
"2011-04-08","Bigdeal","291120","226042","65078"
"2011-04-09","Bigdeal","167650","126718","40932"
"2011-04-10","Bigdeal","133522","98419","35103"
"2011-04-11","Bigdeal","220963","162877","58086"
"2011-04-12","Bigdeal","184833","144772","40061"
"2011-04-13","Bigdeal","191465","145743","45722"
"2011-04-14","Bigdeal","216762","165522","51240"
"2011-04-15","Bigdeal","164585","123953","40632"
"2011-04-16","Bigdeal","219298","168584","50714"
"2011-04-17","Bigdeal","149954","109457","40497"
"2011-04-18","Bigdeal","90322","62125","28197"
"2011-04-19","Bigdeal","222826","165821","57005"
"2011-04-20","Bigdeal","222653","172020","50633"
"2011-04-21","Bigdeal","157340","121557","35783"
"2011-04-22","Bigdeal","232371","182086","50285"
"2011-04-23","Bigdeal","149077","116695","32382"
"2011-04-24","Bigdeal","195766","149906","45860"
"2011-04-25","Bigdeal","234441","177988","56453"
"2011-04-26","Bigdeal","165558","123786","41772"
"2011-04-27","Bigdeal","173769","127782","45987"
"2011-04-28","Bigdeal","202772","161943","40829"
"2011-04-29","Bigdeal","196118","151466","44652"
"2011-04-30","Bigdeal","190991","146460","44531"
"2011-05-01","Bigdeal","156340","117390","38950"
"2011-05-02","Bigdeal","174638","131742","42896"
"2011-05-03","Bigdeal","233798","172504","61294"
"2011-05-04","Bigdeal","187186","154764","32422"
"2011-05-05","Bigdeal","97842","73609","24233"
"2011-05-06","Bigdeal","156523","116790","39733"
"2011-05-07","Bigdeal","192790","140881","51909"
"2011-05-08","Bigdeal","240135","184918","55217"
"2011-05-09","Bigdeal","131090","95424","35666"
"2011-05-10","Bigdeal","135259","101615","33644"
"2011-05-11","Bigdeal","207765","162168","45597"
"2011-05-12","Bigdeal","167158","126952","40206"
"2011-05-13","Bigdeal","200822","159145","41677"
"2011-05-14","Bigdeal","129749","90729","39020"
"2011-05-15","Bigdeal","150020","116764","33256"
"2011-05-16","Bigdeal","198115","152130","45985"
"2011-05-17","Bigdeal","168183","128526","39657"
"2011-05-18","Bigdeal","149710","113409","36301"
"2011-05-19","Bigdeal","213904","164696","49208"
"2011-05-20","Bigdeal","188726","143113","45613"
"2011-05-21","Bigdeal","132086","98359","33727"
"2011-05-22","Bigdeal","95603","68737","26866"
"2011-05-23","Bigdeal","170571","121448","49123"
"2011-05-24","Bigdeal","118240","90224","28016"
"2011-05-25","Bigdeal","196741","147473","49268"
"2011-05-26","Bigdeal","153125","118837","34288"
"2011-05-27","Bigdeal","214089","161690","52399"
"2011-05-28","Bigdeal","211073","162521","48552"
"2011-05-29","Bigdeal","174040","131421","42619"
"2011-05-30","Bigdeal","166353","125067","41286"
"2011-05-31","Bigdeal","198468","150248","48220"
"2011-06-01","Bigdeal","188209","139338","48871"
"2011-06-02","Bigdeal","167645","117926","49719"
"2011-06-03","Bigdeal","201893","143036","58857"
"2011-06-04","Bigdeal","245174","175852","69322"
"2011-06-05","Bigdeal","193289","150762","42527"
"2011-06-06","Bigdeal","260160","193736","66424"
"2011-06-07","Bigdeal","216189","162153","54036"
"2011-06-08","Bigdeal","238650","178313","60337"
"2011-06-09","Bigdeal","139032","103019","36013"
"2011-06-10","Bigdeal","228189","179467","48722"
"2011-06-11","Bigdeal","217322","161754","55568"
"2011-06-12","Bigdeal","246502","195597","50905"
"2011-06-13","Bigdeal","180530","130209","50321"
"2011-06-14","Bigdeal","205025","154276","50749"
"2011-06-15","Bigdeal","256992","199035","57957"
"2011-06-16","Bigdeal","297830","238583","59247"
"2011-06-17","Bigdeal","186891","131930","54961"
"2011-06-18","Bigdeal","254912","195723","59189"
"2011-06-19","Bigdeal","216821","166919","49902"
"2011-06-20","Bigdeal","254868","193505","61363"
"2011-06-21","Bigdeal","179032","135437","43595"
"2011-06-22","Bigdeal","199326","158637","40689"
"2011-06-23","Bigdeal","185435","141382","44053"
"2011-06-24","Bigdeal","227470","174306","53164"
"2011-06-25","Bigdeal","194498","148746","45752"
"2011-06-26","Bigdeal","206325","159216","47109"
"2011-06-27","Bigdeal","253432","187622","65810"
"2011-06-28","Bigdeal","161869","117223","44646"
"2011-06-29","Bigdeal","154810","122413","32397"
"2011-06-30","Bigdeal","174415","135059","39356"
"2011-07-01","Bigdeal","229580","180090","49490"
"2011-07-02","Bigdeal","231773","177792","53981"
"2011-07-03","Bigdeal","162531","111674","50857"
"2011-07-04","Bigdeal","223131","169843","53288"
"2011-07-05","Bigdeal","259289","198693","60596"
"2011-07-06","Bigdeal","198575","162960","35615"
"2011-07-07","Bigdeal","240182","185450","54732"
"2011-07-08","Bigdeal","239847","176554","63293"
"2011-07-09","Bigdeal","245211","183174","62037"
"2011-07-10","Bigdeal","219495","175216","44279"
"2011-07-11","Bigdeal","243533","181512","62021"
"2011-07-12","Bigdeal","159367","120437","38930"
"2011-07-13","Bigdeal","288320","215611","72709"
"2011-07-14","Bigdeal","130886","95943","34943"
"2011-07-15","Bigdeal","293865","233028","60837"
"2011-07-16","Bigdeal","228213","175442","52771"
"2011-07-17","Bigdeal","280170","217817","62353"
"2011-07-18","Bigdeal","203391","160259","43132"
"2011-07-19","Bigdeal","217149","157091","60058"
"2011-07-20","Bigdeal","206394","146363","60031"
"2011-07-21","Bigdeal","242892","180723","62169"
"2011-07-22","Bigdeal","324955","247639","77316"
"2011-07-23","Bigdeal","219399","158749","60650"
"2011-07-24","Bigdeal","210979","167265","43714"
"2011-07-25","Bigdeal","202552","142958","59594"
"2011-07-26","Bigdeal","186324","136400","49924"
"2011-07-27","Bigdeal","254387","195767","58620"
"2011-07-28","Bigdeal","315737","252892","62845"
"2011-07-29","Bigdeal","237287","182487","54800"
"2011-07-30","Bigdeal","175016","125730","49286"
"2011-07-31","Bigdeal","229737","173430","56307"
"2011-08-01","Bigdeal","214371","162585","51786"
"2011-08-02","Bigdeal","267209","215051","52158"
"2011-08-03","Bigdeal","243648","171838","71810"
"2011-08-04","Bigdeal","218426","168121","50305"
"2011-08-05","Bigdeal","233691","178669","55022"
"2011-08-06","Bigdeal","197379","148457","48922"
"2011-08-07","Bigdeal","178549","132827","45722"
"2011-08-08","Bigdeal","192503","135436","57067"
"2011-08-09","Bigdeal","163546","121916","41630"
"2011-08-10","Bigdeal","213110","169372","43738"
"2011-08-11","Bigdeal","127216","94279","32937"
"2011-08-12","Bigdeal","199335","142456","56879"
"2011-08-13","Bigdeal","175499","135437","40062"
"2011-08-14","Bigdeal","178142","132817","45325"
"2011-08-15","Bigdeal","180605","130418","50187"
"2011-08-16","Bigdeal","120569","84870","35699"
"2011-08-17","Bigdeal","322006","255217","66789"
"2011-08-18","Bigdeal","138426","95983","42443"
"2011-08-19","Bigdeal","174381","123336","51045"
"2011-08-20","Bigdeal","188097","138633","49464"
"2011-08-21","Bigdeal","303806","230422","73384"
"2011-08-22","Bigdeal","219253","156442","62811"
"2011-08-23","Bigdeal","245189","190501","54688"
"2011-08-24","Bigdeal","205927","161875","44052"
"2011-08-25","Bigdeal","272106","202619","69487"
"2011-08-26","Bigdeal","225972","170740","55232"
"2011-08-27","Bigdeal","161221","125741","35480"
"2011-08-28","Bigdeal","233916","178910","55006"
"2011-08-29","Bigdeal","178340","125925","52415"
"2011-08-30","Bigdeal","268094","204600","63494"
"2011-08-31","Bigdeal","245352","190349","55003"
"2011-09-01","Bigdeal","283595","219475","64120"
"2011-09-02","Bigdeal","152081","116140","35941"
"2011-09-03","Bigdeal","211776","160731","51045"
"2011-09-04","Bigdeal","206981","154045","52936"
"2011-09-05","Bigdeal","213715","169413","44302"
"2011-09-06","Bigdeal","237931","191798","46133"
"2011-09-07","Bigdeal","185526","136762","48764"
"2011-09-08","Bigdeal","236267","181829","54438"
"2011-09-09","Bigdeal","301823","231657","70166"
"2011-09-10","Bigdeal","225489","169084","56405"
"2011-09-11","Bigdeal","164887","120500","44387"
"2011-09-12","Bigdeal","313547","243009","70538"
"2011-09-13","Bigdeal","293913","231793","62120"
"2011-09-14","Bigdeal","266001","202709","63292"
"2011-09-15","Bigdeal","240420","182394","58026"
"2011-09-16","Bigdeal","189193","149069","40124"
"2011-09-17","Bigdeal","214152","162115","52037"
"2011-09-18","Bigdeal","180859","137099","43760"
"2011-09-19","Bigdeal","200368","148465","51903"
"2011-09-20","Bigdeal","261729","200153","61576"
"2011-09-21","Bigdeal","214844","160617","54227"
"2011-09-22","Bigdeal","217972","166487","51485"
"2011-09-23","Bigdeal","164611","122061","42550"
"2011-09-24","Bigdeal","262483","206409","56074"
"2011-09-25","Bigdeal","193393","147392","46001"
"2011-09-26","Bigdeal","237040","183803","53237"
"2011-09-27","Bigdeal","207004","160648","46356"
"2011-09-28","Bigdeal","222210","164994","57216"
"2011-09-29","Bigdeal","205962","152415","53547"
"2011-09-30","Bigdeal","165520","118631","46889"
"2011-10-01","Bigdeal","340120","262791","77329"
"2011-10-02","Bigdeal","172491","123898","48593"
"2011-10-03","Bigdeal","239153","186260","52893"
"2011-10-04","Bigdeal","240453","179758","60695"
"2011-10-05","Bigdeal","198563","147729","50834"
"2011-10-06","Bigdeal","202651","150024","52627"
"2011-10-07","Bigdeal","218671","168251","50420"
"2011-10-08","Bigdeal","145572","109709","35863"
"2011-10-09","Bigdeal","188094","144136","43958"
"2011-10-10","Bigdeal","167705","126165","41540"
"2011-10-11","Bigdeal","211655","157144","54511"
"2011-10-12","Bigdeal","206836","152637","54199"
"2011-10-13","Bigdeal","256460","196878","59582"
"2011-10-14","Bigdeal","210484","165337","45147"
"2011-10-15","Bigdeal","250835","198831","52004"
"2011-10-16","Bigdeal","171318","119289","52029"
"2011-10-17","Bigdeal","222253","171171","51082"
"2011-10-18","Bigdeal","215446","165381","50065"
"2011-10-19","Bigdeal","171250","131405","39845"
"2011-10-20","Bigdeal","201786","158448","43338"
"2011-10-21","Bigdeal","215987","163404","52583"
"2011-10-22","Bigdeal","174076","121944","52132"
"2011-10-23","Bigdeal","245227","187978","57249"
"2011-10-24","Bigdeal","150222","111437","38785"
"2011-10-25","Bigdeal","240481","185299","55182"
"2011-10-26","Bigdeal","153512","109212","44300"
"2011-10-27","Bigdeal","173178","123774","49404"
"2011-10-28","Bigdeal","167197","120544","46653"
"2011-10-29","Bigdeal","262034","212533","49501"
"2011-10-30","Bigdeal","162875","114597","48278"
"2011-10-31","Bigdeal","195216","142590","52626"
"2011-11-01","Bigdeal","210832","162636","48196"
"2011-11-02","Bigdeal","190596","142837","47759"
"2011-11-03","Bigdeal","192166","139429","52737"
"2011-11-04","Bigdeal","151896","112892","39004"
"2011-11-05","Bigdeal","233000","181547","51453"
"2011-11-06","Bigdeal","313378","255318","58060"
"2011-11-07","Bigdeal","209942","161358","48584"
"2011-11-08","Bigdeal","260059","200948","59111"
"2011-11-09","Bigdeal","157919","113330","44589"
"2011-11-10","Bigdeal","279102","216611","62491"
"2011-11-11","Bigdeal","142713","106937","35776"
"2011-11-12","Bigdeal","199307","156016","43291"
"2011-11-13","Bigdeal","206527","149018","57509"
"2011-11-14","Bigdeal","213653","162616","51037"
"2011-11-15","Bigdeal","256292","205006","51286"
"2011-11-16","Bigdeal","205426","153986","51440"
"2011-11-17","Bigdeal","208753","155850","52903"
"2011-11-18","Bigdeal","257119","189378","67741"
"2011-11-19","Bigdeal","181920","134464","47456"
"2011-11-20","Bigdeal","228982","180687","48295"
"2011-11-21","Bigdeal","233088","192758","40330"
"2011-11-22","Bigdeal","182267","136003","46264"
"2011-11-23","Bigdeal","183504","134695","48809"
"2011-11-24","Bigdeal","215738","162179","53559"
"2011-11-25","Bigdeal","182493","137868","44625"
"2011-11-26","Bigdeal","157638","113106","44532"
"2011-11-27","Bigdeal","210172","159959","50213"
"2011-11-28","Bigdeal","192168","155003","37165"
"2011-11-29","Bigdeal","246387","200433","45954"
"2011-11-30","Bigdeal","282317","215576","66741"
"2011-12-01","Bigdeal","321223","254046","67177"
"2011-12-02","Bigdeal","243379","181135","62244"
"2011-12-03","Bigdeal","234490","177087","57403"
"2011-12-04","Bigdeal","242601","179590","63011"
"2011-12-05","Bigdeal","195761","146917","48844"
"2011-12-06","Bigdeal","166659","125815","40844"
"2011-12-07","Bigdeal","221677","172309","49368"
"2011-12-08","Bigdeal","235917","189000","46917"
"2011-12-09","Bigdeal","205467","157831","47636"
"2011-12-10","Bigdeal","348561","269209","79352"
"2011-12-11","Bigdeal","227972","182432","45540"
"2011-12-12","Bigdeal","206478","155914","50564"
"2011-12-13","Bigdeal","206397","163283","43114"
"2011-12-14","Bigdeal","174647","129622","45025"
"2011-12-15","Bigdeal","270505","213955","56550"
"2011-12-16","Bigdeal","159717","120279","39438"
"2011-12-17","Bigdeal","165532","125629","39903"
"2011-12-18","Bigdeal","251473","187166","64307"
"2011-12-19","Bigdeal","219854","165095","54759"
"2011-12-20","Bigdeal","306962","237863","69099"
"2011-12-21","Bigdeal","223818","168211","55607"
"2011-12-22","Bigdeal","231060","177481","53579"
"2011-12-23","Bigdeal","186798","145706","41092"
"2011-12-24","Bigdeal","163944","124701","39243"
"2011-12-25","Bigdeal","278544","212580","65964"
"2011-12-26","Bigdeal","200903","147320","53583"
"2011-12-27","Bigdeal","218965","169674","49291"
"2011-12-28","Bigdeal","201726","160967","40759"
"2011-12-29","Bigdeal","223626","169221","54405"
"2011-12-30","Bigdeal","148372","109364","39008"
"2011-12-31","Bigdeal","208407","153062","55345"
"2012-01-01","Bigdeal","407763","307093","100670"
"2012-01-02","Bigdeal","311229","237587","73642"
"2012-01-03","Bigdeal","212914","165522","47392"
"2012-01-04","Bigdeal","342955","256753","86202"
"2012-01-05","Bigdeal","388811","301685","87126"
"2012-01-06","Bigdeal","391777","308826","82951"
"2012-01-07","Bigdeal","228483","164853","63630"
"2012-01-08","Bigdeal","312119","224397","87722"
"2012-01-09","Bigdeal","313342","240521","72821"
"2012-01-10","Bigdeal","261534","197202","64332"
"2012-01-11","Bigdeal","207909","148854","59055"
"2012-01-12","Bigdeal","259975","188366","71609"
"2012-01-13","Bigdeal","258817","189447","69370"
"2012-01-14","Bigdeal","302541","227188","75353"
"2012-01-15","Bigdeal","278213","201897","76316"
"2012-01-16","Bigdeal","289446","227434","62012"
"2012-01-17","Bigdeal","267121","197184","69937"
"2012-01-18","Bigdeal","311631","235356","76275"
"2012-01-19","Bigdeal","263946","202324","61622"
"2012-01-20","Bigdeal","332217","255822","76395"
"2012-01-21","Bigdeal","270740","199042","71698"
"2012-01-22","Bigdeal","369125","282399","86726"
"2012-01-23","Bigdeal","355350","276438","78912"
"2012-01-24","Bigdeal","245178","187991","57187"
"2012-01-25","Bigdeal","348129","260293","87836"
"2012-01-26","Bigdeal","339433","269963","69470"
"2012-01-27","Bigdeal","296603","216972","79631"
"2012-01-28","Bigdeal","342410","260095","82315"
"2012-01-29","Bigdeal","309010","233537","75473"
"2012-01-30","Bigdeal","288300","221757","66543"
"2012-01-31","Bigdeal","336528","261994","74534"
"2012-02-01","Bigdeal","237375","162449","74926"
"2012-02-02","Bigdeal","363707","281946","81761"
"2012-02-03","Bigdeal","324526","242029","82497"
"2012-02-04","Bigdeal","284813","214551","70262"
"2012-02-05","Bigdeal","305077","233427","71650"
"2012-02-06","Bigdeal","286333","213847","72486"
"2012-02-07","Bigdeal","312162","224714","87448"
"2012-02-08","Bigdeal","353390","260676","92714"
"2012-02-09","Bigdeal","314744","237594","77150"
"2012-02-10","Bigdeal","417238","322626","94612"
"2012-02-11","Bigdeal","423593","327657","95936"
"2012-02-12","Bigdeal","323080","232488","90592"
"2012-02-13","Bigdeal","282811","219307","63504"
"2012-02-14","Bigdeal","317787","239460","78327"
"2012-02-15","Bigdeal","283673","210066","73607"
"2012-02-16","Bigdeal","355926","270333","85593"
"2012-02-17","Bigdeal","290556","215238","75318"
"2012-02-18","Bigdeal","285628","216269","69359"
"2012-02-19","Bigdeal","332489","267527","64962"
"2012-02-20","Bigdeal","287517","217686","69831"
"2012-02-21","Bigdeal","291000","215136","75864"
"2012-02-22","Bigdeal","453999","367248","86751"
"2012-02-23","Bigdeal","426711","322750","103961"
"2012-02-24","Bigdeal","263547","202729","60818"
"2012-02-25","Bigdeal","278139","202926","75213"
"2012-02-26","Bigdeal","281202","218179","63023"
"2012-02-27","Bigdeal","385299","292813","92486"
"2012-02-28","Bigdeal","369362","273222","96140"
"2012-02-29","Bigdeal","284712","214961","69751"
"2012-03-01","Bigdeal","326034","255187","70847"
"2012-03-02","Bigdeal","318717","238642","80075"
"2012-03-03","Bigdeal","403880","303017","100863"
"2012-03-04","Bigdeal","376002","275752","100250"
"2012-03-05","Bigdeal","435550","335912","99638"
"2012-03-06","Bigdeal","347715","266123","81592"
"2012-03-07","Bigdeal","347082","263582","83500"
"2012-03-08","Bigdeal","305182","230940","74242"
"2012-03-09","Bigdeal","368013","278357","89656"
"2012-03-10","Bigdeal","385669","296445","89224"
"2012-03-11","Bigdeal","316423","243733","72690"
"2012-03-12","Bigdeal","395581","313560","82021"
"2012-03-13","Bigdeal","429469","326873","102596"
"2012-03-14","Bigdeal","286096","223708","62388"
"2012-03-15","Bigdeal","358959","274599","84360"
"2012-03-16","Bigdeal","253533","189495","64038"
"2012-03-17","Bigdeal","301402","226066","75336"
"2012-03-18","Bigdeal","291039","211723","79316"
"2012-03-19","Bigdeal","348891","266666","82225"
"2012-03-20","Bigdeal","270859","193578","77281"
"2012-03-21","Bigdeal","309663","222532","87131"
"2012-03-22","Bigdeal","345186","268338","76848"
"2012-03-23","Bigdeal","385714","288663","97051"
"2012-03-24","Bigdeal","328072","249614","78458"
"2012-03-25","Bigdeal","420909","320213","100696"
"2012-03-26","Bigdeal","251272","169786","81486"
"2012-03-27","Bigdeal","277343","200467","76876"
"2012-03-28","Bigdeal","325511","243663","81848"
"2012-03-29","Bigdeal","349670","272034","77636"
"2012-03-30","Bigdeal","269068","206186","62882"
"2012-03-31","Bigdeal","275876","208134","67742"
"2012-04-01","Bigdeal","268029","197753","70276"
"2012-04-02","Bigdeal","271908","196617","75291"
"2012-04-03","Bigdeal","378050","279160","98890"
"2012-04-04","Bigdeal","321690","250739","70951"
"2012-04-05","Bigdeal","405107","318032","87075"
"2012-04-06","Bigdeal","321251","250990","70261"
"2012-04-07","Bigdeal","341272","258410","82862"
"2012-04-08","Bigdeal","272406","206226","66180"
"2012-04-09","Bigdeal","370535","280244","90291"
"2012-04-10","Bigdeal","240553","168099","72454"
"2012-04-11","Bigdeal","277219","209971","67248"
"2012-04-12","Bigdeal","385068","297954","87114"
"2012-04-13","Bigdeal","323401","254677","68724"
"2012-04-14","Bigdeal","310193","239657","70536"
"2012-04-15","Bigdeal","404428","301018","103410"
"2012-04-16","Bigdeal","353306","266624","86682"
"2012-04-17","Bigdeal","338753","253519","85234"
"2012-04-18","Bigdeal","342850","270414","72436"
"2012-04-19","Bigdeal","274206","196393","77813"
"2012-04-20","Bigdeal","410283","317639","92644"
"2012-04-21","Bigdeal","469177","370836","98341"
"2012-04-22","Bigdeal","318747","243670","75077"
"2012-04-23","Bigdeal","303551","246393","57158"
"2012-04-24","Bigdeal","322324","234978","87346"
"2012-04-25","Bigdeal","348895","267265","81630"
"2012-04-26","Bigdeal","344904","269724","75180"
"2012-04-27","Bigdeal","308773","228752","80021"
"2012-04-28","Bigdeal","336977","256976","80001"
"2012-04-29","Bigdeal","417171","321928","95243"
"2012-04-30","Bigdeal","311461","240701","70760"
"2012-05-01","Bigdeal","414021","320076","93945"
"2012-05-02","Bigdeal","333312","248065","85247"
"2012-05-03","Bigdeal","334155","246416","87739"
"2012-05-04","Bigdeal","373463","279771","93692"
"2012-05-05","Bigdeal","456626","353249","103377"
"2012-05-06","Bigdeal","346721","262035","84686"
"2012-05-07","Bigdeal","315523","233876","81647"
"2012-05-08","Bigdeal","157215","112533","44682"
"2012-05-09","Bigdeal","319213","247709","71504"
"2012-05-10","Bigdeal","381077","295113","85964"
"2012-05-11","Bigdeal","344447","261554","82893"
"2012-05-12","Bigdeal","436389","332923","103466"
"2012-05-13","Bigdeal","316251","231956","84295"
"2012-05-14","Bigdeal","299116","225382","73734"
"2012-05-15","Bigdeal","315715","240014","75701"
"2012-05-16","Bigdeal","248213","182411","65802"
"2012-05-17","Bigdeal","370537","286728","83809"
"2012-05-18","Bigdeal","295041","222663","72378"
"2012-05-19","Bigdeal","377972","283208","94764"
"2012-05-20","Bigdeal","296243","221093","75150"
"2012-05-21","Bigdeal","310593","222519","88074"
"2012-05-22","Bigdeal","235731","165835","69896"
"2012-05-23","Bigdeal","403682","301826","101856"
"2012-05-24","Bigdeal","385866","294823","91043"
"2012-05-25","Bigdeal","387162","279507","107655"
"2012-05-26","Bigdeal","485793","374928","110865"
"2012-05-27","Bigdeal","308911","229732","79179"
"2012-05-28","Bigdeal","355189","269185","86004"
"2012-05-29","Bigdeal","309491","235185","74306"
"2012-05-30","Bigdeal","292203","212276","79927"
"2012-05-31","Bigdeal","358486","268826","89660"
"2012-06-01","Bigdeal","96000","71993","24007"
"2012-06-02","Bigdeal","173568","133409","40159"
"2012-06-03","Bigdeal","149480","116668","32812"
"2012-06-04","Bigdeal","125469","87015","38454"
"2012-06-05","Bigdeal","135435","99536","35899"
"2012-06-06","Bigdeal","134550","98739","35811"
"2012-06-07","Bigdeal","147974","105120","42854"
"2012-06-08","Bigdeal","190044","144555","45489"
"2012-06-09","Bigdeal","134132","102142","31990"
"2012-06-10","Bigdeal","154606","117839","36767"
"2012-06-11","Bigdeal","162784","127674","35110"
"2012-06-12","Bigdeal","183140","139297","43843"
"2012-06-13","Bigdeal","173624","131394","42230"
"2012-06-14","Bigdeal","119328","82101","37227"
"2012-06-15","Bigdeal","139838","105149","34689"
"2012-06-16","Bigdeal","120844","91288","29556"
"2012-06-17","Bigdeal","65691","47217","18474"
"2012-06-18","Bigdeal","115156","84374","30782"
"2012-06-19","Bigdeal","198190","148305","49885"
"2012-06-20","Bigdeal","121333","87229","34104"
"2012-06-21","Bigdeal","95792","65874","29918"
"2012-06-22","Bigdeal","162283","123908","38375"
"2012-06-23","Bigdeal","116899","91267","25632"
"2012-06-24","Bigdeal","184975","134364","50611"
"2012-06-25","Bigdeal","134784","104731","30053"
"2012-06-26","Bigdeal","167069","132176","34893"
"2012-06-27","Bigdeal","132546","87707","44839"
"2012-06-28","Bigdeal","202385","164128","38257"
"2012-06-29","Bigdeal","121723","93733","27990"
"2012-06-30","Bigdeal","131396","97745","33651"
"2012-07-01","Bigdeal","178467","134619","43848"
"2012-07-02","Bigdeal","150583","114146","36437"
"2012-07-03","Bigdeal","158688","124289","34399"
"2012-07-04","Bigdeal","127623","100634","26989"
"2012-07-05","Bigdeal","136071","106640","29431"
"2012-07-06","Bigdeal","205306","161993","43313"
"2012-07-07","Bigdeal","171574","126044","45530"
"2012-07-08","Bigdeal","188176","140522","47654"
"2012-07-09","Bigdeal","152236","120986","31250"
"2012-07-10","Bigdeal","146995","114451","32544"
"2012-07-11","Bigdeal","124035","97810","26225"
"2012-07-12","Bigdeal","161650","128919","32731"
"2012-07-13","Bigdeal","80923","52771","28152"
"2012-07-14","Bigdeal","145212","111701","33511"
"2012-07-15","Bigdeal","111033","79360","31673"
"2012-07-16","Bigdeal","134385","98926","35459"
"2012-07-17","Bigdeal","157352","112217","45135"
"2012-07-18","Bigdeal","176091","139072","37019"
"2012-07-19","Bigdeal","190207","152142","38065"
"2012-07-20","Bigdeal","117644","89957","27687"
"2012-07-21","Bigdeal","147941","108650","39291"
"2012-07-22","Bigdeal","126623","92314","34309"
"2012-07-23","Bigdeal","136922","103342","33580"
"2012-07-24","Bigdeal","169235","137443","31792"
"2012-07-25","Bigdeal","169671","133747","35924"
"2012-07-26","Bigdeal","170228","131852","38376"
"2012-07-27","Bigdeal","142293","114417","27876"
"2012-07-28","Bigdeal","99847","66369","33478"
"2012-07-29","Bigdeal","185326","141007","44319"
"2012-07-30","Bigdeal","143995","110844","33151"
"2012-07-31","Bigdeal","140585","100920","39665"
"2012-08-01","Bigdeal","142328","105701","36627"
"2012-08-02","Bigdeal","194437","147763","46674"
"2012-08-03","Bigdeal","251876","187930","63946"
"2012-08-04","Bigdeal","158347","113502","44845"
"2012-08-05","Bigdeal","145283","112362","32921"
"2012-08-06","Bigdeal","142017","102898","39119"
"2012-08-07","Bigdeal","106302","81943","24359"
"2012-08-08","Bigdeal","140510","103008","37502"
"2012-08-09","Bigdeal","144935","112925","32010"
"2012-08-10","Bigdeal","169041","123045","45996"
"2012-08-11","Bigdeal","129534","96042","33492"
"2012-08-12","Bigdeal","111633","83399","28234"
"2012-08-13","Bigdeal","146973","111287","35686"
"2012-08-14","Bigdeal","224145","174760","49385"
"2012-08-15","Bigdeal","145448","107227","38221"
"2012-08-16","Bigdeal","125889","96418","29471"
"2012-08-17","Bigdeal","151998","115598","36400"
"2012-08-18","Bigdeal","181720","143888","37832"
"2012-08-19","Bigdeal","110161","78900","31261"
"2012-08-20","Bigdeal","180889","128550","52339"
"2012-08-21","Bigdeal","165986","125958","40028"
"2012-08-22","Bigdeal","134955","101828","33127"
"2012-08-23","Bigdeal","155088","118660","36428"
"2012-08-24","Bigdeal","171486","121722","49764"
"2012-08-25","Bigdeal","117141","79948","37193"
"2012-08-26","Bigdeal","161138","117071","44067"
"2012-08-27","Bigdeal","177132","135282","41850"
"2012-08-28","Bigdeal","161209","124613","36596"
"2012-08-29","Bigdeal","147752","103344","44408"
"2012-08-30","Bigdeal","211137","166604","44533"
"2012-08-31","Bigdeal","142976","100917","42059"
"2012-09-01","Bigdeal","198309","146809","51500"
"2012-09-02","Bigdeal","158588","117158","41430"
"2012-09-03","Bigdeal","224742","173531","51211"
"2012-09-04","Bigdeal","160523","121715","38808"
"2012-09-05","Bigdeal","131859","107303","24556"
"2012-09-06","Bigdeal","239204","195165","44039"
"2012-09-07","Bigdeal","179994","144954","35040"
"2012-09-08","Bigdeal","149295","107826","41469"
"2012-09-09","Bigdeal","138733","97592","41141"
"2012-09-10","Bigdeal","152125","115718","36407"
"2012-09-11","Bigdeal","134143","98988","35155"
"2012-09-12","Bigdeal","144808","105180","39628"
"2012-09-13","Bigdeal","80989","57004","23985"
"2012-09-14","Bigdeal","143734","109803","33931"
"2012-09-15","Bigdeal","139248","103642","35606"
"2012-09-16","Bigdeal","115703","81547","34156"
"2012-09-17","Bigdeal","156311","115977","40334"
"2012-09-18","Bigdeal","177804","131718","46086"
"2012-09-19","Bigdeal","139045","98837","40208"
"2012-09-20","Bigdeal","157628","120920","36708"
"2012-09-21","Bigdeal","161623","116884","44739"
"2012-09-22","Bigdeal","94204","73558","20646"
"2012-09-23","Bigdeal","173223","134769","38454"
"2012-09-24","Bigdeal","182262","133162","49100"
"2012-09-25","Bigdeal","155825","110198","45627"
"2012-09-26","Bigdeal","135671","106504","29167"
"2012-09-27","Bigdeal","155720","117760","37960"
"2012-09-28","Bigdeal","117099","93120","23979"
"2012-09-29","Bigdeal","235270","191633","43637"
"2012-09-30","Bigdeal","157629","114754","42875"
"2012-10-01","Bigdeal","174267","122676","51591"
"2012-10-02","Bigdeal","220692","171241","49451"
"2012-10-03","Bigdeal","138730","101727","37003"
"2012-10-04","Bigdeal","184695","136859","47836"
"2012-10-05","Bigdeal","182253","139188","43065"
"2012-10-06","Bigdeal","224168","171953","52215"
"2012-10-07","Bigdeal","178106","131947","46159"
"2012-10-08","Bigdeal","239055","181450","57605"
"2012-10-09","Bigdeal","155967","119698","36269"
"2012-10-10","Bigdeal","192287","142442","49845"
"2012-10-11","Bigdeal","188037","141495","46542"
"2012-10-12","Bigdeal","142997","93831","49166"
"2012-10-13","Bigdeal","181918","136041","45877"
"2012-10-14","Bigdeal","231951","176933","55018"
"2012-10-15","Bigdeal","204562","150979","53583"
"2012-10-16","Bigdeal","204376","150674","53702"
"2012-10-17","Bigdeal","271479","219490","51989"
"2012-10-18","Bigdeal","131748","94320","37428"
"2012-10-19","Bigdeal","214953","171599","43354"
"2012-10-20","Bigdeal","194906","141294","53612"
"2012-10-21","Bigdeal","203436","154512","48924"
"2012-10-22","Bigdeal","158094","123178","34916"
"2012-10-23","Bigdeal","134561","99460","35101"
"2012-10-24","Bigdeal","195226","147965","47261"
"2012-10-25","Bigdeal","176455","135196","41259"
"2012-10-26","Bigdeal","161010","107813","53197"
"2012-10-27","Bigdeal","224339","162618","61721"
"2012-10-28","Bigdeal","182807","140329","42478"
"2012-10-29","Bigdeal","176867","139511","37356"
"2012-10-30","Bigdeal","166380","126479","39901"
"2012-10-31","Bigdeal","168367","121766","46601"
"2012-11-01","Bigdeal","200435","152993","47442"
"2012-11-02","Bigdeal","164564","131877","32687"
"2012-11-03","Bigdeal","205277","156055","49222"
"2012-11-04","Bigdeal","187457","144384","43073"
"2012-11-05","Bigdeal","212767","153600","59167"
"2012-11-06","Bigdeal","99935","72014","27921"
"2012-11-07","Bigdeal","245915","184966","60949"
"2012-11-08","Bigdeal","186484","145056","41428"
"2012-11-09","Bigdeal","197476","151890","45586"
"2012-11-10","Bigdeal","204975","156307","48668"
"2012-11-11","Bigdeal","145777","106875","38902"
"2012-11-12","Bigdeal","206450","154632","51818"
"2012-11-13","Bigdeal","165273","132100","33173"
"2012-11-14","Bigdeal","108795","80292","28503"
"2012-11-15","Bigdeal","236074","184678","51396"
"2012-11-16","Bigdeal","192020","144032","47988"
"2012-11-17","Bigdeal","177106","130488","46618"
"2012-11-18","Bigdeal","232528","173789","58739"
"2012-11-19","Bigdeal","221509","174963","46546"
"2012-11-20","Bigdeal","207967","158151","49816"
"2012-11-21","Bigdeal","138551","94708","43843"
"2012-11-22","Bigdeal","187576","143499","44077"
"2012-11-23","Bigdeal","219001","168979","50022"
"2012-11-24","Bigdeal","171647","132914","38733"
"2012-11-25","Bigdeal","150087","110700","39387"
"2012-11-26","Bigdeal","192532","140576","51956"
"2012-11-27","Bigdeal","159451","121744","37707"
"2012-11-28","Bigdeal","126493","95654","30839"
"2012-11-29","Bigdeal","272936","207151","65785"
"2012-11-30","Bigdeal","172534","137879","34655"
"2012-12-01","Bigdeal","196622","153459","43163"
"2012-12-02","Bigdeal","234771","185297","49474"
"2012-12-03","Bigdeal","154179","116092","38087"
"2012-12-04","Bigdeal","136914","100770","36144"
"2012-12-05","Bigdeal","176024","135718","40306"
"2012-12-06","Bigdeal","160098","117531","42567"
"2012-12-07","Bigdeal","141649","100933","40716"
"2012-12-08","Bigdeal","164586","130185","34401"
"2012-12-09","Bigdeal","163782","117376","46406"
"2012-12-10","Bigdeal","134599","94983","39616"
"2012-12-11","Bigdeal","189554","148550","41004"
"2012-12-12","Bigdeal","154652","113977","40675"
"2012-12-13","Bigdeal","170423","128764","41659"
"2012-12-14","Bigdeal","239656","193857","45799"
"2012-12-15","Bigdeal","163185","122354","40831"
"2012-12-16","Bigdeal","183496","131683","51813"
"2012-12-17","Bigdeal","163473","121249","42224"
"2012-12-18","Bigdeal","167302","120849","46453"
"2012-12-19","Bigdeal","200198","149405","50793"
"2012-12-20","Bigdeal","159483","131777","27706"
"2012-12-21","Bigdeal","156021","111479","44542"
"2012-12-22","Bigdeal","146801","109744","37057"
"2012-12-23","Bigdeal","179959","134015","45944"
"2012-12-24","Bigdeal","158591","112282","46309"
"2012-12-25","Bigdeal","247730","187268","60462"
"2012-12-26","Bigdeal","228848","174294","54554"
"2012-12-27","Bigdeal","214185","167009","47176"
"2012-12-28","Bigdeal","141565","111286","30279"
"2012-12-29","Bigdeal","156151","112025","44126"
"2012-12-30","Bigdeal","160225","117182","43043"
"2012-12-31","Bigdeal","170436","121526","48910"
"2013-01-01","Bigdeal","163046","123989","39057"
"2013-01-02","Bigdeal","652360","480218","172142"
"2013-01-03","Bigdeal","427554","314052","113502"
"2013-01-04","Bigdeal","563690","423045","140645"
"2013-01-05","Bigdeal","455809","334027","121782"
"2013-01-06","Bigdeal","401557","296305","105252"
"2013-01-07","Bigdeal","575151","430885","144266"
"2013-01-08","Bigdeal","574546","447028","127518"
"2013-01-09","Bigdeal","560739","427080","133659"
"2013-01-10","Bigdeal","439227","317831","121396"
"2013-01-11","Bigdeal","405855","298526","107329"
"2013-01-12","Bigdeal","428822","319615","109207"
"2013-01-13","Bigdeal","508976","373922","135054"
"2013-01-14","Bigdeal","476185","346091","130094"
"2013-01-15","Bigdeal","508704","372027","136677"
"2013-01-16","Bigdeal","471475","360498","110977"
"2013-01-17","Bigdeal","470210","349714","120496"
"2013-01-18","Bigdeal","393190","286506","106684"
"2013-01-19","Bigdeal","629657","480292","149365"
"2013-01-20","Bigdeal","551183","406651","144532"
"2013-01-21","Bigdeal","556859","419566","137293"
"2013-01-22","Bigdeal","410538","283833","126705"
"2013-01-23","Bigdeal","474736","342078","132658"
"2013-01-24","Bigdeal","509121","378775","130346"
"2013-01-25","Bigdeal","570583","434324","136259"
"2013-01-26","Bigdeal","460436","347862","112574"
"2013-01-27","Bigdeal","568410","434592","133818"
"2013-01-28","Bigdeal","459721","347311","112410"
"2013-01-29","Bigdeal","534600","401698","132902"
"2013-01-30","Bigdeal","526596","397017","129579"
"2013-01-31","Bigdeal","449566","331054","118512"
"2013-02-01","Bigdeal","612603","461604","150999"
"2013-02-02","Bigdeal","512269","392302","119967"
"2013-02-03","Bigdeal","486843","356879","129964"
"2013-02-04","Bigdeal","512841","395832","117009"
"2013-02-05","Bigdeal","449103","335300","113803"
"2013-02-06","Bigdeal","495500","372277","123223"
"2013-02-07","Bigdeal","492158","363582","128576"
"2013-02-08","Bigdeal","504225","379171","125054"
"2013-02-09","Bigdeal","546039","416814","129225"
"2013-02-10","Bigdeal","377816","265012","112804"
"2013-02-11","Bigdeal","601495","458548","142947"
"2013-02-12","Bigdeal","563773","415635","148138"
"2013-02-13","Bigdeal","568377","440957","127420"
"2013-02-14","Bigdeal","495822","383989","111833"
"2013-02-15","Bigdeal","607282","463767","143515"
"2013-02-16","Bigdeal","585534","439433","146101"
"2013-02-17","Bigdeal","603404","463207","140197"
"2013-02-18","Bigdeal","606400","452853","153547"
"2013-02-19","Bigdeal","552918","423415","129503"
"2013-02-20","Bigdeal","526168","390758","135410"
"2013-02-21","Bigdeal","584006","431273","152733"
"2013-02-22","Bigdeal","428869","305912","122957"
"2013-02-23","Bigdeal","591903","451247","140656"
"2013-02-24","Bigdeal","642974","489786","153188"
"2013-02-25","Bigdeal","634255","474463","159792"
"2013-02-26","Bigdeal","630459","471025","159434"
"2013-02-27","Bigdeal","532906","395428","137478"
"2013-02-28","Bigdeal","498832","357036","141796"
"2013-03-01","Bigdeal","189739","138142","51597"
"2013-03-02","Bigdeal","298200","234487","63713"
"2013-03-03","Bigdeal","582620","438460","144160"
"2013-03-04","Bigdeal","582116","426059","156057"
"2013-03-05","Bigdeal","560810","422519","138291"
"2013-03-06","Bigdeal","610117","464574","145543"
"2013-03-07","Bigdeal","602092","452598","149494"
"2013-03-08","Bigdeal","544374","401102","143272"
"2013-03-09","Bigdeal","683730","512916","170814"
"2013-03-10","Bigdeal","561805","431012","130793"
"2013-03-11","Bigdeal","492319","355419","136900"
"2013-03-12","Bigdeal","576154","426878","149276"
"2013-03-13","Bigdeal","534792","384627","150165"
"2013-03-14","Bigdeal","649339","490088","159251"
"2013-03-15","Bigdeal","512287","376852","135435"
"2013-03-16","Bigdeal","496787","369447","127340"
"2013-03-17","Bigdeal","609011","457322","151689"
"2013-03-18","Bigdeal","562893","429462","133431"
"2013-03-19","Bigdeal","656143","498386","157757"
"2013-03-20","Bigdeal","474889","358077","116812"
"2013-03-21","Bigdeal","577523","443082","134441"
"2013-03-22","Bigdeal","683757","517881","165876"
"2013-03-23","Bigdeal","620026","464796","155230"
"2013-03-24","Bigdeal","606690","457463","149227"
"2013-03-25","Bigdeal","640884","487355","153529"
"2013-03-26","Bigdeal","504614","381546","123068"
"2013-03-27","Bigdeal","517760","393789","123971"
"2013-03-28","Bigdeal","580897","448231","132666"
"2013-03-29","Bigdeal","605876","455721","150155"
"2013-03-30","Bigdeal","522418","381698","140720"
"2013-03-31","Bigdeal","599762","462956","136806"
"2013-04-01","Bigdeal","476727","349375","127352"
"2013-04-02","Bigdeal","608868","457326","151542"
"2013-04-03","Bigdeal","546142","407398","138744"
"2013-04-04","Bigdeal","499602","365134","134468"
"2013-04-05","Bigdeal","450501","335508","114993"
"2013-04-06","Bigdeal","557553","418506","139047"
"2013-04-07","Bigdeal","659820","496483","163337"
"2013-04-08","Bigdeal","654892","499557","155335"
"2013-04-09","Bigdeal","630843","477769","153074"
"2013-04-10","Bigdeal","537083","380643","156440"
"2013-04-11","Bigdeal","643543","495221","148322"
"2013-04-12","Bigdeal","563330","427883","135447"
"2013-04-13","Bigdeal","496733","368755","127978"
"2013-04-14","Bigdeal","628282","476377","151905"
"2013-04-15","Bigdeal","485675","346417","139258"
"2013-04-16","Bigdeal","648909","496751","152158"
"2013-04-17","Bigdeal","606362","438779","167583"
"2013-04-18","Bigdeal","549612","405303","144309"
"2013-04-19","Bigdeal","699196","531848","167348"
"2013-04-20","Bigdeal","604419","456923","147496"
"2013-04-21","Bigdeal","600093","458379","141714"
"2013-04-22","Bigdeal","685768","513736","172032"
"2013-04-23","Bigdeal","643466","477402","166064"
"2013-04-24","Bigdeal","445187","318054","127133"
"2013-04-25","Bigdeal","566319","416691","149628"
"2013-04-26","Bigdeal","451367","328313","123054"
"2013-04-27","Bigdeal","530999","390461","140538"
"2013-04-28","Bigdeal","596153","463991","132162"
"2013-04-29","Bigdeal","617824","454006","163818"
"2013-04-30","Bigdeal","609643","466887","142756"
"2013-05-01","Bigdeal","237368","167252","70116"
"2013-05-02","Bigdeal","630919","474061","156858"
"2013-05-03","Bigdeal","622940","448446","174494"
"2013-05-04","Bigdeal","698314","521392","176922"
"2013-05-05","Bigdeal","621216","439905","181311"
"2013-05-06","Bigdeal","544706","387756","156950"
"2013-05-07","Bigdeal","622424","442981","179443"
"2013-05-08","Bigdeal","593123","400163","192960"
"2013-05-09","Bigdeal","524870","371013","153857"
"2013-05-10","Bigdeal","571153","407332","163821"
"2013-05-11","Bigdeal","763612","575819","187793"
"2013-05-12","Bigdeal","553249","386083","167166"
"2013-05-13","Bigdeal","697829","489431","208398"
"2013-05-14","Bigdeal","559957","379528","180429"
"2013-05-15","Bigdeal","637708","452376","185332"
"2013-05-16","Bigdeal","513272","370294","142978"
"2013-05-17","Bigdeal","670174","469751","200423"
"2013-05-18","Bigdeal","644931","464878","180053"
"2013-05-19","Bigdeal","657252","484109","173143"
"2013-05-20","Bigdeal","675827","499318","176509"
"2013-05-21","Bigdeal","624079","440037","184042"
"2013-05-22","Bigdeal","569164","402113","167051"
"2013-05-23","Bigdeal","725566","530852","194714"
"2013-05-24","Bigdeal","646291","461607","184684"
"2013-05-25","Bigdeal","633586","441456","192130"
"2013-05-26","Bigdeal","651771","480957","170814"
"2013-05-27","Bigdeal","593091","420960","172131"
"2013-05-28","Bigdeal","552290","390501","161789"
"2013-05-29","Bigdeal","556600","394388","162212"
"2013-05-30","Bigdeal","554325","396078","158247"
"2013-05-31","Bigdeal","429169","306958","122211"
"2008-06-03","Bitbucket","22706","15893","6813"
"2008-06-04","Bitbucket","18799","12989","5810"
"2008-06-05","Bitbucket","26208","19211","6997"
"2008-06-07","Bitbucket","15998","10794","5204"
"2008-06-08","Bitbucket","18799","12989","5810"
"2008-06-10","Bitbucket","66747","54612","12135"
"2008-06-11","Bitbucket","2779","2325","454"
"2008-06-12","Bitbucket","4579","3662","917"
"2008-06-15","Bitbucket","13319","8687","4632"
"2008-06-16","Bitbucket","18799","12989","5810"
"2008-06-17","Bitbucket","76586","59851","16735"
"2008-06-18","Bitbucket","20178","13857","6321"
"2008-06-19","Bitbucket","12889","10524","2365"
"2008-06-20","Bitbucket","16818","13298","3520"
"2008-06-21","Bitbucket","34398","23184","11214"
"2008-06-22","Bitbucket","6608","4881","1727"
"2008-06-23","Bitbucket","45118","39063","6055"
"2008-06-24","Bitbucket","15599","10195","5404"
"2008-06-25","Bitbucket","63917","52052","11865"
"2008-06-26","Bitbucket","87405","68640","18765"
"2008-06-27","Bitbucket","12889","10524","2365"
"2008-06-28","Bitbucket","21827","15123","6704"
"2008-06-30","Bitbucket","27307","19425","7882"
"2008-07-01","Bitbucket","13087","10098","2989"
"2008-07-02","Bitbucket","40539","35401","5138"
"2008-07-03","Bitbucket","30787","22873","7914"
"2008-07-04","Bitbucket","3929","2774","1155"
"2008-07-05","Bitbucket","4579","3662","917"
"2008-07-06","Bitbucket","18799","12989","5810"
"2008-07-07","Bitbucket","40539","35401","5138"
"2008-07-08","Bitbucket","13087","10098","2989"
"2008-07-10","Bitbucket","7858","5548","2310"
"2008-07-11","Bitbucket","4579","3662","917"
"2008-07-12","Bitbucket","15599","10195","5404"
"2008-07-13","Bitbucket","60176","44232","15944"
"2008-07-14","Bitbucket","24107","16631","7476"
"2008-07-15","Bitbucket","27053","20966","6087"
"2008-07-16","Bitbucket","43318","37726","5592"
"2008-07-17","Bitbucket","40539","35401","5138"
"2008-07-18","Bitbucket","17248","11461","5787"
"2008-07-19","Bitbucket","11187","8760","2427"
"2008-07-21","Bitbucket","53428","45925","7503"
"2008-07-22","Bitbucket","68496","55714","12782"
"2008-07-23","Bitbucket","2679","2107","572"
"2008-07-24","Bitbucket","4579","3662","917"
"2008-07-25","Bitbucket","42568","36837","5731"
"2008-07-26","Bitbucket","9158","7324","1834"
"2008-07-29","Bitbucket","15599","10195","5404"
"2008-07-30","Bitbucket","17468","14186","3282"
"2008-07-31","Bitbucket","25778","21048","4730"
"2008-08-01","Bitbucket","69027","56120","12907"
"2008-08-02","Bitbucket","18799","12989","5810"
"2008-08-03","Bitbucket","18799","12989","5810"
"2008-08-04","Bitbucket","4579","3662","917"
"2008-08-05","Bitbucket","4579","3662","917"
"2008-08-06","Bitbucket","4579","3662","917"
"2008-08-08","Bitbucket","15599","10195","5404"
"2008-08-09","Bitbucket","17468","14186","3282"
"2008-08-13","Bitbucket","63496","51583","11913"
"2008-08-14","Bitbucket","36276","24869","11407"
"2008-08-15","Bitbucket","12889","10524","2365"
"2008-08-16","Bitbucket","40539","35401","5138"
"2008-08-17","Bitbucket","9158","7324","1834"
"2008-08-18","Bitbucket","40539","35401","5138"
"2008-08-19","Bitbucket","12889","10524","2365"
"2008-08-20","Bitbucket","45118","39063","6055"
"2008-08-21","Bitbucket","3929","2774","1155"
"2008-08-22","Bitbucket","17468","14186","3282"
"2008-08-24","Bitbucket","18799","12989","5810"
"2008-08-25","Bitbucket","50487","36502","13985"
"2008-08-26","Bitbucket","28457","23155","5302"
"2008-08-27","Bitbucket","4579","3662","917"
"2008-08-29","Bitbucket","26638","17374","9264"
"2008-08-31","Bitbucket","12889","10524","2365"
"2008-09-01","Bitbucket","7858","5548","2310"
"2008-09-02","Bitbucket","2779","2325","454"
"2008-09-03","Bitbucket","13319","8687","4632"
"2008-09-04","Bitbucket","57357","48699","8658"
"2008-09-05","Bitbucket","59338","48390","10948"
"2008-09-07","Bitbucket","25256","18336","6920"
"2008-09-10","Bitbucket","47897","41388","6509"
"2008-09-11","Bitbucket","2679","2107","572"
"2008-09-12","Bitbucket","3929","2774","1155"
"2008-09-13","Bitbucket","21578","15314","6264"
"2008-09-15","Bitbucket","2779","2325","454"
"2008-09-16","Bitbucket","17898","12349","5549"
"2008-09-19","Bitbucket","2779","2325","454"
"2008-09-20","Bitbucket","2679","2107","572"
"2008-09-22","Bitbucket","13319","8687","4632"
"2008-09-25","Bitbucket","8508","6436","2072"
"2008-09-28","Bitbucket","15998","10794","5204"
"2008-09-29","Bitbucket","9158","7324","1834"
"2008-09-30","Bitbucket","17898","12349","5549"
"2008-10-01","Bitbucket","17468","14186","3282"
"2008-10-03","Bitbucket","15599","10195","5404"
"2008-10-05","Bitbucket","2779","2325","454"
"2008-10-06","Bitbucket","4579","3662","917"
"2008-10-07","Bitbucket","53428","45925","7503"
"2008-10-08","Bitbucket","7258","5769","1489"
"2008-10-10","Bitbucket","25778","21048","4730"
"2008-10-12","Bitbucket","72227","58914","13313"
"2008-10-13","Bitbucket","13319","8687","4632"
"2008-10-14","Bitbucket","2779","2325","454"
"2008-10-15","Bitbucket","18799","12989","5810"
"2008-10-16","Bitbucket","12889","10524","2365"
"2008-10-18","Bitbucket","25778","21048","4730"
"2008-10-19","Bitbucket","13319","8687","4632"
"2008-10-22","Bitbucket","18799","12989","5810"
"2008-10-23","Bitbucket","2679","2107","572"
"2008-10-24","Bitbucket","56138","45596","10542"
"2008-10-25","Bitbucket","35617","26287","9330"
"2008-10-26","Bitbucket","4579","3662","917"
"2008-10-27","Bitbucket","18799","12989","5810"
"2008-10-28","Bitbucket","17248","11461","5787"
"2008-10-30","Bitbucket","3929","2774","1155"
"2008-10-31","Bitbucket","4579","3662","917"
"2008-11-01","Bitbucket","59338","48390","10948"
"2008-11-04","Bitbucket","34276","23096","11180"
"2008-11-05","Bitbucket","28488","20719","7769"
"2008-11-07","Bitbucket","4579","3662","917"
"2008-11-09","Bitbucket","30736","22638","8098"
"2008-11-13","Bitbucket","21057","14627","6430"
"2008-11-14","Bitbucket","15599","10195","5404"
"2008-11-15","Bitbucket","9158","7324","1834"
"2008-11-16","Bitbucket","17666","13760","3906"
"2008-11-19","Bitbucket","9158","7324","1834"
"2008-11-20","Bitbucket","40539","35401","5138"
"2008-11-21","Bitbucket","24176","19285","4891"
"2008-11-22","Bitbucket","17468","14186","3282"
"2008-11-24","Bitbucket","20178","13857","6321"
"2008-11-25","Bitbucket","34066","24759","9307"
"2008-11-27","Bitbucket","58437","47750","10687"
"2008-11-28","Bitbucket","13319","8687","4632"
"2008-11-30","Bitbucket","4579","3662","917"
"2008-12-01","Bitbucket","13319","8687","4632"
"2008-12-03","Bitbucket","4579","3662","917"
"2008-12-04","Bitbucket","45118","39063","6055"
"2008-12-05","Bitbucket","56138","45596","10542"
"2008-12-06","Bitbucket","12889","10524","2365"
"2008-12-07","Bitbucket","16818","13298","3520"
"2008-12-10","Bitbucket","12889","10524","2365"
"2008-12-13","Bitbucket","19528","12969","6559"
"2008-12-14","Bitbucket","17898","12349","5549"
"2008-12-15","Bitbucket","17898","12349","5549"
"2008-12-16","Bitbucket","2679","2107","572"
"2008-12-17","Bitbucket","19497","15405","4092"
"2008-12-18","Bitbucket","17468","14186","3282"
"2008-12-19","Bitbucket","25326","19734","5592"
"2008-12-20","Bitbucket","2779","2325","454"
"2008-12-22","Bitbucket","7258","5769","1489"
"2008-12-23","Bitbucket","40539","35401","5138"
"2008-12-24","Bitbucket","7258","5769","1489"
"2008-12-26","Bitbucket","8508","6436","2072"
"2008-12-27","Bitbucket","40539","35401","5138"
"2008-12-28","Bitbucket","15599","10195","5404"
"2008-12-30","Bitbucket","18799","12989","5810"
"2008-12-31","Bitbucket","13319","8687","4632"
"2009-01-01","Bitbucket","104273","79766","24507"
"2009-01-02","Bitbucket","106625","82098","24527"
"2009-01-04","Bitbucket","60786","51912","8874"
"2009-01-05","Bitbucket","57896","42724","15172"
"2009-01-06","Bitbucket","18278","12302","5976"
"2009-01-07","Bitbucket","77284","62267","15017"
"2009-01-09","Bitbucket","112295","91838","20457"
"2009-01-10","Bitbucket","67362","48123","19239"
"2009-01-11","Bitbucket","26208","19211","6997"
"2009-01-12","Bitbucket","56135","45758","10377"
"2009-01-13","Bitbucket","43318","37726","5592"
"2009-01-14","Bitbucket","53428","45925","7503"
"2009-01-15","Bitbucket","37598","25978","11620"
"2009-01-16","Bitbucket","58817","47703","11114"
"2009-01-17","Bitbucket","17898","12349","5549"
"2009-01-18","Bitbucket","43218","37508","5710"
"2009-01-19","Bitbucket","30787","22873","7914"
"2009-01-20","Bitbucket","47287","33708","13579"
"2009-01-21","Bitbucket","74815","58497","16318"
"2009-01-22","Bitbucket","17898","12349","5549"
"2009-01-23","Bitbucket","60686","51694","8992"
"2009-01-25","Bitbucket","2029","1436","593"
"2009-01-26","Bitbucket","30636","22420","8216"
"2009-01-27","Bitbucket","67846","54826","13020"
"2009-01-28","Bitbucket","56305","47606","8699"
"2009-01-29","Bitbucket","54576","37041","17535"
"2009-01-30","Bitbucket","47897","41388","6509"
"2009-01-31","Bitbucket","33036","26817","6219"
"2009-02-01","Bitbucket","4579","3662","917"
"2009-02-02","Bitbucket","18799","12989","5810"
"2009-02-03","Bitbucket","17468","14186","3282"
"2009-02-04","Bitbucket","27307","19425","7882"
"2009-02-05","Bitbucket","9287","6988","2299"
"2009-02-07","Bitbucket","17468","14186","3282"
"2009-02-08","Bitbucket","78866","61359","17507"
"2009-02-09","Bitbucket","15766","12205","3561"
"2009-02-10","Bitbucket","36267","27175","9092"
"2009-02-11","Bitbucket","17898","12349","5549"
"2009-02-12","Bitbucket","38977","26846","12131"
"2009-02-13","Bitbucket","3929","2774","1155"
"2009-02-14","Bitbucket","23378","16651","6727"
"2009-02-15","Bitbucket","24076","19067","5009"
"2009-02-16","Bitbucket","89905","68538","21367"
"2009-02-17","Bitbucket","15599","10195","5404"
"2009-02-18","Bitbucket","4579","3662","917"
"2009-02-20","Bitbucket","17898","12349","5549"
"2009-02-21","Bitbucket","9158","7324","1834"
"2009-02-22","Bitbucket","7858","5548","2310"
"2009-02-24","Bitbucket","52184","39833","12351"
"2009-02-25","Bitbucket","10637","7873","2764"
"2009-02-26","Bitbucket","31236","22199","9037"
"2009-02-27","Bitbucket","15216","11535","3681"
"2009-02-28","Bitbucket","27307","19425","7882"
"2009-03-01","Bitbucket","17468","14186","3282"
"2009-03-02","Bitbucket","3929","2774","1155"
"2009-03-03","Bitbucket","7258","5769","1489"
"2009-03-04","Bitbucket","44468","38175","6293"
"2009-03-05","Bitbucket","38327","25958","12369"
"2009-03-06","Bitbucket","12437","9210","3227"
"2009-03-07","Bitbucket","16098","11012","5086"
"2009-03-08","Bitbucket","57324","41802","15522"
"2009-03-09","Bitbucket","4579","3662","917"
"2009-03-10","Bitbucket","72657","57077","15580"
"2009-03-11","Bitbucket","17666","13760","3906"
"2009-03-12","Bitbucket","71326","58274","13052"
"2009-03-13","Bitbucket","17898","12349","5549"
"2009-03-14","Bitbucket","63917","52052","11865"
"2009-03-15","Bitbucket","37146","27945","9201"
"2009-03-16","Bitbucket","21478","15096","6382"
"2009-03-17","Bitbucket","13966","10868","3098"
"2009-03-18","Bitbucket","37615","30479","7136"
"2009-03-20","Bitbucket","58007","49587","8420"
"2009-03-21","Bitbucket","9937","7876","2061"
"2009-03-22","Bitbucket","84064","68345","15719"
"2009-03-23","Bitbucket","17468","14186","3282"
"2009-03-24","Bitbucket","100724","77327","23397"
"2009-03-25","Bitbucket","43676","33397","10279"
"2009-03-26","Bitbucket","13319","8687","4632"
"2009-03-27","Bitbucket","4579","3662","917"
"2009-03-28","Bitbucket","35777","24052","11725"
"2009-03-29","Bitbucket","30787","22873","7914"
"2009-03-30","Bitbucket","25507","18088","7419"
"2009-03-31","Bitbucket","43246","35234","8012"
"2009-04-01","Bitbucket","9158","7324","1834"
"2009-04-02","Bitbucket","40539","35401","5138"
"2009-04-03","Bitbucket","101755","85476","16279"
"2009-04-04","Bitbucket","86754","63677","23077"
"2009-04-05","Bitbucket","72154","58809","13345"
"2009-04-06","Bitbucket","45425","34499","10926"
"2009-04-07","Bitbucket","45247","38944","6303"
"2009-04-08","Bitbucket","4579","3662","917"
"2009-04-09","Bitbucket","30357","24710","5647"
"2009-04-11","Bitbucket","36267","27175","9092"
"2009-04-12","Bitbucket","4579","3662","917"
"2009-04-13","Bitbucket","34797","23783","11014"
"2009-04-14","Bitbucket","86645","67815","18830"
"2009-04-15","Bitbucket","7858","5548","2310"
"2009-04-16","Bitbucket","113914","85431","28483"
"2009-04-17","Bitbucket","28457","23155","5302"
"2009-04-18","Bitbucket","17248","11461","5787"
"2009-04-19","Bitbucket","45437","30363","15074"
"2009-04-20","Bitbucket","43405","30437","12968"
"2009-04-21","Bitbucket","22047","17848","4199"
"2009-04-22","Bitbucket","57787","46862","10925"
"2009-04-23","Bitbucket","36267","27175","9092"
"2009-04-24","Bitbucket","39527","27898","11629"
"2009-04-25","Bitbucket","13087","10098","2989"
"2009-04-26","Bitbucket","8508","6436","2072"
"2009-04-27","Bitbucket","4579","3662","917"
"2009-04-28","Bitbucket","13319","8687","4632"
"2009-04-29","Bitbucket","85657","74464","11193"
"2009-04-30","Bitbucket","17898","12349","5549"
"2009-05-01","Bitbucket","76385","62107","14278"
"2009-05-02","Bitbucket","4579","3662","917"
"2009-05-03","Bitbucket","53858","44088","9770"
"2009-05-04","Bitbucket","94397","79489","14908"
"2009-05-05","Bitbucket","58007","49587","8420"
"2009-05-06","Bitbucket","56138","45596","10542"
"2009-05-07","Bitbucket","3929","2774","1155"
"2009-05-08","Bitbucket","40539","35401","5138"
"2009-05-09","Bitbucket","32118","21676","10442"
"2009-05-10","Bitbucket","43218","37508","5710"
"2009-05-11","Bitbucket","40539","35401","5138"
"2009-05-12","Bitbucket","20147","16293","3854"
"2009-05-13","Bitbucket","29707","23822","5885"
"2009-05-15","Bitbucket","34398","23184","11214"
"2009-05-16","Bitbucket","7258","5769","1489"
"2009-05-17","Bitbucket","17468","14186","3282"
"2009-05-18","Bitbucket","9158","7324","1834"
"2009-05-19","Bitbucket","28887","21318","7569"
"2009-05-20","Bitbucket","47287","33708","13579"
"2009-05-22","Bitbucket","62484","44080","18404"
"2009-05-23","Bitbucket","26208","19211","6997"
"2009-05-24","Bitbucket","51826","44162","7664"
"2009-05-25","Bitbucket","9158","7324","1834"
"2009-05-26","Bitbucket","6708","5099","1609"
"2009-05-27","Bitbucket","51216","36482","14734"
"2009-05-28","Bitbucket","22047","17848","4199"
"2009-05-29","Bitbucket","20178","13857","6321"
"2009-05-30","Bitbucket","43218","37508","5710"
"2009-06-01","Bitbucket","15668","12849","2819"
"2009-06-02","Bitbucket","4579","3662","917"
"2009-06-03","Bitbucket","61216","50075","11141"
"2009-06-04","Bitbucket","56138","45596","10542"
"2009-06-05","Bitbucket","66275","53908","12367"
"2009-06-06","Bitbucket","2779","2325","454"
"2009-06-07","Bitbucket","82716","65041","17675"
"2009-06-08","Bitbucket","17248","11461","5787"
"2009-06-09","Bitbucket","20957","14409","6548"
"2009-06-10","Bitbucket","42975","32274","10701"
"2009-06-11","Bitbucket","33497","22544","10953"
"2009-06-12","Bitbucket","40143","29771","10372"
"2009-06-13","Bitbucket","22806","16111","6695"
"2009-06-14","Bitbucket","36496","27274","9222"
"2009-06-15","Bitbucket","81214","54415","26799"
"2009-06-16","Bitbucket","14616","11756","2860"
"2009-06-17","Bitbucket","82195","64354","17841"
"2009-06-18","Bitbucket","35617","26287","9330"
"2009-06-19","Bitbucket","146849","110005","36844"
"2009-06-20","Bitbucket","97163","74524","22639"
"2009-06-21","Bitbucket","32118","21676","10442"
"2009-06-22","Bitbucket","4579","3662","917"
"2009-06-23","Bitbucket","87192","70697","16495"
"2009-06-24","Bitbucket","22047","17848","4199"
"2009-06-25","Bitbucket","10137","8312","1825"
"2009-06-26","Bitbucket","49047","41837","7210"
"2009-06-27","Bitbucket","24076","19067","5009"
"2009-06-28","Bitbucket","27307","19425","7882"
"2009-06-29","Bitbucket","20577","14456","6121"
"2009-06-30","Bitbucket","132793","108101","24692"
"2009-07-01","Bitbucket","23378","16651","6727"
"2009-07-02","Bitbucket","65145","52849","12296"
"2009-07-03","Bitbucket","11287","8761","2526"
"2009-07-04","Bitbucket","17248","11461","5787"
"2009-07-05","Bitbucket","46904","35048","11856"
"2009-07-06","Bitbucket","53085","40473","12612"
"2009-07-07","Bitbucket","66317","56449","9868"
"2009-07-08","Bitbucket","19927","13568","6359"
"2009-07-09","Bitbucket","56138","45596","10542"
"2009-07-10","Bitbucket","4579","3662","917"
"2009-07-11","Bitbucket","3929","2774","1155"
"2009-07-12","Bitbucket","73606","59782","13824"
"2009-07-13","Bitbucket","7858","5548","2310"
"2009-07-14","Bitbucket","49697","42725","6972"
"2009-07-15","Bitbucket","51866","37370","14496"
"2009-07-16","Bitbucket","55066","40164","14902"
"2009-07-17","Bitbucket","38977","26846","12131"
"2009-07-18","Bitbucket","17898","12349","5549"
"2009-07-19","Bitbucket","17468","14186","3282"
"2009-07-20","Bitbucket","107973","85402","22571"
"2009-07-21","Bitbucket","43676","33397","10279"
"2009-07-22","Bitbucket","17248","11461","5787"
"2009-07-23","Bitbucket","8508","6436","2072"
"2009-07-24","Bitbucket","29336","21181","8155"
"2009-07-25","Bitbucket","82716","65041","17675"
"2009-07-26","Bitbucket","15668","12849","2819"
"2009-07-27","Bitbucket","96733","76144","20589"
"2009-07-28","Bitbucket","9158","7324","1834"
"2009-07-29","Bitbucket","19528","12969","6559"
"2009-07-30","Bitbucket","44468","38175","6293"
"2009-07-31","Bitbucket","13737","10986","2751"
"2009-08-01","Bitbucket","85657","74464","11193"
"2009-08-02","Bitbucket","66696","54377","12319"
"2009-08-03","Bitbucket","48936","34974","13962"
"2009-08-04","Bitbucket","9158","7324","1834"
"2009-08-05","Bitbucket","43874","32971","10903"
"2009-08-06","Bitbucket","65296","52920","12376"
"2009-08-07","Bitbucket","14516","11538","2978"
"2009-08-08","Bitbucket","19927","13568","6359"
"2009-08-09","Bitbucket","148632","125040","23592"
"2009-08-10","Bitbucket","15599","10195","5404"
"2009-08-11","Bitbucket","93334","71751","21583"
"2009-08-12","Bitbucket","21578","15314","6264"
"2009-08-13","Bitbucket","28488","20719","7769"
"2009-08-14","Bitbucket","24757","17519","7238"
"2009-08-16","Bitbucket","24176","19285","4891"
"2009-08-17","Bitbucket","26208","19211","6997"
"2009-08-18","Bitbucket","28488","20719","7769"
"2009-08-19","Bitbucket","71354","57131","14223"
"2009-08-20","Bitbucket","22276","17730","4546"
"2009-08-21","Bitbucket","138430","110944","27486"
"2009-08-22","Bitbucket","40846","30837","10009"
"2009-08-23","Bitbucket","30567","20148","10419"
"2009-08-25","Bitbucket","140353","114394","25959"
"2009-08-26","Bitbucket","14066","11086","2980"
"2009-08-27","Bitbucket","25778","21048","4730"
"2009-08-28","Bitbucket","17248","11461","5787"
"2009-08-29","Bitbucket","4579","3662","917"
"2009-08-30","Bitbucket","9158","7324","1834"
"2009-08-31","Bitbucket","76243","54399","21844"
"2009-09-01","Bitbucket","4579","3662","917"
"2009-09-02","Bitbucket","23526","18397","5129"
"2009-09-03","Bitbucket","17898","12349","5549"
"2009-09-04","Bitbucket","62017","50497","11520"
"2009-09-05","Bitbucket","75204","60813","14391"
"2009-09-06","Bitbucket","36276","24869","11407"
"2009-09-07","Bitbucket","24236","16512","7724"
"2009-09-08","Bitbucket","74373","61571","12802"
"2009-09-09","Bitbucket","6608","4881","1727"
"2009-09-10","Bitbucket","35146","23810","11336"
"2009-09-11","Bitbucket","31167","22826","8341"
"2009-09-12","Bitbucket","44323","35578","8745"
"2009-09-13","Bitbucket","21478","15096","6382"
"2009-09-14","Bitbucket","86925","68469","18456"
"2009-09-15","Bitbucket","36267","27175","9092"
"2009-09-16","Bitbucket","20147","16293","3854"
"2009-09-17","Bitbucket","4579","3662","917"
"2009-09-18","Bitbucket","120211","93013","27198"
"2009-09-19","Bitbucket","36267","27175","9092"
"2009-09-20","Bitbucket","43305","30219","13086"
"2009-09-21","Bitbucket","63365","53801","9564"
"2009-09-22","Bitbucket","15599","10195","5404"
"2009-09-24","Bitbucket","17468","14186","3282"
"2009-09-25","Bitbucket","86925","68469","18456"
"2009-09-26","Bitbucket","15568","12631","2937"
"2009-09-27","Bitbucket","7358","5987","1371"
"2009-09-28","Bitbucket","44973","33185","11788"
"2009-09-29","Bitbucket","8508","6436","2072"
"2009-09-30","Bitbucket","21595","16534","5061"
"2009-10-01","Bitbucket","39097","29735","9362"
"2009-10-02","Bitbucket","21177","14235","6942"
"2009-10-03","Bitbucket","71326","58274","13052"
"2009-10-04","Bitbucket","19528","12969","6559"
"2009-10-05","Bitbucket","42306","30223","12083"
"2009-10-06","Bitbucket","28488","20719","7769"
"2009-10-07","Bitbucket","62355","43497","18858"
"2009-10-09","Bitbucket","44784","31305","13479"
"2009-10-10","Bitbucket","24757","17519","7238"
"2009-10-11","Bitbucket","111754","86812","24942"
"2009-10-12","Bitbucket","16818","13298","3520"
"2009-10-13","Bitbucket","7258","5769","1489"
"2009-10-15","Bitbucket","36697","25338","11359"
"2009-10-16","Bitbucket","41276","29000","12276"
"2009-10-17","Bitbucket","35134","27946","7188"
"2009-10-18","Bitbucket","75905","61936","13969"
"2009-10-19","Bitbucket","97515","76839","20676"
"2009-10-20","Bitbucket","25636","18289","7347"
"2009-10-21","Bitbucket","71094","59685","11409"
"2009-10-22","Bitbucket","45118","39063","6055"
"2009-10-23","Bitbucket","12889","10524","2365"
"2009-10-24","Bitbucket","9158","7324","1834"
"2009-10-25","Bitbucket","35165","28471","6694"
"2009-10-26","Bitbucket","22728","15763","6965"
"2009-10-27","Bitbucket","17468","14186","3282"
"2009-10-29","Bitbucket","9387","7423","1964"
"2009-10-30","Bitbucket","40539","35401","5138"
"2009-10-31","Bitbucket","4579","3662","917"
"2009-11-01","Bitbucket","35715","28924","6791"
"2009-11-02","Bitbucket","25636","18289","7347"
"2009-11-03","Bitbucket","74906","61021","13885"
"2009-11-04","Bitbucket","45118","39063","6055"
"2009-11-05","Bitbucket","79206","66973","12233"
"2009-11-06","Bitbucket","30636","22420","8216"
"2009-11-07","Bitbucket","74853","60843","14010"
"2009-11-08","Bitbucket","22857","15964","6893"
"2009-11-09","Bitbucket","17468","14186","3282"
"2009-11-10","Bitbucket","11937","9649","2288"
"2009-11-11","Bitbucket","2779","2325","454"
"2009-11-12","Bitbucket","29336","20644","8692"
"2009-11-13","Bitbucket","62117","50715","11402"
"2009-11-14","Bitbucket","39856","27616","12240"
"2009-11-15","Bitbucket","66945","54186","12759"
"2009-11-16","Bitbucket","49047","41837","7210"
"2009-11-17","Bitbucket","90854","71243","19611"
"2009-11-18","Bitbucket","17468","14186","3282"
"2009-11-19","Bitbucket","78392","59044","19348"
"2009-11-20","Bitbucket","113196","92478","20718"
"2009-11-21","Bitbucket","36267","27175","9092"
"2009-11-22","Bitbucket","15599","10195","5404"
"2009-11-23","Bitbucket","42875","32056","10819"
"2009-11-24","Bitbucket","47686","34307","13379"
"2009-11-25","Bitbucket","66317","56449","9868"
"2009-11-26","Bitbucket","47605","36171","11434"
"2009-11-27","Bitbucket","31534","25272","6262"
"2009-11-28","Bitbucket","28755","22947","5808"
"2009-11-29","Bitbucket","18799","12989","5810"
"2009-11-30","Bitbucket","40539","35401","5138"
"2009-12-01","Bitbucket","4579","3662","917"
"2009-12-02","Bitbucket","82544","64381","18163"
"2009-12-03","Bitbucket","69724","56511","13213"
"2009-12-04","Bitbucket","60176","44232","15944"
"2009-12-05","Bitbucket","17248","11461","5787"
"2009-12-06","Bitbucket","38855","26758","12097"
"2009-12-07","Bitbucket","33067","24381","8686"
"2009-12-08","Bitbucket","74254","50800","23454"
"2009-12-09","Bitbucket","23378","16651","6727"
"2009-12-10","Bitbucket","53094","38167","14927"
"2009-12-11","Bitbucket","56923","40723","16200"
"2009-12-12","Bitbucket","23378","16651","6727"
"2009-12-13","Bitbucket","28987","21536","7451"
"2009-12-14","Bitbucket","28918","18882","10036"
"2009-12-15","Bitbucket","15668","12849","2819"
"2009-12-16","Bitbucket","60176","44232","15944"
"2009-12-17","Bitbucket","30787","22873","7914"
"2009-12-18","Bitbucket","2779","2325","454"
"2009-12-19","Bitbucket","18847","14734","4113"
"2009-12-20","Bitbucket","14516","11538","2978"
"2009-12-21","Bitbucket","3929","2774","1155"
"2009-12-22","Bitbucket","31236","22199","9037"
"2009-12-24","Bitbucket","53858","44088","9770"
"2009-12-25","Bitbucket","38145","28860","9285"
"2009-12-26","Bitbucket","13319","8687","4632"
"2009-12-27","Bitbucket","33265","23418","9847"
"2009-12-28","Bitbucket","36697","25338","11359"
"2009-12-29","Bitbucket","98976","83151","15825"
"2009-12-30","Bitbucket","28457","23155","5302"
"2009-12-31","Bitbucket","62955","46557","16398"
"2010-01-01","Bitbucket","36025","24580","11445"
"2010-01-02","Bitbucket","39527","27898","11629"
"2010-01-03","Bitbucket","98331","77712","20619"
"2010-01-04","Bitbucket","234234","188707","45527"
"2010-01-05","Bitbucket","56138","45596","10542"
"2010-01-06","Bitbucket","39945","30197","9748"
"2010-01-07","Bitbucket","87324","69068","18256"
"2010-01-08","Bitbucket","54975","37640","17335"
"2010-01-09","Bitbucket","103441","81243","22198"
"2010-01-10","Bitbucket","8508","6436","2072"
"2010-01-11","Bitbucket","53945","36799","17146"
"2010-01-12","Bitbucket","67595","55074","12521"
"2010-01-13","Bitbucket","35564","26109","9455"
"2010-01-14","Bitbucket","52416","38422","13994"
"2010-01-15","Bitbucket","159152","127383","31769"
"2010-01-16","Bitbucket","68144","57899","10245"
"2010-01-17","Bitbucket","59076","41074","18002"
"2010-01-18","Bitbucket","61103","43786","17317"
"2010-01-19","Bitbucket","77144","55039","22105"
"2010-01-20","Bitbucket","89954","59440","30514"
"2010-01-21","Bitbucket","28918","18882","10036"
"2010-01-22","Bitbucket","139652","113271","26381"
"2010-01-23","Bitbucket","56537","46195","10342"
"2010-01-24","Bitbucket","148582","109013","39569"
"2010-01-25","Bitbucket","19657","13067","6590"
"2010-01-26","Bitbucket","101742","77969","23773"
"2010-01-27","Bitbucket","57243","43666","13577"
"2010-01-28","Bitbucket","45554","34163","11391"
"2010-01-29","Bitbucket","65555","46291","19264"
"2010-01-30","Bitbucket","62553","46734","15819"
"2010-01-31","Bitbucket","15866","12423","3443"
"2010-02-01","Bitbucket","51944","37718","14226"
"2010-02-02","Bitbucket","15599","10195","5404"
"2010-02-03","Bitbucket","75336","59184","16152"
"2010-02-04","Bitbucket","48415","34287","14128"
"2010-02-05","Bitbucket","27957","20313","7644"
"2010-02-06","Bitbucket","147164","117499","29665"
"2010-02-07","Bitbucket","64621","49043","15578"
"2010-02-08","Bitbucket","33265","23955","9310"
"2010-02-09","Bitbucket","68474","55844","12630"
"2010-02-10","Bitbucket","7358","5987","1371"
"2010-02-11","Bitbucket","38327","25958","12369"
"2010-02-12","Bitbucket","52033","39380","12653"
"2010-02-13","Bitbucket","4579","3662","917"
"2010-02-14","Bitbucket","47884","33881","14003"
"2010-02-15","Bitbucket","47554","35936","11618"
"2010-02-16","Bitbucket","68204","54909","13295"
"2010-02-17","Bitbucket","34716","25647","9069"
"2010-02-18","Bitbucket","69764","49719","20045"
"2010-02-19","Bitbucket","22047","17848","4199"
"2010-02-20","Bitbucket","98546","84988","13558"
"2010-02-21","Bitbucket","12437","9210","3227"
"2010-02-22","Bitbucket","95514","73041","22473"
"2010-02-23","Bitbucket","54313","41270","13043"
"2010-02-24","Bitbucket","25536","18071","7465"
"2010-02-25","Bitbucket","28005","21841","6164"
"2010-02-26","Bitbucket","8508","6436","2072"
"2010-02-27","Bitbucket","107370","84554","22816"
"2010-02-28","Bitbucket","50565","36850","13715"
"2010-03-01","Bitbucket","20027","13786","6241"
"2010-03-02","Bitbucket","53524","36330","17194"
"2010-03-03","Bitbucket","122232","99482","22750"
"2010-03-04","Bitbucket","87735","66585","21150"
"2010-03-05","Bitbucket","66683","46870","19813"
"2010-03-06","Bitbucket","13737","10986","2751"
"2010-03-07","Bitbucket","92095","77497","14598"
"2010-03-08","Bitbucket","35065","28253","6812"
"2010-03-09","Bitbucket","62523","47914","14609"
"2010-03-10","Bitbucket","29405","23835","5570"
"2010-03-11","Bitbucket","39055","27194","11861"
"2010-03-12","Bitbucket","98203","79536","18667"
"2010-03-13","Bitbucket","72657","57077","15580"
"2010-03-14","Bitbucket","120262","93248","27014"
"2010-03-15","Bitbucket","50066","36033","14033"
"2010-03-16","Bitbucket","32816","24092","8724"
"2010-03-17","Bitbucket","69027","56120","12907"
"2010-03-18","Bitbucket","56207","48250","7957"
"2010-03-19","Bitbucket","69027","56120","12907"
"2010-03-20","Bitbucket","119154","97008","22146"
"2010-03-21","Bitbucket","59155","40703","18452"
"2010-03-22","Bitbucket","146250","109734","36516"
"2010-03-23","Bitbucket","78481","65118","13363"
"2010-03-24","Bitbucket","34015","24524","9491"
"2010-03-25","Bitbucket","82114","66218","15896"
"2010-03-26","Bitbucket","2679","2107","572"
"2010-03-27","Bitbucket","80433","65363","15070"
"2010-03-28","Bitbucket","109452","86488","22964"
"2010-03-29","Bitbucket","74295","51316","22979"
"2010-03-30","Bitbucket","66295","53298","12997"
"2010-03-31","Bitbucket","86012","71428","14584"
"2010-04-01","Bitbucket","4579","3662","917"
"2010-04-02","Bitbucket","26657","18537","8120"
"2010-04-03","Bitbucket","12889","10524","2365"
"2010-04-04","Bitbucket","20774","16185","4589"
"2010-04-05","Bitbucket","61395","47335","14060"
"2010-04-06","Bitbucket","6708","5099","1609"
"2010-04-07","Bitbucket","89586","77238","12348"
"2010-04-08","Bitbucket","13319","8687","4632"
"2010-04-09","Bitbucket","4579","3662","917"
"2010-04-10","Bitbucket","97896","84100","13796"
"2010-04-11","Bitbucket","23378","16651","6727"
"2010-04-12","Bitbucket","139301","98962","40339"
"2010-04-13","Bitbucket","42975","32274","10701"
"2010-04-14","Bitbucket","75905","61936","13969"
"2010-04-15","Bitbucket","30715","21512","9203"
"2010-04-16","Bitbucket","33996","23361","10635"
"2010-04-17","Bitbucket","80066","63299","16767"
"2010-04-18","Bitbucket","38045","28642","9403"
"2010-04-19","Bitbucket","40196","29949","10247"
"2010-04-20","Bitbucket","32916","24310","8606"
"2010-04-21","Bitbucket","25636","18289","7347"
"2010-04-22","Bitbucket","71282","54639","16643"
"2010-04-23","Bitbucket","44854","32703","12151"
"2010-04-24","Bitbucket","2779","2325","454"
"2010-04-26","Bitbucket","35127","23164","11963"
"2010-04-27","Bitbucket","22047","17848","4199"
"2010-04-28","Bitbucket","38327","25958","12369"
"2010-04-29","Bitbucket","34936","28372","6564"
"2010-04-30","Bitbucket","25778","21048","4730"
"2010-05-01","Bitbucket","72974","52232","20742"
"2010-05-02","Bitbucket","61995","50627","11368"
"2010-05-03","Bitbucket","46413","33181","13232"
"2010-05-04","Bitbucket","30564","21658","8906"
"2010-05-05","Bitbucket","49743","34920","14823"
"2010-05-06","Bitbucket","39945","30197","9748"
"2010-05-07","Bitbucket","130014","105776","24238"
"2010-05-08","Bitbucket","60786","51912","8874"
"2010-05-09","Bitbucket","134774","107792","26982"
"2010-05-10","Bitbucket","15216","11535","3681"
"2010-05-11","Bitbucket","75283","59905","15378"
"2010-05-12","Bitbucket","158314","131541","26773"
"2010-05-13","Bitbucket","51945","36462","15483"
"2010-05-14","Bitbucket","4579","3662","917"
"2010-05-15","Bitbucket","56294","40961","15333"
"2010-05-16","Bitbucket","88024","68683","19341"
"2010-05-17","Bitbucket","31965","22179","9786"
"2010-05-18","Bitbucket","120013","93439","26574"
"2010-05-19","Bitbucket","40325","30150","10175"
"2010-05-20","Bitbucket","72082","56317","15765"
"2010-05-21","Bitbucket","45736","32180","13556"
"2010-05-22","Bitbucket","51213","36876","14337"
"2010-05-23","Bitbucket","25976","20622","5354"
"2010-05-24","Bitbucket","22047","17848","4199"
"2010-05-25","Bitbucket","19695","14979","4716"
"2010-05-26","Bitbucket","47897","41388","6509"
"2010-05-27","Bitbucket","16818","13298","3520"
"2010-05-28","Bitbucket","42724","32522","10202"
"2010-05-29","Bitbucket","7258","5769","1489"
"2010-05-30","Bitbucket","44577","34037","10540"
"2010-05-31","Bitbucket","25156","18118","7038"
"2010-06-01","Bitbucket","111827","78201","33626"
"2010-06-02","Bitbucket","153988","115292","38696"
"2010-06-03","Bitbucket","184348","140759","43589"
"2010-06-04","Bitbucket","151708","115220","36488"
"2010-06-05","Bitbucket","65983","48691","17292"
"2010-06-06","Bitbucket","52011","39510","12501"
"2010-06-07","Bitbucket","62023","48353","13670"
"2010-06-08","Bitbucket","139208","108857","30351"
"2010-06-09","Bitbucket","96485","72260","24225"
"2010-06-10","Bitbucket","114358","89388","24970"
"2010-06-11","Bitbucket","105859","88596","17263"
"2010-06-12","Bitbucket","76601","55019","21582"
"2010-06-13","Bitbucket","79142","59231","19911"
"2010-06-14","Bitbucket","56703","37998","18705"
"2010-06-15","Bitbucket","76981","54972","22009"
"2010-06-16","Bitbucket","140319","115379","24940"
"2010-06-17","Bitbucket","86660","62446","24214"
"2010-06-18","Bitbucket","116950","81184","35766"
"2010-06-19","Bitbucket","143852","119005","24847"
"2010-06-20","Bitbucket","98092","72673","25419"
"2010-06-21","Bitbucket","66942","55479","11463"
"2010-06-22","Bitbucket","139540","117571","21969"
"2010-06-23","Bitbucket","47605","36171","11434"
"2010-06-24","Bitbucket","81000","58245","22755"
"2010-06-25","Bitbucket","103541","81461","22080"
"2010-06-26","Bitbucket","137523","111834","25689"
"2010-06-27","Bitbucket","149859","122082","27777"
"2010-06-28","Bitbucket","126870","98129","28741"
"2010-06-29","Bitbucket","83451","62877","20574"
"2010-06-30","Bitbucket","57812","45881","11931"
"2010-07-01","Bitbucket","95480","74408","21072"
"2010-07-02","Bitbucket","75059","58216","16843"
"2010-07-03","Bitbucket","119480","97270","22210"
"2010-07-04","Bitbucket","120055","97648","22407"
"2010-07-05","Bitbucket","174649","146498","28151"
"2010-07-06","Bitbucket","121402","90745","30657"
"2010-07-07","Bitbucket","80484","65598","14886"
"2010-07-08","Bitbucket","173982","144390","29592"
"2010-07-09","Bitbucket","80251","58647","21604"
"2010-07-10","Bitbucket","92969","65510","27459"
"2010-07-11","Bitbucket","249194","190640","58554"
"2010-07-12","Bitbucket","73297","54019","19278"
"2010-07-13","Bitbucket","93931","71310","22621"
"2010-07-14","Bitbucket","159431","125475","33956"
"2010-07-15","Bitbucket","89635","68140","21495"
"2010-07-16","Bitbucket","148198","102528","45670"
"2010-07-17","Bitbucket","53823","36711","17112"
"2010-07-18","Bitbucket","96294","82337","13957"
"2010-07-19","Bitbucket","168448","132065","36383"
"2010-07-20","Bitbucket","103212","81361","21851"
"2010-07-21","Bitbucket","93142","66370","26772"
"2010-07-22","Bitbucket","136041","112960","23081"
"2010-07-23","Bitbucket","112388","82405","29983"
"2010-07-24","Bitbucket","195383","146055","49328"
"2010-07-25","Bitbucket","84660","61592","23068"
"2010-07-26","Bitbucket","155281","130757","24524"
"2010-07-27","Bitbucket","95310","72178","23132"
"2010-07-28","Bitbucket","85169","63134","22035"
"2010-07-29","Bitbucket","39744","28635","11109"
"2010-07-30","Bitbucket","116333","90474","25859"
"2010-07-31","Bitbucket","137523","111834","25689"
"2010-08-01","Bitbucket","219562","181205","38357"
"2010-08-02","Bitbucket","108933","81946","26987"
"2010-08-03","Bitbucket","91811","67030","24781"
"2010-08-04","Bitbucket","152010","123389","28621"
"2010-08-05","Bitbucket","149960","121044","28916"
"2010-08-06","Bitbucket","115057","90641","24416"
"2010-08-07","Bitbucket","112131","84797","27334"
"2010-08-08","Bitbucket","157717","127630","30087"
"2010-08-09","Bitbucket","92650","75129","17521"
"2010-08-10","Bitbucket","65952","47846","18106"
"2010-08-11","Bitbucket","202047","163241","38806"
"2010-08-12","Bitbucket","122483","99466","23017"
"2010-08-13","Bitbucket","183156","145471","37685"
"2010-08-14","Bitbucket","63918","50339","13579"
"2010-08-15","Bitbucket","68929","53026","15903"
"2010-08-16","Bitbucket","129879","99617","30262"
"2010-08-17","Bitbucket","28488","20719","7769"
"2010-08-18","Bitbucket","109820","86242","23578"
"2010-08-19","Bitbucket","87651","68306","19345"
"2010-08-20","Bitbucket","201918","163577","38341"
"2010-08-21","Bitbucket","72993","52878","20115"
"2010-08-22","Bitbucket","64991","44825","20166"
"2010-08-23","Bitbucket","126392","98438","27954"
"2010-08-24","Bitbucket","33877","22497","11380"
"2010-08-25","Bitbucket","109288","78910","30378"
"2010-08-26","Bitbucket","157827","124286","33541"
"2010-08-27","Bitbucket","160419","118826","41593"
"2010-08-28","Bitbucket","64064","42692","21372"
"2010-08-29","Bitbucket","36214","26997","9217"
"2010-08-30","Bitbucket","244050","205097","38953"
"2010-08-31","Bitbucket","310883","253294","57589"
"2010-09-01","Bitbucket","141600","115455","26145"
"2010-09-02","Bitbucket","219735","177790","41945"
"2010-09-03","Bitbucket","88239","63750","24489"
"2010-09-04","Bitbucket","55362","42375","12987"
"2010-09-05","Bitbucket","121038","92349","28689"
"2010-09-06","Bitbucket","56973","41512","15461"
"2010-09-07","Bitbucket","168410","134388","34022"
"2010-09-08","Bitbucket","77151","52790","24361"
"2010-09-09","Bitbucket","153127","117323","35804"
"2010-09-10","Bitbucket","174608","145662","28946"
"2010-09-11","Bitbucket","168171","130118","38053"
"2010-09-12","Bitbucket","90771","62338","28433"
"2010-09-13","Bitbucket","187267","154062","33205"
"2010-09-14","Bitbucket","111317","80346","30971"
"2010-09-15","Bitbucket","207464","148426","59038"
"2010-09-16","Bitbucket","76959","59771","17188"
"2010-09-17","Bitbucket","148425","103521","44904"
"2010-09-18","Bitbucket","144282","117168","27114"
"2010-09-19","Bitbucket","69661","50794","18867"
"2010-09-20","Bitbucket","67462","48341","19121"
"2010-09-21","Bitbucket","141416","108487","32929"
"2010-09-22","Bitbucket","85232","62514","22718"
"2010-09-23","Bitbucket","88923","72124","16799"
"2010-09-24","Bitbucket","182820","148771","34049"
"2010-09-25","Bitbucket","29305","23617","5688"
"2010-09-26","Bitbucket","109138","78120","31018"
"2010-09-27","Bitbucket","73653","59285","14368"
"2010-09-28","Bitbucket","165429","123213","42216"
"2010-09-29","Bitbucket","71711","54058","17653"
"2010-09-30","Bitbucket","73241","54460","18781"
"2010-10-01","Bitbucket","130829","99341","31488"
"2010-10-02","Bitbucket","141668","107520","34148"
"2010-10-03","Bitbucket","113259","85893","27366"
"2010-10-04","Bitbucket","91669","65190","26479"
"2010-10-05","Bitbucket","131140","97022","34118"
"2010-10-06","Bitbucket","22276","17730","4546"
"2010-10-07","Bitbucket","147482","119962","27520"
"2010-10-08","Bitbucket","56810","45897","10913"
"2010-10-09","Bitbucket","114260","88596","25664"
"2010-10-10","Bitbucket","78350","56503","21847"
"2010-10-11","Bitbucket","148377","122826","25551"
"2010-10-12","Bitbucket","83010","58683","24327"
"2010-10-13","Bitbucket","107586","77466","30120"
"2010-10-14","Bitbucket","93131","73145","19986"
"2010-10-15","Bitbucket","78492","58343","20149"
"2010-10-16","Bitbucket","117489","90127","27362"
"2010-10-17","Bitbucket","51844","37500","14344"
"2010-10-18","Bitbucket","79673","59637","20036"
"2010-10-19","Bitbucket","224821","166498","58323"
"2010-10-20","Bitbucket","120747","85050","35697"
"2010-10-21","Bitbucket","71053","57733","13320"
"2010-10-22","Bitbucket","121479","87018","34461"
"2010-10-23","Bitbucket","110021","88703","21318"
"2010-10-24","Bitbucket","158959","122721","36238"
"2010-10-25","Bitbucket","84843","66535","18308"
"2010-10-26","Bitbucket","221172","177246","43926"
"2010-10-27","Bitbucket","158929","126488","32441"
"2010-10-28","Bitbucket","136279","105205","31074"
"2010-10-29","Bitbucket","59953","43337","16616"
"2010-10-30","Bitbucket","109223","86069","23154"
"2010-10-31","Bitbucket","114000","89305","24695"
"2010-11-01","Bitbucket","121655","86722","34933"
"2010-11-02","Bitbucket","192548","150428","42120"
"2010-11-03","Bitbucket","122758","87668","35090"
"2010-11-04","Bitbucket","130347","102488","27859"
"2010-11-05","Bitbucket","69294","58348","10946"
"2010-11-06","Bitbucket","102378","83412","18966"
"2010-11-07","Bitbucket","188574","152438","36136"
"2010-11-08","Bitbucket","112552","89064","23488"
"2010-11-09","Bitbucket","114891","84808","30083"
"2010-11-10","Bitbucket","70160","52148","18012"
"2010-11-11","Bitbucket","44354","33142","11212"
"2010-11-12","Bitbucket","58920","42890","16030"
"2010-11-13","Bitbucket","106641","84574","22067"
"2010-11-14","Bitbucket","155681","121629","34052"
"2010-11-15","Bitbucket","135583","117071","18512"
"2010-11-16","Bitbucket","103378","76445","26933"
"2010-11-17","Bitbucket","59012","47439","11573"
"2010-11-18","Bitbucket","138159","107370","30789"
"2010-11-19","Bitbucket","36013","28716","7297"
"2010-11-20","Bitbucket","116549","83386","33163"
"2010-11-21","Bitbucket","126077","97174","28903"
"2010-11-22","Bitbucket","55661","41293","14368"
"2010-11-23","Bitbucket","78922","57043","21879"
"2010-11-24","Bitbucket","69730","53985","15745"
"2010-11-25","Bitbucket","188457","150680","37777"
"2010-11-26","Bitbucket","130468","103832","26636"
"2010-11-27","Bitbucket","114201","90330","23871"
"2010-11-28","Bitbucket","130321","101212","29109"
"2010-11-29","Bitbucket","98979","79019","19960"
"2010-11-30","Bitbucket","78452","65672","12780"
"2010-12-01","Bitbucket","120660","86539","34121"
"2010-12-02","Bitbucket","104151","79141","25010"
"2010-12-03","Bitbucket","177976","139391","38585"
"2010-12-04","Bitbucket","145920","111407","34513"
"2010-12-05","Bitbucket","96733","76361","20372"
"2010-12-06","Bitbucket","129113","95289","33824"
"2010-12-07","Bitbucket","88992","72034","16958"
"2010-12-08","Bitbucket","134822","109857","24965"
"2010-12-09","Bitbucket","65522","49683","15839"
"2010-12-10","Bitbucket","103748","76679","27069"
"2010-12-11","Bitbucket","149408","122907","26501"
"2010-12-12","Bitbucket","82163","57120","25043"
"2010-12-13","Bitbucket","156158","117782","38376"
"2010-12-14","Bitbucket","90876","67375","23501"
"2010-12-15","Bitbucket","143970","112561","31409"
"2010-12-16","Bitbucket","123052","102435","20617"
"2010-12-17","Bitbucket","90212","63974","26238"
"2010-12-18","Bitbucket","278549","238706","39843"
"2010-12-19","Bitbucket","105810","85332","20478"
"2010-12-20","Bitbucket","106759","87500","19259"
"2010-12-21","Bitbucket","96800","69465","27335"
"2010-12-22","Bitbucket","80735","65350","15385"
"2010-12-23","Bitbucket","98061","77159","20902"
"2010-12-24","Bitbucket","83844","65620","18224"
"2010-12-25","Bitbucket","103481","74451","29030"
"2010-12-26","Bitbucket","73763","57172","16591"
"2010-12-27","Bitbucket","59442","45602","13840"
"2010-12-28","Bitbucket","133428","102438","30990"
"2010-12-29","Bitbucket","84375","66243","18132"
"2010-12-30","Bitbucket","53515","38636","14879"
"2010-12-31","Bitbucket","138589","105533","33056"
"2011-01-01","Bitbucket","83643","67876","15767"
"2011-01-02","Bitbucket","84549","64347","20202"
"2011-01-03","Bitbucket","69833","52373","17460"
"2011-01-04","Bitbucket","181337","139308","42029"
"2011-01-05","Bitbucket","69305","52247","17058"
"2011-01-06","Bitbucket","150912","125200","25712"
"2011-01-07","Bitbucket","52039","38264","13775"
"2011-01-08","Bitbucket","66596","54159","12437"
"2011-01-09","Bitbucket","183389","151523","31866"
"2011-01-10","Bitbucket","170857","138443","32414"
"2011-01-11","Bitbucket","139759","108653","31106"
"2011-01-12","Bitbucket","229823","177266","52557"
"2011-01-13","Bitbucket","142950","115421","27529"
"2011-01-14","Bitbucket","64501","45617","18884"
"2011-01-15","Bitbucket","86249","65466","20783"
"2011-01-16","Bitbucket","80719","59673","21046"
"2011-01-17","Bitbucket","98865","76288","22577"
"2011-01-18","Bitbucket","143751","116762","26989"
"2011-01-19","Bitbucket","154276","109028","45248"
"2011-01-20","Bitbucket","109260","80053","29207"
"2011-01-21","Bitbucket","99732","81194","18538"
"2011-01-22","Bitbucket","253642","198570","55072"
"2011-01-23","Bitbucket","105668","82573","23095"
"2011-01-24","Bitbucket","130664","106664","24000"
"2011-01-25","Bitbucket","250133","186213","63920"
"2011-01-26","Bitbucket","219858","169077","50781"
"2011-01-27","Bitbucket","120329","96476","23853"
"2011-01-28","Bitbucket","212547","163130","49417"
"2011-01-29","Bitbucket","217217","174110","43107"
"2011-01-30","Bitbucket","44134","30417","13717"
"2011-01-31","Bitbucket","133890","108372","25518"
"2011-02-01","Bitbucket","256902","197243","59659"
"2011-02-02","Bitbucket","117137","86764","30373"
"2011-02-03","Bitbucket","109385","80421","28964"
"2011-02-04","Bitbucket","241279","187463","53816"
"2011-02-05","Bitbucket","128000","99188","28812"
"2011-02-06","Bitbucket","118359","93523","24836"
"2011-02-07","Bitbucket","70490","50992","19498"
"2011-02-08","Bitbucket","91643","76183","15460"
"2011-02-09","Bitbucket","133009","101013","31996"
"2011-02-10","Bitbucket","129546","98785","30761"
"2011-02-11","Bitbucket","136118","100669","35449"
"2011-02-12","Bitbucket","85112","59625","25487"
"2011-02-13","Bitbucket","102361","82729","19632"
"2011-02-14","Bitbucket","105992","85711","20281"
"2011-02-15","Bitbucket","123722","93106","30616"
"2011-02-16","Bitbucket","35915","29360","6555"
"2011-02-17","Bitbucket","87572","70650","16922"
"2011-02-18","Bitbucket","150185","109982","40203"
"2011-02-19","Bitbucket","46235","32997","13238"
"2011-02-20","Bitbucket","154341","125132","29209"
"2011-02-21","Bitbucket","233763","184712","49051"
"2011-02-22","Bitbucket","128903","109698","19205"
"2011-02-23","Bitbucket","86925","68469","18456"
"2011-02-24","Bitbucket","128123","102132","25991"
"2011-02-25","Bitbucket","123069","97711","25358"
"2011-02-26","Bitbucket","205538","160451","45087"
"2011-02-27","Bitbucket","192113","141481","50632"
"2011-02-28","Bitbucket","114631","88493","26138"
"2011-03-01","Bitbucket","75861","58301","17560"
"2011-03-02","Bitbucket","161915","126775","35140"
"2011-03-03","Bitbucket","156872","125875","30997"
"2011-03-04","Bitbucket","166964","118527","48437"
"2011-03-05","Bitbucket","120346","87789","32557"
"2011-03-06","Bitbucket","168998","141816","27182"
"2011-03-07","Bitbucket","132685","100005","32680"
"2011-03-08","Bitbucket","109201","86199","23002"
"2011-03-09","Bitbucket","82312","65792","16520"
"2011-03-10","Bitbucket","143553","117188","26365"
"2011-03-11","Bitbucket","69162","50359","18803"
"2011-03-12","Bitbucket","194350","148964","45386"
"2011-03-13","Bitbucket","68075","51507","16568"
"2011-03-14","Bitbucket","72403","58618","13785"
"2011-03-15","Bitbucket","90749","62985","27764"
"2011-03-16","Bitbucket","95932","74803","21129"
"2011-03-17","Bitbucket","111539","79536","32003"
"2011-03-18","Bitbucket","75710","58230","17480"
"2011-03-19","Bitbucket","38094","28625","9469"
"2011-03-20","Bitbucket","131159","97668","33491"
"2011-03-21","Bitbucket","151690","120663","31027"
"2011-03-22","Bitbucket","190200","154628","35572"
"2011-03-23","Bitbucket","120597","87541","33056"
"2011-03-24","Bitbucket","135327","107611","27716"
"2011-03-25","Bitbucket","63917","52052","11865"
"2011-03-26","Bitbucket","172457","135667","36790"
"2011-03-27","Bitbucket","100680","73692","26988"
"2011-03-28","Bitbucket","187757","149003","38754"
"2011-03-29","Bitbucket","98302","68111","30191"
"2011-03-30","Bitbucket","139235","106515","32720"
"2011-03-31","Bitbucket","146319","112006","34313"
"2011-04-01","Bitbucket","95768","67762","28006"
"2011-04-02","Bitbucket","89802","70150","19652"
"2011-04-03","Bitbucket","106220","83785","22435"
"2011-04-04","Bitbucket","111299","86791","24508"
"2011-04-05","Bitbucket","65452","48285","17167"
"2011-04-06","Bitbucket","90628","69973","20655"
"2011-04-07","Bitbucket","143489","109446","34043"
"2011-04-08","Bitbucket","114763","88300","26463"
"2011-04-09","Bitbucket","57042","41205","15837"
"2011-04-10","Bitbucket","94741","69426","25315"
"2011-04-11","Bitbucket","127511","103373","24138"
"2011-04-12","Bitbucket","81740","63202","18538"
"2011-04-13","Bitbucket","82490","64308","18182"
"2011-04-14","Bitbucket","112437","81469","30968"
"2011-04-15","Bitbucket","117061","90791","26270"
"2011-04-16","Bitbucket","111280","85246","26034"
"2011-04-17","Bitbucket","116713","90427","26286"
"2011-04-18","Bitbucket","148755","108879","39876"
"2011-04-19","Bitbucket","165945","127829","38116"
"2011-04-20","Bitbucket","47485","33282","14203"
"2011-04-21","Bitbucket","187018","145554","41464"
"2011-04-22","Bitbucket","94801","67355","27446"
"2011-04-23","Bitbucket","145328","119948","25380"
"2011-04-24","Bitbucket","100099","71278","28821"
"2011-04-25","Bitbucket","104069","82261","21808"
"2011-04-26","Bitbucket","156244","117060","39184"
"2011-04-27","Bitbucket","124551","92787","31764"
"2011-04-28","Bitbucket","100850","74409","26441"
"2011-04-29","Bitbucket","183140","151714","31426"
"2011-04-30","Bitbucket","94258","71085","23173"
"2011-05-01","Bitbucket","235754","189710","46044"
"2011-05-02","Bitbucket","62924","45712","17212"
"2011-05-03","Bitbucket","91639","66370","25269"
"2011-05-04","Bitbucket","61954","45699","16255"
"2011-05-05","Bitbucket","147388","117832","29556"
"2011-05-06","Bitbucket","240979","185890","55089"
"2011-05-07","Bitbucket","75186","54656","20530"
"2011-05-08","Bitbucket","84296","64632","19664"
"2011-05-09","Bitbucket","90162","65764","24398"
"2011-05-10","Bitbucket","95228","66646","28582"
"2011-05-11","Bitbucket","178657","138457","40200"
"2011-05-12","Bitbucket","98896","73395","25501"
"2011-05-13","Bitbucket","152327","118544","33783"
"2011-05-14","Bitbucket","46106","32414","13692"
"2011-05-15","Bitbucket","56961","43069","13892"
"2011-05-16","Bitbucket","116101","91885","24216"
"2011-05-17","Bitbucket","147320","112864","34456"
"2011-05-18","Bitbucket","126677","94004","32673"
"2011-05-19","Bitbucket","98600","70802","27798"
"2011-05-20","Bitbucket","270147","217445","52702"
"2011-05-21","Bitbucket","93334","71751","21583"
"2011-05-22","Bitbucket","145884","115410","30474"
"2011-05-23","Bitbucket","161516","122895","38621"
"2011-05-24","Bitbucket","93687","69289","24398"
"2011-05-25","Bitbucket","137798","99499","38299"
"2011-05-26","Bitbucket","87092","70479","16613"
"2011-05-27","Bitbucket","217184","176221","40963"
"2011-05-28","Bitbucket","70681","52835","17846"
"2011-05-29","Bitbucket","88711","64454","24257"
"2011-05-30","Bitbucket","100020","72186","27834"
"2011-05-31","Bitbucket","112370","88685","23685"
"2011-06-01","Bitbucket","189896","135458","54438"
"2011-06-02","Bitbucket","114389","85284","29105"
"2011-06-03","Bitbucket","114538","94493","20045"
"2011-06-04","Bitbucket","157294","112879","44415"
"2011-06-05","Bitbucket","197620","158335","39285"
"2011-06-06","Bitbucket","105907","76554","29353"
"2011-06-07","Bitbucket","50861","39061","11800"
"2011-06-08","Bitbucket","140500","113733","26767"
"2011-06-09","Bitbucket","170364","135559","34805"
"2011-06-10","Bitbucket","133647","106419","27228"
"2011-06-11","Bitbucket","172326","130192","42134"
"2011-06-12","Bitbucket","110351","86648","23703"
"2011-06-13","Bitbucket","81899","61686","20213"
"2011-06-14","Bitbucket","256995","210985","46010"
"2011-06-15","Bitbucket","158798","125807","32991"
"2011-06-16","Bitbucket","165245","126152","39093"
"2011-06-17","Bitbucket","44973","36466","8507"
"2011-06-18","Bitbucket","63663","53593","10070"
"2011-06-19","Bitbucket","92352","72056","20296"
"2011-06-20","Bitbucket","139276","110312","28964"
"2011-06-21","Bitbucket","220170","173764","46406"
"2011-06-22","Bitbucket","61398","46716","14682"
"2011-06-23","Bitbucket","120097","87980","32117"
"2011-06-24","Bitbucket","275432","217142","58290"
"2011-06-25","Bitbucket","245370","196798","48572"
"2011-06-26","Bitbucket","173973","125406","48567"
"2011-06-27","Bitbucket","71221","50398","20823"
"2011-06-28","Bitbucket","212435","167430","45005"
"2011-06-29","Bitbucket","194607","157630","36977"
"2011-06-30","Bitbucket","162885","127707","35178"
"2011-07-01","Bitbucket","111280","85246","26034"
"2011-07-02","Bitbucket","217457","176225","41232"
"2011-07-03","Bitbucket","113234","82367","30867"
"2011-07-04","Bitbucket","104359","86384","17975"
"2011-07-05","Bitbucket","115199","83400","31799"
"2011-07-06","Bitbucket","142998","117486","25512"
"2011-07-07","Bitbucket","161045","123317","37728"
"2011-07-08","Bitbucket","75421","52851","22570"
"2011-07-09","Bitbucket","152017","120603","31414"
"2011-07-10","Bitbucket","120538","92788","27750"
"2011-07-11","Bitbucket","170085","134186","35899"
"2011-07-12","Bitbucket","160737","121444","39293"
"2011-07-13","Bitbucket","100709","78958","21751"
"2011-07-14","Bitbucket","190537","139783","50754"
"2011-07-15","Bitbucket","111051","88108","22943"
"2011-07-16","Bitbucket","114108","79072","35036"
"2011-07-17","Bitbucket","128977","99851","29126"
"2011-07-18","Bitbucket","198286","153287","44999"
"2011-07-19","Bitbucket","151958","124699","27259"
"2011-07-20","Bitbucket","106686","87395","19291"
"2011-07-21","Bitbucket","143916","104538","39378"
"2011-07-22","Bitbucket","102907","74382","28525"
"2011-07-23","Bitbucket","88461","66624","21837"
"2011-07-24","Bitbucket","115265","83704","31561"
"2011-07-25","Bitbucket","212350","171843","40507"
"2011-07-26","Bitbucket","163678","130330","33348"
"2011-07-27","Bitbucket","202288","164348","37940"
"2011-07-28","Bitbucket","61002","44824","16178"
"2011-07-29","Bitbucket","125249","94284","30965"
"2011-07-30","Bitbucket","111550","86181","25369"
"2011-07-31","Bitbucket","182285","141601","40684"
"2011-08-01","Bitbucket","76743","57778","18965"
"2011-08-02","Bitbucket","212206","170292","41914"
"2011-08-03","Bitbucket","168964","133183","35781"
"2011-08-04","Bitbucket","141020","105444","35576"
"2011-08-05","Bitbucket","150129","114835","35294"
"2011-08-06","Bitbucket","210974","161732","49242"
"2011-08-07","Bitbucket","182761","153786","28975"
"2011-08-08","Bitbucket","80571","58309","22262"
"2011-08-09","Bitbucket","99478","82735","16743"
"2011-08-10","Bitbucket","108023","83612","24411"
"2011-08-11","Bitbucket","143496","109941","33555"
"2011-08-12","Bitbucket","200743","160676","40067"
"2011-08-13","Bitbucket","168539","131308","37231"
"2011-08-14","Bitbucket","103323","88224","15099"
"2011-08-15","Bitbucket","137435","104641","32794"
"2011-08-16","Bitbucket","264112","202001","62111"
"2011-08-17","Bitbucket","97462","76124","21338"
"2011-08-18","Bitbucket","112599","88567","24032"
"2011-08-19","Bitbucket","107715","74231","33484"
"2011-08-20","Bitbucket","169635","124653","44982"
"2011-08-21","Bitbucket","242512","184135","58377"
"2011-08-22","Bitbucket","131845","104220","27625"
"2011-08-23","Bitbucket","190466","149930","40536"
"2011-08-24","Bitbucket","140719","105197","35522"
"2011-08-25","Bitbucket","193019","150161","42858"
"2011-08-26","Bitbucket","83812","58386","25426"
"2011-08-27","Bitbucket","158850","126859","31991"
"2011-08-28","Bitbucket","217104","167304","49800"
"2011-08-29","Bitbucket","165646","126694","38952"
"2011-08-30","Bitbucket","157497","128186","29311"
"2011-08-31","Bitbucket","147065","103681","43384"
"2011-09-01","Bitbucket","90040","65676","24364"
"2011-09-02","Bitbucket","105824","77938","27886"
"2011-09-03","Bitbucket","154197","122110","32087"
"2011-09-04","Bitbucket","137337","105822","31515"
"2011-09-05","Bitbucket","99088","74881","24207"
"2011-09-06","Bitbucket","147231","120210","27021"
"2011-09-07","Bitbucket","111623","90466","21157"
"2011-09-08","Bitbucket","151247","115695","35552"
"2011-09-09","Bitbucket","174686","141381","33305"
"2011-09-10","Bitbucket","31205","25172","6033"
"2011-09-11","Bitbucket","84397","62158","22239"
"2011-09-12","Bitbucket","166363","118004","48359"
"2011-09-13","Bitbucket","46866","33239","13627"
"2011-09-14","Bitbucket","92320","77184","15136"
"2011-09-15","Bitbucket","105820","84225","21595"
"2011-09-16","Bitbucket","192992","151027","41965"
"2011-09-17","Bitbucket","182685","142612","40073"
"2011-09-18","Bitbucket","165794","124797","40997"
"2011-09-19","Bitbucket","103198","76009","27189"
"2011-09-20","Bitbucket","147437","109633","37804"
"2011-09-21","Bitbucket","197565","157215","40350"
"2011-09-22","Bitbucket","123390","95218","28172"
"2011-09-23","Bitbucket","149737","118481","31256"
"2011-09-24","Bitbucket","217156","178263","38893"
"2011-09-25","Bitbucket","120030","94659","25371"
"2011-09-26","Bitbucket","67950","52038","15912"
"2011-09-27","Bitbucket","168494","128030","40464"
"2011-09-28","Bitbucket","67290","46979","20311"
"2011-09-29","Bitbucket","316112","249662","66450"
"2011-09-30","Bitbucket","219624","170927","48697"
"2011-10-01","Bitbucket","101390","80154","21236"
"2011-10-02","Bitbucket","77789","57277","20512"
"2011-10-03","Bitbucket","117908","81046","36862"
"2011-10-04","Bitbucket","284980","220031","64949"
"2011-10-05","Bitbucket","100209","69779","30430"
"2011-10-06","Bitbucket","79880","57122","22758"
"2011-10-07","Bitbucket","102942","80963","21979"
"2011-10-08","Bitbucket","147066","114405","32661"
"2011-10-09","Bitbucket","79639","61004","18635"
"2011-10-10","Bitbucket","256963","203534","53429"
"2011-10-11","Bitbucket","113930","87370","26560"
"2011-10-12","Bitbucket","113997","89467","24530"
"2011-10-13","Bitbucket","177817","141521","36296"
"2011-10-14","Bitbucket","95219","69654","25565"
"2011-10-15","Bitbucket","211341","154560","56781"
"2011-10-16","Bitbucket","127740","101742","25998"
"2011-10-17","Bitbucket","146643","113611","33032"
"2011-10-18","Bitbucket","224727","177476","47251"
"2011-10-19","Bitbucket","203434","159164","44270"
"2011-10-20","Bitbucket","230751","184822","45929"
"2011-10-21","Bitbucket","63631","45822","17809"
"2011-10-22","Bitbucket","177697","141376","36321"
"2011-10-23","Bitbucket","166670","127397","39273"
"2011-10-24","Bitbucket","157838","118974","38864"
"2011-10-25","Bitbucket","173886","129414","44472"
"2011-10-26","Bitbucket","100728","83402","17326"
"2011-10-27","Bitbucket","175342","139743","35599"
"2011-10-28","Bitbucket","142580","115404","27176"
"2011-10-29","Bitbucket","120371","90778","29593"
"2011-10-30","Bitbucket","98497","71877","26620"
"2011-10-31","Bitbucket","262743","198490","64253"
"2011-11-01","Bitbucket","242522","191819","50703"
"2011-11-02","Bitbucket","245812","189829","55983"
"2011-11-03","Bitbucket","114210","88024","26186"
"2011-11-04","Bitbucket","94038","68742","25296"
"2011-11-05","Bitbucket","142259","113717","28542"
"2011-11-06","Bitbucket","252835","198779","54056"
"2011-11-07","Bitbucket","147778","122173","25605"
"2011-11-08","Bitbucket","118475","87116","31359"
"2011-11-09","Bitbucket","216309","160156","56153"
"2011-11-10","Bitbucket","195757","160823","34934"
"2011-11-11","Bitbucket","316339","257169","59170"
"2011-11-12","Bitbucket","99361","78935","20426"
"2011-11-13","Bitbucket","138097","101316","36781"
"2011-11-14","Bitbucket","142948","109751","33197"
"2011-11-15","Bitbucket","207545","158519","49026"
"2011-11-16","Bitbucket","80392","59898","20494"
"2011-11-17","Bitbucket","171059","125024","46035"
"2011-11-18","Bitbucket","289797","229663","60134"
"2011-11-19","Bitbucket","96149","79740","16409"
"2011-11-20","Bitbucket","124129","102562","21567"
"2011-11-21","Bitbucket","124887","101467","23420"
"2011-11-22","Bitbucket","148125","125229","22896"
"2011-11-23","Bitbucket","175633","133317","42316"
"2011-11-24","Bitbucket","130288","94315","35973"
"2011-11-25","Bitbucket","210771","163111","47660"
"2011-11-26","Bitbucket","52064","36944","15120"
"2011-11-27","Bitbucket","174400","146689","27711"
"2011-11-28","Bitbucket","122020","92044","29976"
"2011-11-29","Bitbucket","171327","129277","42050"
"2011-11-30","Bitbucket","178084","143367","34717"
"2011-12-01","Bitbucket","115268","83310","31958"
"2011-12-02","Bitbucket","111997","78918","33079"
"2011-12-03","Bitbucket","166402","121993","44409"
"2011-12-04","Bitbucket","95950","69060","26890"
"2011-12-05","Bitbucket","204002","162635","41367"
"2011-12-06","Bitbucket","192018","149685","42333"
"2011-12-07","Bitbucket","225847","192923","32924"
"2011-12-08","Bitbucket","131527","101757","29770"
"2011-12-09","Bitbucket","159766","118869","40897"
"2011-12-10","Bitbucket","68951","52896","16055"
"2011-12-11","Bitbucket","150407","123171","27236"
"2011-12-12","Bitbucket","167188","131679","35509"
"2011-12-13","Bitbucket","89537","65046","24491"
"2011-12-14","Bitbucket","81180","58144","23036"
"2011-12-15","Bitbucket","136097","108644","27453"
"2011-12-16","Bitbucket","108751","83929","24822"
"2011-12-17","Bitbucket","104318","81456","22862"
"2011-12-18","Bitbucket","214196","167677","46519"
"2011-12-19","Bitbucket","124021","94406","29615"
"2011-12-20","Bitbucket","136688","115141","21547"
"2011-12-21","Bitbucket","177407","137790","39617"
"2011-12-22","Bitbucket","115077","89649","25428"
"2011-12-23","Bitbucket","132817","95632","37185"
"2011-12-24","Bitbucket","224981","175783","49198"
"2011-12-25","Bitbucket","246558","202949","43609"
"2011-12-26","Bitbucket","182803","143736","39067"
"2011-12-27","Bitbucket","185200","150497","34703"
"2011-12-28","Bitbucket","142735","103244","39491"
"2011-12-29","Bitbucket","178445","142539","35906"
"2011-12-30","Bitbucket","131065","99104","31961"
"2011-12-31","Bitbucket","86228","64340","21888"
"2012-01-01","Bitbucket","188664","147731","40933"
"2012-01-02","Bitbucket","178875","141219","37656"
"2012-01-03","Bitbucket","249019","202953","46066"
"2012-01-04","Bitbucket","206034","161430","44604"
"2012-01-05","Bitbucket","136374","109672","26702"
"2012-01-06","Bitbucket","186443","141513","44930"
"2012-01-07","Bitbucket","37740","29948","7792"
"2012-01-08","Bitbucket","216863","166962","49901"
"2012-01-09","Bitbucket","190219","143571","46648"
"2012-01-10","Bitbucket","186346","143800","42546"
"2012-01-11","Bitbucket","296275","226735","69540"
"2012-01-12","Bitbucket","153404","119270","34134"
"2012-01-13","Bitbucket","304201","236051","68150"
"2012-01-14","Bitbucket","199085","161179","37906"
"2012-01-15","Bitbucket","199664","150462","49202"
"2012-01-16","Bitbucket","236473","183634","52839"
"2012-01-17","Bitbucket","373086","300238","72848"
"2012-01-18","Bitbucket","180213","145341","34872"
"2012-01-19","Bitbucket","180212","136442","43770"
"2012-01-20","Bitbucket","95907","72351","23556"
"2012-01-21","Bitbucket","177566","144131","33435"
"2012-01-22","Bitbucket","155917","117212","38705"
"2012-01-23","Bitbucket","130218","103206","27012"
"2012-01-24","Bitbucket","100347","72343","28004"
"2012-01-25","Bitbucket","173632","126006","47626"
"2012-01-26","Bitbucket","147575","111660","35915"
"2012-01-27","Bitbucket","188770","145423","43347"
"2012-01-28","Bitbucket","132677","102206","30471"
"2012-01-29","Bitbucket","219157","180625","38532"
"2012-01-30","Bitbucket","216658","167876","48782"
"2012-01-31","Bitbucket","350468","286726","63742"
"2012-02-01","Bitbucket","325761","271829","53932"
"2012-02-02","Bitbucket","182188","150839","31349"
"2012-02-03","Bitbucket","96380","67223","29157"
"2012-02-04","Bitbucket","215242","168612","46630"
"2012-02-05","Bitbucket","207342","149774","57568"
"2012-02-06","Bitbucket","198153","150686","47467"
"2012-02-07","Bitbucket","172719","132783","39936"
"2012-02-08","Bitbucket","379795","292124","87671"
"2012-02-09","Bitbucket","323832","255959","67873"
"2012-02-10","Bitbucket","104895","78958","25937"
"2012-02-11","Bitbucket","179998","144010","35988"
"2012-02-12","Bitbucket","118126","83291","34835"
"2012-02-13","Bitbucket","114046","81882","32164"
"2012-02-14","Bitbucket","349255","267754","81501"
"2012-02-15","Bitbucket","412676","323758","88918"
"2012-02-16","Bitbucket","138323","98693","39630"
"2012-02-17","Bitbucket","175784","133233","42551"
"2012-02-18","Bitbucket","133582","102801","30781"
"2012-02-19","Bitbucket","185242","140829","44413"
"2012-02-20","Bitbucket","297345","225830","71515"
"2012-02-21","Bitbucket","201771","148748","53023"
"2012-02-22","Bitbucket","126882","91309","35573"
"2012-02-23","Bitbucket","229294","168653","60641"
"2012-02-24","Bitbucket","307959","247835","60124"
"2012-02-25","Bitbucket","146878","111806","35072"
"2012-02-26","Bitbucket","194022","148969","45053"
"2012-02-27","Bitbucket","124325","91672","32653"
"2012-02-28","Bitbucket","231717","175941","55776"
"2012-02-29","Bitbucket","107630","79950","27680"
"2012-03-01","Bitbucket","329242","256481","72761"
"2012-03-02","Bitbucket","286287","228314","57973"
"2012-03-03","Bitbucket","195033","148327","46706"
"2012-03-04","Bitbucket","239451","193895","45556"
"2012-03-05","Bitbucket","173416","138043","35373"
"2012-03-06","Bitbucket","183573","136664","46909"
"2012-03-07","Bitbucket","228301","184265","44036"
"2012-03-08","Bitbucket","167243","117156","50087"
"2012-03-09","Bitbucket","160902","126772","34130"
"2012-03-10","Bitbucket","164277","123018","41259"
"2012-03-11","Bitbucket","262632","212997","49635"
"2012-03-12","Bitbucket","271537","206881","64656"
"2012-03-13","Bitbucket","218361","171989","46372"
"2012-03-14","Bitbucket","223841","179954","43887"
"2012-03-15","Bitbucket","291627","229500","62127"
"2012-03-16","Bitbucket","201169","148706","52463"
"2012-03-17","Bitbucket","256999","196010","60989"
"2012-03-18","Bitbucket","318226","255474","62752"
"2012-03-19","Bitbucket","184941","129968","54973"
"2012-03-20","Bitbucket","329870","260460","69410"
"2012-03-21","Bitbucket","167272","118420","48852"
"2012-03-22","Bitbucket","343147","275622","67525"
"2012-03-23","Bitbucket","221550","163619","57931"
"2012-03-24","Bitbucket","213089","166980","46109"
"2012-03-25","Bitbucket","325474","240691","84783"
"2012-03-26","Bitbucket","236309","186728","49581"
"2012-03-27","Bitbucket","351403","262007","89396"
"2012-03-28","Bitbucket","221628","176468","45160"
"2012-03-29","Bitbucket","198647","156209","42438"
"2012-03-30","Bitbucket","196063","146589","49474"
"2012-03-31","Bitbucket","301548","235819","65729"
"2012-04-01","Bitbucket","229678","183357","46321"
"2012-04-02","Bitbucket","239232","182906","56326"
"2012-04-03","Bitbucket","263691","197734","65957"
"2012-04-04","Bitbucket","334663","261664","72999"
"2012-04-05","Bitbucket","264705","205642","59063"
"2012-04-06","Bitbucket","271443","221770","49673"
"2012-04-07","Bitbucket","326789","250286","76503"
"2012-04-08","Bitbucket","373125","293628","79497"
"2012-04-09","Bitbucket","271578","215395","56183"
"2012-04-10","Bitbucket","139903","100586","39317"
"2012-04-11","Bitbucket","247596","186770","60826"
"2012-04-12","Bitbucket","227243","187848","39395"
"2012-04-13","Bitbucket","210929","168434","42495"
"2012-04-14","Bitbucket","153071","116925","36146"
"2012-04-15","Bitbucket","132714","93808","38906"
"2012-04-16","Bitbucket","197401","153455","43946"
"2012-04-17","Bitbucket","144582","104301","40281"
"2012-04-18","Bitbucket","234840","182080","52760"
"2012-04-19","Bitbucket","281347","220584","60763"
"2012-04-20","Bitbucket","162346","124219","38127"
"2012-04-21","Bitbucket","189682","149809","39873"
"2012-04-22","Bitbucket","174568","130333","44235"
"2012-04-23","Bitbucket","123641","94970","28671"
"2012-04-24","Bitbucket","180045","134432","45613"
"2012-04-25","Bitbucket","330878","262590","68288"
"2012-04-26","Bitbucket","227780","181011","46769"
"2012-04-27","Bitbucket","146093","107992","38101"
"2012-04-28","Bitbucket","253333","185331","68002"
"2012-04-29","Bitbucket","298985","233757","65228"
"2012-04-30","Bitbucket","265322","208024","57298"
"2012-05-01","Bitbucket","136440","109744","26696"
"2012-05-02","Bitbucket","298708","237812","60896"
"2012-05-03","Bitbucket","381920","308933","72987"
"2012-05-04","Bitbucket","205859","161376","44483"
"2012-05-05","Bitbucket","179815","136323","43492"
"2012-05-06","Bitbucket","179447","133213","46234"
"2012-05-07","Bitbucket","186395","142347","44048"
"2012-05-08","Bitbucket","275848","222976","52872"
"2012-05-09","Bitbucket","386563","313241","73322"
"2012-05-10","Bitbucket","214501","163764","50737"
"2012-05-11","Bitbucket","192983","144939","48044"
"2012-05-12","Bitbucket","315125","250259","64866"
"2012-05-13","Bitbucket","153439","113446","39993"
"2012-05-14","Bitbucket","146526","108143","38383"
"2012-05-15","Bitbucket","189440","145701","43739"
"2012-05-16","Bitbucket","290715","224897","65818"
"2012-05-17","Bitbucket","225343","166009","59334"
"2012-05-18","Bitbucket","297950","229610","68340"
"2012-05-19","Bitbucket","150712","109274","41438"
"2012-05-20","Bitbucket","185581","144707","40874"
"2012-05-21","Bitbucket","286371","222338","64033"
"2012-05-22","Bitbucket","202962","152612","50350"
"2012-05-23","Bitbucket","173185","119592","53593"
"2012-05-24","Bitbucket","266609","207010","59599"
"2012-05-25","Bitbucket","149876","112244","37632"
"2012-05-26","Bitbucket","237651","192558","45093"
"2012-05-27","Bitbucket","320892","245890","75002"
"2012-05-28","Bitbucket","251340","192398","58942"
"2012-05-29","Bitbucket","157356","120449","36907"
"2012-05-30","Bitbucket","377025","305964","71061"
"2012-05-31","Bitbucket","149124","112326","36798"
"2012-06-01","Bitbucket","75420","53725","21695"
"2012-06-02","Bitbucket","58543","44905","13638"
"2012-06-03","Bitbucket","65901","47611","18290"
"2012-06-04","Bitbucket","127099","95267","31832"
"2012-06-05","Bitbucket","104898","80409","24489"
"2012-06-06","Bitbucket","75754","61483","14271"
"2012-06-07","Bitbucket","112479","76979","35500"
"2012-06-08","Bitbucket","94208","73257","20951"
"2012-06-09","Bitbucket","54505","46486","8019"
"2012-06-10","Bitbucket","187360","147448","39912"
"2012-06-11","Bitbucket","138829","107648","31181"
"2012-06-12","Bitbucket","96430","69231","27199"
"2012-06-13","Bitbucket","74454","59707","14747"
"2012-06-14","Bitbucket","63995","52400","11595"
"2012-06-15","Bitbucket","84629","61284","23345"
"2012-06-16","Bitbucket","109670","88196","21474"
"2012-06-17","Bitbucket","113082","87445","25637"
"2012-06-18","Bitbucket","98109","77174","20935"
"2012-06-19","Bitbucket","70194","47882","22312"
"2012-06-20","Bitbucket","77983","54057","23926"
"2012-06-21","Bitbucket","133820","105823","27997"
"2012-06-22","Bitbucket","53364","38183","15181"
"2012-06-23","Bitbucket","114731","88711","26020"
"2012-06-24","Bitbucket","104104","89638","14466"
"2012-06-25","Bitbucket","120349","85959","34390"
"2012-06-26","Bitbucket","77733","62130","15603"
"2012-06-27","Bitbucket","120872","100546","20326"
"2012-06-28","Bitbucket","186372","154097","32275"
"2012-06-29","Bitbucket","77781","53751","24030"
"2012-06-30","Bitbucket","45035","31057","13978"
"2012-07-01","Bitbucket","125049","105284","19765"
"2012-07-02","Bitbucket","208785","161829","46956"
"2012-07-03","Bitbucket","87332","63586","23746"
"2012-07-04","Bitbucket","162637","125743","36894"
"2012-07-05","Bitbucket","84930","61608","23322"
"2012-07-06","Bitbucket","79033","63369","15664"
"2012-07-07","Bitbucket","126920","100674","26246"
"2012-07-08","Bitbucket","85622","66855","18767"
"2012-07-09","Bitbucket","66172","50571","15601"
"2012-07-10","Bitbucket","137423","111998","25425"
"2012-07-11","Bitbucket","99512","78469","21043"
"2012-07-12","Bitbucket","99512","78469","21043"
"2012-07-13","Bitbucket","79114","62424","16690"
"2012-07-14","Bitbucket","73141","54459","18682"
"2012-07-15","Bitbucket","132730","102921","29809"
"2012-07-16","Bitbucket","51461","38840","12621"
"2012-07-17","Bitbucket","31434","25054","6380"
"2012-07-18","Bitbucket","156998","124625","32373"
"2012-07-19","Bitbucket","29255","22508","6747"
"2012-07-20","Bitbucket","72072","49567","22505"
"2012-07-21","Bitbucket","134791","109012","25779"
"2012-07-22","Bitbucket","152678","113797","38881"
"2012-07-23","Bitbucket","177916","134431","43485"
"2012-07-24","Bitbucket","123942","96213","27729"
"2012-07-25","Bitbucket","64535","45169","19366"
"2012-07-26","Bitbucket","106020","80770","25250"
"2012-07-27","Bitbucket","24757","17199","7558"
"2012-07-28","Bitbucket","155028","120903","34125"
"2012-07-29","Bitbucket","73025","61548","11477"
"2012-07-30","Bitbucket","57143","43448","13695"
"2012-07-31","Bitbucket","123921","95624","28297"
"2012-08-01","Bitbucket","2679","2107","572"
"2012-08-02","Bitbucket","114170","97395","16775"
"2012-08-03","Bitbucket","176347","138666","37681"
"2012-08-04","Bitbucket","128365","104510","23855"
"2012-08-05","Bitbucket","116893","96663","20230"
"2012-08-06","Bitbucket","59922","45773","14149"
"2012-08-07","Bitbucket","107671","84878","22793"
"2012-08-08","Bitbucket","117345","97977","19368"
"2012-08-09","Bitbucket","101619","75242","26377"
"2012-08-10","Bitbucket","164488","128828","35660"
"2012-08-11","Bitbucket","131041","106779","24262"
"2012-08-12","Bitbucket","196836","152566","44270"
"2012-08-13","Bitbucket","122122","101213","20909"
"2012-08-14","Bitbucket","46452","37015","9437"
"2012-08-15","Bitbucket","56454","38726","17728"
"2012-08-16","Bitbucket","118919","98581","20338"
"2012-08-17","Bitbucket","177349","141229","36120"
"2012-08-18","Bitbucket","125096","98285","26811"
"2012-08-19","Bitbucket","167367","128939","38428"
"2012-08-20","Bitbucket","148185","109877","38308"
"2012-08-21","Bitbucket","55393","39939","15454"
"2012-08-22","Bitbucket","124171","96632","27539"
"2012-08-23","Bitbucket","94252","76892","17360"
"2012-08-24","Bitbucket","193258","157712","35546"
"2012-08-25","Bitbucket","95913","75076","20837"
"2012-08-26","Bitbucket","117659","90627","27032"
"2012-08-27","Bitbucket","147192","115839","31353"
"2012-08-28","Bitbucket","131641","106790","24851"
"2012-08-29","Bitbucket","126775","94259","32516"
"2012-08-30","Bitbucket","80822","58061","22761"
"2012-08-31","Bitbucket","107119","84265","22854"
"2012-09-01","Bitbucket","150098","117271","32827"
"2012-09-02","Bitbucket","68194","47545","20649"
"2012-09-03","Bitbucket","250487","205723","44764"
"2012-09-04","Bitbucket","75361","58420","16941"
"2012-09-05","Bitbucket","116641","89603","27038"
"2012-09-06","Bitbucket","145729","118283","27446"
"2012-09-07","Bitbucket","120362","93084","27278"
"2012-09-08","Bitbucket","92217","65360","26857"
"2012-09-09","Bitbucket","144413","113514","30899"
"2012-09-10","Bitbucket","144255","104846","39409"
"2012-09-11","Bitbucket","79533","66428","13105"
"2012-09-12","Bitbucket","124326","93377","30949"
"2012-09-13","Bitbucket","192956","145363","47593"
"2012-09-14","Bitbucket","28535","20222","8313"
"2012-09-15","Bitbucket","113749","92297","21452"
"2012-09-16","Bitbucket","98112","77012","21100"
"2012-09-17","Bitbucket","167709","124721","42988"
"2012-09-18","Bitbucket","46003","34408","11595"
"2012-09-19","Bitbucket","51562","36903","14659"
"2012-09-20","Bitbucket","40042","31708","8334"
"2012-09-21","Bitbucket","118792","89856","28936"
"2012-09-22","Bitbucket","130511","107167","23344"
"2012-09-23","Bitbucket","137671","113580","24091"
"2012-09-24","Bitbucket","96200","76694","19506"
"2012-09-25","Bitbucket","145549","111510","34039"
"2012-09-26","Bitbucket","61632","42886","18746"
"2012-09-27","Bitbucket","139010","106002","33008"
"2012-09-28","Bitbucket","68863","48759","20104"
"2012-09-29","Bitbucket","213615","179582","34033"
"2012-09-30","Bitbucket","222082","171183","50899"
"2012-10-01","Bitbucket","58672","41825","16847"
"2012-10-02","Bitbucket","73112","54259","18853"
"2012-10-03","Bitbucket","30555","24284","6271"
"2012-10-04","Bitbucket","152575","119609","32966"
"2012-10-05","Bitbucket","218483","167253","51230"
"2012-10-06","Bitbucket","136796","99360","37436"
"2012-10-07","Bitbucket","134278","106661","27617"
"2012-10-08","Bitbucket","169423","130808","38615"
"2012-10-09","Bitbucket","139560","106672","32888"
"2012-10-10","Bitbucket","165886","130859","35027"
"2012-10-11","Bitbucket","150678","112943","37735"
"2012-10-12","Bitbucket","82469","63182","19287"
"2012-10-13","Bitbucket","167588","132458","35130"
"2012-10-14","Bitbucket","212892","165706","47186"
"2012-10-15","Bitbucket","249936","196691","53245"
"2012-10-16","Bitbucket","181416","149863","31553"
"2012-10-17","Bitbucket","114343","94757","19586"
"2012-10-18","Bitbucket","58555","40387","18168"
"2012-10-19","Bitbucket","147954","108075","39879"
"2012-10-20","Bitbucket","82529","60285","22244"
"2012-10-21","Bitbucket","73992","54310","19682"
"2012-10-22","Bitbucket","100658","72004","28654"
"2012-10-23","Bitbucket","164456","129756","34700"
"2012-10-24","Bitbucket","134576","96732","37844"
"2012-10-25","Bitbucket","149291","118993","30298"
"2012-10-26","Bitbucket","256455","195116","61339"
"2012-10-27","Bitbucket","114226","89581","24645"
"2012-10-28","Bitbucket","140954","102171","38783"
"2012-10-29","Bitbucket","98843","75804","23039"
"2012-10-30","Bitbucket","120391","93449","26942"
"2012-10-31","Bitbucket","65265","55356","9909"
"2012-11-01","Bitbucket","171186","129142","42044"
"2012-11-02","Bitbucket","65795","53737","12058"
"2012-11-03","Bitbucket","129980","106761","23219"
"2012-11-04","Bitbucket","94719","69556","25163"
"2012-11-05","Bitbucket","73841","54239","19602"
"2012-11-06","Bitbucket","98582","77464","21118"
"2012-11-07","Bitbucket","108638","78239","30399"
"2012-11-08","Bitbucket","135088","101176","33912"
"2012-11-09","Bitbucket","128532","106520","22012"
"2012-11-10","Bitbucket","131778","101891","29887"
"2012-11-11","Bitbucket","127218","99929","27289"
"2012-11-12","Bitbucket","91479","69142","22337"
"2012-11-13","Bitbucket","113827","88982","24845"
"2012-11-14","Bitbucket","130963","108481","22482"
"2012-11-15","Bitbucket","98171","75278","22893"
"2012-11-16","Bitbucket","98799","69502","29297"
"2012-11-17","Bitbucket","114034","88320","25714"
"2012-11-18","Bitbucket","85611","60442","25169"
"2012-11-19","Bitbucket","124040","95569","28471"
"2012-11-20","Bitbucket","147482","119962","27520"
"2012-11-21","Bitbucket","195996","152060","43936"
"2012-11-22","Bitbucket","89291","73314","15977"
"2012-11-23","Bitbucket","64631","47936","16695"
"2012-11-24","Bitbucket","134699","107130","27569"
"2012-11-25","Bitbucket","61803","45246","16557"
"2012-11-26","Bitbucket","211510","178877","32633"
"2012-11-27","Bitbucket","68242","57255","10987"
"2012-11-28","Bitbucket","136460","104096","32364"
"2012-11-29","Bitbucket","68062","47955","20107"
"2012-11-30","Bitbucket","78034","63373","14661"
"2012-12-01","Bitbucket","123788","97972","25816"
"2012-12-02","Bitbucket","173403","131073","42330"
"2012-12-03","Bitbucket","97559","76736","20823"
"2012-12-04","Bitbucket","105707","76500","29207"
"2012-12-05","Bitbucket","178825","142709","36116"
"2012-12-06","Bitbucket","171738","126277","45461"
"2012-12-07","Bitbucket","108999","76430","32569"
"2012-12-08","Bitbucket","116509","90178","26331"
"2012-12-09","Bitbucket","103189","70902","32287"
"2012-12-10","Bitbucket","177614","132471","45143"
"2012-12-11","Bitbucket","170626","128691","41935"
"2012-12-12","Bitbucket","181387","140417","40970"
"2012-12-13","Bitbucket","73043","51605","21438"
"2012-12-14","Bitbucket","100397","73814","26583"
"2012-12-15","Bitbucket","127037","101575","25462"
"2012-12-16","Bitbucket","215904","163851","52053"
"2012-12-17","Bitbucket","169136","134762","34374"
"2012-12-18","Bitbucket","95530","75517","20013"
"2012-12-19","Bitbucket","128430","97351","31079"
"2012-12-20","Bitbucket","57984","39128","18856"
"2012-12-21","Bitbucket","207014","161394","45620"
"2012-12-22","Bitbucket","71793","50938","20855"
"2012-12-23","Bitbucket","122528","88505","34023"
"2012-12-24","Bitbucket","109960","79668","30292"
"2012-12-25","Bitbucket","55462","42593","12869"
"2012-12-26","Bitbucket","129260","107756","21504"
"2012-12-27","Bitbucket","103508","74564","28944"
"2012-12-28","Bitbucket","142739","109259","33480"
"2012-12-29","Bitbucket","236763","186526","50237"
"2012-12-30","Bitbucket","147111","116784","30327"
"2012-12-31","Bitbucket","74070","52303","21767"
"2013-01-01","Bitbucket","80270","59810","20460"
"2013-01-02","Bitbucket","242070","191736","50334"
"2013-01-03","Bitbucket","278278","200868","77410"
"2013-01-04","Bitbucket","235204","178583","56621"
"2013-01-05","Bitbucket","427279","340981","86298"
"2013-01-06","Bitbucket","255629","190786","64843"
"2013-01-07","Bitbucket","288323","215307","73016"
"2013-01-08","Bitbucket","300502","226020","74482"
"2013-01-09","Bitbucket","395574","310782","84792"
"2013-01-10","Bitbucket","339390","261588","77802"
"2013-01-11","Bitbucket","297900","215817","82083"
"2013-01-12","Bitbucket","410784","319640","91144"
"2013-01-13","Bitbucket","404907","317738","87169"
"2013-01-14","Bitbucket","284740","226692","58048"
"2013-01-15","Bitbucket","211928","159566","52362"
"2013-01-16","Bitbucket","319174","255023","64151"
"2013-01-17","Bitbucket","407923","316834","91089"
"2013-01-18","Bitbucket","341751","270870","70881"
"2013-01-19","Bitbucket","254023","183545","70478"
"2013-01-20","Bitbucket","328714","248498","80216"
"2013-01-21","Bitbucket","382548","311387","71161"
"2013-01-22","Bitbucket","231479","174595","56884"
"2013-01-23","Bitbucket","350033","277107","72926"
"2013-01-24","Bitbucket","287200","210791","76409"
"2013-01-25","Bitbucket","310355","242037","68318"
"2013-01-26","Bitbucket","237698","185342","52356"
"2013-01-27","Bitbucket","403968","313533","90435"
"2013-01-28","Bitbucket","269603","198377","71226"
"2013-01-29","Bitbucket","306197","228453","77744"
"2013-01-30","Bitbucket","402914","311129","91785"
"2013-01-31","Bitbucket","304946","237970","66976"
"2013-02-01","Bitbucket","409126","317998","91128"
"2013-02-02","Bitbucket","251211","179451","71760"
"2013-02-03","Bitbucket","492592","398022","94570"
"2013-02-04","Bitbucket","372185","272305","99880"
"2013-02-05","Bitbucket","356015","271298","84717"
"2013-02-06","Bitbucket","400679","302992","97687"
"2013-02-07","Bitbucket","382834","291438","91396"
"2013-02-08","Bitbucket","366567","274293","92274"
"2013-02-09","Bitbucket","411922","319521","92401"
"2013-02-10","Bitbucket","234987","184545","50442"
"2013-02-11","Bitbucket","329597","258776","70821"
"2013-02-12","Bitbucket","288379","216322","72057"
"2013-02-13","Bitbucket","488450","384342","104108"
"2013-02-14","Bitbucket","430014","334819","95195"
"2013-02-15","Bitbucket","347857","254702","93155"
"2013-02-16","Bitbucket","268765","205805","62960"
"2013-02-17","Bitbucket","355905","262585","93320"
"2013-02-18","Bitbucket","316001","240497","75504"
"2013-02-19","Bitbucket","430557","335027","95530"
"2013-02-20","Bitbucket","406720","315608","91112"
"2013-02-21","Bitbucket","299754","224046","75708"
"2013-02-22","Bitbucket","383819","298311","85508"
"2013-02-23","Bitbucket","452933","345297","107636"
"2013-02-24","Bitbucket","378621","292761","85860"
"2013-02-25","Bitbucket","376699","286619","90080"
"2013-02-26","Bitbucket","367873","274184","93689"
"2013-02-27","Bitbucket","427936","324227","103709"
"2013-02-28","Bitbucket","284422","214691","69731"
"2013-03-01","Bitbucket","152962","124264","28698"
"2013-03-02","Bitbucket","310902","245758","65144"
"2013-03-03","Bitbucket","291636","225846","65790"
"2013-03-04","Bitbucket","431288","340454","90834"
"2013-03-05","Bitbucket","440295","345069","95226"
"2013-03-06","Bitbucket","487366","365174","122192"
"2013-03-07","Bitbucket","358969","274121","84848"
"2013-03-08","Bitbucket","428828","325408","103420"
"2013-03-09","Bitbucket","371368","290375","80993"
"2013-03-10","Bitbucket","423701","347567","76134"
"2013-03-11","Bitbucket","442436","340057","102379"
"2013-03-12","Bitbucket","316590","244469","72121"
"2013-03-13","Bitbucket","334942","254809","80133"
"2013-03-14","Bitbucket","446633","350151","96482"
"2013-03-15","Bitbucket","222443","167134","55309"
"2013-03-16","Bitbucket","415466","315283","100183"
"2013-03-17","Bitbucket","288033","221721","66312"
"2013-03-18","Bitbucket","521465","399744","121721"
"2013-03-19","Bitbucket","328633","252256","76377"
"2013-03-20","Bitbucket","349281","252409","96872"
"2013-03-21","Bitbucket","423236","311898","111338"
"2013-03-22","Bitbucket","525244","402110","123134"
"2013-03-23","Bitbucket","303903","234339","69564"
"2013-03-24","Bitbucket","333931","261925","72006"
"2013-03-25","Bitbucket","365669","294309","71360"
"2013-03-26","Bitbucket","455294","344806","110488"
"2013-03-27","Bitbucket","393901","296800","97101"
"2013-03-28","Bitbucket","352435","270913","81522"
"2013-03-29","Bitbucket","203724","150179","53545"
"2013-03-30","Bitbucket","390280","314205","76075"
"2013-03-31","Bitbucket","406866","308478","98388"
"2013-04-01","Bitbucket","456303","350633","105670"
"2013-04-02","Bitbucket","307530","228025","79505"
"2013-04-03","Bitbucket","303895","234550","69345"
"2013-04-04","Bitbucket","262942","208653","54289"
"2013-04-05","Bitbucket","336601","265092","71509"
"2013-04-06","Bitbucket","437696","340281","97415"
"2013-04-07","Bitbucket","380181","295448","84733"
"2013-04-08","Bitbucket","308195","254472","53723"
"2013-04-09","Bitbucket","464287","371413","92874"
"2013-04-10","Bitbucket","572230","458966","113264"
"2013-04-11","Bitbucket","496758","376023","120735"
"2013-04-12","Bitbucket","446949","366404","80545"
"2013-04-13","Bitbucket","685076","539028","146048"
"2013-04-14","Bitbucket","432213","339422","92791"
"2013-04-15","Bitbucket","453475","352421","101054"
"2013-04-16","Bitbucket","434284","351187","83097"
"2013-04-17","Bitbucket","380661","287055","93606"
"2013-04-18","Bitbucket","302229","230084","72145"
"2013-04-19","Bitbucket","291298","217263","74035"
"2013-04-20","Bitbucket","483422","376757","106665"
"2013-04-21","Bitbucket","309005","242970","66035"
"2013-04-22","Bitbucket","351533","273499","78034"
"2013-04-23","Bitbucket","314723","258525","56198"
"2013-04-24","Bitbucket","355127","257926","97201"
"2013-04-25","Bitbucket","380555","276023","104532"
"2013-04-26","Bitbucket","605286","477099","128187"
"2013-04-27","Bitbucket","349714","263495","86219"
"2013-04-28","Bitbucket","528311","419064","109247"
"2013-04-29","Bitbucket","456451","333616","122835"
"2013-04-30","Bitbucket","352722","288863","63859"
"2013-05-01","Bitbucket","106249","83551","22698"
"2013-05-02","Bitbucket","429178","337407","91771"
"2013-05-03","Bitbucket","431031","329512","101519"
"2013-05-04","Bitbucket","323365","241086","82279"
"2013-05-05","Bitbucket","348219","275988","72231"
"2013-05-06","Bitbucket","396579","298924","97655"
"2013-05-07","Bitbucket","397242","314190","83052"
"2013-05-08","Bitbucket","291091","219706","71385"
"2013-05-09","Bitbucket","422354","327517","94837"
"2013-05-10","Bitbucket","340137","263088","77049"
"2013-05-11","Bitbucket","291046","213497","77549"
"2013-05-12","Bitbucket","433738","339886","93852"
"2013-05-13","Bitbucket","411683","315910","95773"
"2013-05-14","Bitbucket","185678","135929","49749"
"2013-05-15","Bitbucket","403865","315078","88787"
"2013-05-16","Bitbucket","345926","270771","75155"
"2013-05-17","Bitbucket","347140","272111","75029"
"2013-05-18","Bitbucket","315162","243541","71621"
"2013-05-19","Bitbucket","602870","492298","110572"
"2013-05-20","Bitbucket","228848","182033","46815"
"2013-05-21","Bitbucket","272316","208889","63427"
"2013-05-22","Bitbucket","388491","287109","101382"
"2013-05-23","Bitbucket","383918","309889","74029"
"2013-05-24","Bitbucket","344647","255625","89022"
"2013-05-25","Bitbucket","614240","492965","121275"
"2013-05-26","Bitbucket","362947","285731","77216"
"2013-05-27","Bitbucket","249048","195026","54022"
"2013-05-28","Bitbucket","384417","286375","98042"
"2013-05-29","Bitbucket","430819","342390","88429"
"2013-05-30","Bitbucket","503381","389408","113973"
"2013-05-31","Bitbucket","352046","276387","75659"
"2008-06-08","Bitmonkey","43459","39281","4178"
"2008-06-11","Bitmonkey","43459","39281","4178"
"2008-06-12","Bitmonkey","43459","39281","4178"
"2008-06-13","Bitmonkey","43459","39281","4178"
"2008-06-15","Bitmonkey","86918","78562","8356"
"2008-06-17","Bitmonkey","43459","39281","4178"
"2008-06-20","Bitmonkey","43459","39281","4178"
"2008-06-25","Bitmonkey","130377","117843","12534"
"2008-06-26","Bitmonkey","43459","39281","4178"
"2008-07-01","Bitmonkey","43459","39281","4178"
"2008-07-02","Bitmonkey","43459","39281","4178"
"2008-07-03","Bitmonkey","43459","39281","4178"
"2008-07-04","Bitmonkey","43459","39281","4178"
"2008-07-05","Bitmonkey","43459","39281","4178"
"2008-07-07","Bitmonkey","43459","39281","4178"
"2008-07-10","Bitmonkey","43459","39281","4178"
"2008-07-11","Bitmonkey","130377","117843","12534"
"2008-07-13","Bitmonkey","43459","39281","4178"
"2008-07-15","Bitmonkey","86918","78562","8356"
"2008-07-17","Bitmonkey","86918","78562","8356"
"2008-07-18","Bitmonkey","43459","39281","4178"
"2008-07-21","Bitmonkey","86918","78562","8356"
"2008-07-22","Bitmonkey","43459","39281","4178"
"2008-07-27","Bitmonkey","43459","39281","4178"
"2008-07-29","Bitmonkey","86918","78562","8356"
"2008-08-02","Bitmonkey","43459","39281","4178"
"2008-08-03","Bitmonkey","43459","39281","4178"
"2008-08-05","Bitmonkey","43459","39281","4178"
"2008-08-06","Bitmonkey","43459","39281","4178"
"2008-08-07","Bitmonkey","43459","39281","4178"
"2008-08-09","Bitmonkey","43459","39281","4178"
"2008-08-10","Bitmonkey","86918","78562","8356"
"2008-08-13","Bitmonkey","86918","78562","8356"
"2008-08-19","Bitmonkey","43459","39281","4178"
"2008-08-21","Bitmonkey","86918","78562","8356"
"2008-08-26","Bitmonkey","86918","78562","8356"
"2008-08-27","Bitmonkey","43459","39281","4178"
"2008-08-28","Bitmonkey","86918","78562","8356"
"2008-08-29","Bitmonkey","43459","39281","4178"
"2008-08-30","Bitmonkey","43459","39281","4178"
"2008-09-05","Bitmonkey","43459","39281","4178"
"2008-09-12","Bitmonkey","86918","78562","8356"
"2008-09-13","Bitmonkey","43459","39281","4178"
"2008-09-18","Bitmonkey","43459","39281","4178"
"2008-09-20","Bitmonkey","43459","39281","4178"
"2008-09-21","Bitmonkey","43459","39281","4178"
"2008-09-23","Bitmonkey","43459","39281","4178"
"2008-09-27","Bitmonkey","43459","39281","4178"
"2008-09-30","Bitmonkey","43459","39281","4178"
"2008-10-03","Bitmonkey","43459","39281","4178"
"2008-10-05","Bitmonkey","43459","39281","4178"
"2008-10-12","Bitmonkey","43459","39281","4178"
"2008-10-14","Bitmonkey","43459","39281","4178"
"2008-10-15","Bitmonkey","43459","39281","4178"
"2008-10-19","Bitmonkey","86918","78562","8356"
"2008-10-21","Bitmonkey","86918","78562","8356"
"2008-10-22","Bitmonkey","43459","39281","4178"
"2008-10-31","Bitmonkey","130377","117843","12534"
"2008-11-03","Bitmonkey","86918","78562","8356"
"2008-11-04","Bitmonkey","86918","78562","8356"
"2008-11-09","Bitmonkey","86918","78562","8356"
"2008-11-13","Bitmonkey","43459","39281","4178"
"2008-11-18","Bitmonkey","43459","39281","4178"
"2008-11-22","Bitmonkey","43459","39281","4178"
"2008-11-25","Bitmonkey","43459","39281","4178"
"2008-11-27","Bitmonkey","43459","39281","4178"
"2008-11-29","Bitmonkey","43459","39281","4178"
"2008-11-30","Bitmonkey","43459","39281","4178"
"2008-12-04","Bitmonkey","86918","78562","8356"
"2008-12-09","Bitmonkey","130377","117843","12534"
"2008-12-15","Bitmonkey","86918","78562","8356"
"2008-12-16","Bitmonkey","43459","39281","4178"
"2008-12-25","Bitmonkey","86918","78562","8356"
"2009-01-02","Bitmonkey","43459","39281","4178"
"2009-01-05","Bitmonkey","43459","39281","4178"
"2009-01-06","Bitmonkey","43459","39281","4178"
"2009-01-07","Bitmonkey","86918","78562","8356"
"2009-01-09","Bitmonkey","43459","39281","4178"
"2009-01-10","Bitmonkey","43459","39281","4178"
"2009-01-11","Bitmonkey","173836","157124","16712"
"2009-01-12","Bitmonkey","43459","39281","4178"
"2009-01-14","Bitmonkey","43459","39281","4178"
"2009-01-17","Bitmonkey","86918","78562","8356"
"2009-01-18","Bitmonkey","86918","78562","8356"
"2009-01-19","Bitmonkey","43459","39281","4178"
"2009-01-21","Bitmonkey","43459","39281","4178"
"2009-01-22","Bitmonkey","43459","39281","4178"
"2009-01-25","Bitmonkey","130377","117843","12534"
"2009-01-27","Bitmonkey","130377","117843","12534"
"2009-01-29","Bitmonkey","43459","39281","4178"
"2009-01-30","Bitmonkey","43459","39281","4178"
"2009-02-01","Bitmonkey","43459","39281","4178"
"2009-02-03","Bitmonkey","86918","78562","8356"
"2009-02-05","Bitmonkey","43459","39281","4178"
"2009-02-06","Bitmonkey","43459","39281","4178"
"2009-02-07","Bitmonkey","86918","78562","8356"
"2009-02-09","Bitmonkey","43459","39281","4178"
"2009-02-11","Bitmonkey","43459","39281","4178"
"2009-02-12","Bitmonkey","43459","39281","4178"
"2009-02-13","Bitmonkey","43459","39281","4178"
"2009-02-17","Bitmonkey","86918","78562","8356"
"2009-02-18","Bitmonkey","43459","39281","4178"
"2009-02-20","Bitmonkey","43459","39281","4178"
"2009-02-21","Bitmonkey","43459","39281","4178"
"2009-02-22","Bitmonkey","43459","39281","4178"
"2009-02-23","Bitmonkey","43459","39281","4178"
"2009-02-24","Bitmonkey","86918","78562","8356"
"2009-02-26","Bitmonkey","86918","78562","8356"
"2009-02-28","Bitmonkey","86918","78562","8356"
"2009-03-01","Bitmonkey","43459","39281","4178"
"2009-03-04","Bitmonkey","43459","39281","4178"
"2009-03-06","Bitmonkey","43459","39281","4178"
"2009-03-07","Bitmonkey","130377","117843","12534"
"2009-03-09","Bitmonkey","43459","39281","4178"
"2009-03-10","Bitmonkey","86918","78562","8356"
"2009-03-12","Bitmonkey","173836","157124","16712"
"2009-03-13","Bitmonkey","43459","39281","4178"
"2009-03-14","Bitmonkey","43459","39281","4178"
"2009-03-15","Bitmonkey","43459","39281","4178"
"2009-03-16","Bitmonkey","43459","39281","4178"
"2009-03-17","Bitmonkey","43459","39281","4178"
"2009-03-20","Bitmonkey","86918","78562","8356"
"2009-03-22","Bitmonkey","86918","78562","8356"
"2009-03-23","Bitmonkey","43459","39281","4178"
"2009-03-25","Bitmonkey","43459","39281","4178"
"2009-03-26","Bitmonkey","43459","39281","4178"
"2009-03-29","Bitmonkey","43459","39281","4178"
"2009-04-07","Bitmonkey","86918","78562","8356"
"2009-04-08","Bitmonkey","130377","117843","12534"
"2009-04-11","Bitmonkey","130377","117843","12534"
"2009-04-13","Bitmonkey","43459","39281","4178"
"2009-04-14","Bitmonkey","130377","117843","12534"
"2009-04-16","Bitmonkey","43459","39281","4178"
"2009-04-18","Bitmonkey","43459","39281","4178"
"2009-04-20","Bitmonkey","43459","39281","4178"
"2009-04-21","Bitmonkey","43459","39281","4178"
"2009-04-22","Bitmonkey","43459","39281","4178"
"2009-04-23","Bitmonkey","43459","39281","4178"
"2009-04-25","Bitmonkey","43459","39281","4178"
"2009-04-27","Bitmonkey","43459","39281","4178"
"2009-04-28","Bitmonkey","43459","39281","4178"
"2009-04-30","Bitmonkey","86918","78562","8356"
"2009-05-01","Bitmonkey","43459","39281","4178"
"2009-05-03","Bitmonkey","43459","39281","4178"
"2009-05-04","Bitmonkey","43459","39281","4178"
"2009-05-06","Bitmonkey","43459","39281","4178"
"2009-05-08","Bitmonkey","43459","39281","4178"
"2009-05-09","Bitmonkey","43459","39281","4178"
"2009-05-10","Bitmonkey","43459","39281","4178"
"2009-05-11","Bitmonkey","43459","39281","4178"
"2009-05-13","Bitmonkey","43459","39281","4178"
"2009-05-14","Bitmonkey","43459","39281","4178"
"2009-05-15","Bitmonkey","43459","39281","4178"
"2009-05-16","Bitmonkey","86918","78562","8356"
"2009-05-18","Bitmonkey","86918","78562","8356"
"2009-05-20","Bitmonkey","130377","117843","12534"
"2009-05-21","Bitmonkey","173836","157124","16712"
"2009-05-22","Bitmonkey","86918","78562","8356"
"2009-05-23","Bitmonkey","86918","78562","8356"
"2009-05-24","Bitmonkey","86918","78562","8356"
"2009-05-25","Bitmonkey","43459","39281","4178"
"2009-05-27","Bitmonkey","43459","39281","4178"
"2009-05-29","Bitmonkey","43459","39281","4178"
"2009-05-30","Bitmonkey","43459","39281","4178"
"2009-05-31","Bitmonkey","86918","78562","8356"
"2009-06-01","Bitmonkey","43459","39281","4178"
"2009-06-02","Bitmonkey","43459","39281","4178"
"2009-06-03","Bitmonkey","130377","117843","12534"
"2009-06-04","Bitmonkey","43459","39281","4178"
"2009-06-06","Bitmonkey","43459","39281","4178"
"2009-06-07","Bitmonkey","217295","196405","20890"
"2009-06-08","Bitmonkey","86918","78562","8356"
"2009-06-13","Bitmonkey","43459","39281","4178"
"2009-06-17","Bitmonkey","43459","39281","4178"
"2009-06-19","Bitmonkey","43459","39281","4178"
"2009-06-20","Bitmonkey","43459","39281","4178"
"2009-06-23","Bitmonkey","43459","39281","4178"
"2009-06-24","Bitmonkey","43459","39281","4178"
"2009-06-25","Bitmonkey","43459","39281","4178"
"2009-06-26","Bitmonkey","43459","39281","4178"
"2009-06-27","Bitmonkey","43459","39281","4178"
"2009-06-28","Bitmonkey","43459","39281","4178"
"2009-06-29","Bitmonkey","130377","117843","12534"
"2009-07-01","Bitmonkey","43459","39281","4178"
"2009-07-02","Bitmonkey","130377","117843","12534"
"2009-07-03","Bitmonkey","43459","39281","4178"
"2009-07-04","Bitmonkey","86918","78562","8356"
"2009-07-05","Bitmonkey","86918","78562","8356"
"2009-07-06","Bitmonkey","43459","39281","4178"
"2009-07-08","Bitmonkey","130377","117843","12534"
"2009-07-11","Bitmonkey","130377","117843","12534"
"2009-07-12","Bitmonkey","43459","39281","4178"
"2009-07-13","Bitmonkey","43459","39281","4178"
"2009-07-15","Bitmonkey","43459","39281","4178"
"2009-07-16","Bitmonkey","43459","39281","4178"
"2009-07-17","Bitmonkey","43459","39281","4178"
"2009-07-18","Bitmonkey","86918","78562","8356"
"2009-07-20","Bitmonkey","43459","39281","4178"
"2009-07-21","Bitmonkey","43459","39281","4178"
"2009-07-22","Bitmonkey","43459","39281","4178"
"2009-07-23","Bitmonkey","130377","117843","12534"
"2009-07-24","Bitmonkey","86918","78562","8356"
"2009-07-25","Bitmonkey","43459","39281","4178"
"2009-07-26","Bitmonkey","43459","39281","4178"
"2009-07-27","Bitmonkey","86918","78562","8356"
"2009-07-28","Bitmonkey","43459","39281","4178"
"2009-07-29","Bitmonkey","86918","78562","8356"
"2009-07-30","Bitmonkey","43459","39281","4178"
"2009-08-01","Bitmonkey","130377","117843","12534"
"2009-08-03","Bitmonkey","86918","78562","8356"
"2009-08-04","Bitmonkey","86918","78562","8356"
"2009-08-05","Bitmonkey","43459","39281","4178"
"2009-08-06","Bitmonkey","43459","39281","4178"
"2009-08-07","Bitmonkey","43459","39281","4178"
"2009-08-09","Bitmonkey","86918","78562","8356"
"2009-08-10","Bitmonkey","86918","78562","8356"
"2009-08-12","Bitmonkey","43459","39281","4178"
"2009-08-14","Bitmonkey","130377","117843","12534"
"2009-08-15","Bitmonkey","43459","39281","4178"
"2009-08-16","Bitmonkey","130377","117843","12534"
"2009-08-17","Bitmonkey","43459","39281","4178"
"2009-08-18","Bitmonkey","86918","78562","8356"
"2009-08-19","Bitmonkey","43459","39281","4178"
"2009-08-21","Bitmonkey","43459","39281","4178"
"2009-08-22","Bitmonkey","43459","39281","4178"
"2009-08-23","Bitmonkey","217295","196405","20890"
"2009-08-25","Bitmonkey","43459","39281","4178"
"2009-08-26","Bitmonkey","43459","39281","4178"
"2009-08-27","Bitmonkey","86918","78562","8356"
"2009-08-29","Bitmonkey","43459","39281","4178"
"2009-08-31","Bitmonkey","130377","117843","12534"
"2009-09-02","Bitmonkey","86918","78562","8356"
"2009-09-03","Bitmonkey","43459","39281","4178"
"2009-09-04","Bitmonkey","43459","39281","4178"
"2009-09-06","Bitmonkey","43459","39281","4178"
"2009-09-07","Bitmonkey","43459","39281","4178"
"2009-09-08","Bitmonkey","86918","78562","8356"
"2009-09-11","Bitmonkey","86918","78562","8356"
"2009-09-12","Bitmonkey","173836","157124","16712"
"2009-09-14","Bitmonkey","43459","39281","4178"
"2009-09-15","Bitmonkey","43459","39281","4178"
"2009-09-16","Bitmonkey","43459","39281","4178"
"2009-09-17","Bitmonkey","86918","78562","8356"
"2009-09-19","Bitmonkey","43459","39281","4178"
"2009-09-23","Bitmonkey","43459","39281","4178"
"2009-09-24","Bitmonkey","86918","78562","8356"
"2009-09-25","Bitmonkey","43459","39281","4178"
"2009-09-26","Bitmonkey","130377","117843","12534"
"2009-09-28","Bitmonkey","43459","39281","4178"
"2009-09-29","Bitmonkey","86918","78562","8356"
"2009-09-30","Bitmonkey","43459","39281","4178"
"2009-10-02","Bitmonkey","86918","78562","8356"
"2009-10-03","Bitmonkey","86918","78562","8356"
"2009-10-04","Bitmonkey","130377","117843","12534"
"2009-10-05","Bitmonkey","86918","78562","8356"
"2009-10-06","Bitmonkey","86918","78562","8356"
"2009-10-09","Bitmonkey","86918","78562","8356"
"2009-10-11","Bitmonkey","130377","117843","12534"
"2009-10-12","Bitmonkey","43459","39281","4178"
"2009-10-13","Bitmonkey","130377","117843","12534"
"2009-10-15","Bitmonkey","43459","39281","4178"
"2009-10-16","Bitmonkey","43459","39281","4178"
"2009-10-18","Bitmonkey","43459","39281","4178"
"2009-10-19","Bitmonkey","43459","39281","4178"
"2009-10-20","Bitmonkey","86918","78562","8356"
"2009-10-22","Bitmonkey","86918","78562","8356"
"2009-10-23","Bitmonkey","86918","78562","8356"
"2009-10-24","Bitmonkey","43459","39281","4178"
"2009-10-25","Bitmonkey","43459","39281","4178"
"2009-10-26","Bitmonkey","86918","78562","8356"
"2009-10-27","Bitmonkey","43459","39281","4178"
"2009-10-30","Bitmonkey","43459","39281","4178"
"2009-11-01","Bitmonkey","43459","39281","4178"
"2009-11-02","Bitmonkey","43459","39281","4178"
"2009-11-03","Bitmonkey","43459","39281","4178"
"2009-11-04","Bitmonkey","86918","78562","8356"
"2009-11-05","Bitmonkey","130377","117843","12534"
"2009-11-07","Bitmonkey","130377","117843","12534"
"2009-11-08","Bitmonkey","43459","39281","4178"
"2009-11-09","Bitmonkey","43459","39281","4178"
"2009-11-13","Bitmonkey","43459","39281","4178"
"2009-11-15","Bitmonkey","130377","117843","12534"
"2009-11-16","Bitmonkey","86918","78562","8356"
"2009-11-17","Bitmonkey","86918","78562","8356"
"2009-11-19","Bitmonkey","130377","117843","12534"
"2009-11-20","Bitmonkey","86918","78562","8356"
"2009-11-21","Bitmonkey","217295","196405","20890"
"2009-11-22","Bitmonkey","43459","39281","4178"
"2009-11-23","Bitmonkey","43459","39281","4178"
"2009-11-24","Bitmonkey","86918","78562","8356"
"2009-11-26","Bitmonkey","43459","39281","4178"
"2009-11-27","Bitmonkey","130377","117843","12534"
"2009-11-28","Bitmonkey","130377","117843","12534"
"2009-11-30","Bitmonkey","43459","39281","4178"
"2009-12-01","Bitmonkey","43459","39281","4178"
"2009-12-02","Bitmonkey","43459","39281","4178"
"2009-12-03","Bitmonkey","43459","39281","4178"
"2009-12-04","Bitmonkey","86918","78562","8356"
"2009-12-05","Bitmonkey","86918","78562","8356"
"2009-12-06","Bitmonkey","43459","39281","4178"
"2009-12-07","Bitmonkey","86918","78562","8356"
"2009-12-08","Bitmonkey","43459","39281","4178"
"2009-12-09","Bitmonkey","86918","78562","8356"
"2009-12-10","Bitmonkey","43459","39281","4178"
"2009-12-11","Bitmonkey","86918","78562","8356"
"2009-12-13","Bitmonkey","43459","39281","4178"
"2009-12-15","Bitmonkey","130377","117843","12534"
"2009-12-16","Bitmonkey","86918","78562","8356"
"2009-12-17","Bitmonkey","43459","39281","4178"
"2009-12-18","Bitmonkey","86918","78562","8356"
"2009-12-19","Bitmonkey","43459","39281","4178"
"2009-12-23","Bitmonkey","43459","39281","4178"
"2009-12-24","Bitmonkey","43459","39281","4178"
"2009-12-25","Bitmonkey","43459","39281","4178"
"2009-12-27","Bitmonkey","173836","157124","16712"
"2009-12-28","Bitmonkey","86918","78562","8356"
"2009-12-29","Bitmonkey","43459","39281","4178"
"2009-12-30","Bitmonkey","86918","78562","8356"
"2009-12-31","Bitmonkey","86918","78562","8356"
"2010-01-01","Bitmonkey","86918","78562","8356"
"2010-01-02","Bitmonkey","130377","117843","12534"
"2010-01-03","Bitmonkey","130377","117843","12534"
"2010-01-04","Bitmonkey","86918","78562","8356"
"2010-01-05","Bitmonkey","43459","39281","4178"
"2010-01-06","Bitmonkey","130377","117843","12534"
"2010-01-07","Bitmonkey","43459","39281","4178"
"2010-01-08","Bitmonkey","86918","78562","8356"
"2010-01-09","Bitmonkey","86918","78562","8356"
"2010-01-10","Bitmonkey","43459","39281","4178"
"2010-01-11","Bitmonkey","130377","117843","12534"
"2010-01-12","Bitmonkey","86918","78562","8356"
"2010-01-13","Bitmonkey","86918","78562","8356"
"2010-01-14","Bitmonkey","86918","78562","8356"
"2010-01-15","Bitmonkey","43459","39281","4178"
"2010-01-16","Bitmonkey","130377","117843","12534"
"2010-01-17","Bitmonkey","43459","39281","4178"
"2010-01-18","Bitmonkey","43459","39281","4178"
"2010-01-19","Bitmonkey","173836","157124","16712"
"2010-01-20","Bitmonkey","173836","157124","16712"
"2010-01-21","Bitmonkey","43459","39281","4178"
"2010-01-22","Bitmonkey","130377","117843","12534"
"2010-01-23","Bitmonkey","130377","117843","12534"
"2010-01-24","Bitmonkey","173836","157124","16712"
"2010-01-25","Bitmonkey","130377","117843","12534"
"2010-01-26","Bitmonkey","130377","117843","12534"
"2010-01-27","Bitmonkey","43459","39281","4178"
"2010-01-28","Bitmonkey","130377","117843","12534"
"2010-01-29","Bitmonkey","86918","78562","8356"
"2010-01-31","Bitmonkey","43459","39281","4178"
"2010-02-01","Bitmonkey","86918","78562","8356"
"2010-02-02","Bitmonkey","86918","78562","8356"
"2010-02-03","Bitmonkey","130377","117843","12534"
"2010-02-04","Bitmonkey","130377","117843","12534"
"2010-02-06","Bitmonkey","43459","39281","4178"
"2010-02-07","Bitmonkey","86918","78562","8356"
"2010-02-08","Bitmonkey","43459","39281","4178"
"2010-02-09","Bitmonkey","43459","39281","4178"
"2010-02-10","Bitmonkey","86918","78562","8356"
"2010-02-11","Bitmonkey","86918","78562","8356"
"2010-02-13","Bitmonkey","43459","39281","4178"
"2010-02-14","Bitmonkey","43459","39281","4178"
"2010-02-15","Bitmonkey","130377","117843","12534"
"2010-02-16","Bitmonkey","260754","235686","25068"
"2010-02-17","Bitmonkey","43459","39281","4178"
"2010-02-18","Bitmonkey","217295","196405","20890"
"2010-02-19","Bitmonkey","130377","117843","12534"
"2010-02-20","Bitmonkey","86918","78562","8356"
"2010-02-21","Bitmonkey","43459","39281","4178"
"2010-02-23","Bitmonkey","86918","78562","8356"
"2010-02-24","Bitmonkey","43459","39281","4178"
"2010-02-26","Bitmonkey","43459","39281","4178"
"2010-02-27","Bitmonkey","86918","78562","8356"
"2010-02-28","Bitmonkey","43459","39281","4178"
"2010-03-02","Bitmonkey","86918","78562","8356"
"2010-03-03","Bitmonkey","43459","39281","4178"
"2010-03-04","Bitmonkey","86918","78562","8356"
"2010-03-05","Bitmonkey","43459","39281","4178"
"2010-03-06","Bitmonkey","86918","78562","8356"
"2010-03-07","Bitmonkey","43459","39281","4178"
"2010-03-09","Bitmonkey","43459","39281","4178"
"2010-03-10","Bitmonkey","86918","78562","8356"
"2010-03-12","Bitmonkey","173836","157124","16712"
"2010-03-13","Bitmonkey","43459","39281","4178"
"2010-03-16","Bitmonkey","43459","39281","4178"
"2010-03-17","Bitmonkey","43459","39281","4178"
"2010-03-18","Bitmonkey","86918","78562","8356"
"2010-03-19","Bitmonkey","86918","78562","8356"
"2010-03-21","Bitmonkey","130377","117843","12534"
"2010-03-22","Bitmonkey","86918","78562","8356"
"2010-03-23","Bitmonkey","86918","78562","8356"
"2010-03-24","Bitmonkey","43459","39281","4178"
"2010-03-25","Bitmonkey","130377","117843","12534"
"2010-03-26","Bitmonkey","86918","78562","8356"
"2010-03-27","Bitmonkey","43459","39281","4178"
"2010-03-28","Bitmonkey","86918","78562","8356"
"2010-03-29","Bitmonkey","130377","117843","12534"
"2010-03-30","Bitmonkey","43459","39281","4178"
"2010-04-01","Bitmonkey","43459","39281","4178"
"2010-04-02","Bitmonkey","173836","157124","16712"
"2010-04-03","Bitmonkey","43459","39281","4178"
"2010-04-05","Bitmonkey","86918","78562","8356"
"2010-04-06","Bitmonkey","130377","117843","12534"
"2010-04-07","Bitmonkey","43459","39281","4178"
"2010-04-08","Bitmonkey","43459","39281","4178"
"2010-04-09","Bitmonkey","86918","78562","8356"
"2010-04-10","Bitmonkey","86918","78562","8356"
"2010-04-11","Bitmonkey","43459","39281","4178"
"2010-04-12","Bitmonkey","86918","78562","8356"
"2010-04-13","Bitmonkey","43459","39281","4178"
"2010-04-14","Bitmonkey","86918","78562","8356"
"2010-04-15","Bitmonkey","43459","39281","4178"
"2010-04-16","Bitmonkey","86918","78562","8356"
"2010-04-18","Bitmonkey","173836","157124","16712"
"2010-04-19","Bitmonkey","43459","39281","4178"
"2010-04-21","Bitmonkey","43459","39281","4178"
"2010-04-22","Bitmonkey","43459","39281","4178"
"2010-04-23","Bitmonkey","86918","78562","8356"
"2010-04-24","Bitmonkey","130377","117843","12534"
"2010-04-25","Bitmonkey","86918","78562","8356"
"2010-04-26","Bitmonkey","86918","78562","8356"
"2010-04-27","Bitmonkey","43459","39281","4178"
"2010-04-30","Bitmonkey","43459","39281","4178"
"2010-05-01","Bitmonkey","130377","117843","12534"
"2010-05-02","Bitmonkey","43459","39281","4178"
"2010-05-03","Bitmonkey","86918","78562","8356"
"2010-05-04","Bitmonkey","43459","39281","4178"
"2010-05-05","Bitmonkey","173836","157124","16712"
"2010-05-06","Bitmonkey","43459","39281","4178"
"2010-05-07","Bitmonkey","43459","39281","4178"
"2010-05-08","Bitmonkey","130377","117843","12534"
"2010-05-10","Bitmonkey","43459","39281","4178"
"2010-05-11","Bitmonkey","130377","117843","12534"
"2010-05-12","Bitmonkey","43459","39281","4178"
"2010-05-14","Bitmonkey","86918","78562","8356"
"2010-05-15","Bitmonkey","86918","78562","8356"
"2010-05-17","Bitmonkey","86918","78562","8356"
"2010-05-18","Bitmonkey","43459","39281","4178"
"2010-05-20","Bitmonkey","86918","78562","8356"
"2010-05-21","Bitmonkey","86918","78562","8356"
"2010-05-22","Bitmonkey","86918","78562","8356"
"2010-05-24","Bitmonkey","130377","117843","12534"
"2010-05-25","Bitmonkey","86918","78562","8356"
"2010-05-26","Bitmonkey","173836","157124","16712"
"2010-05-27","Bitmonkey","43459","39281","4178"
"2010-05-28","Bitmonkey","43459","39281","4178"
"2010-05-29","Bitmonkey","86918","78562","8356"
"2010-05-30","Bitmonkey","86918","78562","8356"
"2010-05-31","Bitmonkey","86918","78562","8356"
"2010-06-01","Bitmonkey","86918","78562","8356"
"2010-06-02","Bitmonkey","260754","235686","25068"
"2010-06-03","Bitmonkey","217295","196405","20890"
"2010-06-04","Bitmonkey","130377","117843","12534"
"2010-06-05","Bitmonkey","173836","157124","16712"
"2010-06-07","Bitmonkey","130377","117843","12534"
"2010-06-08","Bitmonkey","130377","117843","12534"
"2010-06-09","Bitmonkey","434590","392810","41780"
"2010-06-10","Bitmonkey","86918","78562","8356"
"2010-06-11","Bitmonkey","347672","314248","33424"
"2010-06-12","Bitmonkey","173836","157124","16712"
"2010-06-13","Bitmonkey","130377","117843","12534"
"2010-06-14","Bitmonkey","173836","157124","16712"
"2010-06-15","Bitmonkey","217295","196405","20890"
"2010-06-16","Bitmonkey","217295","196405","20890"
"2010-06-17","Bitmonkey","86918","78562","8356"
"2010-06-18","Bitmonkey","173836","157124","16712"
"2010-06-19","Bitmonkey","130377","117843","12534"
"2010-06-21","Bitmonkey","86918","78562","8356"
"2010-06-22","Bitmonkey","43459","39281","4178"
"2010-06-23","Bitmonkey","130377","117843","12534"
"2010-06-24","Bitmonkey","217295","196405","20890"
"2010-06-26","Bitmonkey","43459","39281","4178"
"2010-06-27","Bitmonkey","173836","157124","16712"
"2010-06-28","Bitmonkey","217295","196405","20890"
"2010-06-29","Bitmonkey","43459","39281","4178"
"2010-06-30","Bitmonkey","173836","157124","16712"
"2010-07-01","Bitmonkey","86918","78562","8356"
"2010-07-02","Bitmonkey","173836","157124","16712"
"2010-07-03","Bitmonkey","86918","78562","8356"
"2010-07-04","Bitmonkey","43459","39281","4178"
"2010-07-05","Bitmonkey","43459","39281","4178"
"2010-07-06","Bitmonkey","86918","78562","8356"
"2010-07-07","Bitmonkey","130377","117843","12534"
"2010-07-08","Bitmonkey","86918","78562","8356"
"2010-07-09","Bitmonkey","43459","39281","4178"
"2010-07-10","Bitmonkey","217295","196405","20890"
"2010-07-12","Bitmonkey","347672","314248","33424"
"2010-07-13","Bitmonkey","86918","78562","8356"
"2010-07-14","Bitmonkey","130377","117843","12534"
"2010-07-15","Bitmonkey","173836","157124","16712"
"2010-07-16","Bitmonkey","86918","78562","8356"
"2010-07-17","Bitmonkey","43459","39281","4178"
"2010-07-18","Bitmonkey","43459","39281","4178"
"2010-07-19","Bitmonkey","217295","196405","20890"
"2010-07-20","Bitmonkey","86918","78562","8356"
"2010-07-21","Bitmonkey","260754","235686","25068"
"2010-07-22","Bitmonkey","173836","157124","16712"
"2010-07-23","Bitmonkey","347672","314248","33424"
"2010-07-24","Bitmonkey","260754","235686","25068"
"2010-07-25","Bitmonkey","86918","78562","8356"
"2010-07-26","Bitmonkey","86918","78562","8356"
"2010-07-27","Bitmonkey","43459","39281","4178"
"2010-07-28","Bitmonkey","130377","117843","12534"
"2010-07-29","Bitmonkey","130377","117843","12534"
"2010-07-30","Bitmonkey","130377","117843","12534"
"2010-07-31","Bitmonkey","86918","78562","8356"
"2010-08-01","Bitmonkey","260754","235686","25068"
"2010-08-02","Bitmonkey","217295","196405","20890"
"2010-08-03","Bitmonkey","130377","117843","12534"
"2010-08-04","Bitmonkey","43459","39281","4178"
"2010-08-05","Bitmonkey","86918","78562","8356"
"2010-08-06","Bitmonkey","43459","39281","4178"
"2010-08-07","Bitmonkey","130377","117843","12534"
"2010-08-08","Bitmonkey","173836","157124","16712"
"2010-08-09","Bitmonkey","130377","117843","12534"
"2010-08-10","Bitmonkey","86918","78562","8356"
"2010-08-11","Bitmonkey","217295","196405","20890"
"2010-08-12","Bitmonkey","173836","157124","16712"
"2010-08-13","Bitmonkey","130377","117843","12534"
"2010-08-14","Bitmonkey","86918","78562","8356"
"2010-08-15","Bitmonkey","173836","157124","16712"
"2010-08-16","Bitmonkey","434590","392810","41780"
"2010-08-17","Bitmonkey","86918","78562","8356"
"2010-08-18","Bitmonkey","217295","196405","20890"
"2010-08-19","Bitmonkey","173836","157124","16712"
"2010-08-20","Bitmonkey","86918","78562","8356"
"2010-08-21","Bitmonkey","86918","78562","8356"
"2010-08-22","Bitmonkey","173836","157124","16712"
"2010-08-23","Bitmonkey","217295","196405","20890"
"2010-08-24","Bitmonkey","217295","196405","20890"
"2010-08-25","Bitmonkey","217295","196405","20890"
"2010-08-26","Bitmonkey","173836","157124","16712"
"2010-08-27","Bitmonkey","43459","39281","4178"
"2010-08-28","Bitmonkey","173836","157124","16712"
"2010-08-29","Bitmonkey","130377","117843","12534"
"2010-08-30","Bitmonkey","86918","78562","8356"
"2010-08-31","Bitmonkey","173836","157124","16712"
"2010-09-01","Bitmonkey","217295","196405","20890"
"2010-09-02","Bitmonkey","86918","78562","8356"
"2010-09-03","Bitmonkey","43459","39281","4178"
"2010-09-04","Bitmonkey","173836","157124","16712"
"2010-09-05","Bitmonkey","43459","39281","4178"
"2010-09-06","Bitmonkey","43459","39281","4178"
"2010-09-07","Bitmonkey","173836","157124","16712"
"2010-09-08","Bitmonkey","86918","78562","8356"
"2010-09-09","Bitmonkey","217295","196405","20890"
"2010-09-10","Bitmonkey","130377","117843","12534"
"2010-09-11","Bitmonkey","217295","196405","20890"
"2010-09-12","Bitmonkey","130377","117843","12534"
"2010-09-13","Bitmonkey","173836","157124","16712"
"2010-09-14","Bitmonkey","43459","39281","4178"
"2010-09-15","Bitmonkey","86918","78562","8356"
"2010-09-16","Bitmonkey","86918","78562","8356"
"2010-09-17","Bitmonkey","260754","235686","25068"
"2010-09-18","Bitmonkey","173836","157124","16712"
"2010-09-19","Bitmonkey","43459","39281","4178"
"2010-09-20","Bitmonkey","173836","157124","16712"
"2010-09-21","Bitmonkey","260754","235686","25068"
"2010-09-22","Bitmonkey","86918","78562","8356"
"2010-09-23","Bitmonkey","86918","78562","8356"
"2010-09-24","Bitmonkey","86918","78562","8356"
"2010-09-25","Bitmonkey","43459","39281","4178"
"2010-09-26","Bitmonkey","43459","39281","4178"
"2010-09-27","Bitmonkey","43459","39281","4178"
"2010-09-28","Bitmonkey","173836","157124","16712"
"2010-09-29","Bitmonkey","86918","78562","8356"
"2010-09-30","Bitmonkey","130377","117843","12534"
"2010-10-02","Bitmonkey","260754","235686","25068"
"2010-10-03","Bitmonkey","130377","117843","12534"
"2010-10-04","Bitmonkey","130377","117843","12534"
"2010-10-05","Bitmonkey","130377","117843","12534"
"2010-10-06","Bitmonkey","130377","117843","12534"
"2010-10-07","Bitmonkey","260754","235686","25068"
"2010-10-08","Bitmonkey","173836","157124","16712"
"2010-10-09","Bitmonkey","173836","157124","16712"
"2010-10-10","Bitmonkey","86918","78562","8356"
"2010-10-11","Bitmonkey","43459","39281","4178"
"2010-10-12","Bitmonkey","86918","78562","8356"
"2010-10-13","Bitmonkey","347672","314248","33424"
"2010-10-15","Bitmonkey","86918","78562","8356"
"2010-10-16","Bitmonkey","86918","78562","8356"
"2010-10-17","Bitmonkey","86918","78562","8356"
"2010-10-18","Bitmonkey","391131","353529","37602"
"2010-10-19","Bitmonkey","260754","235686","25068"
"2010-10-20","Bitmonkey","86918","78562","8356"
"2010-10-21","Bitmonkey","86918","78562","8356"
"2010-10-22","Bitmonkey","130377","117843","12534"
"2010-10-23","Bitmonkey","130377","117843","12534"
"2010-10-24","Bitmonkey","260754","235686","25068"
"2010-10-25","Bitmonkey","130377","117843","12534"
"2010-10-26","Bitmonkey","217295","196405","20890"
"2010-10-27","Bitmonkey","347672","314248","33424"
"2010-10-28","Bitmonkey","86918","78562","8356"
"2010-10-29","Bitmonkey","86918","78562","8356"
"2010-10-30","Bitmonkey","86918","78562","8356"
"2010-11-01","Bitmonkey","130377","117843","12534"
"2010-11-02","Bitmonkey","173836","157124","16712"
"2010-11-03","Bitmonkey","173836","157124","16712"
"2010-11-04","Bitmonkey","304213","274967","29246"
"2010-11-05","Bitmonkey","217295","196405","20890"
"2010-11-06","Bitmonkey","86918","78562","8356"
"2010-11-07","Bitmonkey","86918","78562","8356"
"2010-11-08","Bitmonkey","130377","117843","12534"
"2010-11-09","Bitmonkey","130377","117843","12534"
"2010-11-10","Bitmonkey","86918","78562","8356"
"2010-11-11","Bitmonkey","130377","117843","12534"
"2010-11-12","Bitmonkey","260754","235686","25068"
"2010-11-13","Bitmonkey","130377","117843","12534"
"2010-11-14","Bitmonkey","173836","157124","16712"
"2010-11-15","Bitmonkey","173836","157124","16712"
"2010-11-16","Bitmonkey","130377","117843","12534"
"2010-11-17","Bitmonkey","43459","39281","4178"
"2010-11-18","Bitmonkey","130377","117843","12534"
"2010-11-19","Bitmonkey","130377","117843","12534"
"2010-11-20","Bitmonkey","130377","117843","12534"
"2010-11-21","Bitmonkey","173836","157124","16712"
"2010-11-22","Bitmonkey","130377","117843","12534"
"2010-11-23","Bitmonkey","130377","117843","12534"
"2010-11-24","Bitmonkey","130377","117843","12534"
"2010-11-25","Bitmonkey","130377","117843","12534"
"2010-11-26","Bitmonkey","130377","117843","12534"
"2010-11-27","Bitmonkey","173836","157124","16712"
"2010-11-28","Bitmonkey","173836","157124","16712"
"2010-11-29","Bitmonkey","130377","117843","12534"
"2010-11-30","Bitmonkey","173836","157124","16712"
"2010-12-01","Bitmonkey","217295","196405","20890"
"2010-12-02","Bitmonkey","217295","196405","20890"
"2010-12-03","Bitmonkey","260754","235686","25068"
"2010-12-04","Bitmonkey","130377","117843","12534"
"2010-12-05","Bitmonkey","86918","78562","8356"
"2010-12-06","Bitmonkey","217295","196405","20890"
"2010-12-07","Bitmonkey","130377","117843","12534"
"2010-12-08","Bitmonkey","130377","117843","12534"
"2010-12-09","Bitmonkey","86918","78562","8356"
"2010-12-10","Bitmonkey","86918","78562","8356"
"2010-12-11","Bitmonkey","260754","235686","25068"
"2010-12-12","Bitmonkey","130377","117843","12534"
"2010-12-13","Bitmonkey","130377","117843","12534"
"2010-12-14","Bitmonkey","130377","117843","12534"
"2010-12-15","Bitmonkey","130377","117843","12534"
"2010-12-16","Bitmonkey","173836","157124","16712"
"2010-12-17","Bitmonkey","43459","39281","4178"
"2010-12-18","Bitmonkey","217295","196405","20890"
"2010-12-19","Bitmonkey","43459","39281","4178"
"2010-12-20","Bitmonkey","43459","39281","4178"
"2010-12-21","Bitmonkey","173836","157124","16712"
"2010-12-22","Bitmonkey","260754","235686","25068"
"2010-12-23","Bitmonkey","86918","78562","8356"
"2010-12-24","Bitmonkey","217295","196405","20890"
"2010-12-25","Bitmonkey","43459","39281","4178"
"2010-12-26","Bitmonkey","130377","117843","12534"
"2010-12-27","Bitmonkey","86918","78562","8356"
"2010-12-28","Bitmonkey","86918","78562","8356"
"2010-12-29","Bitmonkey","86918","78562","8356"
"2010-12-30","Bitmonkey","217295","196405","20890"
"2010-12-31","Bitmonkey","86918","78562","8356"
"2011-01-01","Bitmonkey","43459","39281","4178"
"2011-01-02","Bitmonkey","217295","196405","20890"
"2011-01-03","Bitmonkey","43459","39281","4178"
"2011-01-04","Bitmonkey","86918","78562","8356"
"2011-01-05","Bitmonkey","217295","196405","20890"
"2011-01-06","Bitmonkey","173836","157124","16712"
"2011-01-07","Bitmonkey","130377","117843","12534"
"2011-01-08","Bitmonkey","130377","117843","12534"
"2011-01-09","Bitmonkey","217295","196405","20890"
"2011-01-10","Bitmonkey","130377","117843","12534"
"2011-01-11","Bitmonkey","130377","117843","12534"
"2011-01-12","Bitmonkey","130377","117843","12534"
"2011-01-13","Bitmonkey","217295","196405","20890"
"2011-01-14","Bitmonkey","173836","157124","16712"
"2011-01-15","Bitmonkey","86918","78562","8356"
"2011-01-16","Bitmonkey","130377","117843","12534"
"2011-01-17","Bitmonkey","260754","235686","25068"
"2011-01-18","Bitmonkey","173836","157124","16712"
"2011-01-19","Bitmonkey","130377","117843","12534"
"2011-01-20","Bitmonkey","304213","274967","29246"
"2011-01-21","Bitmonkey","260754","235686","25068"
"2011-01-22","Bitmonkey","86918","78562","8356"
"2011-01-23","Bitmonkey","130377","117843","12534"
"2011-01-24","Bitmonkey","43459","39281","4178"
"2011-01-25","Bitmonkey","43459","39281","4178"
"2011-01-26","Bitmonkey","86918","78562","8356"
"2011-01-27","Bitmonkey","130377","117843","12534"
"2011-01-28","Bitmonkey","173836","157124","16712"
"2011-01-29","Bitmonkey","130377","117843","12534"
"2011-01-30","Bitmonkey","130377","117843","12534"
"2011-01-31","Bitmonkey","173836","157124","16712"
"2011-02-01","Bitmonkey","130377","117843","12534"
"2011-02-02","Bitmonkey","130377","117843","12534"
"2011-02-03","Bitmonkey","43459","39281","4178"
"2011-02-04","Bitmonkey","173836","157124","16712"
"2011-02-05","Bitmonkey","217295","196405","20890"
"2011-02-06","Bitmonkey","391131","353529","37602"
"2011-02-07","Bitmonkey","304213","274967","29246"
"2011-02-08","Bitmonkey","86918","78562","8356"
"2011-02-09","Bitmonkey","260754","235686","25068"
"2011-02-10","Bitmonkey","130377","117843","12534"
"2011-02-11","Bitmonkey","130377","117843","12534"
"2011-02-12","Bitmonkey","43459","39281","4178"
"2011-02-13","Bitmonkey","130377","117843","12534"
"2011-02-14","Bitmonkey","173836","157124","16712"
"2011-02-15","Bitmonkey","130377","117843","12534"
"2011-02-16","Bitmonkey","86918","78562","8356"
"2011-02-17","Bitmonkey","304213","274967","29246"
"2011-02-18","Bitmonkey","304213","274967","29246"
"2011-02-19","Bitmonkey","260754","235686","25068"
"2011-02-20","Bitmonkey","217295","196405","20890"
"2011-02-21","Bitmonkey","43459","39281","4178"
"2011-02-22","Bitmonkey","86918","78562","8356"
"2011-02-23","Bitmonkey","130377","117843","12534"
"2011-02-24","Bitmonkey","86918","78562","8356"
"2011-02-25","Bitmonkey","173836","157124","16712"
"2011-02-26","Bitmonkey","217295","196405","20890"
"2011-02-27","Bitmonkey","130377","117843","12534"
"2011-02-28","Bitmonkey","173836","157124","16712"
"2011-03-01","Bitmonkey","391131","353529","37602"
"2011-03-02","Bitmonkey","86918","78562","8356"
"2011-03-03","Bitmonkey","173836","157124","16712"
"2011-03-04","Bitmonkey","260754","235686","25068"
"2011-03-05","Bitmonkey","43459","39281","4178"
"2011-03-06","Bitmonkey","130377","117843","12534"
"2011-03-07","Bitmonkey","43459","39281","4178"
"2011-03-08","Bitmonkey","43459","39281","4178"
"2011-03-09","Bitmonkey","86918","78562","8356"
"2011-03-10","Bitmonkey","260754","235686","25068"
"2011-03-11","Bitmonkey","173836","157124","16712"
"2011-03-12","Bitmonkey","43459","39281","4178"
"2011-03-13","Bitmonkey","217295","196405","20890"
"2011-03-14","Bitmonkey","304213","274967","29246"
"2011-03-15","Bitmonkey","173836","157124","16712"
"2011-03-16","Bitmonkey","217295","196405","20890"
"2011-03-17","Bitmonkey","173836","157124","16712"
"2011-03-18","Bitmonkey","43459","39281","4178"
"2011-03-19","Bitmonkey","86918","78562","8356"
"2011-03-20","Bitmonkey","43459","39281","4178"
"2011-03-21","Bitmonkey","86918","78562","8356"
"2011-03-22","Bitmonkey","86918","78562","8356"
"2011-03-23","Bitmonkey","86918","78562","8356"
"2011-03-24","Bitmonkey","304213","274967","29246"
"2011-03-25","Bitmonkey","173836","157124","16712"
"2011-03-26","Bitmonkey","130377","117843","12534"
"2011-03-27","Bitmonkey","86918","78562","8356"
"2011-03-28","Bitmonkey","86918","78562","8356"
"2011-03-29","Bitmonkey","304213","274967","29246"
"2011-03-30","Bitmonkey","130377","117843","12534"
"2011-03-31","Bitmonkey","86918","78562","8356"
"2011-04-01","Bitmonkey","86918","78562","8356"
"2011-04-02","Bitmonkey","86918","78562","8356"
"2011-04-03","Bitmonkey","86918","78562","8356"
"2011-04-04","Bitmonkey","130377","117843","12534"
"2011-04-05","Bitmonkey","43459","39281","4178"
"2011-04-06","Bitmonkey","173836","157124","16712"
"2011-04-07","Bitmonkey","173836","157124","16712"
"2011-04-08","Bitmonkey","347672","314248","33424"
"2011-04-09","Bitmonkey","217295","196405","20890"
"2011-04-11","Bitmonkey","173836","157124","16712"
"2011-04-12","Bitmonkey","347672","314248","33424"
"2011-04-13","Bitmonkey","260754","235686","25068"
"2011-04-14","Bitmonkey","217295","196405","20890"
"2011-04-15","Bitmonkey","260754","235686","25068"
"2011-04-16","Bitmonkey","43459","39281","4178"
"2011-04-17","Bitmonkey","217295","196405","20890"
"2011-04-18","Bitmonkey","304213","274967","29246"
"2011-04-19","Bitmonkey","130377","117843","12534"
"2011-04-20","Bitmonkey","130377","117843","12534"
"2011-04-21","Bitmonkey","260754","235686","25068"
"2011-04-22","Bitmonkey","173836","157124","16712"
"2011-04-23","Bitmonkey","43459","39281","4178"
"2011-04-24","Bitmonkey","130377","117843","12534"
"2011-04-25","Bitmonkey","260754","235686","25068"
"2011-04-26","Bitmonkey","173836","157124","16712"
"2011-04-27","Bitmonkey","43459","39281","4178"
"2011-04-28","Bitmonkey","260754","235686","25068"
"2011-04-29","Bitmonkey","260754","235686","25068"
"2011-04-30","Bitmonkey","173836","157124","16712"
"2011-05-01","Bitmonkey","43459","39281","4178"
"2011-05-02","Bitmonkey","86918","78562","8356"
"2011-05-03","Bitmonkey","86918","78562","8356"
"2011-05-04","Bitmonkey","130377","117843","12534"
"2011-05-05","Bitmonkey","130377","117843","12534"
"2011-05-06","Bitmonkey","173836","157124","16712"
"2011-05-07","Bitmonkey","130377","117843","12534"
"2011-05-08","Bitmonkey","304213","274967","29246"
"2011-05-09","Bitmonkey","173836","157124","16712"
"2011-05-10","Bitmonkey","260754","235686","25068"
"2011-05-11","Bitmonkey","130377","117843","12534"
"2011-05-12","Bitmonkey","173836","157124","16712"
"2011-05-13","Bitmonkey","173836","157124","16712"
"2011-05-14","Bitmonkey","260754","235686","25068"
"2011-05-15","Bitmonkey","86918","78562","8356"
"2011-05-16","Bitmonkey","43459","39281","4178"
"2011-05-17","Bitmonkey","130377","117843","12534"
"2011-05-18","Bitmonkey","86918","78562","8356"
"2011-05-19","Bitmonkey","86918","78562","8356"
"2011-05-20","Bitmonkey","173836","157124","16712"
"2011-05-21","Bitmonkey","86918","78562","8356"
"2011-05-22","Bitmonkey","130377","117843","12534"
"2011-05-23","Bitmonkey","217295","196405","20890"
"2011-05-24","Bitmonkey","217295","196405","20890"
"2011-05-25","Bitmonkey","86918","78562","8356"
"2011-05-26","Bitmonkey","260754","235686","25068"
"2011-05-27","Bitmonkey","173836","157124","16712"
"2011-05-28","Bitmonkey","304213","274967","29246"
"2011-05-29","Bitmonkey","304213","274967","29246"
"2011-05-30","Bitmonkey","43459","39281","4178"
"2011-05-31","Bitmonkey","217295","196405","20890"
"2011-06-01","Bitmonkey","173836","157124","16712"
"2011-06-02","Bitmonkey","304213","274967","29246"
"2011-06-03","Bitmonkey","173836","157124","16712"
"2011-06-04","Bitmonkey","173836","157124","16712"
"2011-06-05","Bitmonkey","43459","39281","4178"
"2011-06-06","Bitmonkey","43459","39281","4178"
"2011-06-07","Bitmonkey","130377","117843","12534"
"2011-06-08","Bitmonkey","217295","196405","20890"
"2011-06-09","Bitmonkey","217295","196405","20890"
"2011-06-10","Bitmonkey","86918","78562","8356"
"2011-06-11","Bitmonkey","217295","196405","20890"
"2011-06-12","Bitmonkey","43459","39281","4178"
"2011-06-13","Bitmonkey","391131","353529","37602"
"2011-06-14","Bitmonkey","86918","78562","8356"
"2011-06-15","Bitmonkey","260754","235686","25068"
"2011-06-16","Bitmonkey","130377","117843","12534"
"2011-06-17","Bitmonkey","130377","117843","12534"
"2011-06-18","Bitmonkey","391131","353529","37602"
"2011-06-19","Bitmonkey","260754","235686","25068"
"2011-06-20","Bitmonkey","217295","196405","20890"
"2011-06-21","Bitmonkey","86918","78562","8356"
"2011-06-22","Bitmonkey","43459","39281","4178"
"2011-06-23","Bitmonkey","173836","157124","16712"
"2011-06-24","Bitmonkey","217295","196405","20890"
"2011-06-25","Bitmonkey","86918","78562","8356"
"2011-06-26","Bitmonkey","86918","78562","8356"
"2011-06-27","Bitmonkey","173836","157124","16712"
"2011-06-28","Bitmonkey","173836","157124","16712"
"2011-06-29","Bitmonkey","130377","117843","12534"
"2011-06-30","Bitmonkey","130377","117843","12534"
"2011-07-01","Bitmonkey","217295","196405","20890"
"2011-07-02","Bitmonkey","391131","353529","37602"
"2011-07-03","Bitmonkey","130377","117843","12534"
"2011-07-04","Bitmonkey","130377","117843","12534"
"2011-07-05","Bitmonkey","86918","78562","8356"
"2011-07-06","Bitmonkey","86918","78562","8356"
"2011-07-07","Bitmonkey","304213","274967","29246"
"2011-07-08","Bitmonkey","130377","117843","12534"
"2011-07-09","Bitmonkey","217295","196405","20890"
"2011-07-10","Bitmonkey","260754","235686","25068"
"2011-07-11","Bitmonkey","86918","78562","8356"
"2011-07-12","Bitmonkey","86918","78562","8356"
"2011-07-13","Bitmonkey","304213","274967","29246"
"2011-07-14","Bitmonkey","130377","117843","12534"
"2011-07-15","Bitmonkey","130377","117843","12534"
"2011-07-16","Bitmonkey","173836","157124","16712"
"2011-07-17","Bitmonkey","130377","117843","12534"
"2011-07-18","Bitmonkey","130377","117843","12534"
"2011-07-19","Bitmonkey","43459","39281","4178"
"2011-07-20","Bitmonkey","217295","196405","20890"
"2011-07-21","Bitmonkey","304213","274967","29246"
"2011-07-22","Bitmonkey","130377","117843","12534"
"2011-07-23","Bitmonkey","260754","235686","25068"
"2011-07-24","Bitmonkey","173836","157124","16712"
"2011-07-25","Bitmonkey","217295","196405","20890"
"2011-07-26","Bitmonkey","86918","78562","8356"
"2011-07-27","Bitmonkey","130377","117843","12534"
"2011-07-28","Bitmonkey","86918","78562","8356"
"2011-07-29","Bitmonkey","86918","78562","8356"
"2011-07-30","Bitmonkey","130377","117843","12534"
"2011-07-31","Bitmonkey","130377","117843","12534"
"2011-08-01","Bitmonkey","86918","78562","8356"
"2011-08-02","Bitmonkey","173836","157124","16712"
"2011-08-03","Bitmonkey","434590","392810","41780"
"2011-08-04","Bitmonkey","173836","157124","16712"
"2011-08-05","Bitmonkey","86918","78562","8356"
"2011-08-06","Bitmonkey","304213","274967","29246"
"2011-08-07","Bitmonkey","130377","117843","12534"
"2011-08-08","Bitmonkey","173836","157124","16712"
"2011-08-09","Bitmonkey","217295","196405","20890"
"2011-08-10","Bitmonkey","173836","157124","16712"
"2011-08-11","Bitmonkey","173836","157124","16712"
"2011-08-12","Bitmonkey","86918","78562","8356"
"2011-08-13","Bitmonkey","260754","235686","25068"
"2011-08-14","Bitmonkey","217295","196405","20890"
"2011-08-15","Bitmonkey","130377","117843","12534"
"2011-08-16","Bitmonkey","86918","78562","8356"
"2011-08-17","Bitmonkey","130377","117843","12534"
"2011-08-18","Bitmonkey","347672","314248","33424"
"2011-08-19","Bitmonkey","130377","117843","12534"
"2011-08-20","Bitmonkey","43459","39281","4178"
"2011-08-21","Bitmonkey","217295","196405","20890"
"2011-08-22","Bitmonkey","130377","117843","12534"
"2011-08-23","Bitmonkey","130377","117843","12534"
"2011-08-24","Bitmonkey","391131","353529","37602"
"2011-08-25","Bitmonkey","130377","117843","12534"
"2011-08-26","Bitmonkey","173836","157124","16712"
"2011-08-27","Bitmonkey","130377","117843","12534"
"2011-08-28","Bitmonkey","173836","157124","16712"
"2011-08-29","Bitmonkey","130377","117843","12534"
"2011-08-30","Bitmonkey","130377","117843","12534"
"2011-08-31","Bitmonkey","173836","157124","16712"
"2011-09-01","Bitmonkey","173836","157124","16712"
"2011-09-02","Bitmonkey","173836","157124","16712"
"2011-09-03","Bitmonkey","217295","196405","20890"
"2011-09-04","Bitmonkey","260754","235686","25068"
"2011-09-05","Bitmonkey","391131","353529","37602"
"2011-09-06","Bitmonkey","260754","235686","25068"
"2011-09-07","Bitmonkey","217295","196405","20890"
"2011-09-08","Bitmonkey","217295","196405","20890"
"2011-09-09","Bitmonkey","478049","432091","45958"
"2011-09-10","Bitmonkey","260754","235686","25068"
"2011-09-11","Bitmonkey","173836","157124","16712"
"2011-09-12","Bitmonkey","217295","196405","20890"
"2011-09-13","Bitmonkey","260754","235686","25068"
"2011-09-14","Bitmonkey","130377","117843","12534"
"2011-09-16","Bitmonkey","217295","196405","20890"
"2011-09-17","Bitmonkey","434590","392810","41780"
"2011-09-18","Bitmonkey","130377","117843","12534"
"2011-09-19","Bitmonkey","173836","157124","16712"
"2011-09-20","Bitmonkey","173836","157124","16712"
"2011-09-21","Bitmonkey","173836","157124","16712"
"2011-09-22","Bitmonkey","86918","78562","8356"
"2011-09-23","Bitmonkey","304213","274967","29246"
"2011-09-24","Bitmonkey","130377","117843","12534"
"2011-09-25","Bitmonkey","217295","196405","20890"
"2011-09-26","Bitmonkey","86918","78562","8356"
"2011-09-27","Bitmonkey","173836","157124","16712"
"2011-09-28","Bitmonkey","173836","157124","16712"
"2011-09-29","Bitmonkey","130377","117843","12534"
"2011-09-30","Bitmonkey","130377","117843","12534"
"2011-10-01","Bitmonkey","130377","117843","12534"
"2011-10-02","Bitmonkey","217295","196405","20890"
"2011-10-03","Bitmonkey","260754","235686","25068"
"2011-10-04","Bitmonkey","130377","117843","12534"
"2011-10-05","Bitmonkey","304213","274967","29246"
"2011-10-06","Bitmonkey","173836","157124","16712"
"2011-10-07","Bitmonkey","391131","353529","37602"
"2011-10-08","Bitmonkey","260754","235686","25068"
"2011-10-09","Bitmonkey","86918","78562","8356"
"2011-10-10","Bitmonkey","217295","196405","20890"
"2011-10-11","Bitmonkey","217295","196405","20890"
"2011-10-12","Bitmonkey","217295","196405","20890"
"2011-10-13","Bitmonkey","173836","157124","16712"
"2011-10-14","Bitmonkey","173836","157124","16712"
"2011-10-15","Bitmonkey","304213","274967","29246"
"2011-10-16","Bitmonkey","173836","157124","16712"
"2011-10-17","Bitmonkey","173836","157124","16712"
"2011-10-18","Bitmonkey","173836","157124","16712"
"2011-10-19","Bitmonkey","217295","196405","20890"
"2011-10-20","Bitmonkey","260754","235686","25068"
"2011-10-21","Bitmonkey","173836","157124","16712"
"2011-10-22","Bitmonkey","130377","117843","12534"
"2011-10-23","Bitmonkey","217295","196405","20890"
"2011-10-24","Bitmonkey","260754","235686","25068"
"2011-10-25","Bitmonkey","130377","117843","12534"
"2011-10-26","Bitmonkey","217295","196405","20890"
"2011-10-27","Bitmonkey","347672","314248","33424"
"2011-10-28","Bitmonkey","86918","78562","8356"
"2011-10-29","Bitmonkey","130377","117843","12534"
"2011-10-30","Bitmonkey","173836","157124","16712"
"2011-10-31","Bitmonkey","86918","78562","8356"
"2011-11-01","Bitmonkey","86918","78562","8356"
"2011-11-02","Bitmonkey","173836","157124","16712"
"2011-11-03","Bitmonkey","173836","157124","16712"
"2011-11-04","Bitmonkey","260754","235686","25068"
"2011-11-05","Bitmonkey","173836","157124","16712"
"2011-11-06","Bitmonkey","130377","117843","12534"
"2011-11-07","Bitmonkey","260754","235686","25068"
"2011-11-08","Bitmonkey","173836","157124","16712"
"2011-11-09","Bitmonkey","391131","353529","37602"
"2011-11-10","Bitmonkey","434590","392810","41780"
"2011-11-11","Bitmonkey","304213","274967","29246"
"2011-11-12","Bitmonkey","217295","196405","20890"
"2011-11-13","Bitmonkey","130377","117843","12534"
"2011-11-14","Bitmonkey","304213","274967","29246"
"2011-11-15","Bitmonkey","217295","196405","20890"
"2011-11-16","Bitmonkey","173836","157124","16712"
"2011-11-17","Bitmonkey","173836","157124","16712"
"2011-11-18","Bitmonkey","347672","314248","33424"
"2011-11-19","Bitmonkey","173836","157124","16712"
"2011-11-20","Bitmonkey","217295","196405","20890"
"2011-11-21","Bitmonkey","173836","157124","16712"
"2011-11-22","Bitmonkey","173836","157124","16712"
"2011-11-23","Bitmonkey","260754","235686","25068"
"2011-11-24","Bitmonkey","304213","274967","29246"
"2011-11-25","Bitmonkey","304213","274967","29246"
"2011-11-26","Bitmonkey","173836","157124","16712"
"2011-11-27","Bitmonkey","86918","78562","8356"
"2011-11-28","Bitmonkey","217295","196405","20890"
"2011-11-29","Bitmonkey","173836","157124","16712"
"2011-11-30","Bitmonkey","173836","157124","16712"
"2011-12-01","Bitmonkey","130377","117843","12534"
"2011-12-02","Bitmonkey","130377","117843","12534"
"2011-12-03","Bitmonkey","86918","78562","8356"
"2011-12-04","Bitmonkey","130377","117843","12534"
"2011-12-05","Bitmonkey","217295","196405","20890"
"2011-12-06","Bitmonkey","173836","157124","16712"
"2011-12-07","Bitmonkey","347672","314248","33424"
"2011-12-08","Bitmonkey","43459","39281","4178"
"2011-12-09","Bitmonkey","347672","314248","33424"
"2011-12-10","Bitmonkey","43459","39281","4178"
"2011-12-11","Bitmonkey","217295","196405","20890"
"2011-12-12","Bitmonkey","347672","314248","33424"
"2011-12-13","Bitmonkey","130377","117843","12534"
"2011-12-14","Bitmonkey","43459","39281","4178"
"2011-12-15","Bitmonkey","304213","274967","29246"
"2011-12-16","Bitmonkey","217295","196405","20890"
"2011-12-17","Bitmonkey","86918","78562","8356"
"2011-12-18","Bitmonkey","130377","117843","12534"
"2011-12-19","Bitmonkey","86918","78562","8356"
"2011-12-20","Bitmonkey","304213","274967","29246"
"2011-12-21","Bitmonkey","260754","235686","25068"
"2011-12-22","Bitmonkey","130377","117843","12534"
"2011-12-23","Bitmonkey","43459","39281","4178"
"2011-12-24","Bitmonkey","217295","196405","20890"
"2011-12-25","Bitmonkey","43459","39281","4178"
"2011-12-26","Bitmonkey","217295","196405","20890"
"2011-12-27","Bitmonkey","86918","78562","8356"
"2011-12-28","Bitmonkey","304213","274967","29246"
"2011-12-29","Bitmonkey","130377","117843","12534"
"2011-12-30","Bitmonkey","43459","39281","4178"
"2011-12-31","Bitmonkey","217295","196405","20890"
"2012-01-01","Bitmonkey","304213","274967","29246"
"2012-01-02","Bitmonkey","304213","274967","29246"
"2012-01-03","Bitmonkey","260754","235686","25068"
"2012-01-04","Bitmonkey","347672","314248","33424"
"2012-01-05","Bitmonkey","173836","157124","16712"
"2012-01-06","Bitmonkey","217295","196405","20890"
"2012-01-07","Bitmonkey","130377","117843","12534"
"2012-01-08","Bitmonkey","304213","274967","29246"
"2012-01-09","Bitmonkey","347672","314248","33424"
"2012-01-10","Bitmonkey","260754","235686","25068"
"2012-01-11","Bitmonkey","260754","235686","25068"
"2012-01-12","Bitmonkey","260754","235686","25068"
"2012-01-13","Bitmonkey","304213","274967","29246"
"2012-01-14","Bitmonkey","217295","196405","20890"
"2012-01-15","Bitmonkey","434590","392810","41780"
"2012-01-16","Bitmonkey","173836","157124","16712"
"2012-01-17","Bitmonkey","347672","314248","33424"
"2012-01-18","Bitmonkey","217295","196405","20890"
"2012-01-19","Bitmonkey","260754","235686","25068"
"2012-01-20","Bitmonkey","304213","274967","29246"
"2012-01-21","Bitmonkey","260754","235686","25068"
"2012-01-22","Bitmonkey","86918","78562","8356"
"2012-01-23","Bitmonkey","173836","157124","16712"
"2012-01-24","Bitmonkey","86918","78562","8356"
"2012-01-25","Bitmonkey","347672","314248","33424"
"2012-01-26","Bitmonkey","347672","314248","33424"
"2012-01-27","Bitmonkey","260754","235686","25068"
"2012-01-28","Bitmonkey","130377","117843","12534"
"2012-01-29","Bitmonkey","260754","235686","25068"
"2012-01-30","Bitmonkey","304213","274967","29246"
"2012-01-31","Bitmonkey","434590","392810","41780"
"2012-02-01","Bitmonkey","304213","274967","29246"
"2012-02-02","Bitmonkey","173836","157124","16712"
"2012-02-03","Bitmonkey","260754","235686","25068"
"2012-02-04","Bitmonkey","304213","274967","29246"
"2012-02-05","Bitmonkey","304213","274967","29246"
"2012-02-06","Bitmonkey","260754","235686","25068"
"2012-02-07","Bitmonkey","43459","39281","4178"
"2012-02-08","Bitmonkey","217295","196405","20890"
"2012-02-09","Bitmonkey","391131","353529","37602"
"2012-02-10","Bitmonkey","217295","196405","20890"
"2012-02-11","Bitmonkey","217295","196405","20890"
"2012-02-12","Bitmonkey","347672","314248","33424"
"2012-02-13","Bitmonkey","217295","196405","20890"
"2012-02-14","Bitmonkey","130377","117843","12534"
"2012-02-15","Bitmonkey","260754","235686","25068"
"2012-02-16","Bitmonkey","217295","196405","20890"
"2012-02-17","Bitmonkey","130377","117843","12534"
"2012-02-18","Bitmonkey","347672","314248","33424"
"2012-02-19","Bitmonkey","130377","117843","12534"
"2012-02-20","Bitmonkey","304213","274967","29246"
"2012-02-21","Bitmonkey","260754","235686","25068"
"2012-02-22","Bitmonkey","391131","353529","37602"
"2012-02-23","Bitmonkey","217295","196405","20890"
"2012-02-24","Bitmonkey","260754","235686","25068"
"2012-02-25","Bitmonkey","260754","235686","25068"
"2012-02-26","Bitmonkey","260754","235686","25068"
"2012-02-27","Bitmonkey","217295","196405","20890"
"2012-02-28","Bitmonkey","391131","353529","37602"
"2012-02-29","Bitmonkey","217295","196405","20890"
"2012-03-01","Bitmonkey","347672","314248","33424"
"2012-03-02","Bitmonkey","43459","39281","4178"
"2012-03-03","Bitmonkey","304213","274967","29246"
"2012-03-04","Bitmonkey","347672","314248","33424"
"2012-03-05","Bitmonkey","217295","196405","20890"
"2012-03-06","Bitmonkey","347672","314248","33424"
"2012-03-07","Bitmonkey","434590","392810","41780"
"2012-03-08","Bitmonkey","260754","235686","25068"
"2012-03-09","Bitmonkey","130377","117843","12534"
"2012-03-10","Bitmonkey","260754","235686","25068"
"2012-03-11","Bitmonkey","217295","196405","20890"
"2012-03-12","Bitmonkey","130377","117843","12534"
"2012-03-13","Bitmonkey","217295","196405","20890"
"2012-03-14","Bitmonkey","173836","157124","16712"
"2012-03-15","Bitmonkey","347672","314248","33424"
"2012-03-16","Bitmonkey","434590","392810","41780"
"2012-03-17","Bitmonkey","391131","353529","37602"
"2012-03-18","Bitmonkey","434590","392810","41780"
"2012-03-19","Bitmonkey","260754","235686","25068"
"2012-03-20","Bitmonkey","478049","432091","45958"
"2012-03-21","Bitmonkey","86918","78562","8356"
"2012-03-22","Bitmonkey","260754","235686","25068"
"2012-03-23","Bitmonkey","173836","157124","16712"
"2012-03-24","Bitmonkey","173836","157124","16712"
"2012-03-25","Bitmonkey","260754","235686","25068"
"2012-03-26","Bitmonkey","217295","196405","20890"
"2012-03-27","Bitmonkey","173836","157124","16712"
"2012-03-28","Bitmonkey","217295","196405","20890"
"2012-03-29","Bitmonkey","347672","314248","33424"
"2012-03-30","Bitmonkey","260754","235686","25068"
"2012-03-31","Bitmonkey","217295","196405","20890"
"2012-04-01","Bitmonkey","391131","353529","37602"
"2012-04-02","Bitmonkey","260754","235686","25068"
"2012-04-03","Bitmonkey","478049","432091","45958"
"2012-04-04","Bitmonkey","304213","274967","29246"
"2012-04-05","Bitmonkey","173836","157124","16712"
"2012-04-06","Bitmonkey","304213","274967","29246"
"2012-04-07","Bitmonkey","391131","353529","37602"
"2012-04-08","Bitmonkey","304213","274967","29246"
"2012-04-09","Bitmonkey","260754","235686","25068"
"2012-04-10","Bitmonkey","130377","117843","12534"
"2012-04-11","Bitmonkey","434590","392810","41780"
"2012-04-12","Bitmonkey","391131","353529","37602"
"2012-04-13","Bitmonkey","43459","39281","4178"
"2012-04-14","Bitmonkey","304213","274967","29246"
"2012-04-15","Bitmonkey","304213","274967","29246"
"2012-04-16","Bitmonkey","260754","235686","25068"
"2012-04-17","Bitmonkey","260754","235686","25068"
"2012-04-18","Bitmonkey","304213","274967","29246"
"2012-04-19","Bitmonkey","304213","274967","29246"
"2012-04-20","Bitmonkey","260754","235686","25068"
"2012-04-21","Bitmonkey","434590","392810","41780"
"2012-04-22","Bitmonkey","260754","235686","25068"
"2012-04-23","Bitmonkey","217295","196405","20890"
"2012-04-24","Bitmonkey","130377","117843","12534"
"2012-04-25","Bitmonkey","130377","117843","12534"
"2012-04-26","Bitmonkey","130377","117843","12534"
"2012-04-27","Bitmonkey","478049","432091","45958"
"2012-04-28","Bitmonkey","217295","196405","20890"
"2012-04-29","Bitmonkey","217295","196405","20890"
"2012-04-30","Bitmonkey","260754","235686","25068"
"2012-05-01","Bitmonkey","217295","196405","20890"
"2012-05-02","Bitmonkey","304213","274967","29246"
"2012-05-03","Bitmonkey","521508","471372","50136"
"2012-05-04","Bitmonkey","217295","196405","20890"
"2012-05-05","Bitmonkey","347672","314248","33424"
"2012-05-06","Bitmonkey","434590","392810","41780"
"2012-05-07","Bitmonkey","260754","235686","25068"
"2012-05-08","Bitmonkey","173836","157124","16712"
"2012-05-09","Bitmonkey","347672","314248","33424"
"2012-05-10","Bitmonkey","260754","235686","25068"
"2012-05-11","Bitmonkey","304213","274967","29246"
"2012-05-12","Bitmonkey","391131","353529","37602"
"2012-05-13","Bitmonkey","347672","314248","33424"
"2012-05-14","Bitmonkey","391131","353529","37602"
"2012-05-15","Bitmonkey","130377","117843","12534"
"2012-05-16","Bitmonkey","130377","117843","12534"
"2012-05-17","Bitmonkey","173836","157124","16712"
"2012-05-18","Bitmonkey","260754","235686","25068"
"2012-05-19","Bitmonkey","173836","157124","16712"
"2012-05-20","Bitmonkey","521508","471372","50136"
"2012-05-21","Bitmonkey","347672","314248","33424"
"2012-05-22","Bitmonkey","391131","353529","37602"
"2012-05-23","Bitmonkey","217295","196405","20890"
"2012-05-24","Bitmonkey","391131","353529","37602"
"2012-05-25","Bitmonkey","391131","353529","37602"
"2012-05-26","Bitmonkey","391131","353529","37602"
"2012-05-27","Bitmonkey","173836","157124","16712"
"2012-05-28","Bitmonkey","304213","274967","29246"
"2012-05-29","Bitmonkey","217295","196405","20890"
"2012-05-30","Bitmonkey","564967","510653","54314"
"2012-05-31","Bitmonkey","304213","274967","29246"
"2012-06-02","Bitmonkey","173836","157124","16712"
"2012-06-03","Bitmonkey","43459","39281","4178"
"2012-06-04","Bitmonkey","86918","78562","8356"
"2012-06-05","Bitmonkey","217295","196405","20890"
"2012-06-07","Bitmonkey","217295","196405","20890"
"2012-06-08","Bitmonkey","217295","196405","20890"
"2012-06-09","Bitmonkey","173836","157124","16712"
"2012-06-10","Bitmonkey","86918","78562","8356"
"2012-06-11","Bitmonkey","173836","157124","16712"
"2012-06-12","Bitmonkey","86918","78562","8356"
"2012-06-13","Bitmonkey","130377","117843","12534"
"2012-06-14","Bitmonkey","43459","39281","4178"
"2012-06-15","Bitmonkey","86918","78562","8356"
"2012-06-16","Bitmonkey","173836","157124","16712"
"2012-06-17","Bitmonkey","173836","157124","16712"
"2012-06-18","Bitmonkey","130377","117843","12534"
"2012-06-19","Bitmonkey","43459","39281","4178"
"2012-06-20","Bitmonkey","86918","78562","8356"
"2012-06-21","Bitmonkey","130377","117843","12534"
"2012-06-22","Bitmonkey","43459","39281","4178"
"2012-06-23","Bitmonkey","43459","39281","4178"
"2012-06-24","Bitmonkey","86918","78562","8356"
"2012-06-25","Bitmonkey","173836","157124","16712"
"2012-06-27","Bitmonkey","43459","39281","4178"
"2012-06-28","Bitmonkey","86918","78562","8356"
"2012-06-30","Bitmonkey","217295","196405","20890"
"2012-07-01","Bitmonkey","86918","78562","8356"
"2012-07-02","Bitmonkey","86918","78562","8356"
"2012-07-03","Bitmonkey","130377","117843","12534"
"2012-07-05","Bitmonkey","173836","157124","16712"
"2012-07-06","Bitmonkey","260754","235686","25068"
"2012-07-07","Bitmonkey","86918","78562","8356"
"2012-07-08","Bitmonkey","86918","78562","8356"
"2012-07-09","Bitmonkey","86918","78562","8356"
"2012-07-10","Bitmonkey","260754","235686","25068"
"2012-07-11","Bitmonkey","86918","78562","8356"
"2012-07-12","Bitmonkey","86918","78562","8356"
"2012-07-13","Bitmonkey","86918","78562","8356"
"2012-07-14","Bitmonkey","130377","117843","12534"
"2012-07-15","Bitmonkey","86918","78562","8356"
"2012-07-16","Bitmonkey","173836","157124","16712"
"2012-07-17","Bitmonkey","130377","117843","12534"
"2012-07-18","Bitmonkey","130377","117843","12534"
"2012-07-19","Bitmonkey","217295","196405","20890"
"2012-07-20","Bitmonkey","130377","117843","12534"
"2012-07-21","Bitmonkey","217295","196405","20890"
"2012-07-22","Bitmonkey","86918","78562","8356"
"2012-07-24","Bitmonkey","130377","117843","12534"
"2012-07-25","Bitmonkey","43459","39281","4178"
"2012-07-26","Bitmonkey","130377","117843","12534"
"2012-07-27","Bitmonkey","173836","157124","16712"
"2012-07-28","Bitmonkey","130377","117843","12534"
"2012-07-29","Bitmonkey","173836","157124","16712"
"2012-07-30","Bitmonkey","86918","78562","8356"
"2012-07-31","Bitmonkey","43459","39281","4178"
"2012-08-01","Bitmonkey","304213","274967","29246"
"2012-08-02","Bitmonkey","173836","157124","16712"
"2012-08-03","Bitmonkey","173836","157124","16712"
"2012-08-04","Bitmonkey","304213","274967","29246"
"2012-08-05","Bitmonkey","217295","196405","20890"
"2012-08-06","Bitmonkey","43459","39281","4178"
"2012-08-07","Bitmonkey","217295","196405","20890"
"2012-08-08","Bitmonkey","173836","157124","16712"
"2012-08-09","Bitmonkey","173836","157124","16712"
"2012-08-10","Bitmonkey","217295","196405","20890"
"2012-08-11","Bitmonkey","130377","117843","12534"
"2012-08-12","Bitmonkey","217295","196405","20890"
"2012-08-13","Bitmonkey","217295","196405","20890"
"2012-08-14","Bitmonkey","217295","196405","20890"
"2012-08-15","Bitmonkey","43459","39281","4178"
"2012-08-16","Bitmonkey","86918","78562","8356"
"2012-08-17","Bitmonkey","217295","196405","20890"
"2012-08-18","Bitmonkey","173836","157124","16712"
"2012-08-20","Bitmonkey","173836","157124","16712"
"2012-08-21","Bitmonkey","130377","117843","12534"
"2012-08-23","Bitmonkey","217295","196405","20890"
"2012-08-24","Bitmonkey","86918","78562","8356"
"2012-08-25","Bitmonkey","173836","157124","16712"
"2012-08-26","Bitmonkey","173836","157124","16712"
"2012-08-27","Bitmonkey","86918","78562","8356"
"2012-08-28","Bitmonkey","43459","39281","4178"
"2012-08-29","Bitmonkey","130377","117843","12534"
"2012-08-30","Bitmonkey","130377","117843","12534"
"2012-08-31","Bitmonkey","130377","117843","12534"
"2012-09-01","Bitmonkey","130377","117843","12534"
"2012-09-02","Bitmonkey","43459","39281","4178"
"2012-09-03","Bitmonkey","173836","157124","16712"
"2012-09-04","Bitmonkey","86918","78562","8356"
"2012-09-05","Bitmonkey","173836","157124","16712"
"2012-09-06","Bitmonkey","86918","78562","8356"
"2012-09-07","Bitmonkey","43459","39281","4178"
"2012-09-08","Bitmonkey","86918","78562","8356"
"2012-09-09","Bitmonkey","130377","117843","12534"
"2012-09-10","Bitmonkey","130377","117843","12534"
"2012-09-11","Bitmonkey","86918","78562","8356"
"2012-09-12","Bitmonkey","86918","78562","8356"
"2012-09-13","Bitmonkey","217295","196405","20890"
"2012-09-14","Bitmonkey","260754","235686","25068"
"2012-09-15","Bitmonkey","86918","78562","8356"
"2012-09-16","Bitmonkey","43459","39281","4178"
"2012-09-17","Bitmonkey","173836","157124","16712"
"2012-09-18","Bitmonkey","43459","39281","4178"
"2012-09-19","Bitmonkey","217295","196405","20890"
"2012-09-20","Bitmonkey","173836","157124","16712"
"2012-09-21","Bitmonkey","130377","117843","12534"
"2012-09-22","Bitmonkey","43459","39281","4178"
"2012-09-23","Bitmonkey","86918","78562","8356"
"2012-09-24","Bitmonkey","217295","196405","20890"
"2012-09-25","Bitmonkey","130377","117843","12534"
"2012-09-26","Bitmonkey","130377","117843","12534"
"2012-09-27","Bitmonkey","43459","39281","4178"
"2012-09-28","Bitmonkey","260754","235686","25068"
"2012-09-29","Bitmonkey","217295","196405","20890"
"2012-09-30","Bitmonkey","173836","157124","16712"
"2012-10-01","Bitmonkey","217295","196405","20890"
"2012-10-02","Bitmonkey","173836","157124","16712"
"2012-10-03","Bitmonkey","173836","157124","16712"
"2012-10-04","Bitmonkey","173836","157124","16712"
"2012-10-05","Bitmonkey","43459","39281","4178"
"2012-10-06","Bitmonkey","260754","235686","25068"
"2012-10-07","Bitmonkey","260754","235686","25068"
"2012-10-08","Bitmonkey","173836","157124","16712"
"2012-10-09","Bitmonkey","86918","78562","8356"
"2012-10-10","Bitmonkey","86918","78562","8356"
"2012-10-11","Bitmonkey","130377","117843","12534"
"2012-10-12","Bitmonkey","173836","157124","16712"
"2012-10-13","Bitmonkey","43459","39281","4178"
"2012-10-14","Bitmonkey","217295","196405","20890"
"2012-10-15","Bitmonkey","173836","157124","16712"
"2012-10-16","Bitmonkey","217295","196405","20890"
"2012-10-17","Bitmonkey","130377","117843","12534"
"2012-10-18","Bitmonkey","304213","274967","29246"
"2012-10-19","Bitmonkey","86918","78562","8356"
"2012-10-20","Bitmonkey","173836","157124","16712"
"2012-10-21","Bitmonkey","130377","117843","12534"
"2012-10-22","Bitmonkey","173836","157124","16712"
"2012-10-23","Bitmonkey","173836","157124","16712"
"2012-10-24","Bitmonkey","173836","157124","16712"
"2012-10-25","Bitmonkey","217295","196405","20890"
"2012-10-26","Bitmonkey","130377","117843","12534"
"2012-10-27","Bitmonkey","260754","235686","25068"
"2012-10-28","Bitmonkey","130377","117843","12534"
"2012-10-29","Bitmonkey","43459","39281","4178"
"2012-10-30","Bitmonkey","217295","196405","20890"
"2012-10-31","Bitmonkey","130377","117843","12534"
"2012-11-01","Bitmonkey","86918","78562","8356"
"2012-11-02","Bitmonkey","347672","314248","33424"
"2012-11-03","Bitmonkey","130377","117843","12534"
"2012-11-04","Bitmonkey","130377","117843","12534"
"2012-11-05","Bitmonkey","130377","117843","12534"
"2012-11-06","Bitmonkey","130377","117843","12534"
"2012-11-07","Bitmonkey","217295","196405","20890"
"2012-11-08","Bitmonkey","130377","117843","12534"
"2012-11-09","Bitmonkey","173836","157124","16712"
"2012-11-10","Bitmonkey","86918","78562","8356"
"2012-11-11","Bitmonkey","130377","117843","12534"
"2012-11-12","Bitmonkey","173836","157124","16712"
"2012-11-13","Bitmonkey","86918","78562","8356"
"2012-11-14","Bitmonkey","43459","39281","4178"
"2012-11-15","Bitmonkey","173836","157124","16712"
"2012-11-16","Bitmonkey","130377","117843","12534"
"2012-11-17","Bitmonkey","86918","78562","8356"
"2012-11-18","Bitmonkey","260754","235686","25068"
"2012-11-19","Bitmonkey","130377","117843","12534"
"2012-11-20","Bitmonkey","130377","117843","12534"
"2012-11-21","Bitmonkey","173836","157124","16712"
"2012-11-22","Bitmonkey","304213","274967","29246"
"2012-11-23","Bitmonkey","86918","78562","8356"
"2012-11-24","Bitmonkey","173836","157124","16712"
"2012-11-25","Bitmonkey","43459","39281","4178"
"2012-11-26","Bitmonkey","130377","117843","12534"
"2012-11-27","Bitmonkey","217295","196405","20890"
"2012-11-28","Bitmonkey","130377","117843","12534"
"2012-11-29","Bitmonkey","130377","117843","12534"
"2012-11-30","Bitmonkey","173836","157124","16712"
"2012-12-01","Bitmonkey","173836","157124","16712"
"2012-12-02","Bitmonkey","43459","39281","4178"
"2012-12-03","Bitmonkey","130377","117843","12534"
"2012-12-04","Bitmonkey","217295","196405","20890"
"2012-12-05","Bitmonkey","173836","157124","16712"
"2012-12-06","Bitmonkey","173836","157124","16712"
"2012-12-07","Bitmonkey","130377","117843","12534"
"2012-12-08","Bitmonkey","173836","157124","16712"
"2012-12-09","Bitmonkey","217295","196405","20890"
"2012-12-10","Bitmonkey","130377","117843","12534"
"2012-12-11","Bitmonkey","130377","117843","12534"
"2012-12-12","Bitmonkey","347672","314248","33424"
"2012-12-13","Bitmonkey","130377","117843","12534"
"2012-12-14","Bitmonkey","173836","157124","16712"
"2012-12-15","Bitmonkey","304213","274967","29246"
"2012-12-16","Bitmonkey","43459","39281","4178"
"2012-12-17","Bitmonkey","173836","157124","16712"
"2012-12-18","Bitmonkey","86918","78562","8356"
"2012-12-19","Bitmonkey","130377","117843","12534"
"2012-12-20","Bitmonkey","173836","157124","16712"
"2012-12-21","Bitmonkey","173836","157124","16712"
"2012-12-22","Bitmonkey","86918","78562","8356"
"2012-12-23","Bitmonkey","260754","235686","25068"
"2012-12-25","Bitmonkey","130377","117843","12534"
"2012-12-26","Bitmonkey","130377","117843","12534"
"2012-12-28","Bitmonkey","304213","274967","29246"
"2012-12-29","Bitmonkey","130377","117843","12534"
"2012-12-30","Bitmonkey","43459","39281","4178"
"2012-12-31","Bitmonkey","130377","117843","12534"
"2013-01-02","Bitmonkey","608426","549934","58492"
"2013-01-03","Bitmonkey","260754","235686","25068"
"2013-01-04","Bitmonkey","434590","392810","41780"
"2013-01-05","Bitmonkey","608426","549934","58492"
"2013-01-06","Bitmonkey","304213","274967","29246"
"2013-01-07","Bitmonkey","304213","274967","29246"
"2013-01-08","Bitmonkey","304213","274967","29246"
"2013-01-09","Bitmonkey","434590","392810","41780"
"2013-01-10","Bitmonkey","434590","392810","41780"
"2013-01-11","Bitmonkey","564967","510653","54314"
"2013-01-12","Bitmonkey","347672","314248","33424"
"2013-01-13","Bitmonkey","478049","432091","45958"
"2013-01-14","Bitmonkey","564967","510653","54314"
"2013-01-15","Bitmonkey","434590","392810","41780"
"2013-01-16","Bitmonkey","478049","432091","45958"
"2013-01-17","Bitmonkey","434590","392810","41780"
"2013-01-18","Bitmonkey","478049","432091","45958"
"2013-01-19","Bitmonkey","347672","314248","33424"
"2013-01-20","Bitmonkey","651885","589215","62670"
"2013-01-21","Bitmonkey","564967","510653","54314"
"2013-01-22","Bitmonkey","347672","314248","33424"
"2013-01-23","Bitmonkey","608426","549934","58492"
"2013-01-24","Bitmonkey","825721","746339","79382"
"2013-01-25","Bitmonkey","391131","353529","37602"
"2013-01-26","Bitmonkey","564967","510653","54314"
"2013-01-27","Bitmonkey","173836","157124","16712"
"2013-01-28","Bitmonkey","434590","392810","41780"
"2013-01-29","Bitmonkey","304213","274967","29246"
"2013-01-30","Bitmonkey","391131","353529","37602"
"2013-01-31","Bitmonkey","347672","314248","33424"
"2013-02-01","Bitmonkey","825721","746339","79382"
"2013-02-02","Bitmonkey","434590","392810","41780"
"2013-02-03","Bitmonkey","347672","314248","33424"
"2013-02-04","Bitmonkey","521508","471372","50136"
"2013-02-05","Bitmonkey","391131","353529","37602"
"2013-02-06","Bitmonkey","434590","392810","41780"
"2013-02-07","Bitmonkey","478049","432091","45958"
"2013-02-08","Bitmonkey","130377","117843","12534"
"2013-02-09","Bitmonkey","347672","314248","33424"
"2013-02-10","Bitmonkey","564967","510653","54314"
"2013-02-12","Bitmonkey","434590","392810","41780"
"2013-02-13","Bitmonkey","564967","510653","54314"
"2013-02-14","Bitmonkey","260754","235686","25068"
"2013-02-15","Bitmonkey","434590","392810","41780"
"2013-02-16","Bitmonkey","434590","392810","41780"
"2013-02-17","Bitmonkey","434590","392810","41780"
"2013-02-18","Bitmonkey","521508","471372","50136"
"2013-02-19","Bitmonkey","347672","314248","33424"
"2013-02-20","Bitmonkey","347672","314248","33424"
"2013-02-21","Bitmonkey","478049","432091","45958"
"2013-02-22","Bitmonkey","434590","392810","41780"
"2013-02-23","Bitmonkey","478049","432091","45958"
"2013-02-24","Bitmonkey","521508","471372","50136"
"2013-02-25","Bitmonkey","304213","274967","29246"
"2013-02-26","Bitmonkey","434590","392810","41780"
"2013-02-27","Bitmonkey","608426","549934","58492"
"2013-02-28","Bitmonkey","434590","392810","41780"
"2013-03-01","Bitmonkey","173836","157124","16712"
"2013-03-02","Bitmonkey","217295","196405","20890"
"2013-03-03","Bitmonkey","391131","353529","37602"
"2013-03-04","Bitmonkey","391131","353529","37602"
"2013-03-05","Bitmonkey","347672","314248","33424"
"2013-03-06","Bitmonkey","434590","392810","41780"
"2013-03-07","Bitmonkey","521508","471372","50136"
"2013-03-08","Bitmonkey","478049","432091","45958"
"2013-03-09","Bitmonkey","260754","235686","25068"
"2013-03-10","Bitmonkey","564967","510653","54314"
"2013-03-11","Bitmonkey","695344","628496","66848"
"2013-03-12","Bitmonkey","434590","392810","41780"
"2013-03-13","Bitmonkey","521508","471372","50136"
"2013-03-14","Bitmonkey","478049","432091","45958"
"2013-03-15","Bitmonkey","434590","392810","41780"
"2013-03-16","Bitmonkey","564967","510653","54314"
"2013-03-17","Bitmonkey","608426","549934","58492"
"2013-03-18","Bitmonkey","478049","432091","45958"
"2013-03-19","Bitmonkey","478049","432091","45958"
"2013-03-20","Bitmonkey","304213","274967","29246"
"2013-03-21","Bitmonkey","521508","471372","50136"
"2013-03-22","Bitmonkey","478049","432091","45958"
"2013-03-23","Bitmonkey","391131","353529","37602"
"2013-03-24","Bitmonkey","478049","432091","45958"
"2013-03-25","Bitmonkey","478049","432091","45958"
"2013-03-26","Bitmonkey","564967","510653","54314"
"2013-03-27","Bitmonkey","478049","432091","45958"
"2013-03-28","Bitmonkey","478049","432091","45958"
"2013-03-29","Bitmonkey","130377","117843","12534"
"2013-03-30","Bitmonkey","478049","432091","45958"
"2013-03-31","Bitmonkey","738803","667777","71026"
"2013-04-01","Bitmonkey","521508","471372","50136"
"2013-04-02","Bitmonkey","217295","196405","20890"
"2013-04-03","Bitmonkey","521508","471372","50136"
"2013-04-04","Bitmonkey","478049","432091","45958"
"2013-04-05","Bitmonkey","391131","353529","37602"
"2013-04-06","Bitmonkey","478049","432091","45958"
"2013-04-07","Bitmonkey","608426","549934","58492"
"2013-04-08","Bitmonkey","478049","432091","45958"
"2013-04-09","Bitmonkey","478049","432091","45958"
"2013-04-10","Bitmonkey","521508","471372","50136"
"2013-04-11","Bitmonkey","347672","314248","33424"
"2013-04-12","Bitmonkey","521508","471372","50136"
"2013-04-13","Bitmonkey","260754","235686","25068"
"2013-04-14","Bitmonkey","738803","667777","71026"
"2013-04-15","Bitmonkey","391131","353529","37602"
"2013-04-16","Bitmonkey","478049","432091","45958"
"2013-04-17","Bitmonkey","217295","196405","20890"
"2013-04-18","Bitmonkey","260754","235686","25068"
"2013-04-19","Bitmonkey","521508","471372","50136"
"2013-04-20","Bitmonkey","434590","392810","41780"
"2013-04-21","Bitmonkey","564967","510653","54314"
"2013-04-22","Bitmonkey","478049","432091","45958"
"2013-04-23","Bitmonkey","478049","432091","45958"
"2013-04-24","Bitmonkey","391131","353529","37602"
"2013-04-25","Bitmonkey","434590","392810","41780"
"2013-04-26","Bitmonkey","825721","746339","79382"
"2013-04-27","Bitmonkey","564967","510653","54314"
"2013-04-28","Bitmonkey","564967","510653","54314"
"2013-04-29","Bitmonkey","738803","667777","71026"
"2013-04-30","Bitmonkey","173836","157124","16712"
"2013-05-01","Bitmonkey","304213","274967","29246"
"2013-05-02","Bitmonkey","391131","353529","37602"
"2013-05-03","Bitmonkey","434590","392810","41780"
"2013-05-04","Bitmonkey","347672","314248","33424"
"2013-05-05","Bitmonkey","478049","432091","45958"
"2013-05-06","Bitmonkey","521508","471372","50136"
"2013-05-07","Bitmonkey","391131","353529","37602"
"2013-05-08","Bitmonkey","521508","471372","50136"
"2013-05-09","Bitmonkey","564967","510653","54314"
"2013-05-10","Bitmonkey","347672","314248","33424"
"2013-05-11","Bitmonkey","564967","510653","54314"
"2013-05-12","Bitmonkey","434590","392810","41780"
"2013-05-13","Bitmonkey","434590","392810","41780"
"2013-05-14","Bitmonkey","260754","235686","25068"
"2013-05-15","Bitmonkey","478049","432091","45958"
"2013-05-16","Bitmonkey","521508","471372","50136"
"2013-05-17","Bitmonkey","521508","471372","50136"
"2013-05-18","Bitmonkey","521508","471372","50136"
"2013-05-19","Bitmonkey","260754","235686","25068"
"2013-05-20","Bitmonkey","478049","432091","45958"
"2013-05-21","Bitmonkey","260754","235686","25068"
"2013-05-22","Bitmonkey","304213","274967","29246"
"2013-05-23","Bitmonkey","478049","432091","45958"
"2013-05-24","Bitmonkey","304213","274967","29246"
"2013-05-25","Bitmonkey","304213","274967","29246"
"2013-05-26","Bitmonkey","695344","628496","66848"
"2013-05-27","Bitmonkey","521508","471372","50136"
"2013-05-28","Bitmonkey","347672","314248","33424"
"2013-05-29","Bitmonkey","434590","392810","41780"
"2013-05-30","Bitmonkey","478049","432091","45958"
"2013-05-31","Bitmonkey","260754","235686","25068"
"2008-06-01","BuckLogix","16067","14441","1626"
"2008-06-02","BuckLogix","47715","43590","4125"
"2008-06-03","BuckLogix","30897","29172","1725"
"2008-06-04","BuckLogix","11978","11437","541"
"2008-06-05","BuckLogix","27826","25914","1912"
"2008-06-06","BuckLogix","50905","46850","4055"
"2008-06-07","BuckLogix","250407","201452","48955"
"2008-06-08","BuckLogix","244057","193548","50509"
"2008-06-09","BuckLogix","68694","63301","5393"
"2008-06-10","BuckLogix","30518","26897","3621"
"2008-06-11","BuckLogix","322965","262577","60388"
"2008-06-12","BuckLogix","53753","50039","3714"
"2008-06-13","BuckLogix","18857","17565","1292"
"2008-06-14","BuckLogix","25608","23823","1785"
"2008-06-15","BuckLogix","31439","26138","5301"
"2008-06-17","BuckLogix","74433","66617","7816"
"2008-06-18","BuckLogix","4059","3727","332"
"2008-06-19","BuckLogix","33407","27879","5528"
"2008-06-20","BuckLogix","22848","21847","1001"
"2008-06-21","BuckLogix","49746","42199","7547"
"2008-06-22","BuckLogix","59795","53706","6089"
"2008-06-23","BuckLogix","7048","6595","453"
"2008-06-24","BuckLogix","52135","50020","2115"
"2008-06-25","BuckLogix","59085","51596","7489"
"2008-06-26","BuckLogix","66333","58770","7563"
"2008-06-27","BuckLogix","40716","35356","5360"
"2008-06-28","BuckLogix","90860","83529","7331"
"2008-06-29","BuckLogix","30058","28950","1108"
"2008-06-30","BuckLogix","51366","44562","6804"
"2008-07-01","BuckLogix","25708","24161","1547"
"2008-07-02","BuckLogix","27007","25912","1095"
"2008-07-03","BuckLogix","22677","20700","1977"
"2008-07-04","BuckLogix","32936","30707","2229"
"2008-07-05","BuckLogix","76345","70815","5530"
"2008-07-06","BuckLogix","48176","41173","7003"
"2008-07-07","BuckLogix","35116","33514","1602"
"2008-07-08","BuckLogix","259306","208160","51146"
"2008-07-09","BuckLogix","235088","186747","48341"
"2008-07-10","BuckLogix","558491","451356","107135"
"2008-07-11","BuckLogix","43673","39202","4471"
"2008-07-12","BuckLogix","42655","39133","3522"
"2008-07-13","BuckLogix","291934","239194","52740"
"2008-07-14","BuckLogix","11878","11099","779"
"2008-07-15","BuckLogix","35256","30926","4330"
"2008-07-16","BuckLogix","12278","9464","2814"
"2008-07-17","BuckLogix","61425","53554","7871"
"2008-07-18","BuckLogix","44116","41392","2724"
"2008-07-19","BuckLogix","8118","7454","664"
"2008-07-20","BuckLogix","42035","39269","2766"
"2008-07-21","BuckLogix","33687","30425","3262"
"2008-07-22","BuckLogix","43795","40085","3710"
"2008-07-23","BuckLogix","37225","34101","3124"
"2008-07-24","BuckLogix","18887","16842","2045"
"2008-07-25","BuckLogix","35677","32631","3046"
"2008-07-26","BuckLogix","25916","23496","2420"
"2008-07-27","BuckLogix","2989","2868","121"
"2008-07-28","BuckLogix","33717","31425","2292"
"2008-07-29","BuckLogix","17789","16451","1338"
"2008-07-30","BuckLogix","55534","49994","5540"
"2008-07-31","BuckLogix","30767","29557","1210"
"2008-08-01","BuckLogix","16028","15312","716"
"2008-08-02","BuckLogix","5929","4795","1134"
"2008-08-03","BuckLogix","39614","37875","1739"
"2008-08-04","BuckLogix","16337","13191","3146"
"2008-08-05","BuckLogix","52135","50020","2115"
"2008-08-06","BuckLogix","24897","21775","3122"
"2008-08-07","BuckLogix","50364","45358","5006"
"2008-08-08","BuckLogix","29957","27780","2177"
"2008-08-09","BuckLogix","31439","26138","5301"
"2008-08-10","BuckLogix","40865","38358","2507"
"2008-08-12","BuckLogix","29767","27888","1879"
"2008-08-13","BuckLogix","243327","193964","49363"
"2008-08-14","BuckLogix","31938","26610","5328"
"2008-08-15","BuckLogix","39796","35880","3916"
"2008-08-16","BuckLogix","27007","25912","1095"
"2008-08-17","BuckLogix","7048","6595","453"
"2008-08-18","BuckLogix","12008","10714","1294"
"2008-08-19","BuckLogix","79105","67332","11773"
"2008-08-20","BuckLogix","21797","19492","2305"
"2008-08-21","BuckLogix","7919","7710","209"
"2008-08-22","BuckLogix","40737","38636","2101"
"2008-08-23","BuckLogix","78293","70764","7529"
"2008-08-25","BuckLogix","37036","33904","3132"
"2008-08-26","BuckLogix","74124","63000","11124"
"2008-08-27","BuckLogix","25046","22179","2867"
"2008-08-28","BuckLogix","25966","22818","3148"
"2008-08-29","BuckLogix","53506","45844","7662"
"2008-08-30","BuckLogix","35206","31604","3602"
"2008-08-31","BuckLogix","71664","67085","4579"
"2008-09-01","BuckLogix","17789","16451","1338"
"2008-09-02","BuckLogix","257974","208762","49212"
"2008-09-03","BuckLogix","255716","203135","52581"
"2008-09-04","BuckLogix","90953","84613","6340"
"2008-09-05","BuckLogix","77525","70400","7125"
"2008-09-06","BuckLogix","32037","28785","3252"
"2008-09-07","BuckLogix","40927","38528","2399"
"2008-09-08","BuckLogix","54465","49919","4546"
"2008-09-09","BuckLogix","69446","62075","7371"
"2008-09-10","BuckLogix","13958","12104","1854"
"2008-09-11","BuckLogix","59663","56330","3333"
"2008-09-12","BuckLogix","27936","24224","3712"
"2008-09-13","BuckLogix","16028","15312","716"
"2008-09-14","BuckLogix","6518","6347","171"
"2008-09-15","BuckLogix","30186","28672","1514"
"2008-09-16","BuckLogix","55965","52855","3110"
"2008-09-17","BuckLogix","48846","46238","2608"
"2008-09-18","BuckLogix","89094","80110","8984"
"2008-09-19","BuckLogix","19088","18202","886"
"2008-09-20","BuckLogix","22197","19321","2876"
"2008-09-21","BuckLogix","33557","30810","2747"
"2008-09-22","BuckLogix","64794","58825","5969"
"2008-09-23","BuckLogix","63423","59975","3448"
"2008-09-24","BuckLogix","59375","51826","7549"
"2008-09-25","BuckLogix","30897","29172","1725"
"2008-09-26","BuckLogix","23847","22684","1163"
"2008-09-27","BuckLogix","40966","39528","1438"
"2008-09-28","BuckLogix","7919","7710","209"
"2008-09-29","BuckLogix","49885","47036","2849"
"2008-09-30","BuckLogix","56572","50219","6353"
"2008-10-01","BuckLogix","81424","73512","7912"
"2008-10-02","BuckLogix","39866","37521","2345"
"2008-10-03","BuckLogix","8109","7602","507"
"2008-10-04","BuckLogix","76604","71159","5445"
"2008-10-05","BuckLogix","50383","45846","4537"
"2008-10-06","BuckLogix","40605","37405","3200"
"2008-10-07","BuckLogix","235088","186747","48341"
"2008-10-08","BuckLogix","32818","30926","1892"
"2008-10-09","BuckLogix","15738","15082","656"
"2008-10-10","BuckLogix","44805","40231","4574"
"2008-10-11","BuckLogix","58126","48688","9438"
"2008-10-12","BuckLogix","60556","52332","8224"
"2008-10-13","BuckLogix","42526","37611","4915"
"2008-10-14","BuckLogix","50065","47501","2564"
"2008-10-16","BuckLogix","4059","3727","332"
"2008-10-17","BuckLogix","15928","14974","954"
"2008-10-18","BuckLogix","20838","18048","2790"
"2008-10-19","BuckLogix","60935","52541","8394"
"2008-10-20","BuckLogix","11978","11437","541"
"2008-10-22","BuckLogix","2989","2868","121"
"2008-10-23","BuckLogix","38016","32902","5114"
"2008-10-24","BuckLogix","7919","7710","209"
"2008-10-25","BuckLogix","31165","26427","4738"
"2008-10-26","BuckLogix","11978","11437","541"
"2008-10-27","BuckLogix","23877","21961","1916"
"2008-10-28","BuckLogix","63781","58970","4811"
"2008-10-29","BuckLogix","54366","45043","9323"
"2008-10-30","BuckLogix","30518","26897","3621"
"2008-10-31","BuckLogix","18496","17784","712"
"2008-11-01","BuckLogix","64205","57322","6883"
"2008-11-02","BuckLogix","53644","47417","6227"
"2008-11-03","BuckLogix","23477","21934","1543"
"2008-11-04","BuckLogix","78035","71056","6979"
"2008-11-05","BuckLogix","9128","7600","1528"
"2008-11-06","BuckLogix","21977","20152","1825"
"2008-11-07","BuckLogix","37087","34395","2692"
"2008-11-08","BuckLogix","53754","47984","5770"
"2008-11-09","BuckLogix","30797","28834","1963"
"2008-11-10","BuckLogix","27987","24910","3077"
"2008-11-11","BuckLogix","82082","74277","7805"
"2008-11-12","BuckLogix","36986","34582","2404"
"2008-11-13","BuckLogix","33126","30599","2527"
"2008-11-14","BuckLogix","29975","25500","4475"
"2008-11-15","BuckLogix","37876","35490","2386"
"2008-11-16","BuckLogix","17789","16451","1338"
"2008-11-17","BuckLogix","45535","42247","3288"
"2008-11-18","BuckLogix","68943","65961","2982"
"2008-11-19","BuckLogix","17727","16697","1030"
"2008-11-21","BuckLogix","12008","10714","1294"
"2008-11-22","BuckLogix","4059","3727","332"
"2008-11-23","BuckLogix","36877","34653","2224"
"2008-11-24","BuckLogix","38856","35391","3465"
"2008-11-25","BuckLogix","21106","19037","2069"
"2008-11-26","BuckLogix","2989","2868","121"
"2008-11-27","BuckLogix","38425","33969","4456"
"2008-11-28","BuckLogix","272583","221348","51235"
"2008-11-29","BuckLogix","13748","12167","1581"
"2008-11-30","BuckLogix","42036","40387","1649"
"2008-12-01","BuckLogix","23847","20961","2886"
"2008-12-02","BuckLogix","25437","22676","2761"
"2008-12-03","BuckLogix","18558","17954","604"
"2008-12-05","BuckLogix","23817","21684","2133"
"2008-12-06","BuckLogix","22948","22185","763"
"2008-12-07","BuckLogix","29767","27888","1879"
"2008-12-08","BuckLogix","67116","58769","8347"
"2008-12-09","BuckLogix","41094","39250","1844"
"2008-12-10","BuckLogix","249265","198611","50654"
"2008-12-11","BuckLogix","47223","42618","4605"
"2008-12-14","BuckLogix","81772","73683","8089"
"2008-12-15","BuckLogix","17789","16451","1338"
"2008-12-16","BuckLogix","31087","29064","2023"
"2008-12-18","BuckLogix","7949","6987","962"
"2008-12-19","BuckLogix","41326","35589","5737"
"2008-12-20","BuckLogix","57047","49961","7086"
"2008-12-21","BuckLogix","13848","12505","1343"
"2008-12-22","BuckLogix","261975","209973","52002"
"2008-12-23","BuckLogix","60805","55836","4969"
"2008-12-24","BuckLogix","58476","51327","7149"
"2008-12-25","BuckLogix","45445","38129","7316"
"2008-12-26","BuckLogix","33527","31533","1994"
"2008-12-27","BuckLogix","49228","42589","6639"
"2008-12-28","BuckLogix","22948","22185","763"
"2008-12-29","BuckLogix","33657","31148","2509"
"2008-12-31","BuckLogix","11978","11437","541"
"2009-01-01","BuckLogix","58685","53370","5315"
"2009-01-02","BuckLogix","279524","227646","51878"
"2009-01-03","BuckLogix","90070","83389","6681"
"2009-01-04","BuckLogix","60925","58845","2080"
"2009-01-05","BuckLogix","291734","239198","52536"
"2009-01-06","BuckLogix","80212","73904","6308"
"2009-01-07","BuckLogix","27696","24751","2945"
"2009-01-08","BuckLogix","82762","77555","5207"
"2009-01-09","BuckLogix","116070","101526","14544"
"2009-01-10","BuckLogix","67404","61141","6263"
"2009-01-11","BuckLogix","81874","71759","10115"
"2009-01-12","BuckLogix","50755","46435","4320"
"2009-01-13","BuckLogix","76282","70036","6246"
"2009-01-14","BuckLogix","62365","55790","6575"
"2009-01-15","BuckLogix","63523","60313","3210"
"2009-01-16","BuckLogix","146499","129389","17110"
"2009-01-17","BuckLogix","74232","69276","4956"
"2009-01-18","BuckLogix","293642","237947","55695"
"2009-01-19","BuckLogix","266894","217202","49692"
"2009-01-20","BuckLogix","78074","70392","7682"
"2009-01-21","BuckLogix","325800","268474","57326"
"2009-01-22","BuckLogix","44725","42341","2384"
"2009-01-23","BuckLogix","61772","55100","6672"
"2009-01-24","BuckLogix","57752","53228","4524"
"2009-01-25","BuckLogix","61204","57459","3745"
"2009-01-26","BuckLogix","18018","17343","675"
"2009-01-27","BuckLogix","41075","37586","3489"
"2009-01-28","BuckLogix","68113","58477","9636"
"2009-01-29","BuckLogix","112701","104776","7925"
"2009-01-30","BuckLogix","66081","57740","8341"
"2009-01-31","BuckLogix","15868","14697","1171"
"2009-02-01","BuckLogix","15838","15420","418"
"2009-02-02","BuckLogix","84113","72886","11227"
"2009-02-03","BuckLogix","69512","64546","4966"
"2009-02-04","BuckLogix","64702","57507","7195"
"2009-02-05","BuckLogix","506941","408605","98336"
"2009-02-06","BuckLogix","288943","234001","54942"
"2009-02-07","BuckLogix","32656","28870","3786"
"2009-02-08","BuckLogix","130138","118519","11619"
"2009-02-09","BuckLogix","30155","26160","3995"
"2009-02-10","BuckLogix","64623","60449","4174"
"2009-02-11","BuckLogix","100280","91312","8968"
"2009-02-12","BuckLogix","71050","65666","5384"
"2009-02-13","BuckLogix","61154","57866","3288"
"2009-02-14","BuckLogix","76602","70511","6091"
"2009-02-15","BuckLogix","94012","79540","14472"
"2009-02-16","BuckLogix","14058","12442","1616"
"2009-02-17","BuckLogix","79423","71113","8310"
"2009-02-18","BuckLogix","252877","203198","49679"
"2009-02-19","BuckLogix","71914","62380","9534"
"2009-02-20","BuckLogix","24146","22766","1380"
"2009-02-21","BuckLogix","42295","38499","3796"
"2009-02-22","BuckLogix","73993","63620","10373"
"2009-02-23","BuckLogix","47792","41483","6309"
"2009-02-24","BuckLogix","110380","99098","11282"
"2009-02-25","BuckLogix","29646","26141","3505"
"2009-02-26","BuckLogix","45935","40612","5323"
"2009-02-27","BuckLogix","20926","18377","2549"
"2009-02-28","BuckLogix","60164","51490","8674"
"2009-03-01","BuckLogix","47405","45863","1542"
"2009-03-02","BuckLogix","328106","272845","55261"
"2009-03-03","BuckLogix","72771","69051","3720"
"2009-03-04","BuckLogix","60724","54905","5819"
"2009-03-05","BuckLogix","343498","282891","60607"
"2009-03-06","BuckLogix","35955","33736","2219"
"2009-03-07","BuckLogix","47543","44605","2938"
"2009-03-08","BuckLogix","68625","64720","3905"
"2009-03-09","BuckLogix","66302","60520","5782"
"2009-03-10","BuckLogix","42537","36608","5929"
"2009-03-11","BuckLogix","72323","66647","5676"
"2009-03-12","BuckLogix","155217","137136","18081"
"2009-03-13","BuckLogix","50873","46925","3948"
"2009-03-14","BuckLogix","331309","272784","58525"
"2009-03-15","BuckLogix","87139","79702","7437"
"2009-03-16","BuckLogix","47556","44339","3217"
"2009-03-17","BuckLogix","55884","52892","2992"
"2009-03-18","BuckLogix","182610","161389","21221"
"2009-03-19","BuckLogix","36135","33512","2623"
"2009-03-20","BuckLogix","523863","418175","105688"
"2009-03-21","BuckLogix","77795","68455","9340"
"2009-03-22","BuckLogix","29215","26639","2576"
"2009-03-23","BuckLogix","70303","65239","5064"
"2009-03-24","BuckLogix","318651","258986","59665"
"2009-03-25","BuckLogix","77973","66790","11183"
"2009-03-26","BuckLogix","65374","59458","5916"
"2009-03-27","BuckLogix","73743","63659","10084"
"2009-03-28","BuckLogix","78713","69938","8775"
"2009-03-29","BuckLogix","43344","39103","4241"
"2009-03-30","BuckLogix","97928","87457","10471"
"2009-03-31","BuckLogix","36576","31407","5169"
"2009-04-01","BuckLogix","73323","67413","5910"
"2009-04-02","BuckLogix","42845","41332","1513"
"2009-04-03","BuckLogix","95612","82117","13495"
"2009-04-04","BuckLogix","36264","31615","4649"
"2009-04-05","BuckLogix","95339","86725","8614"
"2009-04-06","BuckLogix","291352","237700","53652"
"2009-04-07","BuckLogix","63903","56454","7449"
"2009-04-08","BuckLogix","147937","133141","14796"
"2009-04-09","BuckLogix","304811","251130","53681"
"2009-04-10","BuckLogix","52782","47038","5744"
"2009-04-11","BuckLogix","38915","36288","2627"
"2009-04-12","BuckLogix","49636","45344","4292"
"2009-04-13","BuckLogix","53496","48359","5137"
"2009-04-14","BuckLogix","100663","92477","8186"
"2009-04-15","BuckLogix","62564","56437","6127"
"2009-04-16","BuckLogix","58513","55353","3160"
"2009-04-17","BuckLogix","137150","126651","10499"
"2009-04-18","BuckLogix","36045","31826","4219"
"2009-04-19","BuckLogix","105542","94392","11150"
"2009-04-20","BuckLogix","53163","48622","4541"
"2009-04-21","BuckLogix","57082","51464","5618"
"2009-04-22","BuckLogix","74144","66515","7629"
"2009-04-23","BuckLogix","76183","70307","5876"
"2009-04-24","BuckLogix","416837","348735","68102"
"2009-04-25","BuckLogix","49855","47759","2096"
"2009-04-26","BuckLogix","116440","105548","10892"
"2009-04-27","BuckLogix","86522","79588","6934"
"2009-04-28","BuckLogix","327892","269434","58458"
"2009-04-29","BuckLogix","56733","52375","4358"
"2009-04-30","BuckLogix","55322","48441","6881"
"2009-05-01","BuckLogix","106349","95639","10710"
"2009-05-02","BuckLogix","81742","74406","7336"
"2009-05-03","BuckLogix","30867","29895","972"
"2009-05-04","BuckLogix","53205","47992","5213"
"2009-05-05","BuckLogix","51513","46435","5078"
"2009-05-06","BuckLogix","47555","43730","3825"
"2009-05-07","BuckLogix","95282","86445","8837"
"2009-05-08","BuckLogix","87101","75938","11163"
"2009-05-09","BuckLogix","78453","73511","4942"
"2009-05-10","BuckLogix","88931","81912","7019"
"2009-05-11","BuckLogix","46546","42209","4337"
"2009-05-12","BuckLogix","48494","44325","4169"
"2009-05-13","BuckLogix","41622","35885","5737"
"2009-05-14","BuckLogix","59555","55201","4354"
"2009-05-15","BuckLogix","70183","61279","8904"
"2009-05-16","BuckLogix","75444","70423","5021"
"2009-05-17","BuckLogix","71503","67361","4142"
"2009-05-18","BuckLogix","99589","89282","10307"
"2009-05-19","BuckLogix","67146","58046","9100"
"2009-05-20","BuckLogix","81372","75318","6054"
"2009-05-21","BuckLogix","43844","42169","1675"
"2009-05-22","BuckLogix","88482","81503","6979"
"2009-05-23","BuckLogix","285723","230496","55227"
"2009-05-24","BuckLogix","128619","113744","14875"
"2009-05-25","BuckLogix","95500","88821","6679"
"2009-05-26","BuckLogix","40224","36516","3708"
"2009-05-27","BuckLogix","66412","61295","5117"
"2009-05-28","BuckLogix","61954","58959","2995"
"2009-05-29","BuckLogix","70101","62260","7841"
"2009-05-30","BuckLogix","251525","200276","51249"
"2009-05-31","BuckLogix","7949","6987","962"
"2009-06-01","BuckLogix","132290","115577","16713"
"2009-06-02","BuckLogix","86493","79952","6541"
"2009-06-03","BuckLogix","83913","74790","9123"
"2009-06-04","BuckLogix","204101","183655","20446"
"2009-06-05","BuckLogix","131276","120858","10418"
"2009-06-06","BuckLogix","82653","76917","5736"
"2009-06-07","BuckLogix","73680","65363","8317"
"2009-06-08","BuckLogix","309309","254523","54786"
"2009-06-09","BuckLogix","263785","213776","50009"
"2009-06-10","BuckLogix","101283","86685","14598"
"2009-06-11","BuckLogix","104281","92324","11957"
"2009-06-12","BuckLogix","311323","255248","56075"
"2009-06-13","BuckLogix","271912","219357","52555"
"2009-06-14","BuckLogix","166656","149166","17490"
"2009-06-15","BuckLogix","57426","53080","4346"
"2009-06-16","BuckLogix","394563","330517","64046"
"2009-06-17","BuckLogix","120148","107092","13056"
"2009-06-18","BuckLogix","117968","105574","12394"
"2009-06-19","BuckLogix","30924","27674","3250"
"2009-06-20","BuckLogix","115411","107866","7545"
"2009-06-21","BuckLogix","131088","116776","14312"
"2009-06-22","BuckLogix","45055","42532","2523"
"2009-06-23","BuckLogix","85010","75083","9927"
"2009-06-24","BuckLogix","94161","89316","4845"
"2009-06-25","BuckLogix","103030","91924","11106"
"2009-06-26","BuckLogix","97540","85646","11894"
"2009-06-27","BuckLogix","87381","78887","8494"
"2009-06-28","BuckLogix","47874","43421","4453"
"2009-06-29","BuckLogix","130630","117359","13271"
"2009-06-30","BuckLogix","103525","92189","11336"
"2009-07-01","BuckLogix","152887","141124","11763"
"2009-07-02","BuckLogix","54842","50613","4229"
"2009-07-03","BuckLogix","72204","62610","9594"
"2009-07-04","BuckLogix","64585","56782","7803"
"2009-07-05","BuckLogix","89862","82508","7354"
"2009-07-06","BuckLogix","114950","105280","9670"
"2009-07-07","BuckLogix","69532","60027","9505"
"2009-07-08","BuckLogix","86733","77886","8847"
"2009-07-09","BuckLogix","119652","106076","13576"
"2009-07-10","BuckLogix","74452","66013","8439"
"2009-07-11","BuckLogix","68851","62918","5933"
"2009-07-12","BuckLogix","90323","80220","10103"
"2009-07-13","BuckLogix","121108","112644","8464"
"2009-07-14","BuckLogix","87894","78088","9806"
"2009-07-15","BuckLogix","159455","137499","21956"
"2009-07-16","BuckLogix","37225","34101","3124"
"2009-07-17","BuckLogix","122207","112171","10036"
"2009-07-18","BuckLogix","60913","55865","5048"
"2009-07-19","BuckLogix","283035","232486","50549"
"2009-07-20","BuckLogix","512690","411753","100937"
"2009-07-21","BuckLogix","103032","93053","9979"
"2009-07-22","BuckLogix","81991","71297","10694"
"2009-07-23","BuckLogix","124309","113353","10956"
"2009-07-24","BuckLogix","152197","138339","13858"
"2009-07-25","BuckLogix","345867","290796","55071"
"2009-07-26","BuckLogix","67274","57768","9506"
"2009-07-27","BuckLogix","140799","123874","16925"
"2009-07-28","BuckLogix","132400","125095","7305"
"2009-07-29","BuckLogix","286774","230816","55958"
"2009-07-30","BuckLogix","285892","232575","53317"
"2009-07-31","BuckLogix","71884","67977","3907"
"2009-08-01","BuckLogix","82732","72228","10504"
"2009-08-02","BuckLogix","79742","71515","8227"
"2009-08-03","BuckLogix","93049","82592","10457"
"2009-08-04","BuckLogix","537788","435263","102525"
"2009-08-05","BuckLogix","325541","264450","61091"
"2009-08-06","BuckLogix","88751","78523","10228"
"2009-08-07","BuckLogix","69361","59219","10142"
"2009-08-08","BuckLogix","550648","449515","101133"
"2009-08-09","BuckLogix","165742","155402","10340"
"2009-08-10","BuckLogix","115421","100760","14661"
"2009-08-11","BuckLogix","74732","68734","5998"
"2009-08-12","BuckLogix","129229","119371","9858"
"2009-08-13","BuckLogix","169736","155612","14124"
"2009-08-14","BuckLogix","157027","137099","19928"
"2009-08-15","BuckLogix","96599","87688","8911"
"2009-08-16","BuckLogix","95221","84169","11052"
"2009-08-17","BuckLogix","568225","463074","105151"
"2009-08-18","BuckLogix","99410","92881","6529"
"2009-08-19","BuckLogix","59855","56115","3740"
"2009-08-20","BuckLogix","31755","28478","3277"
"2009-08-21","BuckLogix","68603","59764","8839"
"2009-08-22","BuckLogix","70891","65155","5736"
"2009-08-23","BuckLogix","73933","64727","9206"
"2009-08-24","BuckLogix","124270","112353","11917"
"2009-08-25","BuckLogix","108077","96731","11346"
"2009-08-26","BuckLogix","86878","80543","6335"
"2009-08-27","BuckLogix","79859","75298","4561"
"2009-08-28","BuckLogix","58520","53044","5476"
"2009-08-29","BuckLogix","293681","238799","54882"
"2009-08-30","BuckLogix","129128","113054","16074"
"2009-08-31","BuckLogix","75404","68059","7345"
"2009-09-01","BuckLogix","16058","14589","1469"
"2009-09-02","BuckLogix","98459","87565","10894"
"2009-09-03","BuckLogix","130700","117536","13164"
"2009-09-04","BuckLogix","105322","95418","9904"
"2009-09-05","BuckLogix","257543","206680","50863"
"2009-09-06","BuckLogix","34706","30598","4108"
"2009-09-07","BuckLogix","376633","313035","63598"
"2009-09-08","BuckLogix","61043","55685","5358"
"2009-09-09","BuckLogix","84702","80468","4234"
"2009-09-10","BuckLogix","110398","99425","10973"
"2009-09-11","BuckLogix","67902","59980","7922"
"2009-09-12","BuckLogix","57012","52412","4600"
"2009-09-13","BuckLogix","65763","60210","5553"
"2009-09-14","BuckLogix","107902","94019","13883"
"2009-09-15","BuckLogix","104681","97755","6926"
"2009-09-16","BuckLogix","121738","109146","12592"
"2009-09-17","BuckLogix","142809","126449","16360"
"2009-09-18","BuckLogix","84360","75965","8395"
"2009-09-19","BuckLogix","69723","63415","6308"
"2009-09-20","BuckLogix","146208","132521","13687"
"2009-09-21","BuckLogix","120270","104015","16255"
"2009-09-22","BuckLogix","98502","89463","9039"
"2009-09-23","BuckLogix","123180","112645","10535"
"2009-09-24","BuckLogix","76752","72649","4103"
"2009-09-25","BuckLogix","61420","54527","6893"
"2009-09-26","BuckLogix","105018","95341","9677"
"2009-09-27","BuckLogix","103471","95305","8166"
"2009-09-28","BuckLogix","65643","58279","7364"
"2009-09-29","BuckLogix","286599","232502","54097"
"2009-09-30","BuckLogix","62992","58925","4067"
"2009-10-01","BuckLogix","73910","67152","6758"
"2009-10-02","BuckLogix","97619","88162","9457"
"2009-10-03","BuckLogix","97558","91256","6302"
"2009-10-04","BuckLogix","518411","418022","100389"
"2009-10-05","BuckLogix","84468","77351","7117"
"2009-10-06","BuckLogix","81093","70727","10366"
"2009-10-07","BuckLogix","68453","65155","3298"
"2009-10-08","BuckLogix","65504","59073","6431"
"2009-10-09","BuckLogix","100457","93406","7051"
"2009-10-10","BuckLogix","301533","249544","51989"
"2009-10-11","BuckLogix","76133","66722","9411"
"2009-10-12","BuckLogix","78363","71650","6713"
"2009-10-13","BuckLogix","96371","88968","7403"
"2009-10-14","BuckLogix","184863","165201","19662"
"2009-10-15","BuckLogix","98603","87051","11552"
"2009-10-16","BuckLogix","58094","54976","3118"
"2009-10-17","BuckLogix","142296","126332","15964"
"2009-10-18","BuckLogix","140159","123620","16539"
"2009-10-19","BuckLogix","60974","54328","6646"
"2009-10-20","BuckLogix","94690","87267","7423"
"2009-10-21","BuckLogix","77801","70376","7425"
"2009-10-22","BuckLogix","276214","223555","52659"
"2009-10-23","BuckLogix","52065","48379","3686"
"2009-10-24","BuckLogix","29896","28442","1454"
"2009-10-25","BuckLogix","64013","59062","4951"
"2009-10-26","BuckLogix","75874","68249","7625"
"2009-10-27","BuckLogix","67282","60694","6588"
"2009-10-28","BuckLogix","63572","57126","6446"
"2009-10-29","BuckLogix","94251","88870","5381"
"2009-10-30","BuckLogix","97151","87261","9890"
"2009-10-31","BuckLogix","354689","295288","59401"
"2009-11-01","BuckLogix","112201","101546","10655"
"2009-11-02","BuckLogix","94068","87630","6438"
"2009-11-03","BuckLogix","127899","113119","14780"
"2009-11-04","BuckLogix","116106","105191","10915"
"2009-11-05","BuckLogix","100310","90589","9721"
"2009-11-06","BuckLogix","62633","57534","5099"
"2009-11-07","BuckLogix","71530","63814","7716"
"2009-11-08","BuckLogix","79622","75647","3975"
"2009-11-09","BuckLogix","56833","52713","4120"
"2009-11-10","BuckLogix","176408","154850","21558"
"2009-11-11","BuckLogix","122621","107185","15436"
"2009-11-12","BuckLogix","59249","53036","6213"
"2009-11-13","BuckLogix","155824","141743","14081"
"2009-11-14","BuckLogix","156628","142817","13811"
"2009-11-15","BuckLogix","64572","59763","4809"
"2009-11-16","BuckLogix","337178","281977","55201"
"2009-11-17","BuckLogix","93618","84064","9554"
"2009-11-18","BuckLogix","68804","64771","4033"
"2009-11-19","BuckLogix","85601","75909","9692"
"2009-11-20","BuckLogix","129550","112653","16897"
"2009-11-21","BuckLogix","319561","261101","58460"
"2009-11-22","BuckLogix","261912","211633","50279"
"2009-11-23","BuckLogix","109766","99967","9799"
"2009-11-24","BuckLogix","125498","112647","12851"
"2009-11-25","BuckLogix","727633","581434","146199"
"2009-11-26","BuckLogix","61036","53794","7242"
"2009-11-27","BuckLogix","35955","33736","2219"
"2009-11-28","BuckLogix","198810","181614","17196"
"2009-11-29","BuckLogix","28757","25758","2999"
"2009-11-30","BuckLogix","101359","89552","11807"
"2009-12-01","BuckLogix","83921","78393","5528"
"2009-12-02","BuckLogix","101128","92877","8251"
"2009-12-03","BuckLogix","52743","47909","4834"
"2009-12-04","BuckLogix","37716","34875","2841"
"2009-12-05","BuckLogix","108756","100452","8304"
"2009-12-06","BuckLogix","119842","105968","13874"
"2009-12-07","BuckLogix","381187","317275","63912"
"2009-12-08","BuckLogix","138610","120808","17802"
"2009-12-09","BuckLogix","418004","348144","69860"
"2009-12-10","BuckLogix","265435","212497","52938"
"2009-12-11","BuckLogix","103400","98202","5198"
"2009-12-12","BuckLogix","281304","230624","50680"
"2009-12-13","BuckLogix","153896","141777","12119"
"2009-12-14","BuckLogix","102290","95238","7052"
"2009-12-15","BuckLogix","55796","52388","3408"
"2009-12-16","BuckLogix","77632","69647","7985"
"2009-12-17","BuckLogix","303281","251356","51925"
"2009-12-18","BuckLogix","167056","146094","20962"
"2009-12-19","BuckLogix","375676","318809","56867"
"2009-12-20","BuckLogix","34055","32507","1548"
"2009-12-21","BuckLogix","94580","84697","9883"
"2009-12-22","BuckLogix","53744","50187","3557"
"2009-12-23","BuckLogix","269074","219125","49949"
"2009-12-24","BuckLogix","69854","60663","9191"
"2009-12-25","BuckLogix","317057","264459","52598"
"2009-12-26","BuckLogix","79680","69425","10255"
"2009-12-27","BuckLogix","54504","50919","3585"
"2009-12-28","BuckLogix","167798","145313","22485"
"2009-12-29","BuckLogix","9988","8522","1466"
"2009-12-30","BuckLogix","332728","273302","59426"
"2009-12-31","BuckLogix","112638","103501","9137"
"2010-01-01","BuckLogix","110636","99317","11319"
"2010-01-02","BuckLogix","122066","110861","11205"
"2010-01-03","BuckLogix","87382","80574","6808"
"2010-01-04","BuckLogix","418844","346926","71918"
"2010-01-05","BuckLogix","144405","133004","11401"
"2010-01-06","BuckLogix","94109","82717","11392"
"2010-01-07","BuckLogix","296379","241569","54810"
"2010-01-08","BuckLogix","133685","120266","13419"
"2010-01-09","BuckLogix","359944","298726","61218"
"2010-01-10","BuckLogix","96427","90127","6300"
"2010-01-11","BuckLogix","162436","147814","14622"
"2010-01-12","BuckLogix","169226","149182","20044"
"2010-01-13","BuckLogix","323009","265992","57017"
"2010-01-14","BuckLogix","204165","182166","21999"
"2010-01-15","BuckLogix","109964","99862","10102"
"2010-01-16","BuckLogix","104051","91503","12548"
"2010-01-17","BuckLogix","152787","140622","12165"
"2010-01-18","BuckLogix","184584","168124","16460"
"2010-01-19","BuckLogix","87091","76881","10210"
"2010-01-20","BuckLogix","166530","148220","18310"
"2010-01-21","BuckLogix","91073","87349","3724"
"2010-01-22","BuckLogix","204044","185390","18654"
"2010-01-23","BuckLogix","58702","51806","6896"
"2010-01-24","BuckLogix","197777","176893","20884"
"2010-01-25","BuckLogix","123979","109132","14847"
"2010-01-26","BuckLogix","98510","90905","7605"
"2010-01-27","BuckLogix","49341","44807","4534"
"2010-01-28","BuckLogix","79470","74519","4951"
"2010-01-29","BuckLogix","189290","170867","18423"
"2010-01-30","BuckLogix","100371","87296","13075"
"2010-01-31","BuckLogix","137944","130397","7547"
"2010-02-01","BuckLogix","107347","98843","8504"
"2010-02-02","BuckLogix","108916","98069","10847"
"2010-02-03","BuckLogix","196482","182181","14301"
"2010-02-04","BuckLogix","120394","111050","9344"
"2010-02-05","BuckLogix","72522","66391","6131"
"2010-02-06","BuckLogix","451444","384097","67347"
"2010-02-07","BuckLogix","391263","327150","64113"
"2010-02-08","BuckLogix","97719","87916","9803"
"2010-02-09","BuckLogix","140917","127659","13258"
"2010-02-10","BuckLogix","227193","200654","26539"
"2010-02-11","BuckLogix","105407","92409","12998"
"2010-02-12","BuckLogix","366307","305609","60698"
"2010-02-13","BuckLogix","219953","196878","23075"
"2010-02-14","BuckLogix","346267","286914","59353"
"2010-02-15","BuckLogix","404817","342359","62458"
"2010-02-16","BuckLogix","460690","397059","63631"
"2010-02-17","BuckLogix","444420","372475","71945"
"2010-02-18","BuckLogix","162254","153587","8667"
"2010-02-19","BuckLogix","153465","143823","9642"
"2010-02-20","BuckLogix","147296","129909","17387"
"2010-02-21","BuckLogix","115011","99952","15059"
"2010-02-22","BuckLogix","342417","282287","60130"
"2010-02-23","BuckLogix","122566","113210","9356"
"2010-02-24","BuckLogix","177213","160083","17130"
"2010-02-25","BuckLogix","380234","318542","61692"
"2010-02-26","BuckLogix","85789","76492","9297"
"2010-02-27","BuckLogix","351235","293635","57600"
"2010-02-28","BuckLogix","127195","113014","14181"
"2010-03-01","BuckLogix","354546","295235","59311"
"2010-03-02","BuckLogix","243221","220540","22681"
"2010-03-03","BuckLogix","159179","142898","16281"
"2010-03-04","BuckLogix","114118","103162","10956"
"2010-03-05","BuckLogix","113407","105633","7774"
"2010-03-06","BuckLogix","135026","127674","7352"
"2010-03-07","BuckLogix","177533","163969","13564"
"2010-03-08","BuckLogix","65645","58817","6828"
"2010-03-09","BuckLogix","323517","263489","60028"
"2010-03-10","BuckLogix","305089","249803","55286"
"2010-03-11","BuckLogix","234141","206067","28074"
"2010-03-12","BuckLogix","352664","295126","57538"
"2010-03-13","BuckLogix","178574","166540","12034"
"2010-03-14","BuckLogix","98770","89516","9254"
"2010-03-15","BuckLogix","198070","174713","23357"
"2010-03-16","BuckLogix","143365","133406","9959"
"2010-03-17","BuckLogix","120605","109733","10872"
"2010-03-18","BuckLogix","91749","85651","6098"
"2010-03-19","BuckLogix","100778","91761","9017"
"2010-03-20","BuckLogix","165197","147216","17981"
"2010-03-21","BuckLogix","168863","148400","20463"
"2010-03-22","BuckLogix","166082","155065","11017"
"2010-03-23","BuckLogix","190462","174887","15575"
"2010-03-24","BuckLogix","123616","109442","14174"
"2010-03-25","BuckLogix","78710","72239","6471"
"2010-03-26","BuckLogix","145146","132717","12429"
"2010-03-27","BuckLogix","198201","182879","15322"
"2010-03-28","BuckLogix","155477","135458","20019"
"2010-03-29","BuckLogix","193343","174172","19171"
"2010-03-30","BuckLogix","230020","206662","23358"
"2010-03-31","BuckLogix","170006","157656","12350"
"2010-04-01","BuckLogix","124158","115073","9085"
"2010-04-02","BuckLogix","113118","102684","10434"
"2010-04-03","BuckLogix","245838","229241","16597"
"2010-04-04","BuckLogix","402871","340254","62617"
"2010-04-05","BuckLogix","126928","117926","9002"
"2010-04-06","BuckLogix","255818","219509","36309"
"2010-04-07","BuckLogix","133615","125319","8296"
"2010-04-08","BuckLogix","359036","297977","61059"
"2010-04-09","BuckLogix","109059","96922","12137"
"2010-04-10","BuckLogix","126917","116217","10700"
"2010-04-11","BuckLogix","121038","110790","10248"
"2010-04-12","BuckLogix","73040","66289","6751"
"2010-04-13","BuckLogix","174627","157254","17373"
"2010-04-14","BuckLogix","126989","116759","10230"
"2010-04-15","BuckLogix","136459","127274","9185"
"2010-04-16","BuckLogix","87797","81122","6675"
"2010-04-17","BuckLogix","81441","71948","9493"
"2010-04-18","BuckLogix","146525","133922","12603"
"2010-04-19","BuckLogix","346085","285198","60887"
"2010-04-20","BuckLogix","191411","173750","17661"
"2010-04-21","BuckLogix","176103","162026","14077"
"2010-04-22","BuckLogix","320771","262355","58416"
"2010-04-23","BuckLogix","206250","191485","14765"
"2010-04-24","BuckLogix","168784","152713","16071"
"2010-04-25","BuckLogix","187785","172942","14843"
"2010-04-26","BuckLogix","133405","124527","8878"
"2010-04-27","BuckLogix","402120","338149","63971"
"2010-04-28","BuckLogix","203738","188820","14918"
"2010-04-29","BuckLogix","435873","370459","65414"
"2010-04-30","BuckLogix","166454","148601","17853"
"2010-05-01","BuckLogix","343838","286686","57152"
"2010-05-02","BuckLogix","337409","281919","55490"
"2010-05-03","BuckLogix","137199","119733","17466"
"2010-05-04","BuckLogix","144275","129086","15189"
"2010-05-05","BuckLogix","92560","84314","8246"
"2010-05-06","BuckLogix","157546","143233","14313"
"2010-05-07","BuckLogix","393384","330536","62848"
"2010-05-08","BuckLogix","131171","112961","18210"
"2010-05-09","BuckLogix","122597","116715","5882"
"2010-05-10","BuckLogix","168151","147759","20392"
"2010-05-11","BuckLogix","132475","121171","11304"
"2010-05-12","BuckLogix","80508","72443","8065"
"2010-05-13","BuckLogix","148898","138815","10083"
"2010-05-14","BuckLogix","137719","122715","15004"
"2010-05-15","BuckLogix","192627","175555","17072"
"2010-05-16","BuckLogix","193933","181654","12279"
"2010-05-17","BuckLogix","172425","152826","19599"
"2010-05-18","BuckLogix","172876","156219","16657"
"2010-05-19","BuckLogix","231399","207210","24189"
"2010-05-20","BuckLogix","116621","110895","5726"
"2010-05-21","BuckLogix","134126","124236","9890"
"2010-05-22","BuckLogix","126168","109822","16346"
"2010-05-23","BuckLogix","129197","117486","11711"
"2010-05-24","BuckLogix","107788","100852","6936"
"2010-05-25","BuckLogix","197184","183928","13256"
"2010-05-26","BuckLogix","158092","141927","16165"
"2010-05-27","BuckLogix","143555","133473","10082"
"2010-05-28","BuckLogix","115923","104416","11507"
"2010-05-29","BuckLogix","113400","106558","6842"
"2010-05-30","BuckLogix","132788","122992","9796"
"2010-05-31","BuckLogix","186210","171722","14488"
"2010-06-01","BuckLogix","152034","141164","10870"
"2010-06-02","BuckLogix","276408","250576","25832"
"2010-06-03","BuckLogix","657616","543173","114443"
"2010-06-04","BuckLogix","242230","217716","24514"
"2010-06-05","BuckLogix","342869","310227","32642"
"2010-06-06","BuckLogix","287241","260844","26397"
"2010-06-07","BuckLogix","220531","193365","27166"
"2010-06-08","BuckLogix","246860","220923","25937"
"2010-06-09","BuckLogix","208118","190058","18060"
"2010-06-10","BuckLogix","544985","467802","77183"
"2010-06-11","BuckLogix","652278","539421","112857"
"2010-06-12","BuckLogix","477906","401970","75936"
"2010-06-13","BuckLogix","572140","490658","81482"
"2010-06-14","BuckLogix","345608","314633","30975"
"2010-06-15","BuckLogix","257675","231378","26297"
"2010-06-16","BuckLogix","264284","240659","23625"
"2010-06-17","BuckLogix","237033","212987","24046"
"2010-06-18","BuckLogix","426870","357975","68895"
"2010-06-19","BuckLogix","291983","267936","24047"
"2010-06-20","BuckLogix","278566","255286","23280"
"2010-06-21","BuckLogix","192801","175556","17245"
"2010-06-22","BuckLogix","522358","452471","69887"
"2010-06-23","BuckLogix","277031","254790","22241"
"2010-06-24","BuckLogix","191323","176447","14876"
"2010-06-25","BuckLogix","392408","330262","62146"
"2010-06-26","BuckLogix","638198","525059","113139"
"2010-06-27","BuckLogix","221054","202211","18843"
"2010-06-28","BuckLogix","286712","265600","21112"
"2010-06-29","BuckLogix","255697","228055","27642"
"2010-06-30","BuckLogix","505983","429910","76073"
"2010-07-01","BuckLogix","401917","341828","60089"
"2010-07-02","BuckLogix","258313","238302","20011"
"2010-07-03","BuckLogix","348633","309290","39343"
"2010-07-04","BuckLogix","312985","280774","32211"
"2010-07-05","BuckLogix","245381","222981","22400"
"2010-07-06","BuckLogix","213308","193534","19774"
"2010-07-07","BuckLogix","229228","206610","22618"
"2010-07-08","BuckLogix","320872","285179","35693"
"2010-07-09","BuckLogix","486793","413358","73435"
"2010-07-10","BuckLogix","245905","224358","21547"
"2010-07-11","BuckLogix","244704","225528","19176"
"2010-07-12","BuckLogix","639133","556061","83072"
"2010-07-13","BuckLogix","255786","233392","22394"
"2010-07-14","BuckLogix","318766","289682","29084"
"2010-07-15","BuckLogix","255522","238725","16797"
"2010-07-16","BuckLogix","198748","180632","18116"
"2010-07-17","BuckLogix","349094","289825","59269"
"2010-07-18","BuckLogix","218700","196716","21984"
"2010-07-19","BuckLogix","223680","201443","22237"
"2010-07-20","BuckLogix","438708","371710","66998"
"2010-07-21","BuckLogix","252435","231411","21024"
"2010-07-22","BuckLogix","446346","374179","72167"
"2010-07-23","BuckLogix","292631","266509","26122"
"2010-07-24","BuckLogix","231447","211201","20246"
"2010-07-25","BuckLogix","380186","348113","32073"
"2010-07-26","BuckLogix","335827","300386","35441"
"2010-07-27","BuckLogix","228825","202755","26070"
"2010-07-28","BuckLogix","238702","211548","27154"
"2010-07-29","BuckLogix","1030306","856275","174031"
"2010-07-30","BuckLogix","192330","170160","22170"
"2010-07-31","BuckLogix","391387","360313","31074"
"2010-08-01","BuckLogix","236463","209786","26677"
"2010-08-02","BuckLogix","205652","188223","17429"
"2010-08-03","BuckLogix","133353","122977","10376"
"2010-08-04","BuckLogix","517230","447983","69247"
"2010-08-05","BuckLogix","444806","376994","67812"
"2010-08-06","BuckLogix","724941","607535","117406"
"2010-08-07","BuckLogix","507291","432968","74323"
"2010-08-08","BuckLogix","178779","167482","11297"
"2010-08-09","BuckLogix","298024","265848","32176"
"2010-08-10","BuckLogix","625131","534036","91095"
"2010-08-11","BuckLogix","263253","228486","34767"
"2010-08-12","BuckLogix","237509","212875","24634"
"2010-08-13","BuckLogix","211168","193220","17948"
"2010-08-14","BuckLogix","287460","262478","24982"
"2010-08-15","BuckLogix","183398","167830","15568"
"2010-08-16","BuckLogix","445185","379666","65519"
"2010-08-17","BuckLogix","409778","348542","61236"
"2010-08-18","BuckLogix","471557","406272","65285"
"2010-08-19","BuckLogix","192178","177183","14995"
"2010-08-20","BuckLogix","401838","336528","65310"
"2010-08-21","BuckLogix","213588","190271","23317"
"2010-08-22","BuckLogix","122083","116093","5990"
"2010-08-23","BuckLogix","301722","277448","24274"
"2010-08-24","BuckLogix","273860","249766","24094"
"2010-08-25","BuckLogix","201620","185363","16257"
"2010-08-26","BuckLogix","327227","296748","30479"
"2010-08-27","BuckLogix","385933","323973","61960"
"2010-08-28","BuckLogix","659526","545257","114269"
"2010-08-29","BuckLogix","263964","243319","20645"
"2010-08-30","BuckLogix","153708","136491","17217"
"2010-08-31","BuckLogix","307010","277538","29472"
"2010-09-01","BuckLogix","276526","250650","25876"
"2010-09-02","BuckLogix","271924","251610","20314"
"2010-09-03","BuckLogix","482103","412388","69715"
"2010-09-04","BuckLogix","208077","191436","16641"
"2010-09-05","BuckLogix","231185","209431","21754"
"2010-09-06","BuckLogix","501150","430712","70438"
"2010-09-07","BuckLogix","160053","142167","17886"
"2010-09-08","BuckLogix","488970","414394","74576"
"2010-09-09","BuckLogix","283986","258848","25138"
"2010-09-10","BuckLogix","481710","408239","73471"
"2010-09-11","BuckLogix","743081","614543","128538"
"2010-09-12","BuckLogix","422808","356713","66095"
"2010-09-13","BuckLogix","544453","465467","78986"
"2010-09-14","BuckLogix","282674","255904","26770"
"2010-09-15","BuckLogix","794931","670292","124639"
"2010-09-16","BuckLogix","324344","296272","28072"
"2010-09-17","BuckLogix","319897","291250","28647"
"2010-09-18","BuckLogix","510931","432160","78771"
"2010-09-19","BuckLogix","333478","300773","32705"
"2010-09-20","BuckLogix","401152","363436","37716"
"2010-09-21","BuckLogix","452664","389893","62771"
"2010-09-22","BuckLogix","161933","143551","18382"
"2010-09-23","BuckLogix","482077","405318","76759"
"2010-09-24","BuckLogix","150193","138505","11688"
"2010-09-25","BuckLogix","289424","268390","21034"
"2010-09-26","BuckLogix","487503","410141","77362"
"2010-09-27","BuckLogix","447358","378544","68814"
"2010-09-28","BuckLogix","702226","585606","116620"
"2010-09-29","BuckLogix","205131","184603","20528"
"2010-09-30","BuckLogix","201881","175136","26745"
"2010-10-01","BuckLogix","263084","241473","21611"
"2010-10-02","BuckLogix","314535","279866","34669"
"2010-10-03","BuckLogix","242733","213274","29459"
"2010-10-04","BuckLogix","239222","213694","25528"
"2010-10-05","BuckLogix","269998","247527","22471"
"2010-10-06","BuckLogix","211959","195321","16638"
"2010-10-07","BuckLogix","258853","238600","20253"
"2010-10-08","BuckLogix","222957","196931","26026"
"2010-10-09","BuckLogix","326965","299428","27537"
"2010-10-10","BuckLogix","160729","148416","12313"
"2010-10-11","BuckLogix","498132","428631","69501"
"2010-10-12","BuckLogix","264223","239582","24641"
"2010-10-13","BuckLogix","484972","408736","76236"
"2010-10-14","BuckLogix","257798","228675","29123"
"2010-10-15","BuckLogix","330251","291290","38961"
"2010-10-16","BuckLogix","255046","232091","22955"
"2010-10-17","BuckLogix","515207","445606","69601"
"2010-10-18","BuckLogix","229419","206228","23191"
"2010-10-19","BuckLogix","514754","437830","76924"
"2010-10-20","BuckLogix","478713","401318","77395"
"2010-10-21","BuckLogix","200485","182058","18427"
"2010-10-22","BuckLogix","320419","287566","32853"
"2010-10-23","BuckLogix","441015","377692","63323"
"2010-10-24","BuckLogix","224627","204282","20345"
"2010-10-25","BuckLogix","206228","185237","20991"
"2010-10-26","BuckLogix","187038","168850","18188"
"2010-10-27","BuckLogix","290323","266587","23736"
"2010-10-28","BuckLogix","151463","136380","15083"
"2010-10-29","BuckLogix","204702","180355","24347"
"2010-10-30","BuckLogix","272765","246754","26011"
"2010-10-31","BuckLogix","196329","177135","19194"
"2010-11-01","BuckLogix","230336","213230","17106"
"2010-11-02","BuckLogix","272456","250458","21998"
"2010-11-03","BuckLogix","278955","247864","31091"
"2010-11-04","BuckLogix","152229","142401","9828"
"2010-11-05","BuckLogix","426703","387113","39590"
"2010-11-06","BuckLogix","748750","625582","123168"
"2010-11-07","BuckLogix","174606","157316","17290"
"2010-11-08","BuckLogix","296191","262367","33824"
"2010-11-09","BuckLogix","711302","594379","116923"
"2010-11-10","BuckLogix","194087","177143","16944"
"2010-11-11","BuckLogix","240408","219389","21019"
"2010-11-12","BuckLogix","300663","271219","29444"
"2010-11-13","BuckLogix","694189","578410","115779"
"2010-11-14","BuckLogix","329351","290118","39233"
"2010-11-15","BuckLogix","284424","262412","22012"
"2010-11-16","BuckLogix","628310","537955","90355"
"2010-11-17","BuckLogix","565831","480107","85724"
"2010-11-18","BuckLogix","324444","294267","30177"
"2010-11-19","BuckLogix","174167","160464","13703"
"2010-11-20","BuckLogix","176035","160017","16018"
"2010-11-21","BuckLogix","480694","415419","65275"
"2010-11-22","BuckLogix","435377","368737","66640"
"2010-11-23","BuckLogix","273071","250178","22893"
"2010-11-24","BuckLogix","244265","221440","22825"
"2010-11-25","BuckLogix","151932","139177","12755"
"2010-11-26","BuckLogix","301222","269196","32026"
"2010-11-27","BuckLogix","470725","402966","67759"
"2010-11-28","BuckLogix","306341","276706","29635"
"2010-11-29","BuckLogix","681469","561272","120197"
"2010-11-30","BuckLogix","165969","152818","13151"
"2010-12-01","BuckLogix","272673","251071","21602"
"2010-12-02","BuckLogix","275880","249773","26107"
"2010-12-03","BuckLogix","178312","160986","17326"
"2010-12-04","BuckLogix","431357","364670","66687"
"2010-12-05","BuckLogix","400220","336309","63911"
"2010-12-06","BuckLogix","264344","239652","24692"
"2010-12-07","BuckLogix","460594","387833","72761"
"2010-12-08","BuckLogix","200177","177788","22389"
"2010-12-09","BuckLogix","487695","409585","78110"
"2010-12-10","BuckLogix","514086","437708","76378"
"2010-12-11","BuckLogix","263296","236599","26697"
"2010-12-12","BuckLogix","397672","367825","29847"
"2010-12-13","BuckLogix","320894","284038","36856"
"2010-12-14","BuckLogix","285755","262342","23413"
"2010-12-15","BuckLogix","524126","452303","71823"
"2010-12-16","BuckLogix","421270","353572","67698"
"2010-12-17","BuckLogix","274652","257342","17310"
"2010-12-18","BuckLogix","243075","220842","22233"
"2010-12-19","BuckLogix","198076","184571","13505"
"2010-12-20","BuckLogix","219639","202117","17522"
"2010-12-21","BuckLogix","242228","218519","23709"
"2010-12-22","BuckLogix","257180","234156","23024"
"2010-12-23","BuckLogix","193839","176847","16992"
"2010-12-24","BuckLogix","493315","422573","70742"
"2010-12-25","BuckLogix","542170","464343","77827"
"2010-12-26","BuckLogix","678187","562311","115876"
"2010-12-27","BuckLogix","388749","329969","58780"
"2010-12-28","BuckLogix","255449","229384","26065"
"2010-12-29","BuckLogix","291758","260732","31026"
"2010-12-30","BuckLogix","216725","192789","23936"
"2010-12-31","BuckLogix","217587","202655","14932"
"2011-01-01","BuckLogix","543271","468832","74439"
"2011-01-02","BuckLogix","591466","507146","84320"
"2011-01-03","BuckLogix","618329","538686","79643"
"2011-01-04","BuckLogix","719735","595720","124015"
"2011-01-05","BuckLogix","635570","549592","85978"
"2011-01-06","BuckLogix","557692","473718","83974"
"2011-01-07","BuckLogix","306130","279975","26155"
"2011-01-08","BuckLogix","458875","397732","61143"
"2011-01-09","BuckLogix","476678","410296","66382"
"2011-01-10","BuckLogix","815794","686045","129749"
"2011-01-11","BuckLogix","359298","330682","28616"
"2011-01-12","BuckLogix","272444","252264","20180"
"2011-01-13","BuckLogix","406513","375163","31350"
"2011-01-14","BuckLogix","290886","266537","24349"
"2011-01-15","BuckLogix","310995","274985","36010"
"2011-01-16","BuckLogix","240083","223199","16884"
"2011-01-17","BuckLogix","285287","257497","27790"
"2011-01-18","BuckLogix","304659","279582","25077"
"2011-01-19","BuckLogix","316043","282368","33675"
"2011-01-20","BuckLogix","521320","453863","67457"
"2011-01-21","BuckLogix","773360","643469","129891"
"2011-01-22","BuckLogix","771665","650659","121006"
"2011-01-23","BuckLogix","405371","346179","59192"
"2011-01-24","BuckLogix","494019","426030","67989"
"2011-01-25","BuckLogix","363440","325795","37645"
"2011-01-26","BuckLogix","334840","303052","31788"
"2011-01-27","BuckLogix","562621","485799","76822"
"2011-01-28","BuckLogix","391593","351849","39744"
"2011-01-29","BuckLogix","839752","706549","133203"
"2011-01-30","BuckLogix","727140","609790","117350"
"2011-01-31","BuckLogix","830879","724529","106350"
"2011-02-01","BuckLogix","520970","447938","73032"
"2011-02-02","BuckLogix","471443","404044","67399"
"2011-02-03","BuckLogix","341588","310068","31520"
"2011-02-04","BuckLogix","275420","246709","28711"
"2011-02-05","BuckLogix","361752","328123","33629"
"2011-02-06","BuckLogix","694293","578086","116207"
"2011-02-07","BuckLogix","401477","339893","61584"
"2011-02-08","BuckLogix","542949","467265","75684"
"2011-02-09","BuckLogix","319867","294526","25341"
"2011-02-10","BuckLogix","379183","343254","35929"
"2011-02-11","BuckLogix","284542","260090","24452"
"2011-02-12","BuckLogix","184839","170546","14293"
"2011-02-13","BuckLogix","296847","269802","27045"
"2011-02-14","BuckLogix","577247","493310","83937"
"2011-02-15","BuckLogix","574059","490907","83152"
"2011-02-16","BuckLogix","304330","273395","30935"
"2011-02-17","BuckLogix","257796","235095","22701"
"2011-02-18","BuckLogix","475683","401973","73710"
"2011-02-19","BuckLogix","222064","197407","24657"
"2011-02-20","BuckLogix","274624","253576","21048"
"2011-02-21","BuckLogix","187119","163100","24019"
"2011-02-22","BuckLogix","269453","242740","26713"
"2011-02-23","BuckLogix","227066","206661","20405"
"2011-02-24","BuckLogix","200899","182531","18368"
"2011-02-25","BuckLogix","264204","239434","24770"
"2011-02-26","BuckLogix","547553","470979","76574"
"2011-02-27","BuckLogix","553509","473061","80448"
"2011-02-28","BuckLogix","316928","290222","26706"
"2011-03-01","BuckLogix","308700","279053","29647"
"2011-03-02","BuckLogix","318172","286185","31987"
"2011-03-03","BuckLogix","321705","295276","26429"
"2011-03-04","BuckLogix","259007","235634","23373"
"2011-03-05","BuckLogix","248043","228128","19915"
"2011-03-06","BuckLogix","339807","311998","27809"
"2011-03-07","BuckLogix","253725","232986","20739"
"2011-03-08","BuckLogix","204615","189071","15544"
"2011-03-09","BuckLogix","232453","209020","23433"
"2011-03-10","BuckLogix","325860","290717","35143"
"2011-03-11","BuckLogix","384189","348022","36167"
"2011-03-12","BuckLogix","233285","208434","24851"
"2011-03-13","BuckLogix","782633","655956","126677"
"2011-03-14","BuckLogix","261265","233488","27777"
"2011-03-15","BuckLogix","918681","758939","159742"
"2011-03-16","BuckLogix","507905","430313","77592"
"2011-03-17","BuckLogix","332361","307203","25158"
"2011-03-18","BuckLogix","489303","417375","71928"
"2011-03-19","BuckLogix","461173","394817","66356"
"2011-03-20","BuckLogix","467173","400975","66198"
"2011-03-21","BuckLogix","329241","300687","28554"
"2011-03-22","BuckLogix","319950","286322","33628"
"2011-03-23","BuckLogix","603050","524849","78201"
"2011-03-24","BuckLogix","215306","194825","20481"
"2011-03-25","BuckLogix","441695","375104","66591"
"2011-03-26","BuckLogix","420652","348001","72651"
"2011-03-27","BuckLogix","244970","221790","23180"
"2011-03-28","BuckLogix","670962","556252","114710"
"2011-03-29","BuckLogix","553605","477921","75684"
"2011-03-30","BuckLogix","475037","408267","66770"
"2011-03-31","BuckLogix","525875","451243","74632"
"2011-04-01","BuckLogix","494255","423443","70812"
"2011-04-02","BuckLogix","216286","196573","19713"
"2011-04-03","BuckLogix","462586","392132","70454"
"2011-04-04","BuckLogix","694875","580449","114426"
"2011-04-05","BuckLogix","266342","240532","25810"
"2011-04-06","BuckLogix","536821","455740","81081"
"2011-04-07","BuckLogix","249796","221766","28030"
"2011-04-08","BuckLogix","224704","201883","22821"
"2011-04-09","BuckLogix","338238","304631","33607"
"2011-04-10","BuckLogix","576046","494754","81292"
"2011-04-11","BuckLogix","328107","294769","33338"
"2011-04-12","BuckLogix","189839","172344","17495"
"2011-04-13","BuckLogix","510859","434222","76637"
"2011-04-14","BuckLogix","464510","392012","72498"
"2011-04-15","BuckLogix","303959","273257","30702"
"2011-04-16","BuckLogix","448923","380603","68320"
"2011-04-17","BuckLogix","315632","289704","25928"
"2011-04-18","BuckLogix","242403","220792","21611"
"2011-04-19","BuckLogix","182309","167430","14879"
"2011-04-20","BuckLogix","249184","225330","23854"
"2011-04-21","BuckLogix","430887","366139","64748"
"2011-04-22","BuckLogix","641047","527875","113172"
"2011-04-23","BuckLogix","189376","171641","17735"
"2011-04-24","BuckLogix","469446","400907","68539"
"2011-04-25","BuckLogix","390724","349151","41573"
"2011-04-26","BuckLogix","295800","270824","24976"
"2011-04-27","BuckLogix","351007","318722","32285"
"2011-04-28","BuckLogix","253683","228654","25029"
"2011-04-29","BuckLogix","296385","269235","27150"
"2011-04-30","BuckLogix","320557","296088","24469"
"2011-05-01","BuckLogix","233136","211973","21163"
"2011-05-02","BuckLogix","600587","515383","85204"
"2011-05-03","BuckLogix","385265","350658","34607"
"2011-05-04","BuckLogix","203236","182662","20574"
"2011-05-05","BuckLogix","403297","357595","45702"
"2011-05-06","BuckLogix","336466","296978","39488"
"2011-05-07","BuckLogix","264572","238163","26409"
"2011-05-08","BuckLogix","417962","375078","42884"
"2011-05-09","BuckLogix","253722","227750","25972"
"2011-05-10","BuckLogix","282484","257549","24935"
"2011-05-11","BuckLogix","494029","420834","73195"
"2011-05-12","BuckLogix","341668","303070","38598"
"2011-05-13","BuckLogix","461638","418620","43018"
"2011-05-14","BuckLogix","475403","403687","71716"
"2011-05-15","BuckLogix","268258","244871","23387"
"2011-05-16","BuckLogix","755517","631346","124171"
"2011-05-17","BuckLogix","541075","464821","76254"
"2011-05-18","BuckLogix","548141","468097","80044"
"2011-05-19","BuckLogix","499157","428910","70247"
"2011-05-20","BuckLogix","237856","216730","21126"
"2011-05-21","BuckLogix","346534","312046","34488"
"2011-05-22","BuckLogix","320810","294299","26511"
"2011-05-23","BuckLogix","237853","213765","24088"
"2011-05-24","BuckLogix","452423","386005","66418"
"2011-05-25","BuckLogix","309003","279230","29773"
"2011-05-26","BuckLogix","476910","403646","73264"
"2011-05-27","BuckLogix","784975","655479","129496"
"2011-05-28","BuckLogix","825505","700079","125426"
"2011-05-29","BuckLogix","812423","681767","130656"
"2011-05-30","BuckLogix","276313","248993","27320"
"2011-05-31","BuckLogix","535727","464174","71553"
"2011-06-01","BuckLogix","184775","170537","14238"
"2011-06-02","BuckLogix","456058","389311","66747"
"2011-06-03","BuckLogix","383355","339978","43377"
"2011-06-04","BuckLogix","441906","398546","43360"
"2011-06-05","BuckLogix","392640","355366","37274"
"2011-06-06","BuckLogix","602292","515105","87187"
"2011-06-07","BuckLogix","361199","322723","38476"
"2011-06-08","BuckLogix","567126","482925","84201"
"2011-06-09","BuckLogix","367975","335936","32039"
"2011-06-10","BuckLogix","289258","266605","22653"
"2011-06-11","BuckLogix","425469","397129","28340"
"2011-06-12","BuckLogix","368819","338713","30106"
"2011-06-13","BuckLogix","305921","282330","23591"
"2011-06-14","BuckLogix","837622","711219","126403"
"2011-06-15","BuckLogix","541684","465044","76640"
"2011-06-16","BuckLogix","370674","343376","27298"
"2011-06-17","BuckLogix","841567","709227","132340"
"2011-06-18","BuckLogix","309459","274640","34819"
"2011-06-19","BuckLogix","235641","216820","18821"
"2011-06-20","BuckLogix","677078","581503","95575"
"2011-06-21","BuckLogix","645855","545419","100436"
"2011-06-22","BuckLogix","602187","516395","85792"
"2011-06-23","BuckLogix","639400","548698","90702"
"2011-06-24","BuckLogix","592509","512679","79830"
"2011-06-25","BuckLogix","323446","289246","34200"
"2011-06-26","BuckLogix","329477","300614","28863"
"2011-06-27","BuckLogix","414599","375952","38647"
"2011-06-28","BuckLogix","605631","536777","68854"
"2011-06-29","BuckLogix","543637","470275","73362"
"2011-06-30","BuckLogix","618270","529233","89037"
"2011-07-01","BuckLogix","655469","566112","89357"
"2011-07-02","BuckLogix","248137","224493","23644"
"2011-07-03","BuckLogix","538245","459393","78852"
"2011-07-04","BuckLogix","460743","419517","41226"
"2011-07-05","BuckLogix","420439","377755","42684"
"2011-07-06","BuckLogix","401869","366315","35554"
"2011-07-07","BuckLogix","343934","320976","22958"
"2011-07-08","BuckLogix","301812","260705","41107"
"2011-07-09","BuckLogix","773452","645874","127578"
"2011-07-10","BuckLogix","479756","413854","65902"
"2011-07-11","BuckLogix","384712","355113","29599"
"2011-07-12","BuckLogix","653059","567279","85780"
"2011-07-13","BuckLogix","281590","259496","22094"
"2011-07-14","BuckLogix","605306","519567","85739"
"2011-07-15","BuckLogix","675047","584673","90374"
"2011-07-16","BuckLogix","328377","296730","31647"
"2011-07-17","BuckLogix","314809","291103","23706"
"2011-07-18","BuckLogix","353654","310519","43135"
"2011-07-19","BuckLogix","529958","457397","72561"
"2011-07-20","BuckLogix","612166","530608","81558"
"2011-07-21","BuckLogix","301988","265687","36301"
"2011-07-22","BuckLogix","352258","311846","40412"
"2011-07-23","BuckLogix","391086","349388","41698"
"2011-07-24","BuckLogix","558708","474164","84544"
"2011-07-25","BuckLogix","301825","278800","23025"
"2011-07-26","BuckLogix","1015632","835610","180022"
"2011-07-27","BuckLogix","502090","429359","72731"
"2011-07-28","BuckLogix","308836","281653","27183"
"2011-07-29","BuckLogix","301353","274495","26858"
"2011-07-30","BuckLogix","537460","460326","77134"
"2011-07-31","BuckLogix","581661","498101","83560"
"2011-08-01","BuckLogix","339402","307741","31661"
"2011-08-02","BuckLogix","761672","638779","122893"
"2011-08-03","BuckLogix","250213","233459","16754"
"2011-08-04","BuckLogix","579950","496516","83434"
"2011-08-05","BuckLogix","484699","438107","46592"
"2011-08-06","BuckLogix","351067","317399","33668"
"2011-08-07","BuckLogix","797096","668139","128957"
"2011-08-08","BuckLogix","498986","424428","74558"
"2011-08-09","BuckLogix","547424","470850","76574"
"2011-08-10","BuckLogix","289295","257627","31668"
"2011-08-11","BuckLogix","328235","291367","36868"
"2011-08-12","BuckLogix","218143","197616","20527"
"2011-08-13","BuckLogix","529025","445168","83857"
"2011-08-14","BuckLogix","311679","283620","28059"
"2011-08-15","BuckLogix","407298","357735","49563"
"2011-08-16","BuckLogix","267861","244398","23463"
"2011-08-17","BuckLogix","354655","325194","29461"
"2011-08-18","BuckLogix","1062133","884085","178048"
"2011-08-19","BuckLogix","228062","210130","17932"
"2011-08-20","BuckLogix","426568","381958","44610"
"2011-08-21","BuckLogix","761430","664007","97423"
"2011-08-22","BuckLogix","571795","496120","75675"
"2011-08-23","BuckLogix","456359","416026","40333"
"2011-08-24","BuckLogix","501297","430789","70508"
"2011-08-25","BuckLogix","285030","254557","30473"
"2011-08-26","BuckLogix","346428","307113","39315"
"2011-08-27","BuckLogix","531705","457578","74127"
"2011-08-28","BuckLogix","364120","338230","25890"
"2011-08-29","BuckLogix","436354","393199","43155"
"2011-08-30","BuckLogix","646939","548013","98926"
"2011-08-31","BuckLogix","359404","326757","32647"
"2011-09-01","BuckLogix","394101","363473","30628"
"2011-09-02","BuckLogix","573603","494872","78731"
"2011-09-03","BuckLogix","430417","382471","47946"
"2011-09-04","BuckLogix","791203","670466","120737"
"2011-09-05","BuckLogix","398077","361774","36303"
"2011-09-06","BuckLogix","476901","404046","72855"
"2011-09-07","BuckLogix","367300","331314","35986"
"2011-09-08","BuckLogix","522376","447918","74458"
"2011-09-09","BuckLogix","432520","363662","68858"
"2011-09-10","BuckLogix","383933","344569","39364"
"2011-09-11","BuckLogix","305918","276601","29317"
"2011-09-12","BuckLogix","438539","392330","46209"
"2011-09-13","BuckLogix","245147","225427","19720"
"2011-09-14","BuckLogix","948869","782940","165929"
"2011-09-15","BuckLogix","382322","351764","30558"
"2011-09-16","BuckLogix","297197","269392","27805"
"2011-09-17","BuckLogix","363460","328190","35270"
"2011-09-18","BuckLogix","194344","177692","16652"
"2011-09-19","BuckLogix","611448","533727","77721"
"2011-09-20","BuckLogix","604104","524111","79993"
"2011-09-21","BuckLogix","437046","396894","40152"
"2011-09-22","BuckLogix","576498","490783","85715"
"2011-09-23","BuckLogix","506078","455615","50463"
"2011-09-24","BuckLogix","416721","371182","45539"
"2011-09-25","BuckLogix","459209","386625","72584"
"2011-09-26","BuckLogix","363357","335677","27680"
"2011-09-27","BuckLogix","1029481","852860","176621"
"2011-09-28","BuckLogix","297078","271661","25417"
"2011-09-29","BuckLogix","227458","206792","20666"
"2011-09-30","BuckLogix","857501","718283","139218"
"2011-10-01","BuckLogix","348932","321047","27885"
"2011-10-02","BuckLogix","624531","541140","83391"
"2011-10-03","BuckLogix","336676","302409","34267"
"2011-10-04","BuckLogix","368635","329689","38946"
"2011-10-05","BuckLogix","351087","316274","34813"
"2011-10-06","BuckLogix","452233","409010","43223"
"2011-10-07","BuckLogix","571422","497065","74357"
"2011-10-08","BuckLogix","691259","594902","96357"
"2011-10-09","BuckLogix","438045","387003","51042"
"2011-10-10","BuckLogix","525825","477171","48654"
"2011-10-11","BuckLogix","316622","290675","25947"
"2011-10-12","BuckLogix","218075","199921","18154"
"2011-10-13","BuckLogix","303061","273831","29230"
"2011-10-14","BuckLogix","309543","281148","28395"
"2011-10-15","BuckLogix","880748","745617","135131"
"2011-10-16","BuckLogix","261722","240630","21092"
"2011-10-17","BuckLogix","401709","363831","37878"
"2011-10-18","BuckLogix","393142","354217","38925"
"2011-10-19","BuckLogix","282997","259854","23143"
"2011-10-20","BuckLogix","415664","350227","65437"
"2011-10-21","BuckLogix","390400","357734","32666"
"2011-10-22","BuckLogix","548647","465913","82734"
"2011-10-23","BuckLogix","286250","261396","24854"
"2011-10-24","BuckLogix","874688","737254","137434"
"2011-10-25","BuckLogix","597270","511916","85354"
"2011-10-26","BuckLogix","472182","425080","47102"
"2011-10-27","BuckLogix","567713","494938","72775"
"2011-10-28","BuckLogix","212435","193286","19149"
"2011-10-29","BuckLogix","550390","491852","58538"
"2011-10-30","BuckLogix","645741","550703","95038"
"2011-10-31","BuckLogix","219128","200530","18598"
"2011-11-01","BuckLogix","359354","326566","32788"
"2011-11-02","BuckLogix","383334","348370","34964"
"2011-11-03","BuckLogix","380687","338986","41701"
"2011-11-04","BuckLogix","554874","475649","79225"
"2011-11-05","BuckLogix","358882","322757","36125"
"2011-11-06","BuckLogix","362493","331452","31041"
"2011-11-07","BuckLogix","373105","341372","31733"
"2011-11-08","BuckLogix","349073","314065","35008"
"2011-11-09","BuckLogix","332870","305898","26972"
"2011-11-10","BuckLogix","302550","276705","25845"
"2011-11-11","BuckLogix","783538","656300","127238"
"2011-11-12","BuckLogix","252251","223317","28934"
"2011-11-13","BuckLogix","336935","304476","32459"
"2011-11-14","BuckLogix","235659","213152","22507"
"2011-11-15","BuckLogix","349206","320565","28641"
"2011-11-16","BuckLogix","356331","333594","22737"
"2011-11-17","BuckLogix","153122","143111","10011"
"2011-11-18","BuckLogix","708662","580848","127814"
"2011-11-19","BuckLogix","607880","531030","76850"
"2011-11-20","BuckLogix","677393","587012","90381"
"2011-11-21","BuckLogix","310293","284818","25475"
"2011-11-22","BuckLogix","469787","430249","39538"
"2011-11-23","BuckLogix","259463","235766","23697"
"2011-11-24","BuckLogix","429325","394933","34392"
"2011-11-25","BuckLogix","492378","443938","48440"
"2011-11-26","BuckLogix","318471","288718","29753"
"2011-11-27","BuckLogix","361923","331881","30042"
"2011-11-28","BuckLogix","558105","475552","82553"
"2011-11-29","BuckLogix","407854","371616","36238"
"2011-11-30","BuckLogix","378296","338466","39830"
"2011-12-01","BuckLogix","417408","386601","30807"
"2011-12-02","BuckLogix","399421","369288","30133"
"2011-12-03","BuckLogix","502752","434277","68475"
"2011-12-04","BuckLogix","404784","369934","34850"
"2011-12-05","BuckLogix","508425","463267","45158"
"2011-12-06","BuckLogix","531349","459443","71906"
"2011-12-07","BuckLogix","584324","500634","83690"
"2011-12-08","BuckLogix","322386","290468","31918"
"2011-12-09","BuckLogix","352025","323461","28564"
"2011-12-10","BuckLogix","393321","351697","41624"
"2011-12-11","BuckLogix","722558","604747","117811"
"2011-12-12","BuckLogix","531596","453727","77869"
"2011-12-13","BuckLogix","1478843","1207033","271810"
"2011-12-14","BuckLogix","551573","475641","75932"
"2011-12-15","BuckLogix","473061","403983","69078"
"2011-12-16","BuckLogix","269853","245837","24016"
"2011-12-17","BuckLogix","567927","486356","81571"
"2011-12-18","BuckLogix","1106563","913773","192790"
"2011-12-19","BuckLogix","388870","358040","30830"
"2011-12-20","BuckLogix","390791","360262","30529"
"2011-12-21","BuckLogix","282541","257991","24550"
"2011-12-22","BuckLogix","806832","681059","125773"
"2011-12-23","BuckLogix","430462","391144","39318"
"2011-12-24","BuckLogix","310981","279133","31848"
"2011-12-25","BuckLogix","340527","308698","31829"
"2011-12-26","BuckLogix","396190","368545","27645"
"2011-12-27","BuckLogix","344961","315158","29803"
"2011-12-28","BuckLogix","463864","398801","65063"
"2011-12-29","BuckLogix","571842","489527","82315"
"2011-12-30","BuckLogix","345665","316401","29264"
"2011-12-31","BuckLogix","313192","283733","29459"
"2012-01-01","BuckLogix","461503","415906","45597"
"2012-01-02","BuckLogix","1130387","947196","183191"
"2012-01-03","BuckLogix","545792","495333","50459"
"2012-01-04","BuckLogix","600370","515001","85369"
"2012-01-05","BuckLogix","844214","737112","107102"
"2012-01-06","BuckLogix","1712443","1408947","303496"
"2012-01-07","BuckLogix","1392219","1154294","237925"
"2012-01-08","BuckLogix","896169","759333","136836"
"2012-01-09","BuckLogix","1179299","988085","191214"
"2012-01-10","BuckLogix","592789","511557","81232"
"2012-01-11","BuckLogix","1253336","1061374","191962"
"2012-01-12","BuckLogix","1322325","1097758","224567"
"2012-01-13","BuckLogix","392838","367431","25407"
"2012-01-14","BuckLogix","669430","575176","94254"
"2012-01-15","BuckLogix","735948","635569","100379"
"2012-01-16","BuckLogix","449134","417294","31840"
"2012-01-17","BuckLogix","806169","681904","124265"
"2012-01-18","BuckLogix","390684","353396","37288"
"2012-01-19","BuckLogix","1080940","937644","143296"
"2012-01-20","BuckLogix","736462","639866","96596"
"2012-01-21","BuckLogix","855489","724168","131321"
"2012-01-22","BuckLogix","821700","720125","101575"
"2012-01-23","BuckLogix","681410","595754","85656"
"2012-01-24","BuckLogix","658238","574059","84179"
"2012-01-25","BuckLogix","446706","408450","38256"
"2012-01-26","BuckLogix","1043792","891792","152000"
"2012-01-27","BuckLogix","885520","748465","137055"
"2012-01-28","BuckLogix","458484","412915","45569"
"2012-01-29","BuckLogix","615308","553242","62066"
"2012-01-30","BuckLogix","585029","531478","53551"
"2012-01-31","BuckLogix","722061","629034","93027"
"2012-02-01","BuckLogix","954207","815340","138867"
"2012-02-02","BuckLogix","806713","711220","95493"
"2012-02-03","BuckLogix","675114","601794","73320"
"2012-02-04","BuckLogix","695417","604296","91121"
"2012-02-05","BuckLogix","988105","845011","143094"
"2012-02-06","BuckLogix","818180","713689","104491"
"2012-02-07","BuckLogix","642664","559665","82999"
"2012-02-08","BuckLogix","555101","494151","60950"
"2012-02-09","BuckLogix","761362","668962","92400"
"2012-02-10","BuckLogix","598660","530435","68225"
"2012-02-11","BuckLogix","540829","486601","54228"
"2012-02-12","BuckLogix","955572","815022","140550"
"2012-02-13","BuckLogix","725655","631145","94510"
"2012-02-14","BuckLogix","380940","352748","28192"
"2012-02-15","BuckLogix","742616","652813","89803"
"2012-02-16","BuckLogix","638113","579719","58394"
"2012-02-17","BuckLogix","597538","530356","67182"
"2012-02-18","BuckLogix","553838","506010","47828"
"2012-02-19","BuckLogix","418205","373267","44938"
"2012-02-20","BuckLogix","581851","533807","48044"
"2012-02-21","BuckLogix","1028583","884429","144154"
"2012-02-22","BuckLogix","715706","619838","95868"
"2012-02-23","BuckLogix","372923","343999","28924"
"2012-02-24","BuckLogix","1198125","1007565","190560"
"2012-02-25","BuckLogix","706053","618918","87135"
"2012-02-26","BuckLogix","906839","767135","139704"
"2012-02-27","BuckLogix","950422","810755","139667"
"2012-02-28","BuckLogix","980627","837718","142909"
"2012-02-29","BuckLogix","604005","522211","81794"
"2012-03-01","BuckLogix","468180","425422","42758"
"2012-03-02","BuckLogix","709730","615953","93777"
"2012-03-03","BuckLogix","960031","822079","137952"
"2012-03-04","BuckLogix","717757","619799","97958"
"2012-03-05","BuckLogix","864863","759681","105182"
"2012-03-06","BuckLogix","1099818","943685","156133"
"2012-03-07","BuckLogix","733263","641293","91970"
"2012-03-08","BuckLogix","457706","413979","43727"
"2012-03-09","BuckLogix","1111389","944863","166526"
"2012-03-10","BuckLogix","864961","747588","117373"
"2012-03-11","BuckLogix","472802","432203","40599"
"2012-03-12","BuckLogix","492620","447747","44873"
"2012-03-13","BuckLogix","502417","443554","58863"
"2012-03-14","BuckLogix","833401","707229","126172"
"2012-03-15","BuckLogix","651319","558519","92800"
"2012-03-16","BuckLogix","834462","726567","107895"
"2012-03-17","BuckLogix","966620","829565","137055"
"2012-03-18","BuckLogix","818312","709017","109295"
"2012-03-19","BuckLogix","481629","436536","45093"
"2012-03-20","BuckLogix","664650","593183","71467"
"2012-03-21","BuckLogix","852187","753488","98699"
"2012-03-22","BuckLogix","564850","507718","57132"
"2012-03-23","BuckLogix","731951","637281","94670"
"2012-03-24","BuckLogix","958623","817140","141483"
"2012-03-25","BuckLogix","917948","775202","142746"
"2012-03-26","BuckLogix","721530","618982","102548"
"2012-03-27","BuckLogix","398798","363833","34965"
"2012-03-28","BuckLogix","1090185","929559","160626"
"2012-03-29","BuckLogix","929804","792925","136879"
"2012-03-30","BuckLogix","867260","730195","137065"
"2012-03-31","BuckLogix","589883","510286","79597"
"2012-04-01","BuckLogix","438799","392444","46355"
"2012-04-02","BuckLogix","865347","746473","118874"
"2012-04-03","BuckLogix","793959","690683","103276"
"2012-04-04","BuckLogix","769807","665330","104477"
"2012-04-05","BuckLogix","801344","693607","107737"
"2012-04-06","BuckLogix","611228","559017","52211"
"2012-04-07","BuckLogix","584952","536527","48425"
"2012-04-08","BuckLogix","897180","773269","123911"
"2012-04-09","BuckLogix","483298","445476","37822"
"2012-04-10","BuckLogix","1270297","1071685","198612"
"2012-04-11","BuckLogix","886542","785495","101047"
"2012-04-12","BuckLogix","991691","846827","144864"
"2012-04-13","BuckLogix","652328","567764","84564"
"2012-04-14","BuckLogix","537606","478415","59191"
"2012-04-15","BuckLogix","971050","827856","143194"
"2012-04-16","BuckLogix","636025","554439","81586"
"2012-04-17","BuckLogix","972445","821104","151341"
"2012-04-18","BuckLogix","911485","801238","110247"
"2012-04-19","BuckLogix","451928","413931","37997"
"2012-04-20","BuckLogix","635022","582401","52621"
"2012-04-21","BuckLogix","467946","427487","40459"
"2012-04-22","BuckLogix","1616126","1349612","266514"
"2012-04-23","BuckLogix","711905","651170","60735"
"2012-04-24","BuckLogix","1337308","1126412","210896"
"2012-04-25","BuckLogix","690923","592289","98634"
"2012-04-26","BuckLogix","937525","817453","120072"
"2012-04-27","BuckLogix","677418","606743","70675"
"2012-04-28","BuckLogix","598732","534923","63809"
"2012-04-29","BuckLogix","642974","561178","81796"
"2012-04-30","BuckLogix","892961","757591","135370"
"2012-05-01","BuckLogix","886376","780029","106347"
"2012-05-02","BuckLogix","1005202","861272","143930"
"2012-05-03","BuckLogix","820538","696487","124051"
"2012-05-04","BuckLogix","761747","666015","95732"
"2012-05-05","BuckLogix","834871","724483","110388"
"2012-05-06","BuckLogix","501581","457857","43724"
"2012-05-07","BuckLogix","666385","607510","58875"
"2012-05-08","BuckLogix","895394","786859","108535"
"2012-05-09","BuckLogix","1098290","941112","157178"
"2012-05-10","BuckLogix","786522","686580","99942"
"2012-05-11","BuckLogix","700445","638499","61946"
"2012-05-12","BuckLogix","717741","625736","92005"
"2012-05-13","BuckLogix","787567","691352","96215"
"2012-05-14","BuckLogix","1404169","1171617","232552"
"2012-05-15","BuckLogix","1111210","947578","163632"
"2012-05-16","BuckLogix","535722","486271","49451"
"2012-05-17","BuckLogix","510382","463144","47238"
"2012-05-18","BuckLogix","773406","673452","99954"
"2012-05-19","BuckLogix","859293","752120","107173"
"2012-05-20","BuckLogix","607015","552684","54331"
"2012-05-21","BuckLogix","897514","792267","105247"
"2012-05-22","BuckLogix","914921","799184","115737"
"2012-05-23","BuckLogix","471361","432843","38518"
"2012-05-24","BuckLogix","718829","628832","89997"
"2012-05-25","BuckLogix","975576","854994","120582"
"2012-05-26","BuckLogix","555032","505697","49335"
"2012-05-27","BuckLogix","793136","704201","88935"
"2012-05-28","BuckLogix","652825","570361","82464"
"2012-05-29","BuckLogix","894079","765341","128738"
"2012-05-30","BuckLogix","834740","736406","98334"
"2012-05-31","BuckLogix","1095492","919041","176451"
"2012-06-01","BuckLogix","327987","271231","56756"
"2012-06-02","BuckLogix","462486","394662","67824"
"2012-06-03","BuckLogix","479406","411569","67837"
"2012-06-04","BuckLogix","222734","210033","12701"
"2012-06-05","BuckLogix","159314","145623","13691"
"2012-06-06","BuckLogix","280771","257532","23239"
"2012-06-07","BuckLogix","414165","352838","61327"
"2012-06-08","BuckLogix","203046","188332","14714"
"2012-06-09","BuckLogix","236594","217781","18813"
"2012-06-10","BuckLogix","437525","372491","65034"
"2012-06-11","BuckLogix","202517","179330","23187"
"2012-06-12","BuckLogix","452396","390777","61619"
"2012-06-13","BuckLogix","231114","210336","20778"
"2012-06-14","BuckLogix","448646","379844","68802"
"2012-06-15","BuckLogix","391128","330144","60984"
"2012-06-16","BuckLogix","152355","142323","10032"
"2012-06-17","BuckLogix","293406","261901","31505"
"2012-06-18","BuckLogix","145304","134144","11160"
"2012-06-19","BuckLogix","336031","281364","54667"
"2012-06-20","BuckLogix","248916","226619","22297"
"2012-06-21","BuckLogix","560738","486023","74715"
"2012-06-22","BuckLogix","457007","396384","60623"
"2012-06-23","BuckLogix","206431","187664","18767"
"2012-06-24","BuckLogix","182168","162418","19750"
"2012-06-25","BuckLogix","133553","123585","9968"
"2012-06-26","BuckLogix","275912","250398","25514"
"2012-06-27","BuckLogix","154084","140053","14031"
"2012-06-28","BuckLogix","474994","405921","69073"
"2012-06-29","BuckLogix","241378","219225","22153"
"2012-06-30","BuckLogix","398876","336942","61934"
"2012-07-01","BuckLogix","661284","551040","110244"
"2012-07-02","BuckLogix","283512","256956","26556"
"2012-07-03","BuckLogix","230513","205295","25218"
"2012-07-04","BuckLogix","182749","166329","16420"
"2012-07-05","BuckLogix","468413","397442","70971"
"2012-07-06","BuckLogix","401881","333906","67975"
"2012-07-07","BuckLogix","261614","243375","18239"
"2012-07-08","BuckLogix","697264","581029","116235"
"2012-07-09","BuckLogix","406511","339454","67057"
"2012-07-10","BuckLogix","186045","171550","14495"
"2012-07-11","BuckLogix","196640","176409","20231"
"2012-07-12","BuckLogix","336077","306866","29211"
"2012-07-13","BuckLogix","435378","370736","64642"
"2012-07-14","BuckLogix","176390","161947","14443"
"2012-07-15","BuckLogix","528125","454726","73399"
"2012-07-16","BuckLogix","226847","198590","28257"
"2012-07-17","BuckLogix","331654","297688","33966"
"2012-07-18","BuckLogix","259843","233247","26596"
"2012-07-19","BuckLogix","283985","258720","25265"
"2012-07-20","BuckLogix","217472","201075","16397"
"2012-07-21","BuckLogix","139613","129487","10126"
"2012-07-22","BuckLogix","330204","297692","32512"
"2012-07-23","BuckLogix","233258","215143","18115"
"2012-07-24","BuckLogix","266464","241152","25312"
"2012-07-25","BuckLogix","339709","304952","34757"
"2012-07-26","BuckLogix","207410","190235","17175"
"2012-07-27","BuckLogix","266188","232942","33246"
"2012-07-28","BuckLogix","679772","565480","114292"
"2012-07-29","BuckLogix","231744","211474","20270"
"2012-07-30","BuckLogix","501278","431709","69569"
"2012-07-31","BuckLogix","212258","193367","18891"
"2012-08-01","BuckLogix","766287","641134","125153"
"2012-08-02","BuckLogix","509414","433154","76260"
"2012-08-03","BuckLogix","379754","322068","57686"
"2012-08-04","BuckLogix","523648","454634","69014"
"2012-08-05","BuckLogix","250654","232151","18503"
"2012-08-06","BuckLogix","135274","122535","12739"
"2012-08-07","BuckLogix","757031","637026","120005"
"2012-08-08","BuckLogix","513558","439514","74044"
"2012-08-09","BuckLogix","640688","531743","108945"
"2012-08-10","BuckLogix","270527","240445","30082"
"2012-08-11","BuckLogix","442296","378536","63760"
"2012-08-12","BuckLogix","195958","185210","10748"
"2012-08-13","BuckLogix","545574","463430","82144"
"2012-08-14","BuckLogix","201711","182118","19593"
"2012-08-15","BuckLogix","299815","271767","28048"
"2012-08-16","BuckLogix","305021","274860","30161"
"2012-08-17","BuckLogix","544498","473271","71227"
"2012-08-18","BuckLogix","261530","238974","22556"
"2012-08-19","BuckLogix","472817","399657","73160"
"2012-08-20","BuckLogix","385990","321662","64328"
"2012-08-21","BuckLogix","270084","246171","23913"
"2012-08-22","BuckLogix","344815","307031","37784"
"2012-08-23","BuckLogix","366465","330686","35779"
"2012-08-24","BuckLogix","238412","221338","17074"
"2012-08-25","BuckLogix","294751","271652","23099"
"2012-08-26","BuckLogix","334547","306896","27651"
"2012-08-27","BuckLogix","204107","192361","11746"
"2012-08-28","BuckLogix","234666","216326","18340"
"2012-08-29","BuckLogix","160329","147425","12904"
"2012-08-30","BuckLogix","276585","243065","33520"
"2012-08-31","BuckLogix","775404","637638","137766"
"2012-09-01","BuckLogix","208889","192374","16515"
"2012-09-02","BuckLogix","427298","363552","63746"
"2012-09-03","BuckLogix","526829","453812","73017"
"2012-09-04","BuckLogix","342152","301324","40828"
"2012-09-05","BuckLogix","280490","257198","23292"
"2012-09-06","BuckLogix","454922","384591","70331"
"2012-09-07","BuckLogix","666092","554232","111860"
"2012-09-08","BuckLogix","298509","271342","27167"
"2012-09-09","BuckLogix","560545","487107","73438"
"2012-09-10","BuckLogix","273995","254611","19384"
"2012-09-11","BuckLogix","216548","194901","21647"
"2012-09-12","BuckLogix","483383","415734","67649"
"2012-09-13","BuckLogix","416149","350817","65332"
"2012-09-14","BuckLogix","254007","226792","27215"
"2012-09-15","BuckLogix","190448","175263","15185"
"2012-09-16","BuckLogix","225095","202937","22158"
"2012-09-17","BuckLogix","537556","459475","78081"
"2012-09-18","BuckLogix","262064","239325","22739"
"2012-09-19","BuckLogix","398209","335894","62315"
"2012-09-20","BuckLogix","271916","243320","28596"
"2012-09-21","BuckLogix","682616","568494","114122"
"2012-09-22","BuckLogix","234050","216927","17123"
"2012-09-23","BuckLogix","434046","369567","64479"
"2012-09-24","BuckLogix","227684","203404","24280"
"2012-09-25","BuckLogix","257204","235135","22069"
"2012-09-26","BuckLogix","421895","354891","67004"
"2012-09-27","BuckLogix","344817","312029","32788"
"2012-09-28","BuckLogix","178432","155474","22958"
"2012-09-29","BuckLogix","223683","207882","15801"
"2012-09-30","BuckLogix","518264","437628","80636"
"2012-10-01","BuckLogix","349757","326694","23063"
"2012-10-02","BuckLogix","712743","619647","93096"
"2012-10-03","BuckLogix","331538","272461","59077"
"2012-10-04","BuckLogix","187091","170766","16325"
"2012-10-05","BuckLogix","708396","592444","115952"
"2012-10-06","BuckLogix","447580","375183","72397"
"2012-10-07","BuckLogix","264908","240275","24633"
"2012-10-08","BuckLogix","690302","576143","114159"
"2012-10-09","BuckLogix","331006","298838","32168"
"2012-10-10","BuckLogix","728669","605852","122817"
"2012-10-11","BuckLogix","294229","268045","26184"
"2012-10-12","BuckLogix","535726","463181","72545"
"2012-10-13","BuckLogix","557065","474697","82368"
"2012-10-14","BuckLogix","512585","431534","81051"
"2012-10-15","BuckLogix","452617","409093","43524"
"2012-10-16","BuckLogix","281397","260344","21053"
"2012-10-17","BuckLogix","687647","569427","118220"
"2012-10-18","BuckLogix","1091504","913348","178156"
"2012-10-19","BuckLogix","454026","388592","65434"
"2012-10-20","BuckLogix","683717","567627","116090"
"2012-10-21","BuckLogix","240469","220618","19851"
"2012-10-22","BuckLogix","465648","418184","47464"
"2012-10-23","BuckLogix","586564","503206","83358"
"2012-10-24","BuckLogix","298452","271731","26721"
"2012-10-25","BuckLogix","289897","260475","29422"
"2012-10-26","BuckLogix","209036","191464","17572"
"2012-10-27","BuckLogix","478146","406450","71696"
"2012-10-28","BuckLogix","300632","276648","23984"
"2012-10-29","BuckLogix","318552","289015","29537"
"2012-10-30","BuckLogix","454568","385758","68810"
"2012-10-31","BuckLogix","368463","332404","36059"
"2012-11-01","BuckLogix","639930","549428","90502"
"2012-11-02","BuckLogix","486875","409652","77223"
"2012-11-03","BuckLogix","278104","249880","28224"
"2012-11-04","BuckLogix","454568","406835","47733"
"2012-11-05","BuckLogix","328998","296386","32612"
"2012-11-06","BuckLogix","753330","623263","130067"
"2012-11-07","BuckLogix","419166","355913","63253"
"2012-11-08","BuckLogix","371186","329938","41248"
"2012-11-09","BuckLogix","302733","276302","26431"
"2012-11-10","BuckLogix","496358","425546","70812"
"2012-11-11","BuckLogix","193067","172260","20807"
"2012-11-12","BuckLogix","586219","510053","76166"
"2012-11-13","BuckLogix","701802","586527","115275"
"2012-11-14","BuckLogix","330760","296045","34715"
"2012-11-15","BuckLogix","282592","259054","23538"
"2012-11-16","BuckLogix","209427","186669","22758"
"2012-11-17","BuckLogix","483806","440087","43719"
"2012-11-18","BuckLogix","499529","449524","50005"
"2012-11-19","BuckLogix","296938","266908","30030"
"2012-11-20","BuckLogix","219467","201179","18288"
"2012-11-21","BuckLogix","408187","375118","33069"
"2012-11-22","BuckLogix","522916","450301","72615"
"2012-11-23","BuckLogix","210033","194392","15641"
"2012-11-24","BuckLogix","217794","201381","16413"
"2012-11-25","BuckLogix","246445","223358","23087"
"2012-11-26","BuckLogix","667975","567364","100611"
"2012-11-27","BuckLogix","529381","450871","78510"
"2012-11-28","BuckLogix","387396","347229","40167"
"2012-11-29","BuckLogix","370808","334428","36380"
"2012-11-30","BuckLogix","253877","232799","21078"
"2012-12-01","BuckLogix","723841","601580","122261"
"2012-12-02","BuckLogix","454414","383642","70772"
"2012-12-03","BuckLogix","527358","454551","72807"
"2012-12-04","BuckLogix","567064","483138","83926"
"2012-12-05","BuckLogix","172510","152739","19771"
"2012-12-06","BuckLogix","245257","220535","24722"
"2012-12-07","BuckLogix","532922","451766","81156"
"2012-12-08","BuckLogix","325812","292689","33123"
"2012-12-09","BuckLogix","278641","260444","18197"
"2012-12-10","BuckLogix","911860","743324","168536"
"2012-12-11","BuckLogix","249361","228027","21334"
"2012-12-12","BuckLogix","817731","682123","135608"
"2012-12-13","BuckLogix","345687","311166","34521"
"2012-12-14","BuckLogix","256556","232422","24134"
"2012-12-15","BuckLogix","567592","482245","85347"
"2012-12-16","BuckLogix","1175039","959798","215241"
"2012-12-17","BuckLogix","324722","290323","34399"
"2012-12-18","BuckLogix","753030","629853","123177"
"2012-12-19","BuckLogix","710558","591329","119229"
"2012-12-20","BuckLogix","251964","230393","21571"
"2012-12-21","BuckLogix","309851","282788","27063"
"2012-12-22","BuckLogix","171148","154644","16504"
"2012-12-23","BuckLogix","554620","475546","79074"
"2012-12-24","BuckLogix","386128","349672","36456"
"2012-12-25","BuckLogix","275383","245575","29808"
"2012-12-26","BuckLogix","274009","246164","27845"
"2012-12-27","BuckLogix","276079","252006","24073"
"2012-12-28","BuckLogix","369674","337704","31970"
"2012-12-29","BuckLogix","440050","373929","66121"
"2012-12-30","BuckLogix","625652","548427","77225"
"2012-12-31","BuckLogix","469083","403677","65406"
"2013-01-01","BuckLogix","196110","176241","19869"
"2013-01-02","BuckLogix","1112469","990258","122211"
"2013-01-03","BuckLogix","1121089","957792","163297"
"2013-01-04","BuckLogix","1025568","905370","120198"
"2013-01-05","BuckLogix","895058","811132","83926"
"2013-01-06","BuckLogix","1256874","1088651","168223"
"2013-01-07","BuckLogix","1165094","1030782","134312"
"2013-01-08","BuckLogix","1843011","1540800","302211"
"2013-01-09","BuckLogix","823124","750880","72244"
"2013-01-10","BuckLogix","890783","796725","94058"
"2013-01-11","BuckLogix","1536495","1312269","224226"
"2013-01-12","BuckLogix","973725","851484","122241"
"2013-01-13","BuckLogix","1054936","925998","128938"
"2013-01-14","BuckLogix","839140","759917","79223"
"2013-01-15","BuckLogix","1212083","1040140","171943"
"2013-01-16","BuckLogix","1091573","973596","117977"
"2013-01-17","BuckLogix","818368","742099","76269"
"2013-01-18","BuckLogix","808075","733615","74460"
"2013-01-19","BuckLogix","1200171","1030696","169475"
"2013-01-20","BuckLogix","1536387","1307070","229317"
"2013-01-21","BuckLogix","1464521","1256499","208022"
"2013-01-22","BuckLogix","1113173","986184","126989"
"2013-01-23","BuckLogix","1332931","1147657","185274"
"2013-01-24","BuckLogix","715515","651105","64410"
"2013-01-25","BuckLogix","898134","784923","113211"
"2013-01-26","BuckLogix","770519","698468","72051"
"2013-01-27","BuckLogix","950236","842709","107527"
"2013-01-28","BuckLogix","1510752","1290758","219994"
"2013-01-29","BuckLogix","866064","780958","85106"
"2013-01-30","BuckLogix","780907","703362","77545"
"2013-01-31","BuckLogix","1077775","936577","141198"
"2013-02-01","BuckLogix","1060497","966092","94405"
"2013-02-02","BuckLogix","1425445","1245639","179806"
"2013-02-03","BuckLogix","2083318","1754195","329123"
"2013-02-04","BuckLogix","925275","815326","109949"
"2013-02-05","BuckLogix","1680425","1416455","263970"
"2013-02-06","BuckLogix","885494","808797","76697"
"2013-02-07","BuckLogix","967744","849933","117811"
"2013-02-08","BuckLogix","1140842","1012025","128817"
"2013-02-09","BuckLogix","1123612","989257","134355"
"2013-02-10","BuckLogix","1099100","973611","125489"
"2013-02-11","BuckLogix","1047383","933312","114071"
"2013-02-12","BuckLogix","1858012","1573123","284889"
"2013-02-13","BuckLogix","955340","840550","114790"
"2013-02-14","BuckLogix","972962","853201","119761"
"2013-02-15","BuckLogix","829941","753448","76493"
"2013-02-16","BuckLogix","1091977","942649","149328"
"2013-02-17","BuckLogix","1451536","1270080","181456"
"2013-02-18","BuckLogix","842872","763239","79633"
"2013-02-19","BuckLogix","760589","690420","70169"
"2013-02-20","BuckLogix","1670460","1432335","238125"
"2013-02-21","BuckLogix","1153035","1021355","131680"
"2013-02-22","BuckLogix","1315593","1144605","170988"
"2013-02-23","BuckLogix","918431","808640","109791"
"2013-02-24","BuckLogix","1156521","993808","162713"
"2013-02-25","BuckLogix","1754723","1473657","281066"
"2013-02-26","BuckLogix","1419138","1206936","212202"
"2013-02-27","BuckLogix","848082","762848","85234"
"2013-02-28","BuckLogix","1579777","1342407","237370"
"2013-03-01","BuckLogix","500553","423765","76788"
"2013-03-02","BuckLogix","641646","556925","84721"
"2013-03-03","BuckLogix","1608446","1390115","218331"
"2013-03-04","BuckLogix","1312230","1164709","147521"
"2013-03-05","BuckLogix","1069829","935466","134363"
"2013-03-06","BuckLogix","830004","755638","74366"
"2013-03-07","BuckLogix","969829","839667","130162"
"2013-03-08","BuckLogix","1038398","936839","101559"
"2013-03-09","BuckLogix","1495547","1292224","203323"
"2013-03-10","BuckLogix","921999","837566","84433"
"2013-03-11","BuckLogix","1112639","979710","132929"
"2013-03-12","BuckLogix","1633439","1405233","228206"
"2013-03-13","BuckLogix","1723171","1458923","264248"
"2013-03-14","BuckLogix","1285522","1116117","169405"
"2013-03-15","BuckLogix","1058376","939024","119352"
"2013-03-16","BuckLogix","1265195","1096800","168395"
"2013-03-17","BuckLogix","924870","844119","80751"
"2013-03-18","BuckLogix","1186127","1019124","167003"
"2013-03-19","BuckLogix","1272399","1107246","165153"
"2013-03-20","BuckLogix","994101","884175","109926"
"2013-03-21","BuckLogix","1347978","1175436","172542"
"2013-03-22","BuckLogix","1399547","1212064","187483"
"2013-03-23","BuckLogix","1397523","1241265","156258"
"2013-03-24","BuckLogix","832024","750871","81153"
"2013-03-25","BuckLogix","1119248","967822","151426"
"2013-03-26","BuckLogix","1326495","1146970","179525"
"2013-03-27","BuckLogix","1432923","1244508","188415"
"2013-03-28","BuckLogix","1564313","1345639","218674"
"2013-03-29","BuckLogix","741042","675270","65772"
"2013-03-30","BuckLogix","978409","893883","84526"
"2013-03-31","BuckLogix","912719","834709","78010"
"2013-04-01","BuckLogix","1483936","1270257","213679"
"2013-04-02","BuckLogix","1310689","1143832","166857"
"2013-04-03","BuckLogix","1311038","1139648","171390"
"2013-04-04","BuckLogix","1014655","922602","92053"
"2013-04-05","BuckLogix","910595","818237","92358"
"2013-04-06","BuckLogix","1296687","1124698","171989"
"2013-04-07","BuckLogix","906610","827697","78913"
"2013-04-08","BuckLogix","956300","867801","88499"
"2013-04-09","BuckLogix","1042786","957092","85694"
"2013-04-10","BuckLogix","720043","657279","62764"
"2013-04-11","BuckLogix","1751652","1512757","238895"
"2013-04-12","BuckLogix","891952","789076","102876"
"2013-04-13","BuckLogix","1059951","928271","131680"
"2013-04-14","BuckLogix","880127","799263","80864"
"2013-04-15","BuckLogix","1291644","1142041","149603"
"2013-04-16","BuckLogix","1469303","1257755","211548"
"2013-04-17","BuckLogix","1514585","1299149","215436"
"2013-04-18","BuckLogix","1143790","998259","145531"
"2013-04-19","BuckLogix","1059273","926447","132826"
"2013-04-20","BuckLogix","1275803","1098304","177499"
"2013-04-21","BuckLogix","691879","619710","72169"
"2013-04-22","BuckLogix","1475413","1253133","222280"
"2013-04-23","BuckLogix","1361640","1180964","180676"
"2013-04-24","BuckLogix","1362619","1207798","154821"
"2013-04-25","BuckLogix","1287073","1109357","177716"
"2013-04-26","BuckLogix","979119","854508","124611"
"2013-04-27","BuckLogix","888868","812844","76024"
"2013-04-28","BuckLogix","1047243","922392","124851"
"2013-04-29","BuckLogix","1010866","897319","113547"
"2013-04-30","BuckLogix","807505","722044","85461"
"2013-05-01","BuckLogix","239314","220002","19312"
"2013-05-02","BuckLogix","1330125","1146121","184004"
"2013-05-03","BuckLogix","1818350","1513450","304900"
"2013-05-04","BuckLogix","770857","695571","75286"
"2013-05-05","BuckLogix","885814","798026","87788"
"2013-05-06","BuckLogix","967520","846535","120985"
"2013-05-07","BuckLogix","1174495","1022868","151627"
"2013-05-08","BuckLogix","1148673","1019553","129120"
"2013-05-09","BuckLogix","1062747","939620","123127"
"2013-05-10","BuckLogix","1190987","1029873","161114"
"2013-05-11","BuckLogix","2162372","1814431","347941"
"2013-05-12","BuckLogix","1134652","980024","154628"
"2013-05-13","BuckLogix","789621","724911","64710"
"2013-05-14","BuckLogix","1669466","1460917","208549"
"2013-05-15","BuckLogix","1365936","1159320","206616"
"2013-05-16","BuckLogix","1068564","940026","128538"
"2013-05-17","BuckLogix","1170935","1006944","163991"
"2013-05-18","BuckLogix","1172648","1017107","155541"
"2013-05-19","BuckLogix","1045387","959140","86247"
"2013-05-20","BuckLogix","1303028","1122191","180837"
"2013-05-21","BuckLogix","1095341","961931","133410"
"2013-05-22","BuckLogix","1210589","1036964","173625"
"2013-05-23","BuckLogix","1041494","881315","160179"
"2013-05-24","BuckLogix","1085206","957994","127212"
"2013-05-25","BuckLogix","1384153","1198969","185184"
"2013-05-26","BuckLogix","1007230","893965","113265"
"2013-05-27","BuckLogix","967354","854183","113171"
"2013-05-28","BuckLogix","1152715","986022","166693"
"2013-05-29","BuckLogix","1104877","957693","147184"
"2013-05-30","BuckLogix","735913","665240","70673"
"2013-05-31","BuckLogix","1003219","880820","122399"
"2008-06-30","Bytefortress","23259","14413","8846"
"2008-07-05","Bytefortress","23259","14413","8846"
"2008-07-31","Bytefortress","23259","14413","8846"
"2008-08-04","Bytefortress","23259","14413","8846"
"2008-08-22","Bytefortress","23259","14413","8846"
"2008-08-29","Bytefortress","23259","14413","8846"
"2008-09-05","Bytefortress","23259","14413","8846"
"2008-09-29","Bytefortress","46518","28826","17692"
"2008-11-09","Bytefortress","23259","14413","8846"
"2008-11-14","Bytefortress","23259","14413","8846"
"2008-12-18","Bytefortress","23259","14413","8846"
"2009-01-02","Bytefortress","23259","14413","8846"
"2009-01-06","Bytefortress","23259","14413","8846"
"2009-01-16","Bytefortress","23259","14413","8846"
"2009-01-31","Bytefortress","23259","14413","8846"
"2009-02-01","Bytefortress","23259","14413","8846"
"2009-02-09","Bytefortress","23259","14413","8846"
"2009-02-19","Bytefortress","23259","14413","8846"
"2009-02-26","Bytefortress","23259","14413","8846"
"2009-03-15","Bytefortress","23259","14413","8846"
"2009-03-26","Bytefortress","23259","14413","8846"
"2009-03-27","Bytefortress","23259","14413","8846"
"2009-04-11","Bytefortress","23259","14413","8846"
"2009-04-30","Bytefortress","23259","14413","8846"
"2009-05-02","Bytefortress","23259","14413","8846"
"2009-05-09","Bytefortress","23259","14413","8846"
"2009-05-11","Bytefortress","23259","14413","8846"
"2009-05-25","Bytefortress","23259","14413","8846"
"2009-06-04","Bytefortress","23259","14413","8846"
"2009-06-16","Bytefortress","23259","14413","8846"
"2009-06-22","Bytefortress","23259","14413","8846"
"2009-06-25","Bytefortress","23259","14413","8846"
"2009-07-05","Bytefortress","46518","28826","17692"
"2009-07-06","Bytefortress","23259","14413","8846"
"2009-07-11","Bytefortress","23259","14413","8846"
"2009-07-22","Bytefortress","23259","14413","8846"
"2009-07-24","Bytefortress","23259","14413","8846"
"2009-07-26","Bytefortress","23259","14413","8846"
"2009-08-03","Bytefortress","23259","14413","8846"
"2009-08-10","Bytefortress","23259","14413","8846"
"2009-08-14","Bytefortress","23259","14413","8846"
"2009-08-16","Bytefortress","23259","14413","8846"
"2009-08-18","Bytefortress","23259","14413","8846"
"2009-08-20","Bytefortress","23259","14413","8846"
"2009-08-24","Bytefortress","23259","14413","8846"
"2009-09-24","Bytefortress","23259","14413","8846"
"2009-10-01","Bytefortress","46518","28826","17692"
"2009-10-06","Bytefortress","23259","14413","8846"
"2009-10-15","Bytefortress","23259","14413","8846"
"2009-10-18","Bytefortress","23259","14413","8846"
"2009-10-23","Bytefortress","23259","14413","8846"
"2009-10-25","Bytefortress","23259","14413","8846"
"2009-11-01","Bytefortress","23259","14413","8846"
"2009-11-04","Bytefortress","23259","14413","8846"
"2009-11-21","Bytefortress","23259","14413","8846"
"2009-11-22","Bytefortress","23259","14413","8846"
"2009-11-25","Bytefortress","23259","14413","8846"
"2009-11-28","Bytefortress","23259","14413","8846"
"2009-12-02","Bytefortress","23259","14413","8846"
"2009-12-04","Bytefortress","23259","14413","8846"
"2009-12-28","Bytefortress","23259","14413","8846"
"2010-01-14","Bytefortress","23259","14413","8846"
"2010-01-21","Bytefortress","46518","28826","17692"
"2010-02-02","Bytefortress","23259","14413","8846"
"2010-02-14","Bytefortress","23259","14413","8846"
"2010-02-15","Bytefortress","46518","28826","17692"
"2010-02-16","Bytefortress","23259","14413","8846"
"2010-02-19","Bytefortress","23259","14413","8846"
"2010-02-25","Bytefortress","23259","14413","8846"
"2010-03-01","Bytefortress","23259","14413","8846"
"2010-03-06","Bytefortress","23259","14413","8846"
"2010-03-15","Bytefortress","23259","14413","8846"
"2010-03-18","Bytefortress","46518","28826","17692"
"2010-03-27","Bytefortress","23259","14413","8846"
"2010-04-01","Bytefortress","23259","14413","8846"
"2010-04-07","Bytefortress","23259","14413","8846"
"2010-04-12","Bytefortress","23259","14413","8846"
"2010-04-20","Bytefortress","23259","14413","8846"
"2010-05-03","Bytefortress","23259","14413","8846"
"2010-05-04","Bytefortress","46518","28826","17692"
"2010-05-12","Bytefortress","23259","14413","8846"
"2010-05-18","Bytefortress","23259","14413","8846"
"2010-05-26","Bytefortress","23259","14413","8846"
"2010-05-27","Bytefortress","23259","14413","8846"
"2010-05-30","Bytefortress","23259","14413","8846"
"2010-06-03","Bytefortress","23259","14413","8846"
"2010-06-04","Bytefortress","23259","14413","8846"
"2010-06-10","Bytefortress","69777","43239","26538"
"2010-06-12","Bytefortress","23259","14413","8846"
"2010-06-14","Bytefortress","46518","28826","17692"
"2010-06-19","Bytefortress","23259","14413","8846"
"2010-06-22","Bytefortress","23259","14413","8846"
"2010-06-26","Bytefortress","23259","14413","8846"
"2010-06-29","Bytefortress","23259","14413","8846"
"2010-07-03","Bytefortress","23259","14413","8846"
"2010-07-04","Bytefortress","23259","14413","8846"
"2010-07-06","Bytefortress","46518","28826","17692"
"2010-07-07","Bytefortress","46518","28826","17692"
"2010-07-16","Bytefortress","23259","14413","8846"
"2010-07-18","Bytefortress","23259","14413","8846"
"2010-07-19","Bytefortress","23259","14413","8846"
"2010-07-22","Bytefortress","23259","14413","8846"
"2010-07-27","Bytefortress","23259","14413","8846"
"2010-07-28","Bytefortress","46518","28826","17692"
"2010-07-31","Bytefortress","23259","14413","8846"
"2010-08-02","Bytefortress","23259","14413","8846"
"2010-08-03","Bytefortress","46518","28826","17692"
"2010-08-06","Bytefortress","23259","14413","8846"
"2010-08-12","Bytefortress","23259","14413","8846"
"2010-08-22","Bytefortress","23259","14413","8846"
"2010-08-23","Bytefortress","23259","14413","8846"
"2010-08-24","Bytefortress","23259","14413","8846"
"2010-08-25","Bytefortress","46518","28826","17692"
"2010-08-29","Bytefortress","46518","28826","17692"
"2010-09-06","Bytefortress","23259","14413","8846"
"2010-09-07","Bytefortress","23259","14413","8846"
"2010-09-10","Bytefortress","23259","14413","8846"
"2010-09-17","Bytefortress","23259","14413","8846"
"2010-09-21","Bytefortress","23259","14413","8846"
"2010-10-02","Bytefortress","23259","14413","8846"
"2010-10-07","Bytefortress","23259","14413","8846"
"2010-10-15","Bytefortress","23259","14413","8846"
"2010-10-16","Bytefortress","23259","14413","8846"
"2010-10-17","Bytefortress","23259","14413","8846"
"2010-10-20","Bytefortress","23259","14413","8846"
"2010-10-22","Bytefortress","23259","14413","8846"
"2010-10-23","Bytefortress","23259","14413","8846"
"2010-10-25","Bytefortress","23259","14413","8846"
"2010-10-26","Bytefortress","23259","14413","8846"
"2010-10-28","Bytefortress","23259","14413","8846"
"2010-10-29","Bytefortress","23259","14413","8846"
"2010-10-30","Bytefortress","23259","14413","8846"
"2010-11-03","Bytefortress","46518","28826","17692"
"2010-11-05","Bytefortress","46518","28826","17692"
"2010-11-07","Bytefortress","23259","14413","8846"
"2010-11-08","Bytefortress","46518","28826","17692"
"2010-11-10","Bytefortress","23259","14413","8846"
"2010-11-14","Bytefortress","23259","14413","8846"
"2010-11-17","Bytefortress","23259","14413","8846"
"2010-11-18","Bytefortress","23259","14413","8846"
"2010-11-22","Bytefortress","23259","14413","8846"
"2010-11-30","Bytefortress","46518","28826","17692"
"2010-12-05","Bytefortress","23259","14413","8846"
"2010-12-06","Bytefortress","23259","14413","8846"
"2010-12-07","Bytefortress","23259","14413","8846"
"2010-12-17","Bytefortress","23259","14413","8846"
"2010-12-19","Bytefortress","23259","14413","8846"
"2010-12-23","Bytefortress","23259","14413","8846"
"2010-12-26","Bytefortress","23259","14413","8846"
"2010-12-27","Bytefortress","69777","43239","26538"
"2010-12-28","Bytefortress","46518","28826","17692"
"2011-01-02","Bytefortress","23259","14413","8846"
"2011-01-10","Bytefortress","23259","14413","8846"
"2011-01-13","Bytefortress","46518","28826","17692"
"2011-01-20","Bytefortress","23259","14413","8846"
"2011-01-22","Bytefortress","46518","28826","17692"
"2011-01-23","Bytefortress","23259","14413","8846"
"2011-01-24","Bytefortress","23259","14413","8846"
"2011-01-27","Bytefortress","23259","14413","8846"
"2011-01-28","Bytefortress","23259","14413","8846"
"2011-01-29","Bytefortress","23259","14413","8846"
"2011-01-30","Bytefortress","23259","14413","8846"
"2011-02-02","Bytefortress","93036","57652","35384"
"2011-02-09","Bytefortress","69777","43239","26538"
"2011-02-10","Bytefortress","23259","14413","8846"
"2011-02-16","Bytefortress","23259","14413","8846"
"2011-02-18","Bytefortress","46518","28826","17692"
"2011-02-21","Bytefortress","23259","14413","8846"
"2011-02-24","Bytefortress","23259","14413","8846"
"2011-02-25","Bytefortress","46518","28826","17692"
"2011-02-26","Bytefortress","23259","14413","8846"
"2011-02-28","Bytefortress","23259","14413","8846"
"2011-03-01","Bytefortress","23259","14413","8846"
"2011-03-03","Bytefortress","23259","14413","8846"
"2011-03-04","Bytefortress","46518","28826","17692"
"2011-03-05","Bytefortress","23259","14413","8846"
"2011-03-07","Bytefortress","23259","14413","8846"
"2011-03-09","Bytefortress","23259","14413","8846"
"2011-03-11","Bytefortress","23259","14413","8846"
"2011-03-13","Bytefortress","23259","14413","8846"
"2011-03-14","Bytefortress","23259","14413","8846"
"2011-03-16","Bytefortress","23259","14413","8846"
"2011-03-18","Bytefortress","46518","28826","17692"
"2011-03-20","Bytefortress","23259","14413","8846"
"2011-03-22","Bytefortress","69777","43239","26538"
"2011-03-24","Bytefortress","23259","14413","8846"
"2011-03-25","Bytefortress","23259","14413","8846"
"2011-03-26","Bytefortress","23259","14413","8846"
"2011-04-04","Bytefortress","23259","14413","8846"
"2011-04-05","Bytefortress","23259","14413","8846"
"2011-04-07","Bytefortress","23259","14413","8846"
"2011-04-09","Bytefortress","23259","14413","8846"
"2011-04-11","Bytefortress","23259","14413","8846"
"2011-04-12","Bytefortress","93036","57652","35384"
"2011-04-15","Bytefortress","23259","14413","8846"
"2011-04-16","Bytefortress","23259","14413","8846"
"2011-04-18","Bytefortress","23259","14413","8846"
"2011-04-19","Bytefortress","23259","14413","8846"
"2011-04-20","Bytefortress","23259","14413","8846"
"2011-04-21","Bytefortress","23259","14413","8846"
"2011-04-26","Bytefortress","46518","28826","17692"
"2011-05-02","Bytefortress","46518","28826","17692"
"2011-05-03","Bytefortress","23259","14413","8846"
"2011-05-08","Bytefortress","23259","14413","8846"
"2011-05-09","Bytefortress","23259","14413","8846"
"2011-05-12","Bytefortress","23259","14413","8846"
"2011-05-17","Bytefortress","23259","14413","8846"
"2011-05-22","Bytefortress","23259","14413","8846"
"2011-05-24","Bytefortress","23259","14413","8846"
"2011-05-27","Bytefortress","23259","14413","8846"
"2011-05-30","Bytefortress","23259","14413","8846"
"2011-05-31","Bytefortress","23259","14413","8846"
"2011-06-03","Bytefortress","23259","14413","8846"
"2011-06-05","Bytefortress","23259","14413","8846"
"2011-06-08","Bytefortress","23259","14413","8846"
"2011-06-11","Bytefortress","23259","14413","8846"
"2011-06-12","Bytefortress","23259","14413","8846"
"2011-06-15","Bytefortress","23259","14413","8846"
"2011-06-18","Bytefortress","23259","14413","8846"
"2011-06-19","Bytefortress","23259","14413","8846"
"2011-06-24","Bytefortress","46518","28826","17692"
"2011-06-25","Bytefortress","46518","28826","17692"
"2011-06-26","Bytefortress","23259","14413","8846"
"2011-06-30","Bytefortress","23259","14413","8846"
"2011-07-01","Bytefortress","69777","43239","26538"
"2011-07-02","Bytefortress","23259","14413","8846"
"2011-07-03","Bytefortress","23259","14413","8846"
"2011-07-05","Bytefortress","23259","14413","8846"
"2011-07-06","Bytefortress","23259","14413","8846"
"2011-07-07","Bytefortress","23259","14413","8846"
"2011-07-08","Bytefortress","46518","28826","17692"
"2011-07-13","Bytefortress","23259","14413","8846"
"2011-07-16","Bytefortress","23259","14413","8846"
"2011-07-18","Bytefortress","46518","28826","17692"
"2011-07-19","Bytefortress","46518","28826","17692"
"2011-07-21","Bytefortress","23259","14413","8846"
"2011-07-23","Bytefortress","46518","28826","17692"
"2011-07-24","Bytefortress","23259","14413","8846"
"2011-07-26","Bytefortress","23259","14413","8846"
"2011-07-27","Bytefortress","23259","14413","8846"
"2011-07-28","Bytefortress","23259","14413","8846"
"2011-07-29","Bytefortress","23259","14413","8846"
"2011-07-30","Bytefortress","23259","14413","8846"
"2011-07-31","Bytefortress","23259","14413","8846"
"2011-08-04","Bytefortress","46518","28826","17692"
"2011-08-05","Bytefortress","23259","14413","8846"
"2011-08-06","Bytefortress","23259","14413","8846"
"2011-08-08","Bytefortress","46518","28826","17692"
"2011-08-10","Bytefortress","23259","14413","8846"
"2011-08-11","Bytefortress","23259","14413","8846"
"2011-08-14","Bytefortress","23259","14413","8846"
"2011-08-17","Bytefortress","23259","14413","8846"
"2011-08-18","Bytefortress","23259","14413","8846"
"2011-08-19","Bytefortress","46518","28826","17692"
"2011-08-23","Bytefortress","23259","14413","8846"
"2011-08-30","Bytefortress","23259","14413","8846"
"2011-09-02","Bytefortress","23259","14413","8846"
"2011-09-05","Bytefortress","23259","14413","8846"
"2011-09-09","Bytefortress","23259","14413","8846"
"2011-09-10","Bytefortress","46518","28826","17692"
"2011-09-11","Bytefortress","23259","14413","8846"
"2011-09-12","Bytefortress","46518","28826","17692"
"2011-09-15","Bytefortress","23259","14413","8846"
"2011-09-16","Bytefortress","69777","43239","26538"
"2011-09-22","Bytefortress","23259","14413","8846"
"2011-09-23","Bytefortress","23259","14413","8846"
"2011-09-24","Bytefortress","23259","14413","8846"
"2011-09-25","Bytefortress","46518","28826","17692"
"2011-09-27","Bytefortress","23259","14413","8846"
"2011-09-29","Bytefortress","46518","28826","17692"
"2011-09-30","Bytefortress","23259","14413","8846"
"2011-10-05","Bytefortress","23259","14413","8846"
"2011-10-06","Bytefortress","46518","28826","17692"
"2011-10-07","Bytefortress","23259","14413","8846"
"2011-10-09","Bytefortress","23259","14413","8846"
"2011-10-12","Bytefortress","23259","14413","8846"
"2011-10-13","Bytefortress","69777","43239","26538"
"2011-10-16","Bytefortress","23259","14413","8846"
"2011-10-24","Bytefortress","23259","14413","8846"
"2011-10-26","Bytefortress","46518","28826","17692"
"2011-10-27","Bytefortress","23259","14413","8846"
"2011-10-28","Bytefortress","46518","28826","17692"
"2011-10-29","Bytefortress","23259","14413","8846"
"2011-10-31","Bytefortress","23259","14413","8846"
"2011-11-02","Bytefortress","23259","14413","8846"
"2011-11-04","Bytefortress","23259","14413","8846"
"2011-11-05","Bytefortress","23259","14413","8846"
"2011-11-07","Bytefortress","46518","28826","17692"
"2011-11-08","Bytefortress","46518","28826","17692"
"2011-11-11","Bytefortress","23259","14413","8846"
"2011-11-12","Bytefortress","23259","14413","8846"
"2011-11-14","Bytefortress","69777","43239","26538"
"2011-11-17","Bytefortress","46518","28826","17692"
"2011-11-19","Bytefortress","23259","14413","8846"
"2011-11-24","Bytefortress","23259","14413","8846"
"2011-11-29","Bytefortress","23259","14413","8846"
"2011-12-02","Bytefortress","23259","14413","8846"
"2011-12-04","Bytefortress","23259","14413","8846"
"2011-12-07","Bytefortress","23259","14413","8846"
"2011-12-09","Bytefortress","69777","43239","26538"
"2011-12-12","Bytefortress","23259","14413","8846"
"2011-12-14","Bytefortress","23259","14413","8846"
"2011-12-15","Bytefortress","46518","28826","17692"
"2011-12-17","Bytefortress","23259","14413","8846"
"2011-12-18","Bytefortress","46518","28826","17692"
"2011-12-19","Bytefortress","23259","14413","8846"
"2011-12-20","Bytefortress","46518","28826","17692"
"2011-12-22","Bytefortress","23259","14413","8846"
"2011-12-23","Bytefortress","23259","14413","8846"
"2011-12-25","Bytefortress","23259","14413","8846"
"2011-12-26","Bytefortress","23259","14413","8846"
"2011-12-28","Bytefortress","23259","14413","8846"
"2011-12-29","Bytefortress","46518","28826","17692"
"2011-12-30","Bytefortress","23259","14413","8846"
"2011-12-31","Bytefortress","46518","28826","17692"
"2012-01-01","Bytefortress","69777","43239","26538"
"2012-01-04","Bytefortress","46518","28826","17692"
"2012-01-05","Bytefortress","116295","72065","44230"
"2012-01-07","Bytefortress","23259","14413","8846"
"2012-01-08","Bytefortress","23259","14413","8846"
"2012-01-10","Bytefortress","23259","14413","8846"
"2012-01-11","Bytefortress","23259","14413","8846"
"2012-01-12","Bytefortress","69777","43239","26538"
"2012-01-13","Bytefortress","46518","28826","17692"
"2012-01-14","Bytefortress","23259","14413","8846"
"2012-01-16","Bytefortress","23259","14413","8846"
"2012-01-17","Bytefortress","23259","14413","8846"
"2012-01-19","Bytefortress","23259","14413","8846"
"2012-01-20","Bytefortress","23259","14413","8846"
"2012-01-23","Bytefortress","23259","14413","8846"
"2012-01-24","Bytefortress","23259","14413","8846"
"2012-01-25","Bytefortress","23259","14413","8846"
"2012-01-26","Bytefortress","23259","14413","8846"
"2012-02-02","Bytefortress","23259","14413","8846"
"2012-02-04","Bytefortress","46518","28826","17692"
"2012-02-06","Bytefortress","23259","14413","8846"
"2012-02-07","Bytefortress","23259","14413","8846"
"2012-02-08","Bytefortress","23259","14413","8846"
"2012-02-09","Bytefortress","23259","14413","8846"
"2012-02-10","Bytefortress","23259","14413","8846"
"2012-02-11","Bytefortress","23259","14413","8846"
"2012-02-12","Bytefortress","23259","14413","8846"
"2012-02-13","Bytefortress","23259","14413","8846"
"2012-02-17","Bytefortress","46518","28826","17692"
"2012-02-18","Bytefortress","46518","28826","17692"
"2012-02-19","Bytefortress","23259","14413","8846"
"2012-02-20","Bytefortress","46518","28826","17692"
"2012-02-21","Bytefortress","46518","28826","17692"
"2012-02-22","Bytefortress","23259","14413","8846"
"2012-02-23","Bytefortress","46518","28826","17692"
"2012-02-26","Bytefortress","46518","28826","17692"
"2012-02-27","Bytefortress","46518","28826","17692"
"2012-02-29","Bytefortress","69777","43239","26538"
"2012-03-01","Bytefortress","69777","43239","26538"
"2012-03-02","Bytefortress","46518","28826","17692"
"2012-03-04","Bytefortress","23259","14413","8846"
"2012-03-05","Bytefortress","23259","14413","8846"
"2012-03-06","Bytefortress","23259","14413","8846"
"2012-03-07","Bytefortress","23259","14413","8846"
"2012-03-08","Bytefortress","69777","43239","26538"
"2012-03-09","Bytefortress","23259","14413","8846"
"2012-03-10","Bytefortress","46518","28826","17692"
"2012-03-13","Bytefortress","46518","28826","17692"
"2012-03-14","Bytefortress","46518","28826","17692"
"2012-03-15","Bytefortress","69777","43239","26538"
"2012-03-18","Bytefortress","46518","28826","17692"
"2012-03-19","Bytefortress","23259","14413","8846"
"2012-03-20","Bytefortress","23259","14413","8846"
"2012-03-21","Bytefortress","23259","14413","8846"
"2012-03-22","Bytefortress","46518","28826","17692"
"2012-03-23","Bytefortress","23259","14413","8846"
"2012-03-25","Bytefortress","46518","28826","17692"
"2012-03-27","Bytefortress","23259","14413","8846"
"2012-03-28","Bytefortress","23259","14413","8846"
"2012-03-29","Bytefortress","23259","14413","8846"
"2012-03-30","Bytefortress","23259","14413","8846"
"2012-03-31","Bytefortress","46518","28826","17692"
"2012-04-01","Bytefortress","116295","72065","44230"
"2012-04-04","Bytefortress","46518","28826","17692"
"2012-04-05","Bytefortress","23259","14413","8846"
"2012-04-06","Bytefortress","23259","14413","8846"
"2012-04-08","Bytefortress","23259","14413","8846"
"2012-04-09","Bytefortress","46518","28826","17692"
"2012-04-10","Bytefortress","23259","14413","8846"
"2012-04-11","Bytefortress","69777","43239","26538"
"2012-04-12","Bytefortress","23259","14413","8846"
"2012-04-13","Bytefortress","69777","43239","26538"
"2012-04-15","Bytefortress","23259","14413","8846"
"2012-04-16","Bytefortress","23259","14413","8846"
"2012-04-18","Bytefortress","46518","28826","17692"
"2012-04-19","Bytefortress","23259","14413","8846"
"2012-04-20","Bytefortress","23259","14413","8846"
"2012-04-21","Bytefortress","46518","28826","17692"
"2012-04-22","Bytefortress","23259","14413","8846"
"2012-04-23","Bytefortress","23259","14413","8846"
"2012-04-25","Bytefortress","46518","28826","17692"
"2012-04-26","Bytefortress","23259","14413","8846"
"2012-04-28","Bytefortress","23259","14413","8846"
"2012-04-29","Bytefortress","23259","14413","8846"
"2012-04-30","Bytefortress","23259","14413","8846"
"2012-05-01","Bytefortress","69777","43239","26538"
"2012-05-04","Bytefortress","23259","14413","8846"
"2012-05-05","Bytefortress","23259","14413","8846"
"2012-05-07","Bytefortress","23259","14413","8846"
"2012-05-08","Bytefortress","23259","14413","8846"
"2012-05-09","Bytefortress","23259","14413","8846"
"2012-05-10","Bytefortress","46518","28826","17692"
"2012-05-13","Bytefortress","23259","14413","8846"
"2012-05-16","Bytefortress","46518","28826","17692"
"2012-05-17","Bytefortress","23259","14413","8846"
"2012-05-18","Bytefortress","23259","14413","8846"
"2012-05-21","Bytefortress","69777","43239","26538"
"2012-05-22","Bytefortress","46518","28826","17692"
"2012-05-23","Bytefortress","46518","28826","17692"
"2012-05-24","Bytefortress","23259","14413","8846"
"2012-05-25","Bytefortress","23259","14413","8846"
"2012-05-27","Bytefortress","23259","14413","8846"
"2012-05-28","Bytefortress","23259","14413","8846"
"2012-05-29","Bytefortress","23259","14413","8846"
"2012-05-30","Bytefortress","23259","14413","8846"
"2012-06-04","Bytefortress","23259","14413","8846"
"2012-06-06","Bytefortress","23259","14413","8846"
"2012-06-08","Bytefortress","23259","14413","8846"
"2012-06-11","Bytefortress","69777","43239","26538"
"2012-06-13","Bytefortress","23259","14413","8846"
"2012-06-17","Bytefortress","23259","14413","8846"
"2012-06-19","Bytefortress","23259","14413","8846"
"2012-06-22","Bytefortress","23259","14413","8846"
"2012-06-26","Bytefortress","23259","14413","8846"
"2012-07-02","Bytefortress","46518","28826","17692"
"2012-07-08","Bytefortress","46518","28826","17692"
"2012-07-10","Bytefortress","23259","14413","8846"
"2012-07-11","Bytefortress","23259","14413","8846"
"2012-07-15","Bytefortress","23259","14413","8846"
"2012-07-17","Bytefortress","23259","14413","8846"
"2012-07-20","Bytefortress","23259","14413","8846"
"2012-07-22","Bytefortress","69777","43239","26538"
"2012-07-23","Bytefortress","23259","14413","8846"
"2012-07-25","Bytefortress","23259","14413","8846"
"2012-07-27","Bytefortress","23259","14413","8846"
"2012-07-29","Bytefortress","23259","14413","8846"
"2012-07-30","Bytefortress","46518","28826","17692"
"2012-08-04","Bytefortress","23259","14413","8846"
"2012-08-08","Bytefortress","46518","28826","17692"
"2012-08-09","Bytefortress","23259","14413","8846"
"2012-08-11","Bytefortress","46518","28826","17692"
"2012-08-12","Bytefortress","23259","14413","8846"
"2012-08-19","Bytefortress","46518","28826","17692"
"2012-08-24","Bytefortress","23259","14413","8846"
"2012-08-25","Bytefortress","23259","14413","8846"
"2012-08-26","Bytefortress","23259","14413","8846"
"2012-08-27","Bytefortress","23259","14413","8846"
"2012-08-29","Bytefortress","46518","28826","17692"
"2012-08-31","Bytefortress","23259","14413","8846"
"2012-09-02","Bytefortress","69777","43239","26538"
"2012-09-03","Bytefortress","46518","28826","17692"
"2012-09-04","Bytefortress","46518","28826","17692"
"2012-09-08","Bytefortress","23259","14413","8846"
"2012-09-09","Bytefortress","23259","14413","8846"
"2012-09-12","Bytefortress","23259","14413","8846"
"2012-09-14","Bytefortress","46518","28826","17692"
"2012-09-16","Bytefortress","23259","14413","8846"
"2012-09-17","Bytefortress","23259","14413","8846"
"2012-09-27","Bytefortress","23259","14413","8846"
"2012-09-28","Bytefortress","23259","14413","8846"
"2012-09-29","Bytefortress","23259","14413","8846"
"2012-10-01","Bytefortress","93036","57652","35384"
"2012-10-03","Bytefortress","23259","14413","8846"
"2012-10-07","Bytefortress","46518","28826","17692"
"2012-10-09","Bytefortress","46518","28826","17692"
"2012-10-10","Bytefortress","23259","14413","8846"
"2012-10-11","Bytefortress","46518","28826","17692"
"2012-10-12","Bytefortress","46518","28826","17692"
"2012-10-14","Bytefortress","23259","14413","8846"
"2012-10-15","Bytefortress","23259","14413","8846"
"2012-10-18","Bytefortress","23259","14413","8846"
"2012-10-19","Bytefortress","23259","14413","8846"
"2012-10-22","Bytefortress","46518","28826","17692"
"2012-10-23","Bytefortress","23259","14413","8846"
"2012-10-24","Bytefortress","23259","14413","8846"
"2012-10-25","Bytefortress","23259","14413","8846"
"2012-10-27","Bytefortress","23259","14413","8846"
"2012-10-28","Bytefortress","23259","14413","8846"
"2012-10-29","Bytefortress","23259","14413","8846"
"2012-10-30","Bytefortress","23259","14413","8846"
"2012-11-05","Bytefortress","23259","14413","8846"
"2012-11-06","Bytefortress","23259","14413","8846"
"2012-11-09","Bytefortress","23259","14413","8846"
"2012-11-11","Bytefortress","69777","43239","26538"
"2012-11-16","Bytefortress","69777","43239","26538"
"2012-11-17","Bytefortress","23259","14413","8846"
"2012-11-19","Bytefortress","46518","28826","17692"
"2012-11-20","Bytefortress","23259","14413","8846"
"2012-11-21","Bytefortress","23259","14413","8846"
"2012-11-22","Bytefortress","46518","28826","17692"
"2012-11-23","Bytefortress","23259","14413","8846"
"2012-11-25","Bytefortress","23259","14413","8846"
"2012-11-26","Bytefortress","23259","14413","8846"
"2012-11-28","Bytefortress","23259","14413","8846"
"2012-12-02","Bytefortress","23259","14413","8846"
"2012-12-04","Bytefortress","23259","14413","8846"
"2012-12-05","Bytefortress","23259","14413","8846"
"2012-12-08","Bytefortress","23259","14413","8846"
"2012-12-10","Bytefortress","23259","14413","8846"
"2012-12-11","Bytefortress","23259","14413","8846"
"2012-12-15","Bytefortress","23259","14413","8846"
"2012-12-18","Bytefortress","23259","14413","8846"
"2012-12-20","Bytefortress","46518","28826","17692"
"2012-12-22","Bytefortress","23259","14413","8846"
"2012-12-26","Bytefortress","46518","28826","17692"
"2012-12-27","Bytefortress","46518","28826","17692"
"2012-12-29","Bytefortress","23259","14413","8846"
"2012-12-30","Bytefortress","23259","14413","8846"
"2013-01-02","Bytefortress","23259","14413","8846"
"2013-01-03","Bytefortress","23259","14413","8846"
"2013-01-04","Bytefortress","46518","28826","17692"
"2013-01-05","Bytefortress","23259","14413","8846"
"2013-01-09","Bytefortress","46518","28826","17692"
"2013-01-13","Bytefortress","46518","28826","17692"
"2013-01-14","Bytefortress","46518","28826","17692"
"2013-01-15","Bytefortress","23259","14413","8846"
"2013-01-16","Bytefortress","23259","14413","8846"
"2013-01-17","Bytefortress","23259","14413","8846"
"2013-01-18","Bytefortress","23259","14413","8846"
"2013-01-19","Bytefortress","23259","14413","8846"
"2013-01-20","Bytefortress","69777","43239","26538"
"2013-01-21","Bytefortress","46518","28826","17692"
"2013-01-22","Bytefortress","23259","14413","8846"
"2013-01-24","Bytefortress","23259","14413","8846"
"2013-01-25","Bytefortress","23259","14413","8846"
"2013-01-26","Bytefortress","23259","14413","8846"
"2013-01-27","Bytefortress","23259","14413","8846"
"2013-01-28","Bytefortress","23259","14413","8846"
"2013-01-29","Bytefortress","23259","14413","8846"
"2013-02-01","Bytefortress","23259","14413","8846"
"2013-02-02","Bytefortress","23259","14413","8846"
"2013-02-03","Bytefortress","23259","14413","8846"
"2013-02-04","Bytefortress","23259","14413","8846"
"2013-02-05","Bytefortress","46518","28826","17692"
"2013-02-06","Bytefortress","69777","43239","26538"
"2013-02-07","Bytefortress","69777","43239","26538"
"2013-02-08","Bytefortress","139554","86478","53076"
"2013-02-09","Bytefortress","23259","14413","8846"
"2013-02-10","Bytefortress","69777","43239","26538"
"2013-02-11","Bytefortress","23259","14413","8846"
"2013-02-13","Bytefortress","46518","28826","17692"
"2013-02-14","Bytefortress","23259","14413","8846"
"2013-02-15","Bytefortress","93036","57652","35384"
"2013-02-16","Bytefortress","23259","14413","8846"
"2013-02-17","Bytefortress","69777","43239","26538"
"2013-02-19","Bytefortress","23259","14413","8846"
"2013-02-20","Bytefortress","23259","14413","8846"
"2013-02-22","Bytefortress","46518","28826","17692"
"2013-02-23","Bytefortress","23259","14413","8846"
"2013-02-24","Bytefortress","46518","28826","17692"
"2013-02-25","Bytefortress","69777","43239","26538"
"2013-02-26","Bytefortress","23259","14413","8846"
"2013-02-27","Bytefortress","69777","43239","26538"
"2013-02-28","Bytefortress","69777","43239","26538"
"2013-03-03","Bytefortress","46518","28826","17692"
"2013-03-04","Bytefortress","23259","14413","8846"
"2013-03-05","Bytefortress","69777","43239","26538"
"2013-03-06","Bytefortress","46518","28826","17692"
"2013-03-07","Bytefortress","93036","57652","35384"
"2013-03-08","Bytefortress","46518","28826","17692"
"2013-03-09","Bytefortress","69777","43239","26538"
"2013-03-10","Bytefortress","46518","28826","17692"
"2013-03-11","Bytefortress","93036","57652","35384"
"2013-03-12","Bytefortress","46518","28826","17692"
"2013-03-13","Bytefortress","46518","28826","17692"
"2013-03-14","Bytefortress","46518","28826","17692"
"2013-03-15","Bytefortress","23259","14413","8846"
"2013-03-16","Bytefortress","23259","14413","8846"
"2013-03-17","Bytefortress","46518","28826","17692"
"2013-03-19","Bytefortress","23259","14413","8846"
"2013-03-20","Bytefortress","23259","14413","8846"
"2013-03-22","Bytefortress","46518","28826","17692"
"2013-03-23","Bytefortress","46518","28826","17692"
"2013-03-24","Bytefortress","69777","43239","26538"
"2013-03-26","Bytefortress","46518","28826","17692"
"2013-03-27","Bytefortress","93036","57652","35384"
"2013-03-28","Bytefortress","46518","28826","17692"
"2013-03-29","Bytefortress","46518","28826","17692"
"2013-03-30","Bytefortress","93036","57652","35384"
"2013-03-31","Bytefortress","46518","28826","17692"
"2013-04-01","Bytefortress","23259","14413","8846"
"2013-04-02","Bytefortress","93036","57652","35384"
"2013-04-03","Bytefortress","23259","14413","8846"
"2013-04-04","Bytefortress","23259","14413","8846"
"2013-04-05","Bytefortress","46518","28826","17692"
"2013-04-06","Bytefortress","69777","43239","26538"
"2013-04-07","Bytefortress","69777","43239","26538"
"2013-04-08","Bytefortress","46518","28826","17692"
"2013-04-09","Bytefortress","23259","14413","8846"
"2013-04-10","Bytefortress","23259","14413","8846"
"2013-04-11","Bytefortress","23259","14413","8846"
"2013-04-13","Bytefortress","23259","14413","8846"
"2013-04-14","Bytefortress","69777","43239","26538"
"2013-04-15","Bytefortress","46518","28826","17692"
"2013-04-19","Bytefortress","46518","28826","17692"
"2013-04-20","Bytefortress","46518","28826","17692"
"2013-04-21","Bytefortress","46518","28826","17692"
"2013-04-22","Bytefortress","93036","57652","35384"
"2013-04-23","Bytefortress","46518","28826","17692"
"2013-04-24","Bytefortress","69777","43239","26538"
"2013-04-25","Bytefortress","23259","14413","8846"
"2013-04-26","Bytefortress","23259","14413","8846"
"2013-04-27","Bytefortress","69777","43239","26538"
"2013-04-29","Bytefortress","23259","14413","8846"
"2013-05-01","Bytefortress","46518","28826","17692"
"2013-05-02","Bytefortress","93036","57652","35384"
"2013-05-03","Bytefortress","46518","28826","17692"
"2013-05-04","Bytefortress","69777","43239","26538"
"2013-05-07","Bytefortress","46518","28826","17692"
"2013-05-08","Bytefortress","46518","28826","17692"
"2013-05-09","Bytefortress","69777","43239","26538"
"2013-05-10","Bytefortress","46518","28826","17692"
"2013-05-11","Bytefortress","46518","28826","17692"
"2013-05-12","Bytefortress","116295","72065","44230"
"2013-05-13","Bytefortress","46518","28826","17692"
"2013-05-14","Bytefortress","46518","28826","17692"
"2013-05-17","Bytefortress","46518","28826","17692"
"2013-05-18","Bytefortress","69777","43239","26538"
"2013-05-19","Bytefortress","46518","28826","17692"
"2013-05-20","Bytefortress","23259","14413","8846"
"2013-05-21","Bytefortress","23259","14413","8846"
"2013-05-24","Bytefortress","23259","14413","8846"
"2013-05-25","Bytefortress","23259","14413","8846"
"2013-05-26","Bytefortress","23259","14413","8846"
"2013-05-27","Bytefortress","23259","14413","8846"
"2013-05-28","Bytefortress","46518","28826","17692"
"2013-05-29","Bytefortress","46518","28826","17692"
"2013-05-30","Bytefortress","23259","14413","8846"
"2008-06-01","Byteweasel","204934","203142","1792"
"2008-06-02","Byteweasel","379990","381030","-1040"
"2008-06-03","Byteweasel","261983","261630","353"
"2008-06-04","Byteweasel","228023","226353","1670"
"2008-06-05","Byteweasel","189995","190515","-520"
"2008-06-06","Byteweasel","189995","190515","-520"
"2008-06-07","Byteweasel","265993","266721","-728"
"2008-06-08","Byteweasel","346860","346495","365"
"2008-06-09","Byteweasel","189995","190515","-520"
"2008-06-10","Byteweasel","318030","314298","3732"
"2008-06-11","Byteweasel","228023","226353","1670"
"2008-06-12","Byteweasel","227994","228618","-624"
"2008-06-13","Byteweasel","192854","192884","-30"
"2008-06-14","Byteweasel","189995","190515","-520"
"2008-06-15","Byteweasel","232033","231444","589"
"2008-06-16","Byteweasel","304942","305393","-451"
"2008-06-17","Byteweasel","227994","228618","-624"
"2008-06-18","Byteweasel","265993","266721","-728"
"2008-06-19","Byteweasel","156035","155238","797"
"2008-06-20","Byteweasel","275021","272942","2079"
"2008-06-21","Byteweasel","226843","225896","947"
"2008-06-22","Byteweasel","189995","190515","-520"
"2008-06-23","Byteweasel","189995","190515","-520"
"2008-06-24","Byteweasel","151996","152412","-416"
"2008-06-25","Byteweasel","261983","261630","353"
"2008-06-26","Byteweasel","192854","192884","-30"
"2008-06-27","Byteweasel","232103","231587","516"
"2008-06-28","Byteweasel","346100","345896","204"
"2008-06-29","Byteweasel","355510","351651","3859"
"2008-06-30","Byteweasel","307093","304361","2732"
"2008-07-01","Byteweasel","223984","223527","457"
"2008-07-02","Byteweasel","151996","152412","-416"
"2008-07-03","Byteweasel","307801","307762","39"
"2008-07-04","Byteweasel","228944","229187","-243"
"2008-07-05","Byteweasel","151996","152412","-416"
"2008-07-06","Byteweasel","341991","342927","-936"
"2008-07-07","Byteweasel","91887","89402","2485"
"2008-07-08","Byteweasel","189995","190515","-520"
"2008-07-09","Byteweasel","269982","269655","327"
"2008-07-10","Byteweasel","300932","300302","630"
"2008-07-11","Byteweasel","303992","304824","-832"
"2008-07-12","Byteweasel","265993","266721","-728"
"2008-07-13","Byteweasel","303992","304824","-832"
"2008-07-14","Byteweasel","112846","111587","1259"
"2008-07-15","Byteweasel","308981","308219","762"
"2008-07-16","Byteweasel","308031","307650","381"
"2008-07-17","Byteweasel","381890","382168","-278"
"2008-07-18","Byteweasel","307093","304361","2732"
"2008-07-19","Byteweasel","343920","341800","2120"
"2008-07-20","Byteweasel","112846","111587","1259"
"2008-07-21","Byteweasel","388088","386933","1155"
"2008-07-22","Byteweasel","455988","457236","-1248"
"2008-07-23","Byteweasel","156035","155238","797"
"2008-07-24","Byteweasel","198915","194189","4726"
"2008-07-25","Byteweasel","227994","228618","-624"
"2008-07-26","Byteweasel","232983","232013","970"
"2008-07-27","Byteweasel","338931","338405","526"
"2008-07-28","Byteweasel","314579","313130","1449"
"2008-07-29","Byteweasel","385929","384994","935"
"2008-07-30","Byteweasel","303992","304824","-832"
"2008-07-31","Byteweasel","190945","191084","-139"
"2008-08-01","Byteweasel","113997","114309","-312"
"2008-08-02","Byteweasel","185985","185424","561"
"2008-08-03","Byteweasel","227994","228618","-624"
"2008-08-04","Byteweasel","227994","228618","-624"
"2008-08-05","Byteweasel","154855","154781","74"
"2008-08-06","Byteweasel","271812","270858","954"
"2008-08-07","Byteweasel","113997","114309","-312"
"2008-08-08","Byteweasel","272882","271254","1628"
"2008-08-09","Byteweasel","116856","116678","178"
"2008-08-10","Byteweasel","230853","230987","-134"
"2008-08-11","Byteweasel","85167","82112","3055"
"2008-08-12","Byteweasel","192854","192884","-30"
"2008-08-13","Byteweasel","315529","313699","1830"
"2008-08-14","Byteweasel","228944","229187","-243"
"2008-08-15","Byteweasel","261983","261630","353"
"2008-08-16","Byteweasel","342941","343496","-555"
"2008-08-17","Byteweasel","79807","79144","663"
"2008-08-18","Byteweasel","265993","266721","-728"
"2008-08-19","Byteweasel","201874","198620","3254"
"2008-08-20","Byteweasel","269094","266258","2836"
"2008-08-21","Byteweasel","113997","114309","-312"
"2008-08-22","Byteweasel","268852","269090","-238"
"2008-08-23","Byteweasel","151996","152412","-416"
"2008-08-24","Byteweasel","307093","304361","2732"
"2008-08-25","Byteweasel","303992","304824","-832"
"2008-08-26","Byteweasel","118036","117135","901"
"2008-08-27","Byteweasel","299982","299733","249"
"2008-08-28","Byteweasel","495887","496477","-590"
"2008-08-29","Byteweasel","227994","228618","-624"
"2008-08-30","Byteweasel","299982","299733","249"
"2008-08-31","Byteweasel","455988","457236","-1248"
"2008-09-01","Byteweasel","266943","267290","-347"
"2008-09-02","Byteweasel","341991","342927","-936"
"2008-09-03","Byteweasel","193984","193449","535"
"2008-09-04","Byteweasel","233712","233356","356"
"2008-09-05","Byteweasel","75998","76206","-208"
"2008-09-06","Byteweasel","189995","190515","-520"
"2008-09-07","Byteweasel","189995","190515","-520"
"2008-09-08","Byteweasel","154855","154781","74"
"2008-09-09","Byteweasel","189995","190515","-520"
"2008-09-10","Byteweasel","151996","152412","-416"
"2008-09-11","Byteweasel","119715","119047","668"
"2008-09-12","Byteweasel","455988","457236","-1248"
"2008-09-13","Byteweasel","303992","304824","-832"
"2008-09-14","Byteweasel","113997","114309","-312"
"2008-09-15","Byteweasel","261983","261630","353"
"2008-09-16","Byteweasel","227994","228618","-624"
"2008-09-17","Byteweasel","387838","386794","1044"
"2008-09-18","Byteweasel","113997","114309","-312"
"2008-09-19","Byteweasel","346980","346322","658"
"2008-09-20","Byteweasel","76948","76775","173"
"2008-09-21","Byteweasel","228853","227095","1758"
"2008-09-22","Byteweasel","227994","228618","-624"
"2008-09-23","Byteweasel","189995","190515","-520"
"2008-09-24","Byteweasel","384029","383856","173"
"2008-09-25","Byteweasel","343891","344065","-174"
"2008-09-26","Byteweasel","156035","155238","797"
"2008-09-27","Byteweasel","85026","82427","2599"
"2008-09-28","Byteweasel","355199","351659","3540"
"2008-09-29","Byteweasel","199164","196421","2743"
"2008-09-30","Byteweasel","303992","304824","-832"
"2008-10-01","Byteweasel","265993","266721","-728"
"2008-10-02","Byteweasel","113997","114309","-312"
"2008-10-03","Byteweasel","154855","154781","74"
"2008-10-04","Byteweasel","303992","304824","-832"
"2008-10-05","Byteweasel","228944","229187","-243"
"2008-10-06","Byteweasel","341991","342927","-936"
"2008-10-07","Byteweasel","117098","113846","3252"
"2008-10-08","Byteweasel","380940","381599","-659"
"2008-10-09","Byteweasel","151996","152412","-416"
"2008-10-10","Byteweasel","199164","196421","2743"
"2008-10-11","Byteweasel","266943","267290","-347"
"2008-10-12","Byteweasel","264842","263999","843"
"2008-10-13","Byteweasel","308031","307650","381"
"2008-10-14","Byteweasel","344850","345296","-446"
"2008-10-15","Byteweasel","151996","152412","-416"
"2008-10-16","Byteweasel","380019","378765","1254"
"2008-10-17","Byteweasel","270032","269547","485"
"2008-10-18","Byteweasel","151996","152412","-416"
"2008-10-19","Byteweasel","80867","79774","1093"
"2008-10-20","Byteweasel","223984","223527","457"
"2008-10-21","Byteweasel","382849","383399","-550"
"2008-10-22","Byteweasel","270032","269547","485"
"2008-10-23","Byteweasel","232863","232186","677"
"2008-10-24","Byteweasel","304942","305393","-451"
"2008-10-25","Byteweasel","151996","152412","-416"
"2008-10-26","Byteweasel","155805","155350","455"
"2008-10-27","Byteweasel","232033","231444","589"
"2008-10-28","Byteweasel","265993","266721","-728"
"2008-10-29","Byteweasel","375980","375939","41"
"2008-10-30","Byteweasel","194034","193341","693"
"2008-10-31","Byteweasel","228944","229187","-243"
"2008-11-01","Byteweasel","313161","310730","2431"
"2008-11-02","Byteweasel","265993","266721","-728"
"2008-11-03","Byteweasel","223984","223527","457"
"2008-11-04","Byteweasel","228023","226353","1670"
"2008-11-05","Byteweasel","156985","155807","1178"
"2008-11-06","Byteweasel","396007","392239","3768"
"2008-11-07","Byteweasel","228944","229187","-243"
"2008-11-08","Byteweasel","310194","303898","6296"
"2008-11-09","Byteweasel","265972","264564","1408"
"2008-11-10","Byteweasel","118036","117135","901"
"2008-11-11","Byteweasel","342941","343496","-555"
"2008-11-12","Byteweasel","113997","114309","-312"
"2008-11-13","Byteweasel","189995","190515","-520"
"2008-11-14","Byteweasel","152946","152981","-35"
"2008-11-15","Byteweasel","236072","234270","1802"
"2008-11-16","Byteweasel","228973","226922","2051"
"2008-11-17","Byteweasel","379990","381030","-1040"
"2008-11-18","Byteweasel","271812","270858","954"
"2008-11-19","Byteweasel","261983","261630","353"
"2008-11-20","Byteweasel","156865","155980","885"
"2008-11-21","Byteweasel","233954","230524","3430"
"2008-11-22","Byteweasel","312790","311157","1633"
"2008-11-23","Byteweasel","113997","114309","-312"
"2008-11-24","Byteweasel","227994","228618","-624"
"2008-11-25","Byteweasel","230853","230987","-134"
"2008-11-26","Byteweasel","346042","343033","3009"
"2008-11-27","Byteweasel","193096","190052","3044"
"2008-11-28","Byteweasel","151996","152412","-416"
"2008-11-29","Byteweasel","266943","267290","-347"
"2008-11-30","Byteweasel","227994","228618","-624"
"2008-12-01","Byteweasel","380940","381599","-659"
"2008-12-02","Byteweasel","379990","381030","-1040"
"2008-12-03","Byteweasel","309931","308788","1143"
"2008-12-04","Byteweasel","194864","194083","781"
"2008-12-05","Byteweasel","118866","117877","989"
"2008-12-06","Byteweasel","37999","38103","-104"
"2008-12-07","Byteweasel","227994","228618","-624"
"2008-12-08","Byteweasel","238113","235093","3020"
"2008-12-09","Byteweasel","308751","308331","420"
"2008-12-10","Byteweasel","341082","337373","3709"
"2008-12-11","Byteweasel","118036","117135","901"
"2008-12-12","Byteweasel","310272","306563","3709"
"2008-12-13","Byteweasel","113997","114309","-312"
"2008-12-14","Byteweasel","194034","193341","693"
"2008-12-15","Byteweasel","190945","191084","-139"
"2008-12-16","Byteweasel","379990","381030","-1040"
"2008-12-17","Byteweasel","265993","266721","-728"
"2008-12-18","Byteweasel","121725","120246","1479"
"2008-12-19","Byteweasel","265993","266721","-728"
"2008-12-20","Byteweasel","194104","193484","620"
"2008-12-21","Byteweasel","230853","230987","-134"
"2008-12-22","Byteweasel","261983","261630","353"
"2008-12-23","Byteweasel","197135","192878","4257"
"2008-12-24","Byteweasel","346030","345753","277"
"2008-12-25","Byteweasel","78857","78575","282"
"2008-12-26","Byteweasel","385941","382274","3667"
"2008-12-27","Byteweasel","189995","190515","-520"
"2008-12-28","Byteweasel","152025","150147","1878"
"2008-12-29","Byteweasel","380940","381599","-659"
"2008-12-30","Byteweasel","304942","305393","-451"
"2008-12-31","Byteweasel","308890","306127","2763"
"2009-01-01","Byteweasel","503694","503011","683"
"2009-01-02","Byteweasel","375980","375939","41"
"2009-01-03","Byteweasel","645983","647751","-1768"
"2009-01-04","Byteweasel","493987","495339","-1352"
"2009-01-05","Byteweasel","609884","610786","-902"
"2009-01-06","Byteweasel","271953","268627","3326"
"2009-01-07","Byteweasel","570844","570022","822"
"2009-01-08","Byteweasel","457797","456282","1515"
"2009-01-09","Byteweasel","348889","348122","767"
"2009-01-10","Byteweasel","584662","582184","2478"
"2009-01-11","Byteweasel","570084","569423","661"
"2009-01-12","Byteweasel","418939","419702","-763"
"2009-01-13","Byteweasel","578075","574477","3598"
"2009-01-14","Byteweasel","304851","303301","1550"
"2009-01-15","Byteweasel","382849","383399","-550"
"2009-01-16","Byteweasel","319748","316521","3227"
"2009-01-17","Byteweasel","608013","607383","630"
"2009-01-18","Byteweasel","227994","228618","-624"
"2009-01-19","Byteweasel","458826","457448","1378"
"2009-01-20","Byteweasel","494937","495908","-971"
"2009-01-21","Byteweasel","457888","458374","-486"
"2009-01-22","Byteweasel","260832","258908","1924"
"2009-01-23","Byteweasel","262933","262199","734"
"2009-01-24","Byteweasel","496846","497708","-862"
"2009-01-25","Byteweasel","434056","430234","3822"
"2009-01-26","Byteweasel","269802","269659","143"
"2009-01-27","Byteweasel","346199","343774","2425"
"2009-01-28","Byteweasel","456938","457805","-867"
"2009-01-29","Byteweasel","537144","534858","2286"
"2009-01-30","Byteweasel","465016","463457","1559"
"2009-01-31","Byteweasel","456017","454971","1046"
"2009-02-01","Byteweasel","262933","262199","734"
"2009-02-02","Byteweasel","227994","228618","-624"
"2009-02-03","Byteweasel","540894","539836","1058"
"2009-02-04","Byteweasel","687083","685391","1692"
"2009-02-05","Byteweasel","422858","422701","157"
"2009-02-06","Byteweasel","556193","549871","6322"
"2009-02-07","Byteweasel","382849","383399","-550"
"2009-02-08","Byteweasel","574974","574940","34"
"2009-02-09","Byteweasel","342119","341269","850"
"2009-02-10","Byteweasel","432385","430377","2008"
"2009-02-11","Byteweasel","308031","307650","381"
"2009-02-12","Byteweasel","347810","347064","746"
"2009-02-13","Byteweasel","358369","354020","4349"
"2009-02-14","Byteweasel","346860","346495","365"
"2009-02-15","Byteweasel","580673","579250","1423"
"2009-02-16","Byteweasel","390868","388705","2163"
"2009-02-17","Byteweasel","760009","759795","214"
"2009-02-18","Byteweasel","478655","475800","2855"
"2009-02-19","Byteweasel","540084","539345","739"
"2009-02-20","Byteweasel","320009","316033","3976"
"2009-02-21","Byteweasel","567875","567592","283"
"2009-02-22","Byteweasel","762188","761536","652"
"2009-02-23","Byteweasel","429058","426177","2881"
"2009-02-24","Byteweasel","276112","273196","2916"
"2009-02-25","Byteweasel","306851","307193","-342"
"2009-02-26","Byteweasel","481155","472007","9148"
"2009-02-27","Byteweasel","455988","457236","-1248"
"2009-02-28","Byteweasel","457888","458374","-486"
"2009-03-01","Byteweasel","570014","569280","734"
"2009-03-02","Byteweasel","311711","310099","1612"
"2009-03-03","Byteweasel","572873","571649","1224"
"2009-03-04","Byteweasel","344850","345296","-446"
"2009-03-05","Byteweasel","306851","307193","-342"
"2009-03-06","Byteweasel","464896","463630","1266"
"2009-03-07","Byteweasel","341991","342927","-936"
"2009-03-08","Byteweasel","237163","234524","2639"
"2009-03-09","Byteweasel","498976","498734","242"
"2009-03-10","Byteweasel","344850","345296","-446"
"2009-03-11","Byteweasel","266831","263041","3790"
"2009-03-12","Byteweasel","417989","419133","-1144"
"2009-03-13","Byteweasel","535975","536376","-401"
"2009-03-14","Byteweasel","379990","381030","-1040"
"2009-03-15","Byteweasel","419268","420197","-929"
"2009-03-16","Byteweasel","194034","193341","693"
"2009-03-17","Byteweasel","533824","530223","3601"
"2009-03-18","Byteweasel","536025","536268","-243"
"2009-03-19","Byteweasel","464896","463630","1266"
"2009-03-20","Byteweasel","271932","270685","1247"
"2009-03-21","Byteweasel","542573","541748","825"
"2009-03-22","Byteweasel","539834","539206","628"
"2009-03-23","Byteweasel","380940","381599","-659"
"2009-03-24","Byteweasel","379990","381030","-1040"
"2009-03-25","Byteweasel","309811","308961","850"
"2009-03-26","Byteweasel","455988","457236","-1248"
"2009-03-27","Byteweasel","608934","610217","-1283"
"2009-03-28","Byteweasel","465157","463142","2015"
"2009-03-29","Byteweasel","577125","573908","3217"
"2009-03-30","Byteweasel","384029","383856","173"
"2009-03-31","Byteweasel","417989","419133","-1144"
"2009-04-01","Byteweasel","268852","269090","-238"
"2009-04-02","Byteweasel","423897","418364","5533"
"2009-04-03","Byteweasel","391869","389135","2734"
"2009-04-04","Byteweasel","527976","528351","-375"
"2009-04-05","Byteweasel","650972","651146","-174"
"2009-04-06","Byteweasel","760021","757075","2946"
"2009-04-07","Byteweasel","237163","234524","2639"
"2009-04-08","Byteweasel","310101","306208","3893"
"2009-04-09","Byteweasel","500897","497814","3083"
"2009-04-10","Byteweasel","733879","732136","1743"
"2009-04-11","Byteweasel","534845","535811","-966"
"2009-04-12","Byteweasel","431886","428922","2964"
"2009-04-13","Byteweasel","380019","378765","1254"
"2009-04-14","Byteweasel","550013","543934","6079"
"2009-04-15","Byteweasel","387838","386794","1044"
"2009-04-16","Byteweasel","460977","460631","346"
"2009-04-17","Byteweasel","342941","343496","-555"
"2009-04-18","Byteweasel","462877","461769","1108"
"2009-04-19","Byteweasel","379990","381030","-1040"
"2009-04-20","Byteweasel","452007","449880","2127"
"2009-04-21","Byteweasel","321009","316494","4515"
"2009-04-22","Byteweasel","312670","311330","1340"
"2009-04-23","Byteweasel","419889","420271","-382"
"2009-04-24","Byteweasel","429058","426177","2881"
"2009-04-25","Byteweasel","457888","458374","-486"
"2009-04-26","Byteweasel","566724","564870","1854"
"2009-04-27","Byteweasel","227994","228618","-624"
"2009-04-28","Byteweasel","348839","348230","609"
"2009-04-29","Byteweasel","458847","459605","-758"
"2009-04-30","Byteweasel","156865","155980","885"
"2009-05-01","Byteweasel","414838","412519","2319"
"2009-05-02","Byteweasel","646933","648320","-1387"
"2009-05-03","Byteweasel","573794","574483","-689"
"2009-05-04","Byteweasel","341991","342927","-936"
"2009-05-05","Byteweasel","455988","457236","-1248"
"2009-05-06","Byteweasel","346100","345896","204"
"2009-05-07","Byteweasel","308861","308392","469"
"2009-05-08","Byteweasel","344850","345296","-446"
"2009-05-09","Byteweasel","427158","425039","2119"
"2009-05-10","Byteweasel","303992","304824","-832"
"2009-05-11","Byteweasel","852968","842037","10931"
"2009-05-12","Byteweasel","496837","497046","-209"
"2009-05-13","Byteweasel","493966","493182","784"
"2009-05-14","Byteweasel","342970","341231","1739"
"2009-05-15","Byteweasel","355510","351651","3859"
"2009-05-16","Byteweasel","420848","421502","-654"
"2009-05-17","Byteweasel","531785","531289","496"
"2009-05-18","Byteweasel","751960","751878","82"
"2009-05-19","Byteweasel","721981","723957","-1976"
"2009-05-20","Byteweasel","649792","650689","-897"
"2009-05-21","Byteweasel","472144","468540","3604"
"2009-05-22","Byteweasel","532936","534011","-1075"
"2009-05-23","Byteweasel","199492","197517","1975"
"2009-05-24","Byteweasel","425129","421496","3633"
"2009-05-25","Byteweasel","392587","390535","2052"
"2009-05-26","Byteweasel","116856","116678","178"
"2009-05-27","Byteweasel","432147","428434","3713"
"2009-05-28","Byteweasel","493987","495339","-1352"
"2009-05-29","Byteweasel","460857","460804","53"
"2009-05-30","Byteweasel","545206","539454","5752"
"2009-05-31","Byteweasel","342941","343496","-555"
"2009-06-01","Byteweasel","428677","426838","1839"
"2009-06-02","Byteweasel","774330","766929","7401"
"2009-06-03","Byteweasel","831968","833175","-1207"
"2009-06-04","Byteweasel","655740","655315","425"
"2009-06-05","Byteweasel","270032","269547","485"
"2009-06-06","Byteweasel","427727","426269","1458"
"2009-06-07","Byteweasel","577713","577482","231"
"2009-06-08","Byteweasel","764849","765628","-779"
"2009-06-09","Byteweasel","498055","495900","2155"
"2009-06-10","Byteweasel","599964","599466","498"
"2009-06-11","Byteweasel","774707","772591","2116"
"2009-06-12","Byteweasel","912725","912888","-163"
"2009-06-13","Byteweasel","958065","955507","2558"
"2009-06-14","Byteweasel","565975","566454","-479"
"2009-06-15","Byteweasel","539076","535913","3163"
"2009-06-16","Byteweasel","764849","765628","-779"
"2009-06-17","Byteweasel","495695","494986","709"
"2009-06-18","Byteweasel","801968","803097","-1129"
"2009-06-19","Byteweasel","639820","634118","5702"
"2009-06-20","Byteweasel","732222","725857","6365"
"2009-06-21","Byteweasel","683982","685854","-1872"
"2009-06-22","Byteweasel","384029","383856","173"
"2009-06-23","Byteweasel","814046","811264","2782"
"2009-06-24","Byteweasel","976093","970391","5702"
"2009-06-25","Byteweasel","536925","536945","-20"
"2009-06-26","Byteweasel","573703","572391","1312"
"2009-06-27","Byteweasel","768140","765135","3005"
"2009-06-28","Byteweasel","589772","584728","5044"
"2009-06-29","Byteweasel","881705","882306","-601"
"2009-06-30","Byteweasel","649084","647288","1796"
"2009-07-01","Byteweasel","461807","461373","434"
"2009-07-02","Byteweasel","460857","460804","53"
"2009-07-03","Byteweasel","419798","418179","1619"
"2009-07-04","Byteweasel","732100","730432","1668"
"2009-07-05","Byteweasel","721809","719539","2270"
"2009-07-06","Byteweasel","454837","454514","323"
"2009-07-07","Byteweasel","540784","539775","1009"
"2009-07-08","Byteweasel","527976","528351","-375"
"2009-07-09","Byteweasel","314941","310125","4816"
"2009-07-10","Byteweasel","588982","582857","6125"
"2009-07-11","Byteweasel","774997","769838","5159"
"2009-07-12","Byteweasel","532936","534011","-1075"
"2009-07-13","Byteweasel","735547","734459","1088"
"2009-07-14","Byteweasel","774009","768956","5053"
"2009-07-15","Byteweasel","499806","499476","330"
"2009-07-16","Byteweasel","423048","422671","377"
"2009-07-17","Byteweasel","730578","728137","2441"
"2009-07-18","Byteweasel","611702","610494","1208"
"2009-07-19","Byteweasel","589273","583926","5347"
"2009-07-20","Byteweasel","581054","578589","2465"
"2009-07-21","Byteweasel","538875","537975","900"
"2009-07-22","Byteweasel","234571","231833","2738"
"2009-07-23","Byteweasel","608963","607952","1011"
"2009-07-24","Byteweasel","734600","730508","4092"
"2009-07-25","Byteweasel","630739","625939","4800"
"2009-07-26","Byteweasel","495775","492228","3547"
"2009-07-27","Byteweasel","585783","582649","3134"
"2009-07-28","Byteweasel","441265","435421","5844"
"2009-07-29","Byteweasel","438176","433164","5012"
"2009-07-30","Byteweasel","646933","648320","-1387"
"2009-07-31","Byteweasel","494937","495908","-971"
"2009-08-01","Byteweasel","807837","807126","711"
"2009-08-02","Byteweasel","462985","460309","2676"
"2009-08-03","Byteweasel","684932","686423","-1491"
"2009-08-04","Byteweasel","725790","726895","-1105"
"2009-08-05","Byteweasel","459797","460174","-377"
"2009-08-06","Byteweasel","694101","692329","1772"
"2009-08-07","Byteweasel","345092","342464","2628"
"2009-08-08","Byteweasel","541743","541006","737"
"2009-08-09","Byteweasel","650742","651258","-516"
"2009-08-10","Byteweasel","539714","539379","335"
"2009-08-11","Byteweasel","622142","618949","3193"
"2009-08-12","Byteweasel","497796","498277","-481"
"2009-08-13","Byteweasel","503725","502475","1250"
"2009-08-14","Byteweasel","468104","466537","1567"
"2009-08-15","Byteweasel","730901","727631","3270"
"2009-08-16","Byteweasel","313160","311331","1829"
"2009-08-17","Byteweasel","538863","536480","2383"
"2009-08-18","Byteweasel","637250","629407","7843"
"2009-08-19","Byteweasel","608934","610217","-1283"
"2009-08-20","Byteweasel","680001","678498","1503"
"2009-08-21","Byteweasel","651922","651715","207"
"2009-08-22","Byteweasel","746898","743374","3524"
"2009-08-23","Byteweasel","604924","605126","-202"
"2009-08-24","Byteweasel","470146","466537","3609"
"2009-08-25","Byteweasel","574986","572220","2766"
"2009-08-26","Byteweasel","533886","534580","-694"
"2009-08-27","Byteweasel","653831","653515","316"
"2009-08-28","Byteweasel","469196","465968","3228"
"2009-08-29","Byteweasel","996052","996330","-278"
"2009-08-30","Byteweasel","625782","624644","1138"
"2009-08-31","Byteweasel","628742","626412","2330"
"2009-09-01","Byteweasel","661658","657330","4328"
"2009-09-02","Byteweasel","572844","573914","-1070"
"2009-09-03","Byteweasel","795898","793945","1953"
"2009-09-04","Byteweasel","798929","800732","-1803"
"2009-09-05","Byteweasel","536025","536268","-243"
"2009-09-06","Byteweasel","384099","383999","100"
"2009-09-07","Byteweasel","540964","539771","1193"
"2009-09-08","Byteweasel","610843","612017","-1174"
"2009-09-09","Byteweasel","465237","461405","3832"
"2009-09-10","Byteweasel","312070","310476","1594"
"2009-09-11","Byteweasel","459977","460170","-193"
"2009-09-12","Byteweasel","504644","503580","1064"
"2009-09-13","Byteweasel","677862","676810","1052"
"2009-09-14","Byteweasel","469295","466575","2720"
"2009-09-15","Byteweasel","701700","695861","5839"
"2009-09-16","Byteweasel","315171","310013","5158"
"2009-09-17","Byteweasel","557392","550756","6636"
"2009-09-18","Byteweasel","611793","612586","-793"
"2009-09-19","Byteweasel","645983","647751","-1768"
"2009-09-20","Byteweasel","874927","876938","-2011"
"2009-09-21","Byteweasel","806808","801745","5063"
"2009-09-22","Byteweasel","462886","462431","455"
"2009-09-23","Byteweasel","1065922","1063699","2223"
"2009-09-24","Byteweasel","731009","730178","831"
"2009-09-25","Byteweasel","422978","422528","450"
"2009-09-26","Byteweasel","734959","732801","2158"
"2009-09-27","Byteweasel","545194","542174","3020"
"2009-09-28","Byteweasel","580673","579250","1423"
"2009-09-29","Byteweasel","721780","721804","-24"
"2009-09-30","Byteweasel","690751","690560","191"
"2009-10-01","Byteweasel","769008","768281","727"
"2009-10-02","Byteweasel","496846","497708","-862"
"2009-10-03","Byteweasel","507195","504071","3124"
"2009-10-04","Byteweasel","736089","733366","2723"
"2009-10-05","Byteweasel","466925","465257","1668"
"2009-10-06","Byteweasel","388887","385241","3646"
"2009-10-07","Byteweasel","464006","460420","3586"
"2009-10-08","Byteweasel","504994","503503","1491"
"2009-10-09","Byteweasel","537045","536980","65"
"2009-10-10","Byteweasel","537704","538180","-476"
"2009-10-11","Byteweasel","270862","270289","573"
"2009-10-12","Byteweasel","425129","421496","3633"
"2009-10-13","Byteweasel","464666","463742","924"
"2009-10-14","Byteweasel","652980","650824","2156"
"2009-10-15","Byteweasel","712810","711053","1757"
"2009-10-16","Byteweasel","616732","616089","643"
"2009-10-17","Byteweasel","494937","495908","-971"
"2009-10-18","Byteweasel","684911","684266","645"
"2009-10-19","Byteweasel","840545","840282","263"
"2009-10-20","Byteweasel","804868","804696","172"
"2009-10-21","Byteweasel","730889","730351","538"
"2009-10-22","Byteweasel","728090","725341","2749"
"2009-10-23","Byteweasel","652881","652946","-65"
"2009-10-24","Byteweasel","612743","613155","-412"
"2009-10-25","Byteweasel","387908","386937","971"
"2009-10-26","Byteweasel","993692","995416","-1724"
"2009-10-27","Byteweasel","851655","849366","2289"
"2009-10-28","Byteweasel","617012","615869","1143"
"2009-10-29","Byteweasel","434305","430525","3780"
"2009-10-30","Byteweasel","567875","567592","283"
"2009-10-31","Byteweasel","553451","549215","4236"
"2009-11-01","Byteweasel","687820","686527","1293"
"2009-11-02","Byteweasel","613803","613785","18"
"2009-11-03","Byteweasel","771707","770905","802"
"2009-11-04","Byteweasel","550734","549007","1727"
"2009-11-05","Byteweasel","727699","728695","-996"
"2009-11-06","Byteweasel","537805","537579","226"
"2009-11-07","Byteweasel","628529","621909","6620"
"2009-11-08","Byteweasel","458847","459605","-758"
"2009-11-09","Byteweasel","544574","542285","2289"
"2009-11-10","Byteweasel","729709","729894","-185"
"2009-11-11","Byteweasel","647883","648889","-1006"
"2009-11-12","Byteweasel","422028","421959","69"
"2009-11-13","Byteweasel","528926","528920","6"
"2009-11-14","Byteweasel","608934","610217","-1283"
"2009-11-15","Byteweasel","579013","577766","1247"
"2009-11-16","Byteweasel","738209","731816","6393"
"2009-11-17","Byteweasel","427017","425354","1663"
"2009-11-18","Byteweasel","651802","651888","-86"
"2009-11-19","Byteweasel","545653","543343","2310"
"2009-11-20","Byteweasel","618103","616123","1980"
"2009-11-21","Byteweasel","732789","731489","1300"
"2009-11-22","Byteweasel","760880","755552","5328"
"2009-11-23","Byteweasel","422978","422528","450"
"2009-11-24","Byteweasel","649792","650689","-897"
"2009-11-25","Byteweasel","542863","538995","3868"
"2009-11-26","Byteweasel","810066","808759","1307"
"2009-11-27","Byteweasel","532015","531177","838"
"2009-11-28","Byteweasel","511785","510335","1450"
"2009-11-29","Byteweasel","359319","354589","4730"
"2009-11-30","Byteweasel","721981","723957","-1976"
"2009-12-01","Byteweasel","494937","495908","-971"
"2009-12-02","Byteweasel","609884","610786","-902"
"2009-12-03","Byteweasel","740058","736257","3801"
"2009-12-04","Byteweasel","456946","443622","13324"
"2009-12-05","Byteweasel","380940","381599","-659"
"2009-12-06","Byteweasel","855146","848904","6242"
"2009-12-07","Byteweasel","599592","588620","10972"
"2009-12-08","Byteweasel","341991","342927","-936"
"2009-12-09","Byteweasel","650852","651319","-467"
"2009-12-10","Byteweasel","462656","462543","113"
"2009-12-11","Byteweasel","797979","800163","-2184"
"2009-12-12","Byteweasel","459089","456773","2316"
"2009-12-13","Byteweasel","381890","382168","-278"
"2009-12-14","Byteweasel","616662","616154","508"
"2009-12-15","Byteweasel","510755","504777","5978"
"2009-12-16","Byteweasel","647883","648889","-1006"
"2009-12-17","Byteweasel","774138","771361","2777"
"2009-12-18","Byteweasel","498026","498165","-139"
"2009-12-19","Byteweasel","419889","420271","-382"
"2009-12-20","Byteweasel","619895","612798","7097"
"2009-12-21","Byteweasel","491877","491386","491"
"2009-12-22","Byteweasel","651802","651888","-86"
"2009-12-23","Byteweasel","591871","584867","7004"
"2009-12-24","Byteweasel","456938","457805","-867"
"2009-12-25","Byteweasel","610843","612017","-1174"
"2009-12-26","Byteweasel","527622","521548","6074"
"2009-12-27","Byteweasel","494937","495908","-971"
"2009-12-28","Byteweasel","680922","681332","-410"
"2009-12-29","Byteweasel","689942","687760","2182"
"2009-12-30","Byteweasel","514202","510720","3482"
"2009-12-31","Byteweasel","653123","650114","3009"
"2010-01-01","Byteweasel","892584","889095","3489"
"2010-01-02","Byteweasel","1235115","1231992","3123"
"2010-01-03","Byteweasel","851945","846613","5332"
"2010-01-04","Byteweasel","1033821","1034545","-724"
"2010-01-05","Byteweasel","938682","935862","2820"
"2010-01-06","Byteweasel","1120419","1112982","7437"
"2010-01-07","Byteweasel","922784","922004","780"
"2010-01-08","Byteweasel","841696","843004","-1308"
"2010-01-09","Byteweasel","729829","729721","108"
"2010-01-10","Byteweasel","1188547","1188837","-290"
"2010-01-11","Byteweasel","925523","924546","977"
"2010-01-12","Byteweasel","1042979","1041078","1901"
"2010-01-13","Byteweasel","544703","542774","1929"
"2010-01-14","Byteweasel","783717","781020","2697"
"2010-01-15","Byteweasel","760909","760472","437"
"2010-01-16","Byteweasel","1181889","1171896","9993"
"2010-01-17","Byteweasel","647691","647398","293"
"2010-01-18","Byteweasel","573086","571082","2004"
"2010-01-19","Byteweasel","684101","683534","567"
"2010-01-20","Byteweasel","570014","569280","734"
"2010-01-21","Byteweasel","964966","957320","7646"
"2010-01-22","Byteweasel","934212","929425","4787"
"2010-01-23","Byteweasel","1035930","1033414","2516"
"2010-01-24","Byteweasel","842555","841481","1074"
"2010-01-25","Byteweasel","895451","891563","3888"
"2010-01-26","Byteweasel","769436","764717","4719"
"2010-01-27","Byteweasel","1107159","1103537","3622"
"2010-01-28","Byteweasel","1301176","1296423","4753"
"2010-01-29","Byteweasel","808027","807096","931"
"2010-01-30","Byteweasel","767840","765104","2736"
"2010-01-31","Byteweasel","997782","997749","33"
"2010-02-01","Byteweasel","1006951","1001947","5004"
"2010-02-02","Byteweasel","635520","631780","3740"
"2010-02-03","Byteweasel","1024813","1025397","-584"
"2010-02-04","Byteweasel","937890","932955","4935"
"2010-02-05","Byteweasel","887685","881285","6400"
"2010-02-06","Byteweasel","725699","724803","896"
"2010-02-07","Byteweasel","932841","929391","3450"
"2010-02-08","Byteweasel","953883","953391","492"
"2010-02-09","Byteweasel","464666","463742","924"
"2010-02-10","Byteweasel","812867","808506","4361"
"2010-02-11","Byteweasel","805897","806070","-173"
"2010-02-12","Byteweasel","548742","545600","3142"
"2010-02-13","Byteweasel","587053","581014","6039"
"2010-02-14","Byteweasel","1142829","1145459","-2630"
"2010-02-15","Byteweasel","1125838","1116866","8972"
"2010-02-16","Byteweasel","884835","879578","5257"
"2010-02-17","Byteweasel","963752","962537","1215"
"2010-02-18","Byteweasel","1205646","1199218","6428"
"2010-02-19","Byteweasel","797070","794609","2461"
"2010-02-20","Byteweasel","988924","991247","-2323"
"2010-02-21","Byteweasel","985992","985067","925"
"2010-02-22","Byteweasel","1031682","1032857","-1175"
"2010-02-23","Byteweasel","912104","912814","-710"
"2010-02-24","Byteweasel","688741","689361","-620"
"2010-02-25","Byteweasel","861746","858943","2803"
"2010-02-26","Byteweasel","689859","685461","4398"
"2010-02-27","Byteweasel","551681","548148","3533"
"2010-02-28","Byteweasel","1027873","1029919","-2046"
"2010-03-01","Byteweasel","561965","561363","602"
"2010-03-02","Byteweasel","949975","952575","-2600"
"2010-03-03","Byteweasel","955955","947339","8616"
"2010-03-04","Byteweasel","665911","663773","2138"
"2010-03-05","Byteweasel","1193089","1188343","4746"
"2010-03-06","Byteweasel","769979","766792","3187"
"2010-03-07","Byteweasel","797778","798010","-232"
"2010-03-08","Byteweasel","842946","843604","-658"
"2010-03-09","Byteweasel","1041790","1039959","1831"
"2010-03-10","Byteweasel","804947","805501","-554"
"2010-03-11","Byteweasel","845597","844679","918"
"2010-03-12","Byteweasel","729040","725910","3130"
"2010-03-13","Byteweasel","1036922","1034082","2840"
"2010-03-14","Byteweasel","1069031","1070422","-1391"
"2010-03-15","Byteweasel","803798","804300","-502"
"2010-03-16","Byteweasel","704440","694788","9652"
"2010-03-17","Byteweasel","1192127","1190494","1633"
"2010-03-18","Byteweasel","1030974","1029456","1518"
"2010-03-19","Byteweasel","1306204","1303066","3138"
"2010-03-20","Byteweasel","693610","692929","681"
"2010-03-21","Byteweasel","663009","660058","2951"
"2010-03-22","Byteweasel","1141911","1139243","2668"
"2010-03-23","Byteweasel","731150","729863","1287"
"2010-03-24","Byteweasel","748555","742952","5603"
"2010-03-25","Byteweasel","973260","968704","4556"
"2010-03-26","Byteweasel","1149010","1146591","2419"
"2010-03-27","Byteweasel","996784","994291","2493"
"2010-03-28","Byteweasel","675962","675672","290"
"2010-03-29","Byteweasel","742739","740721","2018"
"2010-03-30","Byteweasel","705919","698683","7236"
"2010-03-31","Byteweasel","654951","651504","3447"
"2010-04-01","Byteweasel","716719","713477","3242"
"2010-04-02","Byteweasel","983763","983434","329"
"2010-04-03","Byteweasel","726740","727464","-724"
"2010-04-04","Byteweasel","800838","802532","-1694"
"2010-04-05","Byteweasel","937893","932051","5842"
"2010-04-06","Byteweasel","512703","508804","3899"
"2010-04-07","Byteweasel","1001053","997005","4048"
"2010-04-08","Byteweasel","1148867","1147301","1566"
"2010-04-09","Byteweasel","660900","658252","2648"
"2010-04-10","Byteweasel","849899","842615","7284"
"2010-04-11","Byteweasel","1225915","1221353","4562"
"2010-04-12","Byteweasel","771546","768670","2876"
"2010-04-13","Byteweasel","968172","964702","3470"
"2010-04-14","Byteweasel","882125","882164","-39"
"2010-04-15","Byteweasel","878978","877044","1934"
"2010-04-16","Byteweasel","1074801","1072358","2443"
"2010-04-17","Byteweasel","626090","619683","6407"
"2010-04-18","Byteweasel","620101","618126","1975"
"2010-04-19","Byteweasel","976862","968488","8374"
"2010-04-20","Byteweasel","771416","771536","-120"
"2010-04-21","Byteweasel","1101062","1099433","1629"
"2010-04-22","Byteweasel","847685","842645","5040"
"2010-04-23","Byteweasel","889944","884716","5228"
"2010-04-24","Byteweasel","954026","952681","1345"
"2010-04-25","Byteweasel","1120290","1112233","8057"
"2010-04-26","Byteweasel","964791","963677","1114"
"2010-04-27","Byteweasel","1103780","1104033","-253"
"2010-04-28","Byteweasel","758829","759338","-509"
"2010-04-29","Byteweasel","935005","930031","4974"
"2010-04-30","Byteweasel","697190","694586","2604"
"2010-05-01","Byteweasel","804647","805470","-823"
"2010-05-02","Byteweasel","997751","995315","2436"
"2010-05-03","Byteweasel","1000041","999264","777"
"2010-05-04","Byteweasel","951966","944405","7561"
"2010-05-05","Byteweasel","1035831","1035744","87"
"2010-05-06","Byteweasel","841917","842230","-313"
"2010-05-07","Byteweasel","780628","778763","1865"
"2010-05-08","Byteweasel","663781","662747","1034"
"2010-05-09","Byteweasel","616904","613322","3582"
"2010-05-10","Byteweasel","882675","879948","2727"
"2010-05-11","Byteweasel","729841","727001","2840"
"2010-05-12","Byteweasel","1111798","1112694","-896"
"2010-05-13","Byteweasel","1077960","1074550","3410"
"2010-05-14","Byteweasel","710679","706582","4097"
"2010-05-15","Byteweasel","806069","803095","2974"
"2010-05-16","Byteweasel","884864","884498","366"
"2010-05-17","Byteweasel","957034","954528","2506"
"2010-05-18","Byteweasel","764739","765567","-828"
"2010-05-19","Byteweasel","1257767","1259675","-1908"
"2010-05-20","Byteweasel","1117029","1113257","3772"
"2010-05-21","Byteweasel","770917","770081","836"
"2010-05-22","Byteweasel","877786","879307","-1521"
"2010-05-23","Byteweasel","458217","458869","-652"
"2010-05-24","Byteweasel","1144729","1146597","-1868"
"2010-05-25","Byteweasel","967673","964817","2856"
"2010-05-26","Byteweasel","994872","995873","-1001"
"2010-05-27","Byteweasel","737507","735766","1741"
"2010-05-28","Byteweasel","731000","725301","5699"
"2010-05-29","Byteweasel","1263715","1260086","3629"
"2010-05-30","Byteweasel","920774","920805","-31"
"2010-05-31","Byteweasel","1106039","1105548","491"
"2010-06-01","Byteweasel","1330853","1329817","1036"
"2010-06-02","Byteweasel","1486711","1488862","-2151"
"2010-06-03","Byteweasel","1070931","1071560","-629"
"2010-06-04","Byteweasel","1319509","1313035","6474"
"2010-06-05","Byteweasel","1734308","1730512","3796"
"2010-06-06","Byteweasel","1822067","1815523","6544"
"2010-06-07","Byteweasel","1427277","1423323","3954"
"2010-06-08","Byteweasel","1764660","1765212","-552"
"2010-06-09","Byteweasel","1831269","1829913","1356"
"2010-06-10","Byteweasel","1820084","1816439","3645"
"2010-06-11","Byteweasel","1830089","1831393","-1304"
"2010-06-12","Byteweasel","1381689","1377079","4610"
"2010-06-13","Byteweasel","1577574","1576750","824"
"2010-06-14","Byteweasel","1629783","1626137","3646"
"2010-06-15","Byteweasel","1741849","1735034","6815"
"2010-06-16","Byteweasel","1241642","1233607","8035"
"2010-06-17","Byteweasel","1391388","1389173","2215"
"2010-06-18","Byteweasel","1618030","1606439","11591"
"2010-06-19","Byteweasel","1929574","1921716","7858"
"2010-06-20","Byteweasel","1344470","1339826","4644"
"2010-06-21","Byteweasel","1409015","1400058","8957"
"2010-06-22","Byteweasel","1245843","1237375","8468"
"2010-06-23","Byteweasel","1185767","1187065","-1298"
"2010-06-24","Byteweasel","1621321","1619816","1505"
"2010-06-25","Byteweasel","1358638","1354578","4060"
"2010-06-26","Byteweasel","1567858","1564201","3657"
"2010-06-27","Byteweasel","1406500","1401224","5276"
"2010-06-28","Byteweasel","1771831","1766991","4840"
"2010-06-29","Byteweasel","1118607","1117318","1289"
"2010-06-30","Byteweasel","1468007","1461913","6094"
"2010-07-01","Byteweasel","1332096","1325233","6863"
"2010-07-02","Byteweasel","1226884","1225160","1724"
"2010-07-03","Byteweasel","1849926","1847293","2633"
"2010-07-04","Byteweasel","1625043","1618489","6554"
"2010-07-05","Byteweasel","1282643","1280070","2573"
"2010-07-06","Byteweasel","1654930","1643511","11419"
"2010-07-07","Byteweasel","1957534","1955169","2365"
"2010-07-08","Byteweasel","1867569","1869031","-1462"
"2010-07-09","Byteweasel","1922485","1921319","1166"
"2010-07-10","Byteweasel","1839589","1839918","-329"
"2010-07-11","Byteweasel","1613225","1607679","5546"
"2010-07-12","Byteweasel","1834114","1824654","9460"
"2010-07-13","Byteweasel","1590791","1578726","12065"
"2010-07-14","Byteweasel","1658373","1644359","14014"
"2010-07-15","Byteweasel","2306964","2303945","3019"
"2010-07-16","Byteweasel","1356274","1339332","16942"
"2010-07-17","Byteweasel","1607923","1607366","557"
"2010-07-18","Byteweasel","1680270","1677129","3141"
"2010-07-19","Byteweasel","1558171","1552285","5886"
"2010-07-20","Byteweasel","1527688","1530057","-2369"
"2010-07-21","Byteweasel","1600626","1601741","-1115"
"2010-07-22","Byteweasel","1542186","1537085","5101"
"2010-07-23","Byteweasel","1122035","1119836","2199"
"2010-07-24","Byteweasel","1545622","1541151","4471"
"2010-07-25","Byteweasel","1587923","1583113","4810"
"2010-07-26","Byteweasel","1660514","1651700","8814"
"2010-07-27","Byteweasel","1988809","1985075","3734"
"2010-07-28","Byteweasel","1538895","1538019","876"
"2010-07-29","Byteweasel","1492839","1493484","-645"
"2010-07-30","Byteweasel","1295232","1290909","4323"
"2010-07-31","Byteweasel","1660863","1656686","4177"
"2010-08-01","Byteweasel","1607386","1605785","1601"
"2010-08-02","Byteweasel","1108910","1105197","3713"
"2010-08-03","Byteweasel","1516900","1519598","-2698"
"2010-08-04","Byteweasel","1633913","1626840","7073"
"2010-08-05","Byteweasel","1462018","1460356","1662"
"2010-08-06","Byteweasel","1759122","1757660","1462"
"2010-08-07","Byteweasel","1749139","1739022","10117"
"2010-08-08","Byteweasel","1810538","1806787","3751"
"2010-08-09","Byteweasel","1759619","1757226","2393"
"2010-08-10","Byteweasel","2065321","2063218","2103"
"2010-08-11","Byteweasel","1458536","1454455","4081"
"2010-08-12","Byteweasel","1630803","1622064","8739"
"2010-08-13","Byteweasel","1581066","1570711","10355"
"2010-08-14","Byteweasel","1697479","1690290","7189"
"2010-08-15","Byteweasel","1571495","1570114","1381"
"2010-08-16","Byteweasel","2161440","2160382","1058"
"2010-08-17","Byteweasel","1241292","1235440","5852"
"2010-08-18","Byteweasel","1794430","1795194","-764"
"2010-08-19","Byteweasel","1622280","1615202","7078"
"2010-08-20","Byteweasel","1627727","1615348","12379"
"2010-08-21","Byteweasel","1447680","1448760","-1080"
"2010-08-22","Byteweasel","1640855","1643624","-2769"
"2010-08-23","Byteweasel","1030009","1027939","2070"
"2010-08-24","Byteweasel","1505787","1502881","2906"
"2010-08-25","Byteweasel","1721210","1719031","2179"
"2010-08-26","Byteweasel","1269422","1264397","5025"
"2010-08-27","Byteweasel","1262703","1259375","3328"
"2010-08-28","Byteweasel","1678665","1676854","1811"
"2010-08-29","Byteweasel","1938928","1941557","-2629"
"2010-08-30","Byteweasel","1441144","1435408","5736"
"2010-08-31","Byteweasel","1838900","1825753","13147"
"2010-09-01","Byteweasel","1235203","1231289","3914"
"2010-09-02","Byteweasel","1345681","1345384","297"
"2010-09-03","Byteweasel","1596791","1585166","11625"
"2010-09-04","Byteweasel","2173031","2171559","1472"
"2010-09-05","Byteweasel","1755652","1755856","-204"
"2010-09-06","Byteweasel","1914195","1909918","4277"
"2010-09-07","Byteweasel","1848400","1826148","22252"
"2010-09-08","Byteweasel","831144","823038","8106"
"2010-09-09","Byteweasel","1256504","1252704","3800"
"2010-09-10","Byteweasel","1480723","1474608","6115"
"2010-09-11","Byteweasel","1030012","1031607","-1595"
"2010-09-12","Byteweasel","1553163","1543736","9427"
"2010-09-13","Byteweasel","1349571","1347470","2101"
"2010-09-14","Byteweasel","1345642","1344705","937"
"2010-09-15","Byteweasel","1772769","1768572","4197"
"2010-09-16","Byteweasel","1276683","1271463","5220"
"2010-09-17","Byteweasel","1662703","1661035","1668"
"2010-09-18","Byteweasel","1494798","1495176","-378"
"2010-09-19","Byteweasel","1310862","1306361","4501"
"2010-09-20","Byteweasel","1125565","1119872","5693"
"2010-09-21","Byteweasel","1794550","1795021","-471"
"2010-09-22","Byteweasel","2037192","2029358","7834"
"2010-09-23","Byteweasel","2082113","2073401","8712"
"2010-09-24","Byteweasel","1535827","1535190","637"
"2010-09-25","Byteweasel","1297785","1299639","-1854"
"2010-09-26","Byteweasel","1913658","1910066","3592"
"2010-09-27","Byteweasel","1230844","1227389","3455"
"2010-09-28","Byteweasel","1354102","1349873","4229"
"2010-09-29","Byteweasel","1536577","1534267","2310"
"2010-09-30","Byteweasel","1653712","1653034","678"
"2010-10-01","Byteweasel","1310622","1308798","1824"
"2010-10-02","Byteweasel","1546786","1545337","1449"
"2010-10-03","Byteweasel","1398408","1391709","6699"
"2010-10-04","Byteweasel","1686184","1685976","208"
"2010-10-05","Byteweasel","1796881","1798200","-1319"
"2010-10-06","Byteweasel","1830810","1828744","2066"
"2010-10-07","Byteweasel","1576497","1572125","4372"
"2010-10-08","Byteweasel","1332147","1321346","10801"
"2010-10-09","Byteweasel","1889927","1879103","10824"
"2010-10-10","Byteweasel","1306782","1306604","178"
"2010-10-11","Byteweasel","2039024","2025319","13705"
"2010-10-12","Byteweasel","1456637","1449962","6675"
"2010-10-13","Byteweasel","1598837","1599768","-931"
"2010-10-14","Byteweasel","1511945","1507487","4458"
"2010-10-15","Byteweasel","1859678","1856070","3608"
"2010-10-16","Byteweasel","1575484","1573048","2436"
"2010-10-17","Byteweasel","1608625","1609766","-1141"
"2010-10-18","Byteweasel","1551154","1546315","4839"
"2010-10-19","Byteweasel","1609625","1610227","-602"
"2010-10-20","Byteweasel","1977737","1977557","180"
"2010-10-21","Byteweasel","1413761","1408498","5263"
"2010-10-22","Byteweasel","1773769","1770741","3028"
"2010-10-23","Byteweasel","1769080","1767377","1703"
"2010-10-24","Byteweasel","1348531","1341194","7337"
"2010-10-25","Byteweasel","1400169","1391511","8658"
"2010-10-26","Byteweasel","1278983","1274694","4289"
"2010-10-27","Byteweasel","1391878","1389174","2704"
"2010-10-28","Byteweasel","1639383","1638922","461"
"2010-10-29","Byteweasel","1318740","1314711","4029"
"2010-10-30","Byteweasel","1577414","1576797","617"
"2010-10-31","Byteweasel","2002365","1988440","13925"
"2010-11-01","Byteweasel","1722302","1721199","1103"
"2010-11-02","Byteweasel","1608352","1605949","2403"
"2010-11-03","Byteweasel","1524543","1511552","12991"
"2010-11-04","Byteweasel","1602632","1595852","6780"
"2010-11-05","Byteweasel","1454911","1453215","1696"
"2010-11-06","Byteweasel","1854929","1845274","9655"
"2010-11-07","Byteweasel","1783185","1776290","6895"
"2010-11-08","Byteweasel","1412861","1415006","-2145"
"2010-11-09","Byteweasel","1615663","1614798","865"
"2010-11-10","Byteweasel","1566564","1562189","4375"
"2010-11-11","Byteweasel","1636635","1635718","917"
"2010-11-12","Byteweasel","1611684","1609412","2272"
"2010-11-13","Byteweasel","1709359","1697155","12204"
"2010-11-14","Byteweasel","1586772","1580391","6381"
"2010-11-15","Byteweasel","1284925","1283624","1301"
"2010-11-16","Byteweasel","1816548","1812411","4137"
"2010-11-17","Byteweasel","1630584","1621345","9239"
"2010-11-18","Byteweasel","1420779","1416006","4773"
"2010-11-19","Byteweasel","1626142","1617620","8522"
"2010-11-20","Byteweasel","1375083","1371914","3169"
"2010-11-21","Byteweasel","1769749","1763968","5781"
"2010-11-22","Byteweasel","1446721","1447529","-808"
"2010-11-23","Byteweasel","1383022","1381686","1336"
"2010-11-24","Byteweasel","1622422","1609984","12438"
"2010-11-25","Byteweasel","1774549","1762490","12059"
"2010-11-26","Byteweasel","1110098","1108625","1473"
"2010-11-27","Byteweasel","1536806","1529279","7527"
"2010-11-28","Byteweasel","1917546","1917816","-270"
"2010-11-29","Byteweasel","2134562","2131998","2564"
"2010-11-30","Byteweasel","1459780","1456783","2997"
"2010-12-01","Byteweasel","1339063","1339969","-906"
"2010-12-02","Byteweasel","1623884","1617011","6873"
"2010-12-03","Byteweasel","1593810","1586664","7146"
"2010-12-04","Byteweasel","2140913","2141950","-1037"
"2010-12-05","Byteweasel","1569657","1565940","3717"
"2010-12-06","Byteweasel","1475768","1467649","8119"
"2010-12-07","Byteweasel","1448779","1446891","1888"
"2010-12-08","Byteweasel","1493446","1490301","3145"
"2010-12-09","Byteweasel","2418969","2414847","4122"
"2010-12-10","Byteweasel","1654191","1647969","6222"
"2010-12-11","Byteweasel","1505726","1501257","4469"
"2010-12-12","Byteweasel","2011203","2008763","2440"
"2010-12-13","Byteweasel","1466739","1461459","5280"
"2010-12-14","Byteweasel","1592392","1584674","7718"
"2010-12-15","Byteweasel","1671851","1662506","9345"
"2010-12-16","Byteweasel","1167675","1162465","5210"
"2010-12-17","Byteweasel","1717022","1713187","3835"
"2010-12-18","Byteweasel","2218708","2221184","-2476"
"2010-12-19","Byteweasel","1360560","1352365","8195"
"2010-12-20","Byteweasel","1606766","1607858","-1092"
"2010-12-21","Byteweasel","1387941","1385146","2795"
"2010-12-22","Byteweasel","2165651","2167626","-1975"
"2010-12-23","Byteweasel","1194347","1192286","2061"
"2010-12-24","Byteweasel","1829599","1828663","936"
"2010-12-25","Byteweasel","1955716","1951246","4470"
"2010-12-26","Byteweasel","1704358","1700534","3824"
"2010-12-27","Byteweasel","1719732","1719272","460"
"2010-12-28","Byteweasel","1208898","1209683","-785"
"2010-12-29","Byteweasel","1904709","1908657","-3948"
"2010-12-30","Byteweasel","1317661","1313678","3983"
"2010-12-31","Byteweasel","1809759","1805552","4207"
"2011-01-01","Byteweasel","1815135","1810368","4767"
"2011-01-02","Byteweasel","1816187","1808027","8160"
"2011-01-03","Byteweasel","1766498","1761993","4505"
"2011-01-04","Byteweasel","1582631","1575892","6739"
"2011-01-05","Byteweasel","1893824","1889737","4087"
"2011-01-06","Byteweasel","2274086","2266690","7396"
"2011-01-07","Byteweasel","2033702","2028587","5115"
"2011-01-08","Byteweasel","2183197","2180400","2797"
"2011-01-09","Byteweasel","1793722","1791793","1929"
"2011-01-10","Byteweasel","2562387","2563507","-1120"
"2011-01-11","Byteweasel","2031421","2030777","644"
"2011-01-12","Byteweasel","2264909","2260991","3918"
"2011-01-13","Byteweasel","1864564","1853406","11158"
"2011-01-14","Byteweasel","1890535","1887449","3086"
"2011-01-15","Byteweasel","2393723","2391757","1966"
"2011-01-16","Byteweasel","1603714","1598914","4800"
"2011-01-17","Byteweasel","1769960","1767803","2157"
"2011-01-18","Byteweasel","2236267","2225389","10878"
"2011-01-19","Byteweasel","1960565","1950348","10217"
"2011-01-20","Byteweasel","2025483","2023458","2025"
"2011-01-21","Byteweasel","1881787","1880800","987"
"2011-01-22","Byteweasel","1848947","1843512","5435"
"2011-01-23","Byteweasel","1704841","1699467","5374"
"2011-01-24","Byteweasel","1794730","1795017","-287"
"2011-01-25","Byteweasel","1729009","1726447","2562"
"2011-01-26","Byteweasel","1725004","1722243","2761"
"2011-01-27","Byteweasel","1806350","1799006","7344"
"2011-01-28","Byteweasel","1847496","1843937","3559"
"2011-01-29","Byteweasel","1700499","1689005","11494"
"2011-01-30","Byteweasel","1515306","1501703","13603"
"2011-01-31","Byteweasel","1683354","1684071","-717"
"2011-02-01","Byteweasel","2298505","2297384","1121"
"2011-02-02","Byteweasel","1484385","1473784","10601"
"2011-02-03","Byteweasel","1877766","1873526","4240"
"2011-02-04","Byteweasel","1608613","1605301","3312"
"2011-02-05","Byteweasel","2005340","1996513","8827"
"2011-02-06","Byteweasel","2076632","2072907","3725"
"2011-02-07","Byteweasel","2254711","2249704","5007"
"2011-02-08","Byteweasel","1650833","1650414","419"
"2011-02-09","Byteweasel","1642960","1630522","12438"
"2011-02-10","Byteweasel","1826901","1828529","-1628"
"2011-02-11","Byteweasel","1757659","1751012","6647"
"2011-02-12","Byteweasel","1681817","1672586","9231"
"2011-02-13","Byteweasel","1736909","1733865","3044"
"2011-02-14","Byteweasel","1996804","1995821","983"
"2011-02-15","Byteweasel","2258449","2259023","-574"
"2011-02-16","Byteweasel","2002918","1987974","14944"
"2011-02-17","Byteweasel","1614523","1614500","23"
"2011-02-18","Byteweasel","1380912","1376025","4887"
"2011-02-19","Byteweasel","1840648","1836718","3930"
"2011-02-20","Byteweasel","2105115","2098492","6623"
"2011-02-21","Byteweasel","1743442","1730212","13230"
"2011-02-22","Byteweasel","1839759","1835630","4129"
"2011-02-23","Byteweasel","1636014","1635644","370"
"2011-02-24","Byteweasel","1702684","1702869","-185"
"2011-02-25","Byteweasel","2197707","2192407","5300"
"2011-02-26","Byteweasel","2066709","2053544","13165"
"2011-02-27","Byteweasel","1895109","1897170","-2061"
"2011-02-28","Byteweasel","1904195","1892070","12125"
"2011-03-01","Byteweasel","2094823","2096852","-2029"
"2011-03-02","Byteweasel","1571525","1572725","-1200"
"2011-03-03","Byteweasel","2098921","2094996","3925"
"2011-03-04","Byteweasel","2062625","2053205","9420"
"2011-03-05","Byteweasel","1561546","1560851","695"
"2011-03-06","Byteweasel","1960694","1956968","3726"
"2011-03-07","Byteweasel","1848147","1846597","1550"
"2011-03-08","Byteweasel","1585097","1580751","4346"
"2011-03-09","Byteweasel","1489858","1489767","91"
"2011-03-10","Byteweasel","1819606","1814842","4764"
"2011-03-11","Byteweasel","1359000","1349646","9354"
"2011-03-12","Byteweasel","1766080","1755631","10449"
"2011-03-13","Byteweasel","1649562","1647865","1697"
"2011-03-14","Byteweasel","1375561","1375427","134"
"2011-03-15","Byteweasel","2312343","2299434","12909"
"2011-03-16","Byteweasel","1643804","1643209","595"
"2011-03-17","Byteweasel","1370216","1358530","11686"
"2011-03-18","Byteweasel","1603806","1606090","-2284"
"2011-03-19","Byteweasel","2138041","2134023","4018"
"2011-03-20","Byteweasel","1845407","1844951","456"
"2011-03-21","Byteweasel","2094512","2097681","-3169"
"2011-03-22","Byteweasel","1642947","1642038","909"
"2011-03-23","Byteweasel","1808072","1800669","7403"
"2011-03-24","Byteweasel","1606895","1608347","-1452"
"2011-03-25","Byteweasel","1763710","1747689","16021"
"2011-03-26","Byteweasel","1651886","1645656","6230"
"2011-03-27","Byteweasel","1785772","1785761","11"
"2011-03-28","Byteweasel","1523798","1524793","-995"
"2011-03-29","Byteweasel","1652383","1651837","546"
"2011-03-30","Byteweasel","2316557","2302613","13944"
"2011-03-31","Byteweasel","2152450","2144694","7756"
"2011-04-01","Byteweasel","1875530","1871474","4056"
"2011-04-02","Byteweasel","2340443","2338529","1914"
"2011-04-03","Byteweasel","1820758","1812453","8305"
"2011-04-04","Byteweasel","1539724","1536209","3515"
"2011-04-05","Byteweasel","1847746","1841919","5827"
"2011-04-06","Byteweasel","1446520","1445376","1144"
"2011-04-07","Byteweasel","1915087","1912755","2332"
"2011-04-08","Byteweasel","2041401","2038726","2675"
"2011-04-09","Byteweasel","1723186","1712519","10667"
"2011-04-10","Byteweasel","1919655","1919622","33"
"2011-04-11","Byteweasel","1658101","1656575","1526"
"2011-04-12","Byteweasel","1961913","1956396","5517"
"2011-04-13","Byteweasel","1745734","1732872","12862"
"2011-04-14","Byteweasel","1771810","1769257","2553"
"2011-04-15","Byteweasel","2071561","2072089","-528"
"2011-04-16","Byteweasel","1697831","1694704","3127"
"2011-04-17","Byteweasel","1521029","1522369","-1340"
"2011-04-18","Byteweasel","1775861","1767447","8414"
"2011-04-19","Byteweasel","1886996","1877292","9704"
"2011-04-20","Byteweasel","1747520","1739848","7672"
"2011-04-21","Byteweasel","1723684","1717493","6191"
"2011-04-22","Byteweasel","1988635","1987869","766"
"2011-04-23","Byteweasel","1807028","1800263","6765"
"2011-04-24","Byteweasel","2044761","2041342","3419"
"2011-04-25","Byteweasel","1709979","1700424","9555"
"2011-04-26","Byteweasel","2013083","2009948","3135"
"2011-04-27","Byteweasel","1403480","1396711","6769"
"2011-04-28","Byteweasel","2227666","2219771","7895"
"2011-04-29","Byteweasel","1341721","1340185","1536"
"2011-04-30","Byteweasel","2022645","2023038","-393"
"2011-05-01","Byteweasel","1845377","1844799","578"
"2011-05-02","Byteweasel","2114247","2106774","7473"
"2011-05-03","Byteweasel","1922402","1917950","4452"
"2011-05-04","Byteweasel","1786037","1773989","12048"
"2011-05-05","Byteweasel","1897667","1882626","15041"
"2011-05-06","Byteweasel","1666602","1663783","2819"
"2011-05-07","Byteweasel","2139042","2138547","495"
"2011-05-08","Byteweasel","1966334","1963023","3311"
"2011-05-09","Byteweasel","1861635","1848978","12657"
"2011-05-10","Byteweasel","1929054","1925416","3638"
"2011-05-11","Byteweasel","2104603","2101150","3453"
"2011-05-12","Byteweasel","1506465","1504155","2310"
"2011-05-13","Byteweasel","2077361","2066857","10504"
"2011-05-14","Byteweasel","2010887","2014937","-4050"
"2011-05-15","Byteweasel","1909931","1904343","5588"
"2011-05-16","Byteweasel","1580945","1575769","5176"
"2011-05-17","Byteweasel","1885738","1881330","4408"
"2011-05-18","Byteweasel","1443963","1438516","5447"
"2011-05-19","Byteweasel","1907209","1905193","2016"
"2011-05-20","Byteweasel","1838030","1833826","4204"
"2011-05-21","Byteweasel","2163045","2154289","8756"
"2011-05-22","Byteweasel","2066181","2054048","12133"
"2011-05-23","Byteweasel","1908789","1906498","2291"
"2011-05-24","Byteweasel","1593647","1594220","-573"
"2011-05-25","Byteweasel","1678524","1679085","-561"
"2011-05-26","Byteweasel","1679603","1680143","-540"
"2011-05-27","Byteweasel","2532732","2522784","9948"
"2011-05-28","Byteweasel","1390298","1385724","4574"
"2011-05-29","Byteweasel","1961983","1957798","4185"
"2011-05-30","Byteweasel","1565314","1561589","3725"
"2011-05-31","Byteweasel","1660653","1654973","5680"
"2011-06-01","Byteweasel","1657532","1650970","6562"
"2011-06-02","Byteweasel","2190526","2187636","2890"
"2011-06-03","Byteweasel","2312733","2306828","5905"
"2011-06-04","Byteweasel","2202115","2198292","3823"
"2011-06-05","Byteweasel","1872703","1860827","11876"
"2011-06-06","Byteweasel","2185960","2183446","2514"
"2011-06-07","Byteweasel","2038980","2030112","8868"
"2011-06-08","Byteweasel","2382063","2378540","3523"
"2011-06-09","Byteweasel","1988029","1967068","20961"
"2011-06-10","Byteweasel","1993602","1989492","4110"
"2011-06-11","Byteweasel","1594703","1581879","12824"
"2011-06-12","Byteweasel","2072281","2061370","10911"
"2011-06-13","Byteweasel","2355931","2348919","7012"
"2011-06-14","Byteweasel","2402164","2389637","12527"
"2011-06-15","Byteweasel","2110824","2102568","8256"
"2011-06-16","Byteweasel","2181460","2175833","5627"
"2011-06-17","Byteweasel","1987573","1983259","4314"
"2011-06-18","Byteweasel","1690338","1686834","3504"
"2011-06-19","Byteweasel","2383732","2376855","6877"
"2011-06-20","Byteweasel","2693525","2676653","16872"
"2011-06-21","Byteweasel","2553418","2543033","10385"
"2011-06-22","Byteweasel","2223388","2218617","4771"
"2011-06-23","Byteweasel","1779833","1781797","-1964"
"2011-06-24","Byteweasel","2606364","2596536","9828"
"2011-06-25","Byteweasel","2761773","2757061","4712"
"2011-06-26","Byteweasel","3036529","3026923","9606"
"2011-06-27","Byteweasel","1690613","1684925","5688"
"2011-06-28","Byteweasel","1896407","1887551","8856"
"2011-06-29","Byteweasel","1958826","1955660","3166"
"2011-06-30","Byteweasel","2518649","2518717","-68"
"2011-07-01","Byteweasel","1637565","1639214","-1649"
"2011-07-02","Byteweasel","2192737","2188178","4559"
"2011-07-03","Byteweasel","1960892","1957544","3348"
"2011-07-04","Byteweasel","1963482","1962524","958"
"2011-07-05","Byteweasel","1974732","1964526","10206"
"2011-07-06","Byteweasel","2441634","2438417","3217"
"2011-07-07","Byteweasel","2335290","2325123","10167"
"2011-07-08","Byteweasel","2487781","2482315","5466"
"2011-07-09","Byteweasel","2584999","2572165","12834"
"2011-07-10","Byteweasel","2392770","2386222","6548"
"2011-07-11","Byteweasel","2841459","2838471","2988"
"2011-07-12","Byteweasel","2264656","2257265","7391"
"2011-07-13","Byteweasel","2087069","2080296","6773"
"2011-07-14","Byteweasel","2488361","2490103","-1742"
"2011-07-15","Byteweasel","2120809","2117561","3248"
"2011-07-16","Byteweasel","1869469","1870169","-700"
"2011-07-17","Byteweasel","2153129","2144299","8830"
"2011-07-18","Byteweasel","1842368","1842586","-218"
"2011-07-19","Byteweasel","2308612","2304663","3949"
"2011-07-20","Byteweasel","2841368","2823410","17958"
"2011-07-21","Byteweasel","1509815","1502954","6861"
"2011-07-22","Byteweasel","2356683","2350752","5931"
"2011-07-23","Byteweasel","2302787","2292475","10312"
"2011-07-24","Byteweasel","2731161","2729849","1312"
"2011-07-25","Byteweasel","1955545","1955919","-374"
"2011-07-26","Byteweasel","3076846","3070424","6422"
"2011-07-27","Byteweasel","1956424","1951469","4955"
"2011-07-28","Byteweasel","1787660","1785612","2048"
"2011-07-29","Byteweasel","2218987","2216880","2107"
"2011-07-30","Byteweasel","2129308","2121441","7867"
"2011-07-31","Byteweasel","2186630","2184308","2322"
"2011-08-01","Byteweasel","2503991","2492706","11285"
"2011-08-02","Byteweasel","2338452","2332489","5963"
"2011-08-03","Byteweasel","2707948","2702903","5045"
"2011-08-04","Byteweasel","2146763","2139420","7343"
"2011-08-05","Byteweasel","2439671","2422452","17219"
"2011-08-06","Byteweasel","2038189","2030607","7582"
"2011-08-07","Byteweasel","2246302","2238216","8086"
"2011-08-08","Byteweasel","2486688","2482456","4232"
"2011-08-09","Byteweasel","2100633","2103370","-2737"
"2011-08-10","Byteweasel","2752116","2744858","7258"
"2011-08-11","Byteweasel","2634446","2616371","18075"
"2011-08-12","Byteweasel","2031423","2032298","-875"
"2011-08-13","Byteweasel","2207669","2205710","1959"
"2011-08-14","Byteweasel","2169417","2158133","11284"
"2011-08-15","Byteweasel","2501889","2491724","10165"
"2011-08-16","Byteweasel","2218245","2203572","14673"
"2011-08-17","Byteweasel","2534497","2518824","15673"
"2011-08-18","Byteweasel","2466082","2457296","8786"
"2011-08-19","Byteweasel","2270662","2264546","6116"
"2011-08-20","Byteweasel","1857325","1851457","5868"
"2011-08-21","Byteweasel","2802228","2798130","4098"
"2011-08-22","Byteweasel","2201396","2192340","9056"
"2011-08-23","Byteweasel","1993436","1991475","1961"
"2011-08-24","Byteweasel","2039810","2016861","22949"
"2011-08-25","Byteweasel","2043601","2036250","7351"
"2011-08-26","Byteweasel","1746828","1741087","5741"
"2011-08-27","Byteweasel","1955655","1951765","3890"
"2011-08-28","Byteweasel","2296211","2282736","13475"
"2011-08-29","Byteweasel","2282601","2270702","11899"
"2011-08-30","Byteweasel","2293558","2279678","13880"
"2011-08-31","Byteweasel","1915967","1909174","6793"
"2011-09-01","Byteweasel","2221668","2215767","5901"
"2011-09-02","Byteweasel","2338976","2336435","2541"
"2011-09-03","Byteweasel","1892896","1888130","4766"
"2011-09-04","Byteweasel","2813238","2799091","14147"
"2011-09-05","Byteweasel","2308565","2301389","7176"
"2011-09-06","Byteweasel","2110772","2108180","2592"
"2011-09-07","Byteweasel","2280479","2281781","-1302"
"2011-09-08","Byteweasel","2430362","2423247","7115"
"2011-09-09","Byteweasel","1837318","1833938","3380"
"2011-09-10","Byteweasel","1854117","1849765","4352"
"2011-09-11","Byteweasel","1990594","1989561","1033"
"2011-09-12","Byteweasel","1998192","1998364","-172"
"2011-09-13","Byteweasel","2143452","2132853","10599"
"2011-09-14","Byteweasel","2262267","2262623","-356"
"2011-09-15","Byteweasel","2416925","2411946","4979"
"2011-09-16","Byteweasel","2148381","2143264","5117"
"2011-09-17","Byteweasel","2215389","2215861","-472"
"2011-09-18","Byteweasel","2260394","2243209","17185"
"2011-09-19","Byteweasel","2227736","2227405","331"
"2011-09-20","Byteweasel","2310384","2305489","4895"
"2011-09-21","Byteweasel","2563867","2563995","-128"
"2011-09-22","Byteweasel","2026943","2015802","11141"
"2011-09-23","Byteweasel","1715894","1718599","-2705"
"2011-09-24","Byteweasel","2508149","2495654","12495"
"2011-09-25","Byteweasel","2495222","2491622","3600"
"2011-09-26","Byteweasel","2151217","2137697","13520"
"2011-09-27","Byteweasel","2653106","2645630","7476"
"2011-09-28","Byteweasel","2283684","2275010","8674"
"2011-09-29","Byteweasel","2537410","2532906","4504"
"2011-09-30","Byteweasel","1828652","1824712","3940"
"2011-10-01","Byteweasel","1912258","1898931","13327"
"2011-10-02","Byteweasel","2153934","2146192","7742"
"2011-10-03","Byteweasel","2333996","2327930","6066"
"2011-10-04","Byteweasel","2296767","2288914","7853"
"2011-10-05","Byteweasel","2410363","2410005","358"
"2011-10-06","Byteweasel","2237746","2226829","10917"
"2011-10-07","Byteweasel","2050594","2049419","1175"
"2011-10-08","Byteweasel","2035379","2028610","6769"
"2011-10-09","Byteweasel","2237196","2233052","4144"
"2011-10-10","Byteweasel","2755795","2756793","-998"
"2011-10-11","Byteweasel","2640375","2638067","2308"
"2011-10-12","Byteweasel","2558489","2554677","3812"
"2011-10-13","Byteweasel","2018291","2008451","9840"
"2011-10-14","Byteweasel","2205707","2201646","4061"
"2011-10-15","Byteweasel","2441342","2427804","13538"
"2011-10-16","Byteweasel","2142480","2137697","4783"
"2011-10-17","Byteweasel","2221844","2208883","12961"
"2011-10-18","Byteweasel","1893126","1888018","5108"
"2011-10-19","Byteweasel","2096440","2091678","4762"
"2011-10-20","Byteweasel","2680884","2677431","3453"
"2011-10-21","Byteweasel","1820026","1814492","5534"
"2011-10-22","Byteweasel","2333075","2321881","11194"
"2011-10-23","Byteweasel","2134611","2129776","4835"
"2011-10-24","Byteweasel","2173835","2169268","4567"
"2011-10-25","Byteweasel","2348603","2338634","9969"
"2011-10-26","Byteweasel","2230187","2227871","2316"
"2011-10-27","Byteweasel","2806768","2804140","2628"
"2011-10-28","Byteweasel","2021303","2004299","17004"
"2011-10-29","Byteweasel","2352633","2337323","15310"
"2011-10-30","Byteweasel","2208887","2199707","9180"
"2011-10-31","Byteweasel","1851651","1844180","7471"
"2011-11-01","Byteweasel","2469059","2464777","4282"
"2011-11-02","Byteweasel","2250967","2242116","8851"
"2011-11-03","Byteweasel","1992563","1988720","3843"
"2011-11-04","Byteweasel","2126693","2128292","-1599"
"2011-11-05","Byteweasel","2357113","2343872","13241"
"2011-11-06","Byteweasel","2495811","2494179","1632"
"2011-11-07","Byteweasel","2267174","2264588","2586"
"2011-11-08","Byteweasel","2157657","2152821","4836"
"2011-11-09","Byteweasel","2099602","2100475","-873"
"2011-11-10","Byteweasel","2292595","2291155","1440"
"2011-11-11","Byteweasel","2011435","2000133","11302"
"2011-11-12","Byteweasel","2003431","1996421","7010"
"2011-11-13","Byteweasel","2047061","2036956","10105"
"2011-11-14","Byteweasel","1895153","1890018","5135"
"2011-11-15","Byteweasel","2577168","2564634","12534"
"2011-11-16","Byteweasel","2259446","2258651","795"
"2011-11-17","Byteweasel","2040724","2035311","5413"
"2011-11-18","Byteweasel","1852424","1845097","7327"
"2011-11-19","Byteweasel","2434542","2425758","8784"
"2011-11-20","Byteweasel","2150169","2150348","-179"
"2011-11-21","Byteweasel","2517673","2509638","8035"
"2011-11-22","Byteweasel","2083410","2078067","5343"
"2011-11-23","Byteweasel","1778968","1772270","6698"
"2011-11-24","Byteweasel","2549360","2548606","754"
"2011-11-25","Byteweasel","2204028","2195317","8711"
"2011-11-26","Byteweasel","1734741","1727257","7484"
"2011-11-27","Byteweasel","2707246","2710174","-2928"
"2011-11-28","Byteweasel","2199418","2197967","1451"
"2011-11-29","Byteweasel","2360755","2344223","16532"
"2011-11-30","Byteweasel","2380614","2377757","2857"
"2011-12-01","Byteweasel","2230540","2217758","12782"
"2011-12-02","Byteweasel","2458363","2453937","4426"
"2011-12-03","Byteweasel","2559529","2557783","1746"
"2011-12-04","Byteweasel","2461042","2451403","9639"
"2011-12-05","Byteweasel","2058467","2048536","9931"
"2011-12-06","Byteweasel","1838726","1832762","5964"
"2011-12-07","Byteweasel","1885375","1875028","10347"
"2011-12-08","Byteweasel","1321380","1312431","8949"
"2011-12-09","Byteweasel","2610227","2608118","2109"
"2011-12-10","Byteweasel","2091672","2080148","11524"
"2011-12-11","Byteweasel","1731870","1727608","4262"
"2011-12-12","Byteweasel","2035511","2033110","2401"
"2011-12-13","Byteweasel","2146349","2145019","1330"
"2011-12-14","Byteweasel","1970482","1966671","3811"
"2011-12-15","Byteweasel","2090110","2081445","8665"
"2011-12-16","Byteweasel","2073521","2070586","2935"
"2011-12-17","Byteweasel","2424712","2419937","4775"
"2011-12-18","Byteweasel","1908536","1899094","9442"
"2011-12-19","Byteweasel","1879878","1877722","2156"
"2011-12-20","Byteweasel","2801693","2798459","3234"
"2011-12-21","Byteweasel","2223616","2212769","10847"
"2011-12-22","Byteweasel","2039781","2033209","6572"
"2011-12-23","Byteweasel","2184360","2184617","-257"
"2011-12-24","Byteweasel","2698634","2686871","11763"
"2011-12-25","Byteweasel","2322563","2312441","10122"
"2011-12-26","Byteweasel","2402592","2392864","9728"
"2011-12-27","Byteweasel","2387891","2380610","7281"
"2011-12-28","Byteweasel","2022888","2012231","10657"
"2011-12-29","Byteweasel","2414394","2413038","1356"
"2011-12-30","Byteweasel","1728451","1728186","265"
"2011-12-31","Byteweasel","2073610","2061305","12305"
"2012-01-01","Byteweasel","3005736","3000718","5018"
"2012-01-02","Byteweasel","3182192","3170858","11334"
"2012-01-03","Byteweasel","2756393","2755758","635"
"2012-01-04","Byteweasel","2518175","2508555","9620"
"2012-01-05","Byteweasel","3616329","3608687","7642"
"2012-01-06","Byteweasel","3139723","3141225","-1502"
"2012-01-07","Byteweasel","2865588","2857461","8127"
"2012-01-08","Byteweasel","2982909","2977592","5317"
"2012-01-09","Byteweasel","3568659","3565927","2732"
"2012-01-10","Byteweasel","3373975","3369610","4365"
"2012-01-11","Byteweasel","3272908","3266080","6828"
"2012-01-12","Byteweasel","3131890","3118949","12941"
"2012-01-13","Byteweasel","3044962","3037749","7213"
"2012-01-14","Byteweasel","2824762","2823905","857"
"2012-01-15","Byteweasel","3791363","3776226","15137"
"2012-01-16","Byteweasel","3295795","3286741","9054"
"2012-01-17","Byteweasel","3140322","3136860","3462"
"2012-01-18","Byteweasel","3155712","3149782","5930"
"2012-01-19","Byteweasel","3087555","3088996","-1441"
"2012-01-20","Byteweasel","2997757","2986211","11546"
"2012-01-21","Byteweasel","2836169","2835646","523"
"2012-01-22","Byteweasel","3323512","3311773","11739"
"2012-01-23","Byteweasel","2948512","2942798","5714"
"2012-01-24","Byteweasel","3192299","3187238","5061"
"2012-01-25","Byteweasel","3323536","3316065","7471"
"2012-01-26","Byteweasel","3587348","3580930","6418"
"2012-01-27","Byteweasel","2757444","2754178","3266"
"2012-01-28","Byteweasel","2908629","2903817","4812"
"2012-01-29","Byteweasel","2604396","2606701","-2305"
"2012-01-30","Byteweasel","3502665","3488369","14296"
"2012-01-31","Byteweasel","2663297","2649406","13891"
"2012-02-01","Byteweasel","2641644","2639365","2279"
"2012-02-02","Byteweasel","2877127","2873395","3732"
"2012-02-03","Byteweasel","3616759","3598827","17932"
"2012-02-04","Byteweasel","3449987","3444617","5370"
"2012-02-05","Byteweasel","3235595","3227611","7984"
"2012-02-06","Byteweasel","2952366","2945668","6698"
"2012-02-07","Byteweasel","2963136","2954792","8344"
"2012-02-08","Byteweasel","3348334","3342684","5650"
"2012-02-09","Byteweasel","3492105","3479006","13099"
"2012-02-10","Byteweasel","3351833","3346244","5589"
"2012-02-11","Byteweasel","3208441","3207838","603"
"2012-02-12","Byteweasel","3324368","3326104","-1736"
"2012-02-13","Byteweasel","3354988","3349894","5094"
"2012-02-14","Byteweasel","2958703","2938399","20304"
"2012-02-15","Byteweasel","3769511","3761744","7767"
"2012-02-16","Byteweasel","3179777","3166199","13578"
"2012-02-17","Byteweasel","3738776","3719778","18998"
"2012-02-18","Byteweasel","3793596","3789603","3993"
"2012-02-19","Byteweasel","3740843","3724566","16277"
"2012-02-20","Byteweasel","3718746","3709708","9038"
"2012-02-21","Byteweasel","2577047","2569721","7326"
"2012-02-22","Byteweasel","3152087","3140722","11365"
"2012-02-23","Byteweasel","3179156","3165125","14031"
"2012-02-24","Byteweasel","3568640","3558254","10386"
"2012-02-25","Byteweasel","3306673","3293569","13104"
"2012-02-26","Byteweasel","3345280","3321680","23600"
"2012-02-27","Byteweasel","3235188","3229518","5670"
"2012-02-28","Byteweasel","3376496","3362457","14039"
"2012-02-29","Byteweasel","2710931","2696534","14397"
"2012-03-01","Byteweasel","3256953","3249744","7209"
"2012-03-02","Byteweasel","3813852","3807378","6474"
"2012-03-03","Byteweasel","2890207","2873173","17034"
"2012-03-04","Byteweasel","3266908","3258333","8575"
"2012-03-05","Byteweasel","3634860","3623035","11825"
"2012-03-06","Byteweasel","2876740","2864556","12184"
"2012-03-07","Byteweasel","3056744","3045490","11254"
"2012-03-08","Byteweasel","3371873","3364478","7395"
"2012-03-09","Byteweasel","3549579","3536792","12787"
"2012-03-10","Byteweasel","2649242","2637838","11404"
"2012-03-11","Byteweasel","3154822","3136892","17930"
"2012-03-12","Byteweasel","3124123","3106216","17907"
"2012-03-13","Byteweasel","2868978","2864661","4317"
"2012-03-14","Byteweasel","3313671","3313730","-59"
"2012-03-15","Byteweasel","3210147","3200210","9937"
"2012-03-16","Byteweasel","3583870","3575749","8121"
"2012-03-17","Byteweasel","2313472","2303256","10216"
"2012-03-18","Byteweasel","3452192","3446052","6140"
"2012-03-19","Byteweasel","3117942","3100231","17711"
"2012-03-20","Byteweasel","3020249","3010368","9881"
"2012-03-21","Byteweasel","3778910","3774136","4774"
"2012-03-22","Byteweasel","3195307","3190347","4960"
"2012-03-23","Byteweasel","3490006","3479984","10022"
"2012-03-24","Byteweasel","3437264","3433368","3896"
"2012-03-25","Byteweasel","3724820","3710005","14815"
"2012-03-26","Byteweasel","3504112","3495897","8215"
"2012-03-27","Byteweasel","3982666","3961993","20673"
"2012-03-28","Byteweasel","3107145","3099963","7182"
"2012-03-29","Byteweasel","3324406","3313284","11122"
"2012-03-30","Byteweasel","3454147","3440670","13477"
"2012-03-31","Byteweasel","2727003","2720844","6159"
"2012-04-01","Byteweasel","3241134","3224933","16201"
"2012-04-02","Byteweasel","3959598","3945073","14525"
"2012-04-03","Byteweasel","3913418","3906999","6419"
"2012-04-04","Byteweasel","3803844","3795893","7951"
"2012-04-05","Byteweasel","3493169","3481475","11694"
"2012-04-06","Byteweasel","3160642","3146579","14063"
"2012-04-07","Byteweasel","3755863","3753271","2592"
"2012-04-08","Byteweasel","3240869","3214049","26820"
"2012-04-09","Byteweasel","3851534","3846571","4963"
"2012-04-10","Byteweasel","3725260","3718303","6957"
"2012-04-11","Byteweasel","3074705","3061012","13693"
"2012-04-12","Byteweasel","3489881","3485979","3902"
"2012-04-13","Byteweasel","3323205","3308062","15143"
"2012-04-14","Byteweasel","3058132","3041261","16871"
"2012-04-15","Byteweasel","3948105","3919329","28776"
"2012-04-16","Byteweasel","3144263","3124593","19670"
"2012-04-17","Byteweasel","2992398","2980514","11884"
"2012-04-18","Byteweasel","4140821","4135379","5442"
"2012-04-19","Byteweasel","2927988","2918627","9361"
"2012-04-20","Byteweasel","2833753","2827121","6632"
"2012-04-21","Byteweasel","2939935","2935393","4542"
"2012-04-22","Byteweasel","3687133","3672374","14759"
"2012-04-23","Byteweasel","4229854","4212109","17745"
"2012-04-24","Byteweasel","3240708","3229477","11231"
"2012-04-25","Byteweasel","3255092","3246107","8985"
"2012-04-26","Byteweasel","3760434","3751360","9074"
"2012-04-27","Byteweasel","3647728","3632920","14808"
"2012-04-28","Byteweasel","3405530","3388952","16578"
"2012-04-29","Byteweasel","3571668","3560148","11520"
"2012-04-30","Byteweasel","3854146","3843310","10836"
"2012-05-01","Byteweasel","3280451","3281979","-1528"
"2012-05-02","Byteweasel","3763261","3753858","9403"
"2012-05-03","Byteweasel","3724826","3716358","8468"
"2012-05-04","Byteweasel","3224658","3224738","-80"
"2012-05-05","Byteweasel","3530795","3518614","12181"
"2012-05-06","Byteweasel","3709755","3709892","-137"
"2012-05-07","Byteweasel","4174967","4154538","20429"
"2012-05-08","Byteweasel","3569728","3559745","9983"
"2012-05-09","Byteweasel","3359700","3359322","378"
"2012-05-10","Byteweasel","3144630","3131582","13048"
"2012-05-11","Byteweasel","3632151","3632413","-262"
"2012-05-12","Byteweasel","3348474","3343575","4899"
"2012-05-13","Byteweasel","4518752","4513144","5608"
"2012-05-14","Byteweasel","3129081","3115391","13690"
"2012-05-15","Byteweasel","3826012","3818146","7866"
"2012-05-16","Byteweasel","3458022","3450132","7890"
"2012-05-17","Byteweasel","3882727","3867958","14769"
"2012-05-18","Byteweasel","3294235","3275381","18854"
"2012-05-19","Byteweasel","3892389","3884893","7496"
"2012-05-20","Byteweasel","3656528","3650229","6299"
"2012-05-21","Byteweasel","4080381","4072096","8285"
"2012-05-22","Byteweasel","3200988","3184932","16056"
"2012-05-23","Byteweasel","4019878","4015956","3922"
"2012-05-24","Byteweasel","3508614","3494585","14029"
"2012-05-25","Byteweasel","3534414","3525771","8643"
"2012-05-26","Byteweasel","3291577","3285094","6483"
"2012-05-27","Byteweasel","3136149","3117332","18817"
"2012-05-28","Byteweasel","3719383","3716175","3208"
"2012-05-29","Byteweasel","4136684","4136957","-273"
"2012-05-30","Byteweasel","3701445","3690600","10845"
"2012-05-31","Byteweasel","2628466","2614663","13803"
"2012-06-01","Byteweasel","917824","916344","1480"
"2012-06-02","Byteweasel","1501687","1497410","4277"
"2012-06-03","Byteweasel","1851478","1846022","5456"
"2012-06-04","Byteweasel","1544058","1537599","6459"
"2012-06-05","Byteweasel","1615784","1607288","8496"
"2012-06-06","Byteweasel","2071100","2067229","3871"
"2012-06-07","Byteweasel","1556983","1547759","9224"
"2012-06-08","Byteweasel","1547696","1541203","6493"
"2012-06-09","Byteweasel","1461279","1452222","9057"
"2012-06-10","Byteweasel","1232976","1230304","2672"
"2012-06-11","Byteweasel","1575557","1572403","3154"
"2012-06-12","Byteweasel","1650944","1645572","5372"
"2012-06-13","Byteweasel","1456869","1451739","5130"
"2012-06-14","Byteweasel","1452449","1449574","2875"
"2012-06-15","Byteweasel","1337754","1338815","-1061"
"2012-06-16","Byteweasel","1612585","1611995","590"
"2012-06-17","Byteweasel","1523609","1519920","3689"
"2012-06-18","Byteweasel","1386390","1385116","1274"
"2012-06-19","Byteweasel","1656314","1652116","4198"
"2012-06-20","Byteweasel","1419762","1412604","7158"
"2012-06-21","Byteweasel","1268404","1263658","4746"
"2012-06-22","Byteweasel","1197625","1190735","6890"
"2012-06-23","Byteweasel","1609264","1608121","1143"
"2012-06-24","Byteweasel","2070991","2057584","13407"
"2012-06-25","Byteweasel","1262674","1261640","1034"
"2012-06-26","Byteweasel","1839690","1835102","4588"
"2012-06-27","Byteweasel","1843607","1837617","5990"
"2012-06-28","Byteweasel","1417769","1413776","3993"
"2012-06-29","Byteweasel","1502836","1501180","1656"
"2012-06-30","Byteweasel","1714842","1716484","-1642"
"2012-07-01","Byteweasel","1768894","1762286","6608"
"2012-07-02","Byteweasel","1501717","1500229","1488"
"2012-07-03","Byteweasel","1379863","1377578","2285"
"2012-07-04","Byteweasel","1453731","1452758","973"
"2012-07-05","Byteweasel","1518555","1509602","8953"
"2012-07-06","Byteweasel","1990694","1992315","-1621"
"2012-07-07","Byteweasel","1810685","1804376","6309"
"2012-07-08","Byteweasel","1563568","1563545","23"
"2012-07-09","Byteweasel","1409562","1409934","-372"
"2012-07-10","Byteweasel","1727961","1727393","568"
"2012-07-11","Byteweasel","1984746","1987689","-2943"
"2012-07-12","Byteweasel","1301813","1300282","1531"
"2012-07-13","Byteweasel","1380700","1371751","8949"
"2012-07-14","Byteweasel","1801571","1795858","5713"
"2012-07-15","Byteweasel","1582311","1568442","13869"
"2012-07-16","Byteweasel","1612045","1608500","3545"
"2012-07-17","Byteweasel","2221658","2212983","8675"
"2012-07-18","Byteweasel","1622733","1616205","6528"
"2012-07-19","Byteweasel","1430449","1421304","9145"
"2012-07-20","Byteweasel","1887599","1881529","6070"
"2012-07-21","Byteweasel","1098911","1100465","-1554"
"2012-07-22","Byteweasel","1985807","1983416","2391"
"2012-07-23","Byteweasel","967701","965553","2148"
"2012-07-24","Byteweasel","1245754","1242281","3473"
"2012-07-25","Byteweasel","1323271","1312855","10416"
"2012-07-26","Byteweasel","1223575","1220322","3253"
"2012-07-27","Byteweasel","1759180","1753130","6050"
"2012-07-28","Byteweasel","1204703","1197842","6861"
"2012-07-29","Byteweasel","1813191","1797559","15632"
"2012-07-30","Byteweasel","1568136","1564168","3968"
"2012-07-31","Byteweasel","2108372","2098693","9679"
"2012-08-01","Byteweasel","1916776","1917451","-675"
"2012-08-02","Byteweasel","1353661","1348726","4935"
"2012-08-03","Byteweasel","1615864","1614222","1642"
"2012-08-04","Byteweasel","1728982","1727504","1478"
"2012-08-05","Byteweasel","1850448","1847519","2929"
"2012-08-06","Byteweasel","1772738","1767821","4917"
"2012-08-07","Byteweasel","1608877","1606908","1969"
"2012-08-08","Byteweasel","1576414","1573366","3048"
"2012-08-09","Byteweasel","1561668","1562407","-739"
"2012-08-10","Byteweasel","2217489","2220048","-2559"
"2012-08-11","Byteweasel","1574776","1573862","914"
"2012-08-12","Byteweasel","1174175","1165972","8203"
"2012-08-13","Byteweasel","1529000","1527621","1379"
"2012-08-14","Byteweasel","1347950","1344206","3744"
"2012-08-15","Byteweasel","997734","994860","2874"
"2012-08-16","Byteweasel","1386140","1381886","4254"
"2012-08-17","Byteweasel","1326704","1326930","-226"
"2012-08-18","Byteweasel","1643674","1640598","3076"
"2012-08-19","Byteweasel","1509387","1508088","1299"
"2012-08-20","Byteweasel","2025995","2024807","1188"
"2012-08-21","Byteweasel","1583718","1582238","1480"
"2012-08-22","Byteweasel","1688724","1685970","2754"
"2012-08-23","Byteweasel","2182561","2178663","3898"
"2012-08-24","Byteweasel","1784437","1778765","5672"
"2012-08-25","Byteweasel","1912708","1903735","8973"
"2012-08-26","Byteweasel","1717411","1718066","-655"
"2012-08-27","Byteweasel","1400822","1399071","1751"
"2012-08-28","Byteweasel","1502705","1499203","3502"
"2012-08-29","Byteweasel","1500776","1497568","3208"
"2012-08-30","Byteweasel","1757522","1755429","2093"
"2012-08-31","Byteweasel","1222857","1223829","-972"
"2012-09-01","Byteweasel","2129111","2116991","12120"
"2012-09-02","Byteweasel","1731590","1730127","1463"
"2012-09-03","Byteweasel","1540817","1533977","6840"
"2012-09-04","Byteweasel","1536666","1536386","280"
"2012-09-05","Byteweasel","1416719","1415930","789"
"2012-09-06","Byteweasel","1690641","1687563","3078"
"2012-09-07","Byteweasel","1647278","1637709","9569"
"2012-09-08","Byteweasel","1157283","1138237","19046"
"2012-09-09","Byteweasel","1987824","1982286","5538"
"2012-09-10","Byteweasel","1346023","1344044","1979"
"2012-09-11","Byteweasel","1720341","1720788","-447"
"2012-09-12","Byteweasel","1807810","1802582","5228"
"2012-09-13","Byteweasel","1855527","1853902","1625"
"2012-09-14","Byteweasel","1458469","1458323","146"
"2012-09-15","Byteweasel","1799790","1798162","1628"
"2012-09-16","Byteweasel","1534918","1532365","2553"
"2012-09-17","Byteweasel","2081709","2076723","4986"
"2012-09-18","Byteweasel","1385692","1383397","2295"
"2012-09-19","Byteweasel","1699119","1682838","16281"
"2012-09-20","Byteweasel","1725831","1726159","-328"
"2012-09-21","Byteweasel","1238754","1233295","5459"
"2012-09-22","Byteweasel","1770752","1763325","7427"
"2012-09-23","Byteweasel","2213439","2209583","3856"
"2012-09-24","Byteweasel","1677294","1673488","3806"
"2012-09-25","Byteweasel","1242571","1238963","3608"
"2012-09-26","Byteweasel","1603127","1600424","2703"
"2012-09-27","Byteweasel","1497816","1495592","2224"
"2012-09-28","Byteweasel","1448872","1446497","2375"
"2012-09-29","Byteweasel","1439173","1424802","14371"
"2012-09-30","Byteweasel","1732511","1728746","3765"
"2012-10-01","Byteweasel","1655341","1649417","5924"
"2012-10-02","Byteweasel","2293593","2287005","6588"
"2012-10-03","Byteweasel","1937834","1934246","3588"
"2012-10-04","Byteweasel","1617473","1615991","1482"
"2012-10-05","Byteweasel","1450574","1441396","9178"
"2012-10-06","Byteweasel","2192107","2190620","1487"
"2012-10-07","Byteweasel","2191708","2189982","1726"
"2012-10-08","Byteweasel","1684863","1685834","-971"
"2012-10-09","Byteweasel","2048408","2042438","5970"
"2012-10-10","Byteweasel","1395157","1389734","5423"
"2012-10-11","Byteweasel","2146492","2144517","1975"
"2012-10-12","Byteweasel","2692653","2687715","4938"
"2012-10-13","Byteweasel","1659701","1656890","2811"
"2012-10-14","Byteweasel","1877628","1878147","-519"
"2012-10-15","Byteweasel","2329817","2332211","-2394"
"2012-10-16","Byteweasel","1962117","1956875","5242"
"2012-10-17","Byteweasel","1987345","1982552","4793"
"2012-10-18","Byteweasel","1359552","1351951","7601"
"2012-10-19","Byteweasel","1945424","1942446","2978"
"2012-10-20","Byteweasel","1913743","1902798","10945"
"2012-10-21","Byteweasel","2434628","2422578","12050"
"2012-10-22","Byteweasel","1847117","1842309","4808"
"2012-10-23","Byteweasel","2304096","2295337","8759"
"2012-10-24","Byteweasel","1659651","1657206","2445"
"2012-10-25","Byteweasel","1690612","1689828","784"
"2012-10-26","Byteweasel","1696082","1690635","5447"
"2012-10-27","Byteweasel","1897840","1901197","-3357"
"2012-10-28","Byteweasel","2222433","2209162","13271"
"2012-10-29","Byteweasel","2156170","2135406","20764"
"2012-10-30","Byteweasel","1872628","1872361","267"
"2012-10-31","Byteweasel","1704848","1697820","7028"
"2012-11-01","Byteweasel","2185488","2179446","6042"
"2012-11-02","Byteweasel","2021521","2009169","12352"
"2012-11-03","Byteweasel","2027503","2024423","3080"
"2012-11-04","Byteweasel","1659722","1656748","2974"
"2012-11-05","Byteweasel","1663081","1658738","4343"
"2012-11-06","Byteweasel","1951790","1939290","12500"
"2012-11-07","Byteweasel","1989635","1988330","1305"
"2012-11-08","Byteweasel","2398323","2397425","898"
"2012-11-09","Byteweasel","1487941","1484996","2945"
"2012-11-10","Byteweasel","1385620","1384751","869"
"2012-11-11","Byteweasel","1650612","1651188","-576"
"2012-11-12","Byteweasel","1852176","1846055","6121"
"2012-11-13","Byteweasel","1386742","1382345","4397"
"2012-11-14","Byteweasel","2064560","2060497","4063"
"2012-11-15","Byteweasel","2077972","2073109","4863"
"2012-11-16","Byteweasel","2026920","2019809","7111"
"2012-11-17","Byteweasel","2222500","2220489","2011"
"2012-11-18","Byteweasel","1942756","1930987","11769"
"2012-11-19","Byteweasel","1835801","1834922","879"
"2012-11-20","Byteweasel","1543404","1536359","7045"
"2012-11-21","Byteweasel","1963505","1959258","4247"
"2012-11-22","Byteweasel","1181510","1170867","10643"
"2012-11-23","Byteweasel","1951646","1947694","3952"
"2012-11-24","Byteweasel","2370279","2361204","9075"
"2012-11-25","Byteweasel","1725613","1716366","9247"
"2012-11-26","Byteweasel","1896812","1892570","4242"
"2012-11-27","Byteweasel","1574727","1571661","3066"
"2012-11-28","Byteweasel","2313992","2306274","7718"
"2012-11-29","Byteweasel","2247909","2232428","15481"
"2012-11-30","Byteweasel","1816608","1808062","8546"
"2012-12-01","Byteweasel","1930895","1926821","4074"
"2012-12-02","Byteweasel","2210897","2198096","12801"
"2012-12-03","Byteweasel","1322791","1316758","6033"
"2012-12-04","Byteweasel","2044042","2039973","4069"
"2012-12-05","Byteweasel","1312722","1305268","7454"
"2012-12-06","Byteweasel","1689004","1685885","3119"
"2012-12-07","Byteweasel","1941666","1939015","2651"
"2012-12-08","Byteweasel","1560714","1554750","5964"
"2012-12-09","Byteweasel","2418411","2413046","5365"
"2012-12-10","Byteweasel","2033874","2026874","7000"
"2012-12-11","Byteweasel","2234356","2231371","2985"
"2012-12-12","Byteweasel","2500761","2493458","7303"
"2012-12-13","Byteweasel","1785506","1775280","10226"
"2012-12-14","Byteweasel","1817328","1810983","6345"
"2012-12-15","Byteweasel","2165575","2158728","6847"
"2012-12-16","Byteweasel","1873937","1873515","422"
"2012-12-17","Byteweasel","1650453","1648088","2365"
"2012-12-18","Byteweasel","1945567","1949129","-3562"
"2012-12-19","Byteweasel","2053595","2049470","4125"
"2012-12-20","Byteweasel","1528658","1527699","959"
"2012-12-21","Byteweasel","1593292","1587240","6052"
"2012-12-22","Byteweasel","1936658","1927890","8768"
"2012-12-23","Byteweasel","1768097","1766455","1642"
"2012-12-24","Byteweasel","1952567","1948820","3747"
"2012-12-25","Byteweasel","1513527","1510313","3214"
"2012-12-26","Byteweasel","2171568","2161411","10157"
"2012-12-27","Byteweasel","1800278","1798795","1483"
"2012-12-28","Byteweasel","1892726","1886335","6391"
"2012-12-29","Byteweasel","1726470","1724722","1748"
"2012-12-30","Byteweasel","1999423","1992427","6996"
"2012-12-31","Byteweasel","2108371","2109073","-702"
"2013-01-01","Byteweasel","1084767","1081868","2899"
"2013-01-02","Byteweasel","4670075","4658988","11087"
"2013-01-03","Byteweasel","4750036","4740265","9771"
"2013-01-04","Byteweasel","5473447","5465818","7629"
"2013-01-05","Byteweasel","5450529","5430233","20296"
"2013-01-06","Byteweasel","4958766","4955598","3168"
"2013-01-07","Byteweasel","5488958","5470171","18787"
"2013-01-08","Byteweasel","4751210","4742316","8894"
"2013-01-09","Byteweasel","4701085","4692566","8519"
"2013-01-10","Byteweasel","4934020","4925152","8868"
"2013-01-11","Byteweasel","4903763","4895334","8429"
"2013-01-12","Byteweasel","4714576","4702322","12254"
"2013-01-13","Byteweasel","4891444","4863726","27718"
"2013-01-14","Byteweasel","4888547","4872642","15905"
"2013-01-15","Byteweasel","4840739","4822963","17776"
"2013-01-16","Byteweasel","5026698","5017233","9465"
"2013-01-17","Byteweasel","4789908","4785291","4617"
"2013-01-18","Byteweasel","5352900","5334185","18715"
"2013-01-19","Byteweasel","4789251","4786856","2395"
"2013-01-20","Byteweasel","5348524","5337063","11461"
"2013-01-21","Byteweasel","4931634","4907455","24179"
"2013-01-22","Byteweasel","4507894","4497445","10449"
"2013-01-23","Byteweasel","3500310","3495415","4895"
"2013-01-24","Byteweasel","5206924","5208508","-1584"
"2013-01-25","Byteweasel","4819022","4790132","28890"
"2013-01-26","Byteweasel","4899407","4875371","24036"
"2013-01-27","Byteweasel","6362371","6349519","12852"
"2013-01-28","Byteweasel","4657915","4641500","16415"
"2013-01-29","Byteweasel","4287562","4289729","-2167"
"2013-01-30","Byteweasel","4785356","4776203","9153"
"2013-01-31","Byteweasel","4290394","4261358","29036"
"2013-02-01","Byteweasel","6070507","6051051","19456"
"2013-02-02","Byteweasel","5465725","5446663","19062"
"2013-02-03","Byteweasel","4915031","4906856","8175"
"2013-02-04","Byteweasel","5629115","5621594","7521"
"2013-02-05","Byteweasel","5307007","5294354","12653"
"2013-02-06","Byteweasel","5117629","5097160","20469"
"2013-02-07","Byteweasel","4961201","4947095","14106"
"2013-02-08","Byteweasel","5617925","5615108","2817"
"2013-02-09","Byteweasel","5377360","5360270","17090"
"2013-02-10","Byteweasel","5679948","5661137","18811"
"2013-02-11","Byteweasel","5594096","5581670","12426"
"2013-02-12","Byteweasel","6023326","6008050","15276"
"2013-02-13","Byteweasel","4975473","4959564","15909"
"2013-02-14","Byteweasel","5434358","5402181","32177"
"2013-02-15","Byteweasel","5379510","5360123","19387"
"2013-02-16","Byteweasel","5419137","5403496","15641"
"2013-02-17","Byteweasel","5776810","5782175","-5365"
"2013-02-18","Byteweasel","5909490","5889828","19662"
"2013-02-19","Byteweasel","5551064","5549952","1112"
"2013-02-20","Byteweasel","6662878","6645247","17631"
"2013-02-21","Byteweasel","6144885","6120384","24501"
"2013-02-22","Byteweasel","5179873","5165378","14495"
"2013-02-23","Byteweasel","5287198","5265501","21697"
"2013-02-24","Byteweasel","5040298","5035165","5133"
"2013-02-25","Byteweasel","5831686","5819734","11952"
"2013-02-26","Byteweasel","5292876","5278177","14699"
"2013-02-27","Byteweasel","5583768","5564401","19367"
"2013-02-28","Byteweasel","4919410","4912044","7366"
"2013-03-01","Byteweasel","2650696","2649112","1584"
"2013-03-02","Byteweasel","2683984","2674821","9163"
"2013-03-03","Byteweasel","5309624","5284798","24826"
"2013-03-04","Byteweasel","5347385","5326676","20709"
"2013-03-05","Byteweasel","5270953","5239298","31655"
"2013-03-06","Byteweasel","5362605","5346675","15930"
"2013-03-07","Byteweasel","5947711","5939518","8193"
"2013-03-08","Byteweasel","5595769","5577477","18292"
"2013-03-09","Byteweasel","5127491","5116769","10722"
"2013-03-10","Byteweasel","5401048","5386610","14438"
"2013-03-11","Byteweasel","5640755","5626917","13838"
"2013-03-12","Byteweasel","6875970","6856982","18988"
"2013-03-13","Byteweasel","5825275","5806526","18749"
"2013-03-14","Byteweasel","5119783","5113017","6766"
"2013-03-15","Byteweasel","5876305","5872544","3761"
"2013-03-16","Byteweasel","5075916","5062686","13230"
"2013-03-17","Byteweasel","5290227","5266099","24128"
"2013-03-18","Byteweasel","6248676","6215141","33535"
"2013-03-19","Byteweasel","5667811","5653786","14025"
"2013-03-20","Byteweasel","6023320","6017902","5418"
"2013-03-21","Byteweasel","5733441","5718983","14458"
"2013-03-22","Byteweasel","5934546","5930231","4315"
"2013-03-23","Byteweasel","6098317","6070150","28167"
"2013-03-24","Byteweasel","5094554","5078654","15900"
"2013-03-25","Byteweasel","5196123","5180736","15387"
"2013-03-26","Byteweasel","6243982","6222967","21015"
"2013-03-27","Byteweasel","5238600","5232595","6005"
"2013-03-28","Byteweasel","5063643","5048522","15121"
"2013-03-29","Byteweasel","5258432","5254773","3659"
"2013-03-30","Byteweasel","5673468","5664931","8537"
"2013-03-31","Byteweasel","4926122","4909347","16775"
"2013-04-01","Byteweasel","5426091","5415543","10548"
"2013-04-02","Byteweasel","5820413","5811061","9352"
"2013-04-03","Byteweasel","5797162","5787354","9808"
"2013-04-04","Byteweasel","5444623","5430498","14125"
"2013-04-05","Byteweasel","5806826","5793648","13178"
"2013-04-06","Byteweasel","6224824","6214648","10176"
"2013-04-07","Byteweasel","4919350","4908365","10985"
"2013-04-08","Byteweasel","6120472","6108748","11724"
"2013-04-09","Byteweasel","5407509","5390406","17103"
"2013-04-10","Byteweasel","5496749","5476928","19821"
"2013-04-11","Byteweasel","5148133","5140600","7533"
"2013-04-12","Byteweasel","5504843","5492155","12688"
"2013-04-13","Byteweasel","5455833","5447722","8111"
"2013-04-14","Byteweasel","5897309","5874557","22752"
"2013-04-15","Byteweasel","6157999","6141554","16445"
"2013-04-16","Byteweasel","6848049","6827484","20565"
"2013-04-17","Byteweasel","6824765","6813125","11640"
"2013-04-18","Byteweasel","5899563","5891559","8004"
"2013-04-19","Byteweasel","5572178","5544786","27392"
"2013-04-20","Byteweasel","6828255","6798307","29948"
"2013-04-21","Byteweasel","5815547","5813782","1765"
"2013-04-22","Byteweasel","6293884","6270324","23560"
"2013-04-23","Byteweasel","6552787","6536715","16072"
"2013-04-24","Byteweasel","5974227","5951760","22467"
"2013-04-25","Byteweasel","6203553","6189114","14439"
"2013-04-26","Byteweasel","5750834","5734831","16003"
"2013-04-27","Byteweasel","5901542","5874583","26959"
"2013-04-28","Byteweasel","6183174","6167254","15920"
"2013-04-29","Byteweasel","6218989","6201357","17632"
"2013-04-30","Byteweasel","5051129","5040693","10436"
"2013-05-01","Byteweasel","23268103","23329576","-61473"
"2013-05-02","Byteweasel","63600733","63747863","-147130"
"2013-05-03","Byteweasel","62931732","63064675","-132943"
"2013-05-04","Byteweasel","61099931","61241500","-141569"
"2013-05-05","Byteweasel","63394599","63537216","-142617"
"2013-05-06","Byteweasel","61657832","61788982","-131150"
"2013-05-07","Byteweasel","61026496","61165941","-139445"
"2013-05-08","Byteweasel","64529090","64689962","-160872"
"2013-05-09","Byteweasel","65309468","65453130","-143662"
"2013-05-10","Byteweasel","63415477","63554681","-139204"
"2013-05-11","Byteweasel","61528495","61661540","-133045"
"2013-05-12","Byteweasel","60864479","61004755","-140276"
"2013-05-13","Byteweasel","64243637","64378839","-135202"
"2013-05-14","Byteweasel","63849956","63993674","-143718"
"2013-05-15","Byteweasel","62111278","62258882","-147604"
"2013-05-16","Byteweasel","60956346","61101594","-145248"
"2013-05-17","Byteweasel","63397876","63559987","-162111"
"2013-05-18","Byteweasel","63423571","63554799","-131228"
"2013-05-19","Byteweasel","64167654","64307574","-139920"
"2013-05-20","Byteweasel","62013974","62155138","-141164"
"2013-05-21","Byteweasel","62364249","62511033","-146784"
"2013-05-22","Byteweasel","60511249","60651463","-140214"
"2013-05-23","Byteweasel","65628833","65771879","-143046"
"2013-05-24","Byteweasel","61885133","62028213","-143080"
"2013-05-25","Byteweasel","64725181","64880759","-155578"
"2013-05-26","Byteweasel","61367737","61523262","-155525"
"2013-05-27","Byteweasel","62916249","63049360","-133111"
"2013-05-28","Byteweasel","63079273","63225545","-146272"
"2013-05-29","Byteweasel","61931347","62071912","-140565"
"2013-05-30","Byteweasel","63960404","64114663","-154259"
"2013-05-31","Byteweasel","52307982","52422338","-114356"
"2008-06-01","Chatter Audio","17999","15463","2536"
"2008-06-03","Chatter Audio","23738","21039","2699"
"2008-06-04","Chatter Audio","18439","17515","924"
"2008-06-05","Chatter Audio","5739","5576","163"
"2008-06-06","Chatter Audio","17999","15463","2536"
"2008-06-07","Chatter Audio","18669","14370","4299"
"2008-06-08","Chatter Audio","24408","19946","4462"
"2008-06-09","Chatter Audio","18439","17515","924"
"2008-06-10","Chatter Audio","36438","32978","3460"
"2008-06-11","Chatter Audio","5739","5576","163"
"2008-06-12","Chatter Audio","17999","15463","2536"
"2008-06-13","Chatter Audio","18669","14370","4299"
"2008-06-15","Chatter Audio","24408","19946","4462"
"2008-06-16","Chatter Audio","17999","15463","2536"
"2008-06-17","Chatter Audio","5739","5576","163"
"2008-06-18","Chatter Audio","29267","24559","4708"
"2008-06-19","Chatter Audio","5739","5576","163"
"2008-06-20","Chatter Audio","36438","32978","3460"
"2008-06-22","Chatter Audio","36438","32978","3460"
"2008-06-23","Chatter Audio","65915","59593","6322"
"2008-06-24","Chatter Audio","35998","30926","5072"
"2008-06-25","Chatter Audio","36438","32978","3460"
"2008-06-26","Chatter Audio","18439","17515","924"
"2008-06-27","Chatter Audio","31048","27399","3649"
"2008-06-28","Chatter Audio","23528","18983","4545"
"2008-06-29","Chatter Audio","5739","5576","163"
"2008-07-01","Chatter Audio","17999","15463","2536"
"2008-07-02","Chatter Audio","91105","78274","12831"
"2008-07-03","Chatter Audio","36878","35030","1848"
"2008-07-06","Chatter Audio","12609","9884","2725"
"2008-07-07","Chatter Audio","17999","15463","2536"
"2008-07-08","Chatter Audio","5739","5576","163"
"2008-07-09","Chatter Audio","5739","5576","163"
"2008-07-10","Chatter Audio","17999","15463","2536"
"2008-07-11","Chatter Audio","5739","5576","163"
"2008-07-12","Chatter Audio","18439","17515","924"
"2008-07-13","Chatter Audio","17999","15463","2536"
"2008-07-15","Chatter Audio","37338","28740","8598"
"2008-07-17","Chatter Audio","18669","14370","4299"
"2008-07-18","Chatter Audio","36438","32978","3460"
"2008-07-19","Chatter Audio","24408","19946","4462"
"2008-07-21","Chatter Audio","36438","32978","3460"
"2008-07-22","Chatter Audio","42637","35405","7232"
"2008-07-23","Chatter Audio","23738","21039","2699"
"2008-07-24","Chatter Audio","35998","30926","5072"
"2008-07-25","Chatter Audio","55547","49400","6147"
"2008-07-26","Chatter Audio","18669","14370","4299"
"2008-07-27","Chatter Audio","18439","17515","924"
"2008-07-29","Chatter Audio","30608","25347","5261"
"2008-07-30","Chatter Audio","36438","32978","3460"
"2008-08-01","Chatter Audio","61516","51831","9685"
"2008-08-02","Chatter Audio","29917","28667","1250"
"2008-08-03","Chatter Audio","54667","45296","9371"
"2008-08-04","Chatter Audio","49277","39717","9560"
"2008-08-05","Chatter Audio","17999","15463","2536"
"2008-08-06","Chatter Audio","18439","17515","924"
"2008-08-07","Chatter Audio","17999","15463","2536"
"2008-08-08","Chatter Audio","29477","26615","2862"
"2008-08-10","Chatter Audio","41737","36502","5235"
"2008-08-12","Chatter Audio","17999","15463","2536"
"2008-08-13","Chatter Audio","17999","15463","2536"
"2008-08-16","Chatter Audio","5739","5576","163"
"2008-08-17","Chatter Audio","5529","3520","2009"
"2008-08-18","Chatter Audio","17999","15463","2536"
"2008-08-19","Chatter Audio","17999","15463","2536"
"2008-08-20","Chatter Audio","36438","32978","3460"
"2008-08-21","Chatter Audio","5739","5576","163"
"2008-08-22","Chatter Audio","37338","28740","8598"
"2008-08-23","Chatter Audio","35998","30926","5072"
"2008-08-25","Chatter Audio","5739","5576","163"
"2008-08-26","Chatter Audio","17999","15463","2536"
"2008-08-27","Chatter Audio","17999","15463","2536"
"2008-08-28","Chatter Audio","17999","15463","2536"
"2008-08-29","Chatter Audio","49717","41769","7948"
"2008-09-01","Chatter Audio","29477","26615","2862"
"2008-09-02","Chatter Audio","12609","9884","2725"
"2008-09-04","Chatter Audio","23738","21039","2699"
"2008-09-05","Chatter Audio","42177","38554","3623"
"2008-09-07","Chatter Audio","37108","31885","5223"
"2008-09-08","Chatter Audio","37108","31885","5223"
"2008-09-09","Chatter Audio","55547","49400","6147"
"2008-09-10","Chatter Audio","36668","29833","6835"
"2008-09-11","Chatter Audio","18669","14370","4299"
"2008-09-12","Chatter Audio","18439","17515","924"
"2008-09-13","Chatter Audio","24408","19946","4462"
"2008-09-14","Chatter Audio","23968","21035","2933"
"2008-09-15","Chatter Audio","18669","14370","4299"
"2008-09-17","Chatter Audio","5739","5576","163"
"2008-09-18","Chatter Audio","18439","17515","924"
"2008-09-20","Chatter Audio","24178","23091","1087"
"2008-09-21","Chatter Audio","17999","15463","2536"
"2008-09-22","Chatter Audio","36438","32978","3460"
"2008-09-24","Chatter Audio","5739","5576","163"
"2008-09-25","Chatter Audio","18669","14370","4299"
"2008-09-26","Chatter Audio","37338","28740","8598"
"2008-09-27","Chatter Audio","11478","11152","326"
"2008-09-28","Chatter Audio","18669","14370","4299"
"2008-09-29","Chatter Audio","23738","21039","2699"
"2008-10-01","Chatter Audio","36668","29833","6835"
"2008-10-02","Chatter Audio","17999","15463","2536"
"2008-10-04","Chatter Audio","54437","48441","5996"
"2008-10-06","Chatter Audio","37108","31885","5223"
"2008-10-07","Chatter Audio","17999","15463","2536"
"2008-10-08","Chatter Audio","54667","45296","9371"
"2008-10-09","Chatter Audio","30608","25347","5261"
"2008-10-14","Chatter Audio","17999","15463","2536"
"2008-10-16","Chatter Audio","17999","15463","2536"
"2008-10-20","Chatter Audio","36878","35030","1848"
"2008-10-21","Chatter Audio","54437","48441","5996"
"2008-10-23","Chatter Audio","5739","5576","163"
"2008-10-25","Chatter Audio","60196","48816","11380"
"2008-10-26","Chatter Audio","37108","31885","5223"
"2008-10-29","Chatter Audio","18669","14370","4299"
"2008-10-31","Chatter Audio","37338","28740","8598"
"2008-11-02","Chatter Audio","54437","48441","5996"
"2008-11-03","Chatter Audio","23738","21039","2699"
"2008-11-04","Chatter Audio","42407","35409","6998"
"2008-11-05","Chatter Audio","42177","38554","3623"
"2008-11-07","Chatter Audio","11268","9096","2172"
"2008-11-08","Chatter Audio","5739","5576","163"
"2008-11-09","Chatter Audio","17999","15463","2536"
"2008-11-10","Chatter Audio","31048","27399","3649"
"2008-11-11","Chatter Audio","36438","32978","3460"
"2008-11-13","Chatter Audio","36438","32978","3460"
"2008-11-14","Chatter Audio","17999","15463","2536"
"2008-11-16","Chatter Audio","36878","35030","1848"
"2008-11-18","Chatter Audio","17999","15463","2536"
"2008-11-19","Chatter Audio","18669","14370","4299"
"2008-11-20","Chatter Audio","18669","14370","4299"
"2008-11-23","Chatter Audio","17999","15463","2536"
"2008-11-24","Chatter Audio","18439","17515","924"
"2008-11-27","Chatter Audio","31278","24254","7024"
"2008-11-28","Chatter Audio","24178","23091","1087"
"2008-11-29","Chatter Audio","61076","49779","11297"
"2008-12-01","Chatter Audio","18669","14370","4299"
"2008-12-02","Chatter Audio","36438","32978","3460"
"2008-12-03","Chatter Audio","23738","21039","2699"
"2008-12-04","Chatter Audio","18439","17515","924"
"2008-12-05","Chatter Audio","5739","5576","163"
"2008-12-09","Chatter Audio","5739","5576","163"
"2008-12-10","Chatter Audio","18439","17515","924"
"2008-12-12","Chatter Audio","17999","15463","2536"
"2008-12-13","Chatter Audio","23738","21039","2699"
"2008-12-16","Chatter Audio","24178","23091","1087"
"2008-12-17","Chatter Audio","35998","30926","5072"
"2008-12-18","Chatter Audio","18439","17515","924"
"2008-12-19","Chatter Audio","24408","19946","4462"
"2008-12-21","Chatter Audio","36668","29833","6835"
"2008-12-22","Chatter Audio","18669","14370","4299"
"2008-12-23","Chatter Audio","18439","17515","924"
"2008-12-24","Chatter Audio","18439","17515","924"
"2008-12-26","Chatter Audio","48146","40985","7161"
"2008-12-27","Chatter Audio","18439","17515","924"
"2008-12-31","Chatter Audio","23738","21039","2699"
"2009-01-01","Chatter Audio","29707","26611","3096"
"2009-01-02","Chatter Audio","5739","5576","163"
"2009-01-03","Chatter Audio","5739","5576","163"
"2009-01-04","Chatter Audio","37108","31885","5223"
"2009-01-05","Chatter Audio","42177","38554","3623"
"2009-01-06","Chatter Audio","36347","30923","5424"
"2009-01-07","Chatter Audio","5739","5576","163"
"2009-01-08","Chatter Audio","29477","26615","2862"
"2009-01-09","Chatter Audio","67046","58325","8721"
"2009-01-10","Chatter Audio","35998","30926","5072"
"2009-01-11","Chatter Audio","97284","85902","11382"
"2009-01-12","Chatter Audio","54437","48441","5996"
"2009-01-13","Chatter Audio","30608","25347","5261"
"2009-01-14","Chatter Audio","55107","47348","7759"
"2009-01-15","Chatter Audio","18669","14370","4299"
"2009-01-17","Chatter Audio","23528","18983","4545"
"2009-01-18","Chatter Audio","73106","62811","10295"
"2009-01-19","Chatter Audio","74006","58573","15433"
"2009-01-20","Chatter Audio","49717","41769","7948"
"2009-01-22","Chatter Audio","41737","36502","5235"
"2009-01-23","Chatter Audio","17999","15463","2536"
"2009-01-24","Chatter Audio","42407","35409","6998"
"2009-01-25","Chatter Audio","60176","54017","6159"
"2009-01-26","Chatter Audio","24178","23091","1087"
"2009-01-27","Chatter Audio","36668","29833","6835"
"2009-01-28","Chatter Audio","17999","15463","2536"
"2009-01-30","Chatter Audio","79075","65242","13833"
"2009-01-31","Chatter Audio","37108","31885","5223"
"2009-02-01","Chatter Audio","11478","11152","326"
"2009-02-02","Chatter Audio","31278","24254","7024"
"2009-02-03","Chatter Audio","74676","57480","17196"
"2009-02-05","Chatter Audio","23738","21039","2699"
"2009-02-06","Chatter Audio","72876","65956","6920"
"2009-02-07","Chatter Audio","37338","28740","8598"
"2009-02-08","Chatter Audio","23738","21039","2699"
"2009-02-09","Chatter Audio","23968","21035","2933"
"2009-02-10","Chatter Audio","24178","23091","1087"
"2009-02-12","Chatter Audio","18439","17515","924"
"2009-02-13","Chatter Audio","17999","15463","2536"
"2009-02-14","Chatter Audio","36668","29833","6835"
"2009-02-15","Chatter Audio","54437","48441","5996"
"2009-02-16","Chatter Audio","41967","36498","5469"
"2009-02-17","Chatter Audio","36438","32978","3460"
"2009-02-18","Chatter Audio","24408","19946","4462"
"2009-02-19","Chatter Audio","17999","15463","2536"
"2009-02-20","Chatter Audio","18669","14370","4299"
"2009-02-21","Chatter Audio","18439","17515","924"
"2009-02-22","Chatter Audio","54667","45296","9371"
"2009-02-23","Chatter Audio","5739","5576","163"
"2009-02-24","Chatter Audio","18348","15460","2888"
"2009-02-25","Chatter Audio","35998","30926","5072"
"2009-02-26","Chatter Audio","60406","50872","9534"
"2009-02-27","Chatter Audio","48607","40810","7797"
"2009-02-28","Chatter Audio","18439","17515","924"
"2009-03-01","Chatter Audio","73776","61718","12058"
"2009-03-02","Chatter Audio","36438","32978","3460"
"2009-03-03","Chatter Audio","54786","48438","6348"
"2009-03-04","Chatter Audio","12609","9884","2725"
"2009-03-05","Chatter Audio","54667","45296","9371"
"2009-03-06","Chatter Audio","37338","28740","8598"
"2009-03-08","Chatter Audio","43077","34316","8761"
"2009-03-09","Chatter Audio","23738","21039","2699"
"2009-03-10","Chatter Audio","18439","17515","924"
"2009-03-12","Chatter Audio","36438","32978","3460"
"2009-03-13","Chatter Audio","17999","15463","2536"
"2009-03-14","Chatter Audio","5739","5576","163"
"2009-03-15","Chatter Audio","11478","11152","326"
"2009-03-17","Chatter Audio","49947","38624","11323"
"2009-03-18","Chatter Audio","42847","37461","5386"
"2009-03-19","Chatter Audio","30608","25347","5261"
"2009-03-20","Chatter Audio","18669","14370","4299"
"2009-03-21","Chatter Audio","41737","36502","5235"
"2009-03-22","Chatter Audio","11268","9096","2172"
"2009-03-23","Chatter Audio","24178","23091","1087"
"2009-03-24","Chatter Audio","18669","14370","4299"
"2009-03-25","Chatter Audio","17999","15463","2536"
"2009-03-26","Chatter Audio","103253","88333","14920"
"2009-03-27","Chatter Audio","41737","36502","5235"
"2009-03-28","Chatter Audio","24198","17890","6308"
"2009-03-29","Chatter Audio","42847","37461","5386"
"2009-03-30","Chatter Audio","31278","24254","7024"
"2009-03-31","Chatter Audio","12609","9884","2725"
"2009-04-01","Chatter Audio","67025","60552","6473"
"2009-04-02","Chatter Audio","17999","15463","2536"
"2009-04-03","Chatter Audio","18669","14370","4299"
"2009-04-04","Chatter Audio","71884","62024","9860"
"2009-04-05","Chatter Audio","41737","36502","5235"
"2009-04-06","Chatter Audio","47936","38929","9007"
"2009-04-07","Chatter Audio","54437","48441","5996"
"2009-04-08","Chatter Audio","18669","14370","4299"
"2009-04-09","Chatter Audio","56007","43110","12897"
"2009-04-10","Chatter Audio","18439","17515","924"
"2009-04-11","Chatter Audio","23738","21039","2699"
"2009-04-12","Chatter Audio","36878","35030","1848"
"2009-04-13","Chatter Audio","17999","15463","2536"
"2009-04-14","Chatter Audio","36668","29833","6835"
"2009-04-15","Chatter Audio","72876","65956","6920"
"2009-04-16","Chatter Audio","35998","30926","5072"
"2009-04-17","Chatter Audio","49277","39717","9560"
"2009-04-19","Chatter Audio","30147","25522","4625"
"2009-04-20","Chatter Audio","18669","14370","4299"
"2009-04-21","Chatter Audio","18439","17515","924"
"2009-04-22","Chatter Audio","18669","14370","4299"
"2009-04-23","Chatter Audio","18669","14370","4299"
"2009-04-24","Chatter Audio","18669","14370","4299"
"2009-04-25","Chatter Audio","36438","32978","3460"
"2009-04-27","Chatter Audio","54275","42271","12004"
"2009-04-28","Chatter Audio","54877","50493","4384"
"2009-04-30","Chatter Audio","54667","45296","9371"
"2009-05-01","Chatter Audio","42847","37461","5386"
"2009-05-02","Chatter Audio","23738","21039","2699"
"2009-05-03","Chatter Audio","23968","21035","2933"
"2009-05-04","Chatter Audio","17999","15463","2536"
"2009-05-05","Chatter Audio","42177","38554","3623"
"2009-05-06","Chatter Audio","72345","61849","10496"
"2009-05-07","Chatter Audio","37338","28740","8598"
"2009-05-08","Chatter Audio","23738","21039","2699"
"2009-05-09","Chatter Audio","73106","62811","10295"
"2009-05-10","Chatter Audio","5739","5576","163"
"2009-05-12","Chatter Audio","60846","52924","7922"
"2009-05-13","Chatter Audio","55547","49400","6147"
"2009-05-14","Chatter Audio","17999","15463","2536"
"2009-05-15","Chatter Audio","17999","15463","2536"
"2009-05-16","Chatter Audio","23738","21039","2699"
"2009-05-17","Chatter Audio","41737","36502","5235"
"2009-05-19","Chatter Audio","36438","32978","3460"
"2009-05-21","Chatter Audio","73106","62811","10295"
"2009-05-22","Chatter Audio","55337","44203","11134"
"2009-05-23","Chatter Audio","30147","25522","4625"
"2009-05-25","Chatter Audio","36438","32978","3460"
"2009-05-26","Chatter Audio","17999","15463","2536"
"2009-05-27","Chatter Audio","84354","77108","7246"
"2009-05-28","Chatter Audio","41967","36498","5469"
"2009-05-30","Chatter Audio","54667","45296","9371"
"2009-05-31","Chatter Audio","54877","50493","4384"
"2009-06-02","Chatter Audio","55107","47348","7759"
"2009-06-03","Chatter Audio","55317","52545","2772"
"2009-06-04","Chatter Audio","17999","15463","2536"
"2009-06-05","Chatter Audio","36438","32978","3460"
"2009-06-06","Chatter Audio","48586","43037","5549"
"2009-06-07","Chatter Audio","73106","62811","10295"
"2009-06-09","Chatter Audio","90435","79367","11068"
"2009-06-10","Chatter Audio","18439","17515","924"
"2009-06-11","Chatter Audio","36137","28867","7270"
"2009-06-12","Chatter Audio","110123","92641","17482"
"2009-06-13","Chatter Audio","36668","29833","6835"
"2009-06-14","Chatter Audio","37108","31885","5223"
"2009-06-15","Chatter Audio","91105","78274","12831"
"2009-06-16","Chatter Audio","18439","17515","924"
"2009-06-17","Chatter Audio","66145","56448","9697"
"2009-06-18","Chatter Audio","35006","30135","4871"
"2009-06-20","Chatter Audio","48606","37836","10770"
"2009-06-21","Chatter Audio","72436","63904","8532"
"2009-06-22","Chatter Audio","23738","21039","2699"
"2009-06-23","Chatter Audio","79285","70439","8846"
"2009-06-24","Chatter Audio","65265","55485","9780"
"2009-06-25","Chatter Audio","36787","32975","3812"
"2009-06-26","Chatter Audio","128443","107014","21429"
"2009-06-27","Chatter Audio","47916","44130","3786"
"2009-06-28","Chatter Audio","78615","71532","7083"
"2009-06-29","Chatter Audio","43077","34316","8761"
"2009-06-30","Chatter Audio","120792","110086","10706"
"2009-07-01","Chatter Audio","97213","78646","18567"
"2009-07-02","Chatter Audio","60176","54017","6159"
"2009-07-03","Chatter Audio","115283","101365","13918"
"2009-07-05","Chatter Audio","36438","32978","3460"
"2009-07-06","Chatter Audio","110654","96748","13906"
"2009-07-07","Chatter Audio","59966","51961","8005"
"2009-07-08","Chatter Audio","54437","48441","5996"
"2009-07-09","Chatter Audio","55107","47348","7759"
"2009-07-11","Chatter Audio","42197","33353","8844"
"2009-07-12","Chatter Audio","55337","44203","11134"
"2009-07-13","Chatter Audio","17999","15463","2536"
"2009-07-14","Chatter Audio","78615","71532","7083"
"2009-07-15","Chatter Audio","78845","68387","10458"
"2009-07-16","Chatter Audio","41737","36502","5235"
"2009-07-17","Chatter Audio","11478","11152","326"
"2009-07-18","Chatter Audio","23738","21039","2699"
"2009-07-19","Chatter Audio","52433","48919","3514"
"2009-07-20","Chatter Audio","24408","19946","4462"
"2009-07-21","Chatter Audio","48607","40810","7797"
"2009-07-22","Chatter Audio","60866","47723","13143"
"2009-07-23","Chatter Audio","37108","31885","5223"
"2009-07-24","Chatter Audio","127543","111252","16291"
"2009-07-25","Chatter Audio","80325","67116","13209"
"2009-07-26","Chatter Audio","53215","47654","5561"
"2009-07-27","Chatter Audio","35998","30926","5072"
"2009-07-28","Chatter Audio","29477","26615","2862"
"2009-07-29","Chatter Audio","37108","31885","5223"
"2009-07-30","Chatter Audio","36668","29833","6835"
"2009-07-31","Chatter Audio","18669","14370","4299"
"2009-08-01","Chatter Audio","24178","23091","1087"
"2009-08-02","Chatter Audio","53997","46389","7608"
"2009-08-03","Chatter Audio","24408","19946","4462"
"2009-08-04","Chatter Audio","31048","27399","3649"
"2009-08-05","Chatter Audio","29477","26615","2862"
"2009-08-06","Chatter Audio","11478","11152","326"
"2009-08-07","Chatter Audio","35998","30926","5072"
"2009-08-08","Chatter Audio","29477","26615","2862"
"2009-08-09","Chatter Audio","114843","99313","15530"
"2009-08-10","Chatter Audio","42177","38554","3623"
"2009-08-11","Chatter Audio","11478","11152","326"
"2009-08-12","Chatter Audio","36878","35030","1848"
"2009-08-13","Chatter Audio","35998","30926","5072"
"2009-08-14","Chatter Audio","67716","57232","10484"
"2009-08-15","Chatter Audio","86155","74747","11408"
"2009-08-16","Chatter Audio","18439","17515","924"
"2009-08-17","Chatter Audio","60176","54017","6159"
"2009-08-18","Chatter Audio","85024","76015","9009"
"2009-08-19","Chatter Audio","91985","82378","9607"
"2009-08-20","Chatter Audio","17999","15463","2536"
"2009-08-21","Chatter Audio","55547","49400","6147"
"2009-08-22","Chatter Audio","17999","15463","2536"
"2009-08-24","Chatter Audio","17999","15463","2536"
"2009-08-25","Chatter Audio","60545","48813","11732"
"2009-08-26","Chatter Audio","42617","40606","2011"
"2009-08-27","Chatter Audio","54437","48441","5996"
"2009-08-28","Chatter Audio","35998","30926","5072"
"2009-08-29","Chatter Audio","79285","70439","8846"
"2009-08-30","Chatter Audio","41967","36498","5469"
"2009-08-31","Chatter Audio","41967","36498","5469"
"2009-09-02","Chatter Audio","84814","70818","13996"
"2009-09-03","Chatter Audio","60846","52924","7922"
"2009-09-04","Chatter Audio","23968","21035","2933"
"2009-09-05","Chatter Audio","18439","17515","924"
"2009-09-06","Chatter Audio","55547","49400","6147"
"2009-09-07","Chatter Audio","122823","104580","18243"
"2009-09-08","Chatter Audio","23528","18983","4545"
"2009-09-09","Chatter Audio","53997","46389","7608"
"2009-09-10","Chatter Audio","66145","56448","9697"
"2009-09-11","Chatter Audio","55107","47348","7759"
"2009-09-12","Chatter Audio","24178","23091","1087"
"2009-09-13","Chatter Audio","108342","92942","15400"
"2009-09-14","Chatter Audio","73776","61718","12058"
"2009-09-15","Chatter Audio","90093","82684","7409"
"2009-09-16","Chatter Audio","42847","37461","5386"
"2009-09-17","Chatter Audio","47266","40022","7244"
"2009-09-18","Chatter Audio","23528","18983","4545"
"2009-09-19","Chatter Audio","72666","60759","11907"
"2009-09-20","Chatter Audio","73546","64863","8683"
"2009-09-21","Chatter Audio","42847","37461","5386"
"2009-09-22","Chatter Audio","5739","5576","163"
"2009-09-23","Chatter Audio","49717","41769","7948"
"2009-09-24","Chatter Audio","41967","36498","5469"
"2009-09-25","Chatter Audio","98184","81664","16520"
"2009-09-26","Chatter Audio","97304","80701","16603"
"2009-09-27","Chatter Audio","55547","49400","6147"
"2009-09-28","Chatter Audio","41967","36498","5469"
"2009-09-29","Chatter Audio","78405","66335","12070"
"2009-09-30","Chatter Audio","55456","47345","8111"
"2009-10-01","Chatter Audio","17999","15463","2536"
"2009-10-02","Chatter Audio","55317","52545","2772"
"2009-10-03","Chatter Audio","36878","35030","1848"
"2009-10-04","Chatter Audio","103253","91474","11779"
"2009-10-05","Chatter Audio","48146","40985","7161"
"2009-10-06","Chatter Audio","42637","35405","7232"
"2009-10-07","Chatter Audio","36668","29833","6835"
"2009-10-08","Chatter Audio","77965","67424","10541"
"2009-10-09","Chatter Audio","79285","70439","8846"
"2009-10-10","Chatter Audio","36438","32978","3460"
"2009-10-11","Chatter Audio","54667","45296","9371"
"2009-10-12","Chatter Audio","48146","40985","7161"
"2009-10-13","Chatter Audio","24178","23091","1087"
"2009-10-14","Chatter Audio","42177","38554","3623"
"2009-10-15","Chatter Audio","42197","33353","8844"
"2009-10-16","Chatter Audio","18669","14370","4299"
"2009-10-17","Chatter Audio","74216","63770","10446"
"2009-10-18","Chatter Audio","67716","57232","10484"
"2009-10-19","Chatter Audio","41737","36502","5235"
"2009-10-20","Chatter Audio","74006","58573","15433"
"2009-10-21","Chatter Audio","18439","17515","924"
"2009-10-22","Chatter Audio","90435","79367","11068"
"2009-10-23","Chatter Audio","36438","32978","3460"
"2009-10-24","Chatter Audio","18669","14370","4299"
"2009-10-25","Chatter Audio","73225","65953","7272"
"2009-10-26","Chatter Audio","60406","54013","6393"
"2009-10-27","Chatter Audio","36438","32978","3460"
"2009-10-28","Chatter Audio","47476","42078","5398"
"2009-10-30","Chatter Audio","109104","93737","15367"
"2009-10-31","Chatter Audio","24178","23091","1087"
"2009-11-01","Chatter Audio","73106","62811","10295"
"2009-11-03","Chatter Audio","23738","21039","2699"
"2009-11-04","Chatter Audio","85024","76015","9009"
"2009-11-05","Chatter Audio","24178","23091","1087"
"2009-11-06","Chatter Audio","55107","47348","7759"
"2009-11-07","Chatter Audio","47936","38929","9007"
"2009-11-08","Chatter Audio","18669","14370","4299"
"2009-11-09","Chatter Audio","79075","65242","13833"
"2009-11-10","Chatter Audio","54667","45296","9371"
"2009-11-11","Chatter Audio","72436","63904","8532"
"2009-11-12","Chatter Audio","71996","61852","10144"
"2009-11-13","Chatter Audio","35998","30926","5072"
"2009-11-14","Chatter Audio","37338","28740","8598"
"2009-11-15","Chatter Audio","96844","83850","12994"
"2009-11-16","Chatter Audio","91335","75129","16206"
"2009-11-18","Chatter Audio","67255","57407","9848"
"2009-11-19","Chatter Audio","36438","32978","3460"
"2009-11-20","Chatter Audio","42407","38550","3857"
"2009-11-22","Chatter Audio","73546","64863","8683"
"2009-11-23","Chatter Audio","36438","32978","3460"
"2009-11-24","Chatter Audio","86385","71602","14783"
"2009-11-25","Chatter Audio","18669","14370","4299"
"2009-11-26","Chatter Audio","49277","39717","9560"
"2009-11-27","Chatter Audio","41737","36502","5235"
"2009-11-28","Chatter Audio","48356","46182","2174"
"2009-11-29","Chatter Audio","60406","50872","9534"
"2009-11-30","Chatter Audio","65915","59593","6322"
"2009-12-01","Chatter Audio","54877","50493","4384"
"2009-12-02","Chatter Audio","42177","38554","3623"
"2009-12-03","Chatter Audio","42867","32260","10607"
"2009-12-04","Chatter Audio","53997","46389","7608"
"2009-12-05","Chatter Audio","18439","17515","924"
"2009-12-06","Chatter Audio","18439","17515","924"
"2009-12-07","Chatter Audio","54877","50493","4384"
"2009-12-08","Chatter Audio","54437","48441","5996"
"2009-12-09","Chatter Audio","41737","36502","5235"
"2009-12-10","Chatter Audio","30147","25522","4625"
"2009-12-11","Chatter Audio","96174","84943","11231"
"2009-12-12","Chatter Audio","97954","84809","13145"
"2009-12-13","Chatter Audio","97724","87954","9770"
"2009-12-14","Chatter Audio","55107","47348","7759"
"2009-12-15","Chatter Audio","73106","62811","10295"
"2009-12-16","Chatter Audio","54667","45296","9371"
"2009-12-17","Chatter Audio","36438","32978","3460"
"2009-12-18","Chatter Audio","91244","76215","15029"
"2009-12-19","Chatter Audio","17999","15463","2536"
"2009-12-20","Chatter Audio","66145","56448","9697"
"2009-12-21","Chatter Audio","42847","37461","5386"
"2009-12-22","Chatter Audio","66145","56448","9697"
"2009-12-23","Chatter Audio","24178","23091","1087"
"2009-12-24","Chatter Audio","96844","86991","9853"
"2009-12-25","Chatter Audio","65935","54392","11543"
"2009-12-26","Chatter Audio","109544","95789","13755"
"2009-12-27","Chatter Audio","42177","38554","3623"
"2009-12-28","Chatter Audio","109683","90589","19094"
"2009-12-29","Chatter Audio","11478","11152","326"
"2009-12-30","Chatter Audio","189729","161990","27739"
"2009-12-31","Chatter Audio","120602","99688","20914"
"2010-01-01","Chatter Audio","85044","70814","14230"
"2010-01-02","Chatter Audio","79055","73584","5471"
"2010-01-03","Chatter Audio","29477","26615","2862"
"2010-01-04","Chatter Audio","61076","49779","11297"
"2010-01-05","Chatter Audio","85275","70643","14632"
"2010-01-06","Chatter Audio","55107","47348","7759"
"2010-01-07","Chatter Audio","85945","69550","16395"
"2010-01-08","Chatter Audio","35216","32191","3025"
"2010-01-09","Chatter Audio","66585","58500","8085"
"2010-01-10","Chatter Audio","72436","63904","8532"
"2010-01-11","Chatter Audio","78293","66507","11786"
"2010-01-12","Chatter Audio","73776","61718","12058"
"2010-01-13","Chatter Audio","90323","79539","10784"
"2010-01-15","Chatter Audio","79285","70439","8846"
"2010-01-16","Chatter Audio","36438","32978","3460"
"2010-01-17","Chatter Audio","37108","31885","5223"
"2010-01-18","Chatter Audio","55777","46255","9522"
"2010-01-19","Chatter Audio","17999","15463","2536"
"2010-01-20","Chatter Audio","60176","54017","6159"
"2010-01-21","Chatter Audio","55337","44203","11134"
"2010-01-22","Chatter Audio","91775","77181","14594"
"2010-01-23","Chatter Audio","97724","87954","9770"
"2010-01-24","Chatter Audio","72324","64076","8248"
"2010-01-25","Chatter Audio","140382","117991","22391"
"2010-01-26","Chatter Audio","54437","48441","5996"
"2010-01-27","Chatter Audio","78615","71532","7083"
"2010-01-28","Chatter Audio","97284","85902","11382"
"2010-01-29","Chatter Audio","97213","78646","18567"
"2010-01-30","Chatter Audio","117433","99001","18432"
"2010-01-31","Chatter Audio","91545","80326","11219"
"2010-02-01","Chatter Audio","91775","77181","14594"
"2010-02-02","Chatter Audio","92124","77178","14946"
"2010-02-03","Chatter Audio","42177","38554","3623"
"2010-02-04","Chatter Audio","84374","71907","12467"
"2010-02-05","Chatter Audio","145772","123570","22202"
"2010-02-06","Chatter Audio","92564","79230","13334"
"2010-02-07","Chatter Audio","66355","61645","4710"
"2010-02-08","Chatter Audio","73106","62811","10295"
"2010-02-09","Chatter Audio","109682","87615","22067"
"2010-02-10","Chatter Audio","18439","17515","924"
"2010-02-11","Chatter Audio","61076","49779","11297"
"2010-02-12","Chatter Audio","66375","56444","9931"
"2010-02-13","Chatter Audio","41737","36502","5235"
"2010-02-14","Chatter Audio","29477","26615","2862"
"2010-02-15","Chatter Audio","74216","63770","10446"
"2010-02-16","Chatter Audio","23738","21039","2699"
"2010-02-17","Chatter Audio","60846","52924","7922"
"2010-02-18","Chatter Audio","91985","82378","9607"
"2010-02-19","Chatter Audio","54667","45296","9371"
"2010-02-20","Chatter Audio","55107","47348","7759"
"2010-02-21","Chatter Audio","54437","48441","5996"
"2010-02-22","Chatter Audio","90875","81419","9456"
"2010-02-23","Chatter Audio","18669","14370","4299"
"2010-02-24","Chatter Audio","29917","28667","1250"
"2010-02-25","Chatter Audio","29267","24559","4708"
"2010-02-26","Chatter Audio","66355","61645","4710"
"2010-02-27","Chatter Audio","90993","78446","12547"
"2010-02-28","Chatter Audio","23528","18983","4545"
"2010-03-01","Chatter Audio","66375","56444","9931"
"2010-03-02","Chatter Audio","71996","61852","10144"
"2010-03-03","Chatter Audio","18669","14370","4299"
"2010-03-04","Chatter Audio","78865","63186","15679"
"2010-03-05","Chatter Audio","98624","83716","14908"
"2010-03-06","Chatter Audio","47825","42075","5750"
"2010-03-07","Chatter Audio","96404","84939","11465"
"2010-03-08","Chatter Audio","73106","62811","10295"
"2010-03-09","Chatter Audio","102373","87370","15003"
"2010-03-10","Chatter Audio","79194","68384","10810"
"2010-03-11","Chatter Audio","41967","36498","5469"
"2010-03-12","Chatter Audio","54877","50493","4384"
"2010-03-13","Chatter Audio","139461","124456","15005"
"2010-03-14","Chatter Audio","61286","54976","6310"
"2010-03-15","Chatter Audio","42617","40606","2011"
"2010-03-16","Chatter Audio","152740","136388","16352"
"2010-03-17","Chatter Audio","35886","31098","4788"
"2010-03-18","Chatter Audio","41737","36502","5235"
"2010-03-19","Chatter Audio","84584","73963","10621"
"2010-03-20","Chatter Audio","116623","99179","17444"
"2010-03-21","Chatter Audio","61306","49775","11531"
"2010-03-22","Chatter Audio","55107","47348","7759"
"2010-03-23","Chatter Audio","73986","66915","7071"
"2010-03-24","Chatter Audio","73986","66915","7071"
"2010-03-25","Chatter Audio","29917","28667","1250"
"2010-03-26","Chatter Audio","42177","38554","3623"
"2010-03-27","Chatter Audio","91315","83471","7844"
"2010-03-28","Chatter Audio","60616","56069","4547"
"2010-03-29","Chatter Audio","71674","59968","11706"
"2010-03-30","Chatter Audio","60616","56069","4547"
"2010-03-31","Chatter Audio","115171","101537","13634"
"2010-04-01","Chatter Audio","110884","93603","17281"
"2010-04-02","Chatter Audio","72436","63904","8532"
"2010-04-03","Chatter Audio","96773","79735","17038"
"2010-04-04","Chatter Audio","194358","166607","27751"
"2010-04-05","Chatter Audio","11478","11152","326"
"2010-04-06","Chatter Audio","72436","63904","8532"
"2010-04-07","Chatter Audio","54437","48441","5996"
"2010-04-08","Chatter Audio","91545","80326","11219"
"2010-04-09","Chatter Audio","42617","40606","2011"
"2010-04-10","Chatter Audio","18669","14370","4299"
"2010-04-11","Chatter Audio","73316","68008","5308"
"2010-04-12","Chatter Audio","170390","148713","21677"
"2010-04-13","Chatter Audio","108901","94995","13906"
"2010-04-14","Chatter Audio","91105","78274","12831"
"2010-04-15","Chatter Audio","55107","47348","7759"
"2010-04-16","Chatter Audio","122062","103618","18444"
"2010-04-17","Chatter Audio","111344","87313","24031"
"2010-04-18","Chatter Audio","54437","48441","5996"
"2010-04-19","Chatter Audio","116183","97127","19056"
"2010-04-20","Chatter Audio","36438","32978","3460"
"2010-04-21","Chatter Audio","23738","21039","2699"
"2010-04-22","Chatter Audio","97724","87954","9770"
"2010-04-23","Chatter Audio","23738","21039","2699"
"2010-04-24","Chatter Audio","36668","29833","6835"
"2010-04-25","Chatter Audio","83704","73000","10704"
"2010-04-26","Chatter Audio","65265","55485","9780"
"2010-04-27","Chatter Audio","72785","63901","8884"
"2010-04-28","Chatter Audio","84354","77108","7246"
"2010-04-29","Chatter Audio","11268","9096","2172"
"2010-04-30","Chatter Audio","104384","87065","17319"
"2010-05-01","Chatter Audio","73336","59666","13670"
"2010-05-02","Chatter Audio","54877","50493","4384"
"2010-05-03","Chatter Audio","41625","36674","4951"
"2010-05-04","Chatter Audio","73225","65953","7272"
"2010-05-05","Chatter Audio","146442","122477","23965"
"2010-05-06","Chatter Audio","47706","42074","5632"
"2010-05-07","Chatter Audio","72785","63901","8884"
"2010-05-08","Chatter Audio","109544","95789","13755"
"2010-05-09","Chatter Audio","71996","61852","10144"
"2010-05-10","Chatter Audio","96634","81794","14840"
"2010-05-11","Chatter Audio","24178","23091","1087"
"2010-05-12","Chatter Audio","124791","105394","19397"
"2010-05-13","Chatter Audio","79285","70439","8846"
"2010-05-14","Chatter Audio","36668","29833","6835"
"2010-05-15","Chatter Audio","126111","108409","17702"
"2010-05-16","Chatter Audio","66585","58500","8085"
"2010-05-17","Chatter Audio","73776","61718","12058"
"2010-05-18","Chatter Audio","79515","67294","12221"
"2010-05-19","Chatter Audio","114613","102458","12155"
"2010-05-20","Chatter Audio","54667","45296","9371"
"2010-05-21","Chatter Audio","103833","91300","12533"
"2010-05-22","Chatter Audio","65915","59593","6322"
"2010-05-23","Chatter Audio","97054","89047","8007"
"2010-05-24","Chatter Audio","92655","81285","11370"
"2010-05-25","Chatter Audio","17999","15463","2536"
"2010-05-26","Chatter Audio","97284","85902","11382"
"2010-05-27","Chatter Audio","73106","62811","10295"
"2010-05-28","Chatter Audio","67045","55351","11694"
"2010-05-29","Chatter Audio","60176","54017","6159"
"2010-05-30","Chatter Audio","60636","50868","9768"
"2010-05-31","Chatter Audio","49947","38624","11323"
"2010-06-01","Chatter Audio","30147","25522","4625"
"2010-06-02","Chatter Audio","158039","136771","21268"
"2010-06-03","Chatter Audio","169419","142554","26865"
"2010-06-04","Chatter Audio","171040","155962","15078"
"2010-06-05","Chatter Audio","108322","95002","13320"
"2010-06-06","Chatter Audio","133282","116828","16454"
"2010-06-07","Chatter Audio","108434","94830","13604"
"2010-06-08","Chatter Audio","153941","136261","17680"
"2010-06-09","Chatter Audio","164560","141082","23478"
"2010-06-10","Chatter Audio","189198","161024","28174"
"2010-06-11","Chatter Audio","253983","224859","29124"
"2010-06-12","Chatter Audio","53885","46561","7324"
"2010-06-13","Chatter Audio","122383","102528","19855"
"2010-06-14","Chatter Audio","125539","111730","13809"
"2010-06-15","Chatter Audio","84354","77108","7246"
"2010-06-16","Chatter Audio","121902","111045","10857"
"2010-06-17","Chatter Audio","176149","149088","27061"
"2010-06-18","Chatter Audio","103923","87240","16683"
"2010-06-19","Chatter Audio","139251","119259","19992"
"2010-06-20","Chatter Audio","175807","152405","23402"
"2010-06-21","Chatter Audio","115723","103417","12306"
"2010-06-22","Chatter Audio","114863","94112","20751"
"2010-06-23","Chatter Audio","224295","193214","31081"
"2010-06-24","Chatter Audio","132639","116034","16605"
"2010-06-25","Chatter Audio","140040","121308","18732"
"2010-06-26","Chatter Audio","102353","92571","9782"
"2010-06-27","Chatter Audio","141492","118950","22542"
"2010-06-28","Chatter Audio","133401","119970","13431"
"2010-06-29","Chatter Audio","176590","154114","22476"
"2010-06-30","Chatter Audio","79955","69346","10609"
"2010-07-01","Chatter Audio","224045","201560","22485"
"2010-07-02","Chatter Audio","115862","98217","17645"
"2010-07-03","Chatter Audio","60176","54017","6159"
"2010-07-04","Chatter Audio","73015","60756","12259"
"2010-07-05","Chatter Audio","182349","154489","27860"
"2010-07-06","Chatter Audio","115513","98220","17293"
"2010-07-07","Chatter Audio","146442","122477","23965"
"2010-07-08","Chatter Audio","114501","102630","11871"
"2010-07-09","Chatter Audio","126551","110461","16090"
"2010-07-10","Chatter Audio","79725","72491","7234"
"2010-07-11","Chatter Audio","116163","105469","10694"
"2010-07-12","Chatter Audio","55107","47348","7759"
"2010-07-13","Chatter Audio","108874","96882","11992"
"2010-07-14","Chatter Audio","119590","107239","12351"
"2010-07-15","Chatter Audio","157948","137857","20091"
"2010-07-16","Chatter Audio","54345","43412","10933"
"2010-07-17","Chatter Audio","225545","191947","33598"
"2010-07-18","Chatter Audio","140941","126326","14615"
"2010-07-19","Chatter Audio","181638","163010","18628"
"2010-07-20","Chatter Audio","77965","67424","10541"
"2010-07-21","Chatter Audio","24178","23091","1087"
"2010-07-22","Chatter Audio","237554","204065","33489"
"2010-07-23","Chatter Audio","146771","133957","12814"
"2010-07-24","Chatter Audio","188849","157886","30963"
"2010-07-25","Chatter Audio","120582","104889","15693"
"2010-07-26","Chatter Audio","152161","136395","15766"
"2010-07-27","Chatter Audio","131180","115078","16102"
"2010-07-28","Chatter Audio","97494","91099","6395"
"2010-07-29","Chatter Audio","84394","66706","17688"
"2010-07-30","Chatter Audio","270144","225046","45098"
"2010-07-31","Chatter Audio","84834","68758","16076"
"2010-08-01","Chatter Audio","164769","143305","21464"
"2010-08-02","Chatter Audio","150191","126131","24060"
"2010-08-03","Chatter Audio","175019","153330","21689"
"2010-08-04","Chatter Audio","138601","115151","23450"
"2010-08-05","Chatter Audio","54437","48441","5996"
"2010-08-06","Chatter Audio","139251","119259","19992"
"2010-08-07","Chatter Audio","115723","103417","12306"
"2010-08-08","Chatter Audio","188159","167321","20838"
"2010-08-09","Chatter Audio","237436","207038","30398"
"2010-08-10","Chatter Audio","115192","99310","15882"
"2010-08-11","Chatter Audio","236025","201968","34057"
"2010-08-12","Chatter Audio","188829","169369","19460"
"2010-08-13","Chatter Audio","134852","111497","23355"
"2010-08-14","Chatter Audio","128003","104962","23041"
"2010-08-15","Chatter Audio","195908","172759","23149"
"2010-08-16","Chatter Audio","165321","142044","23277"
"2010-08-17","Chatter Audio","79515","67294","12221"
"2010-08-18","Chatter Audio","133072","114772","18300"
"2010-08-19","Chatter Audio","249465","220237","29228"
"2010-08-20","Chatter Audio","128423","115356","13067"
"2010-08-21","Chatter Audio","157829","134715","23114"
"2010-08-22","Chatter Audio","145221","127805","17416"
"2010-08-23","Chatter Audio","218878","186381","32497"
"2010-08-24","Chatter Audio","120792","110086","10706"
"2010-08-25","Chatter Audio","60846","52924","7922"
"2010-08-26","Chatter Audio","103714","88158","15556"
"2010-08-27","Chatter Audio","60176","54017","6159"
"2010-08-28","Chatter Audio","183418","162876","20542"
"2010-08-29","Chatter Audio","141722","115805","25917"
"2010-08-30","Chatter Audio","79075","65242","13833"
"2010-08-31","Chatter Audio","96502","87167","9335"
"2010-09-01","Chatter Audio","126781","107316","19465"
"2010-09-02","Chatter Audio","122592","101610","20982"
"2010-09-03","Chatter Audio","89883","77487","12396"
"2010-09-04","Chatter Audio","55016","45293","9723"
"2010-09-05","Chatter Audio","115723","103417","12306"
"2010-09-06","Chatter Audio","205816","186101","19715"
"2010-09-07","Chatter Audio","156949","133752","23197"
"2010-09-08","Chatter Audio","127333","106055","21278"
"2010-09-09","Chatter Audio","163108","143440","19668"
"2010-09-10","Chatter Audio","131850","113985","17865"
"2010-09-11","Chatter Audio","168518","143818","24700"
"2010-09-12","Chatter Audio","211806","186305","25501"
"2010-09-13","Chatter Audio","116183","97127","19056"
"2010-09-14","Chatter Audio","138740","113092","25648"
"2010-09-15","Chatter Audio","80094","64146","15948"
"2010-09-16","Chatter Audio","83914","75056","8858"
"2010-09-17","Chatter Audio","89653","80632","9021"
"2010-09-18","Chatter Audio","110472","92638","17834"
"2010-09-19","Chatter Audio","109774","92644","17130"
"2010-09-20","Chatter Audio","176150","152062","24088"
"2010-09-21","Chatter Audio","77965","67424","10541"
"2010-09-22","Chatter Audio","146652","127674","18978"
"2010-09-23","Chatter Audio","157579","143061","14518"
"2010-09-24","Chatter Audio","78873","69474","9399"
"2010-09-25","Chatter Audio","109592","91675","17917"
"2010-09-26","Chatter Audio","91315","83471","7844"
"2010-09-27","Chatter Audio","109013","94823","14190"
"2010-09-28","Chatter Audio","98164","90006","8158"
"2010-09-29","Chatter Audio","103832","88326","15506"
"2010-09-30","Chatter Audio","152459","123935","28524"
"2010-10-01","Chatter Audio","60846","52924","7922"
"2010-10-02","Chatter Audio","166019","142038","23981"
"2010-10-03","Chatter Audio","115933","108614","7319"
"2010-10-04","Chatter Audio","209208","176182","33026"
"2010-10-05","Chatter Audio","180088","159999","20089"
"2010-10-06","Chatter Audio","60846","52924","7922"
"2010-10-07","Chatter Audio","199867","175328","24539"
"2010-10-08","Chatter Audio","198987","174365","24622"
"2010-10-09","Chatter Audio","169950","146661","23289"
"2010-10-10","Chatter Audio","103253","88333","14920"
"2010-10-11","Chatter Audio","153061","132157","20904"
"2010-10-12","Chatter Audio","41967","36498","5469"
"2010-10-13","Chatter Audio","218326","184501","33825"
"2010-10-14","Chatter Audio","190448","162898","27550"
"2010-10-15","Chatter Audio","139021","122404","16617"
"2010-10-16","Chatter Audio","182119","154493","27626"
"2010-10-17","Chatter Audio","84354","77108","7246"
"2010-10-18","Chatter Audio","65915","59593","6322"
"2010-10-19","Chatter Audio","146100","125794","20306"
"2010-10-20","Chatter Audio","103233","96675","6558"
"2010-10-21","Chatter Audio","212357","185211","27146"
"2010-10-22","Chatter Audio","183578","158590","24988"
"2010-10-23","Chatter Audio","109334","90592","18742"
"2010-10-24","Chatter Audio","115303","96164","19139"
"2010-10-25","Chatter Audio","134852","111497","23355"
"2010-10-26","Chatter Audio","133052","119973","13079"
"2010-10-27","Chatter Audio","152990","124901","28089"
"2010-10-28","Chatter Audio","169287","151068","18219"
"2010-10-29","Chatter Audio","131180","115078","16102"
"2010-10-30","Chatter Audio","84354","77108","7246"
"2010-10-31","Chatter Audio","78615","71532","7083"
"2010-11-01","Chatter Audio","132520","112892","19628"
"2010-11-02","Chatter Audio","145870","128939","16931"
"2010-11-03","Chatter Audio","127201","114569","12632"
"2010-11-04","Chatter Audio","173377","148431","24946"
"2010-11-05","Chatter Audio","90875","81419","9456"
"2010-11-06","Chatter Audio","176569","156341","20228"
"2010-11-07","Chatter Audio","139048","120517","18531"
"2010-11-08","Chatter Audio","218766","186553","32213"
"2010-11-09","Chatter Audio","91775","77181","14594"
"2010-11-10","Chatter Audio","89673","78572","11101"
"2010-11-11","Chatter Audio","230146","195477","34669"
"2010-11-12","Chatter Audio","162667","138414","24253"
"2010-11-13","Chatter Audio","144320","125928","18392"
"2010-11-14","Chatter Audio","97284","85902","11382"
"2010-11-15","Chatter Audio","97193","83847","13346"
"2010-11-16","Chatter Audio","79194","68384","10810"
"2010-11-17","Chatter Audio","128213","110159","18054"
"2010-11-18","Chatter Audio","102353","92571","9782"
"2010-11-19","Chatter Audio","158381","133454","24927"
"2010-11-20","Chatter Audio","195168","166429","28739"
"2010-11-21","Chatter Audio","130950","115082","15868"
"2010-11-22","Chatter Audio","156370","133759","22611"
"2010-11-23","Chatter Audio","42407","35409","6998"
"2010-11-24","Chatter Audio","84814","73959","10855"
"2010-11-25","Chatter Audio","133400","116996","16404"
"2010-11-26","Chatter Audio","109984","97841","12143"
"2010-11-27","Chatter Audio","102143","87374","14769"
"2010-11-28","Chatter Audio","97934","93151","4783"
"2010-11-29","Chatter Audio","133302","111627","21675"
"2010-11-30","Chatter Audio","121922","102703","19219"
"2010-12-01","Chatter Audio","96844","83850","12994"
"2010-12-02","Chatter Audio","176129","154289","21840"
"2010-12-03","Chatter Audio","98184","81664","16520"
"2010-12-04","Chatter Audio","55107","47348","7759"
"2010-12-05","Chatter Audio","85925","77892","8033"
"2010-12-06","Chatter Audio","204544","175831","28713"
"2010-12-07","Chatter Audio","140341","128560","11781"
"2010-12-08","Chatter Audio","41737","36502","5235"
"2010-12-09","Chatter Audio","159400","132358","27042"
"2010-12-10","Chatter Audio","162661","138074","24587"
"2010-12-11","Chatter Audio","115953","100272","15681"
"2010-12-12","Chatter Audio","189059","166224","22835"
"2010-12-13","Chatter Audio","169419","145695","23724"
"2010-12-14","Chatter Audio","193688","167700","25988"
"2010-12-15","Chatter Audio","103273","86273","17000"
"2010-12-16","Chatter Audio","61076","52920","8156"
"2010-12-17","Chatter Audio","86615","68457","18158"
"2010-12-18","Chatter Audio","110123","92641","17482"
"2010-12-19","Chatter Audio","17999","15463","2536"
"2010-12-20","Chatter Audio","123933","105539","18394"
"2010-12-21","Chatter Audio","247804","217231","30573"
"2010-12-22","Chatter Audio","85254","72870","12384"
"2010-12-23","Chatter Audio","133072","111631","21441"
"2010-12-24","Chatter Audio","78175","69480","8695"
"2010-12-25","Chatter Audio","188487","169545","18942"
"2010-12-26","Chatter Audio","54346","46386","7960"
"2010-12-27","Chatter Audio","134622","117783","16839"
"2010-12-28","Chatter Audio","144990","127976","17014"
"2010-12-29","Chatter Audio","117063","101231","15832"
"2010-12-30","Chatter Audio","144320","125928","18392"
"2010-12-31","Chatter Audio","127472","103996","23476"
"2011-01-01","Chatter Audio","48586","43037","5549"
"2011-01-02","Chatter Audio","163568","140291","23277"
"2011-01-03","Chatter Audio","218096","187646","30450"
"2011-01-04","Chatter Audio","144899","125921","18978"
"2011-01-05","Chatter Audio","290461","247435","43026"
"2011-01-06","Chatter Audio","181868","159865","22003"
"2011-01-07","Chatter Audio","102952","87363","15589"
"2011-01-08","Chatter Audio","145890","123738","22152"
"2011-01-09","Chatter Audio","176918","156338","20580"
"2011-01-10","Chatter Audio","126321","110465","15856"
"2011-01-11","Chatter Audio","195258","165510","29748"
"2011-01-12","Chatter Audio","134531","115728","18803"
"2011-01-13","Chatter Audio","187489","168414","19075"
"2011-01-14","Chatter Audio","133302","111627","21675"
"2011-01-15","Chatter Audio","96844","83850","12994"
"2011-01-16","Chatter Audio","200426","180522","19904"
"2011-01-17","Chatter Audio","116163","105469","10694"
"2011-01-18","Chatter Audio","127452","109197","18255"
"2011-01-19","Chatter Audio","150269","136701","13568"
"2011-01-20","Chatter Audio","162989","143439","19550"
"2011-01-21","Chatter Audio","145870","128939","16931"
"2011-01-22","Chatter Audio","152621","130105","22516"
"2011-01-23","Chatter Audio","186267","167627","18640"
"2011-01-24","Chatter Audio","95182","84152","11030"
"2011-01-25","Chatter Audio","297040","267517","29523"
"2011-01-26","Chatter Audio","157480","134718","22762"
"2011-01-27","Chatter Audio","198665","172481","26184"
"2011-01-28","Chatter Audio","110123","92641","17482"
"2011-01-29","Chatter Audio","97744","79612","18132"
"2011-01-30","Chatter Audio","205647","173476","32171"
"2011-01-31","Chatter Audio","323891","282922","40969"
"2011-02-01","Chatter Audio","170069","149803","20266"
"2011-02-02","Chatter Audio","54437","48441","5996"
"2011-02-03","Chatter Audio","84584","73963","10621"
"2011-02-04","Chatter Audio","139461","124456","15005"
"2011-02-05","Chatter Audio","103833","91300","12533"
"2011-02-06","Chatter Audio","134281","124074","10207"
"2011-02-07","Chatter Audio","182888","164884","18004"
"2011-02-08","Chatter Audio","170850","142423","28427"
"2011-02-09","Chatter Audio","103044","89251","13793"
"2011-02-10","Chatter Audio","145660","126883","18777"
"2011-02-11","Chatter Audio","225287","190864","34423"
"2011-02-12","Chatter Audio","193597","168786","24811"
"2011-02-13","Chatter Audio","156238","139132","17106"
"2011-02-14","Chatter Audio","120812","104885","15927"
"2011-02-15","Chatter Audio","191649","162771","28878"
"2011-02-16","Chatter Audio","140040","121308","18732"
"2011-02-17","Chatter Audio","163890","142175","21715"
"2011-02-18","Chatter Audio","192026","168002","24024"
"2011-02-19","Chatter Audio","79075","65242","13833"
"2011-02-20","Chatter Audio","152740","133247","19493"
"2011-02-21","Chatter Audio","126531","115662","10869"
"2011-02-22","Chatter Audio","168637","146960","21677"
"2011-02-23","Chatter Audio","201157","163659","37498"
"2011-02-24","Chatter Audio","153180","135299","17881"
"2011-02-25","Chatter Audio","267492","230505","36987"
"2011-02-26","Chatter Audio","126873","112345","14528"
"2011-02-27","Chatter Audio","97633","85899","11734"
"2011-02-28","Chatter Audio","121022","106941","14081"
"2011-03-01","Chatter Audio","141611","122092","19519"
"2011-03-02","Chatter Audio","133540","114770","18770"
"2011-03-03","Chatter Audio","114291","97433","16858"
"2011-03-04","Chatter Audio","170068","146829","23239"
"2011-03-05","Chatter Audio","168867","146956","21911"
"2011-03-06","Chatter Audio","147112","121384","25728"
"2011-03-07","Chatter Audio","133631","116825","16806"
"2011-03-08","Chatter Audio","168840","148843","19997"
"2011-03-09","Chatter Audio","190448","159757","30691"
"2011-03-10","Chatter Audio","54004","49703","4301"
"2011-03-11","Chatter Audio","225957","189771","36186"
"2011-03-12","Chatter Audio","156790","141012","15778"
"2011-03-13","Chatter Audio","79285","70439","8846"
"2011-03-14","Chatter Audio","122572","109952","12620"
"2011-03-15","Chatter Audio","152371","141592","10779"
"2011-03-16","Chatter Audio","171409","147617","23792"
"2011-03-17","Chatter Audio","115953","100272","15681"
"2011-03-18","Chatter Audio","121713","103621","18092"
"2011-03-19","Chatter Audio","107882","92950","14932"
"2011-03-20","Chatter Audio","184039","155274","28765"
"2011-03-21","Chatter Audio","109774","92644","17130"
"2011-03-22","Chatter Audio","47916","44130","3786"
"2011-03-23","Chatter Audio","77183","68689","8494"
"2011-03-24","Chatter Audio","110214","94696","15518"
"2011-03-25","Chatter Audio","73546","64863","8683"
"2011-03-26","Chatter Audio","170319","141457","28862"
"2011-03-27","Chatter Audio","188968","164169","24799"
"2011-03-28","Chatter Audio","101801","90691","11110"
"2011-03-29","Chatter Audio","127681","103078","24603"
"2011-03-30","Chatter Audio","55337","44203","11134"
"2011-03-31","Chatter Audio","236562","203274","33288"
"2011-04-01","Chatter Audio","108342","89801","18541"
"2011-04-02","Chatter Audio","188298","165262","23036"
"2011-04-03","Chatter Audio","79285","70439","8846"
"2011-04-04","Chatter Audio","120051","103923","16128"
"2011-04-05","Chatter Audio","139251","119259","19992"
"2011-04-06","Chatter Audio","66585","58500","8085"
"2011-04-07","Chatter Audio","96753","81795","14958"
"2011-04-08","Chatter Audio","212266","180015","32251"
"2011-04-09","Chatter Audio","170068","146829","23239"
"2011-04-10","Chatter Audio","193248","168789","24459"
"2011-04-11","Chatter Audio","260733","223051","37682"
"2011-04-12","Chatter Audio","158500","136596","21904"
"2011-04-13","Chatter Audio","114521","97429","17092"
"2011-04-14","Chatter Audio","97193","83847","13346"
"2011-04-15","Chatter Audio","29917","28667","1250"
"2011-04-16","Chatter Audio","176248","157431","18817"
"2011-04-17","Chatter Audio","60846","52924","7922"
"2011-04-18","Chatter Audio","139711","119251","20460"
"2011-04-19","Chatter Audio","157690","136774","20916"
"2011-04-20","Chatter Audio","171080","139278","31802"
"2011-04-21","Chatter Audio","97744","79612","18132"
"2011-04-22","Chatter Audio","144990","124835","20155"
"2011-04-23","Chatter Audio","111114","90458","20656"
"2011-04-24","Chatter Audio","145688","124829","20859"
"2011-04-25","Chatter Audio","162779","138242","24537"
"2011-04-26","Chatter Audio","103463","93530","9933"
"2011-04-27","Chatter Audio","169998","142547","27451"
"2011-04-28","Chatter Audio","189959","158845","31114"
"2011-04-29","Chatter Audio","176590","154114","22476"
"2011-04-30","Chatter Audio","90093","82684","7409"
"2011-05-01","Chatter Audio","85694","74922","10772"
"2011-05-02","Chatter Audio","72876","65956","6920"
"2011-05-03","Chatter Audio","66585","58500","8085"
"2011-05-04","Chatter Audio","134531","112587","21944"
"2011-05-05","Chatter Audio","119800","109295","10505"
"2011-05-06","Chatter Audio","123612","106629","16983"
"2011-05-07","Chatter Audio","122362","104755","17607"
"2011-05-08","Chatter Audio","42407","35409","6998"
"2011-05-09","Chatter Audio","168197","144908","23289"
"2011-05-10","Chatter Audio","133492","122025","11467"
"2011-05-11","Chatter Audio","59624","52137","7487"
"2011-05-12","Chatter Audio","170319","141457","28862"
"2011-05-13","Chatter Audio","152601","138447","14154"
"2011-05-14","Chatter Audio","175019","153330","21689"
"2011-05-15","Chatter Audio","157158","129693","27465"
"2011-05-16","Chatter Audio","158780","146075","12705"
"2011-05-17","Chatter Audio","121712","100647","21065"
"2011-05-18","Chatter Audio","91545","80326","11219"
"2011-05-19","Chatter Audio","41527","34446","7081"
"2011-05-20","Chatter Audio","175828","150178","25650"
"2011-05-21","Chatter Audio","151511","129146","22365"
"2011-05-22","Chatter Audio","127201","114569","12632"
"2011-05-23","Chatter Audio","121601","103793","17808"
"2011-05-24","Chatter Audio","97193","83847","13346"
"2011-05-25","Chatter Audio","171179","150762","20417"
"2011-05-26","Chatter Audio","134392","117787","16605"
"2011-05-27","Chatter Audio","104154","90210","13944"
"2011-05-28","Chatter Audio","212127","188356","23771"
"2011-05-29","Chatter Audio","139600","119256","20344"
"2011-05-30","Chatter Audio","96844","83850","12994"
"2011-05-31","Chatter Audio","286363","243784","42579"
"2011-06-01","Chatter Audio","231927","198317","33610"
"2011-06-02","Chatter Audio","176359","154285","22074"
"2011-06-03","Chatter Audio","207065","181860","25205"
"2011-06-04","Chatter Audio","249695","213951","35744"
"2011-06-05","Chatter Audio","174928","151275","23653"
"2011-06-06","Chatter Audio","104153","84095","20058"
"2011-06-07","Chatter Audio","265914","226407","39507"
"2011-06-08","Chatter Audio","235984","209396","26588"
"2011-06-09","Chatter Audio","139691","121311","18380"
"2011-06-10","Chatter Audio","158730","133451","25279"
"2011-06-11","Chatter Audio","164539","143309","21230"
"2011-06-12","Chatter Audio","181868","159865","22003"
"2011-06-13","Chatter Audio","120602","99688","20914"
"2011-06-14","Chatter Audio","194247","172894","21353"
"2011-06-15","Chatter Audio","175578","158524","17054"
"2011-06-16","Chatter Audio","184220","153269","30951"
"2011-06-17","Chatter Audio","78314","67421","10893"
"2011-06-18","Chatter Audio","207197","176487","30710"
"2011-06-19","Chatter Audio","131620","113989","17631"
"2011-06-20","Chatter Audio","213447","191371","22076"
"2011-06-21","Chatter Audio","128213","110159","18054"
"2011-06-22","Chatter Audio","175459","155382","20077"
"2011-06-23","Chatter Audio","116071","97299","18772"
"2011-06-24","Chatter Audio","96194","79742","16452"
"2011-06-25","Chatter Audio","190217","159928","30289"
"2011-06-26","Chatter Audio","225176","197151","28025"
"2011-06-27","Chatter Audio","132500","118093","14407"
"2011-06-28","Chatter Audio","243544","207410","36134"
"2011-06-29","Chatter Audio","102813","86281","16532"
"2011-06-30","Chatter Audio","140801","122270","18531"
"2011-07-01","Chatter Audio","140361","120218","20143"
"2011-07-02","Chatter Audio","220296","197906","22390"
"2011-07-03","Chatter Audio","89883","80628","9255"
"2011-07-04","Chatter Audio","78845","68387","10458"
"2011-07-05","Chatter Audio","133512","113683","19829"
"2011-07-06","Chatter Audio","236975","207213","29762"
"2011-07-07","Chatter Audio","132632","112720","19912"
"2011-07-08","Chatter Audio","176918","156338","20580"
"2011-07-09","Chatter Audio","127661","111420","16241"
"2011-07-10","Chatter Audio","128911","110153","18758"
"2011-07-11","Chatter Audio","199316","179563","19753"
"2011-07-12","Chatter Audio","163429","142350","21079"
"2011-07-13","Chatter Audio","152851","126960","25891"
"2011-07-14","Chatter Audio","84493","71908","12585"
"2011-07-15","Chatter Audio","139231","127601","11630"
"2011-07-16","Chatter Audio","243083","207585","35498"
"2011-07-17","Chatter Audio","134182","115731","18451"
"2011-07-18","Chatter Audio","146212","125622","20590"
"2011-07-19","Chatter Audio","212797","184122","28675"
"2011-07-20","Chatter Audio","181658","157809","23849"
"2011-07-21","Chatter Audio","226187","189767","36420"
"2011-07-22","Chatter Audio","230515","190273","40242"
"2011-07-23","Chatter Audio","158820","129391","29429"
"2011-07-24","Chatter Audio","144781","125753","19028"
"2011-07-25","Chatter Audio","243865","206320","37545"
"2011-07-26","Chatter Audio","139481","119255","20226"
"2011-07-27","Chatter Audio","157920","133629","24291"
"2011-07-28","Chatter Audio","248613","214079","34534"
"2011-07-29","Chatter Audio","132290","116037","16253"
"2011-07-30","Chatter Audio","188389","164176","24213"
"2011-07-31","Chatter Audio","323018","285273","37745"
"2011-08-01","Chatter Audio","201096","179429","21667"
"2011-08-02","Chatter Audio","323129","278986","44143"
"2011-08-03","Chatter Audio","139021","122404","16617"
"2011-08-04","Chatter Audio","181408","166155","15253"
"2011-08-05","Chatter Audio","84584","77104","7480"
"2011-08-06","Chatter Audio","169559","143469","26090"
"2011-08-07","Chatter Audio","108461","92943","15518"
"2011-08-08","Chatter Audio","171270","152817","18453"
"2011-08-09","Chatter Audio","157159","135808","21351"
"2011-08-10","Chatter Audio","128772","115353","13419"
"2011-08-11","Chatter Audio","234663","200266","34397"
"2011-08-12","Chatter Audio","228806","197663","31143"
"2011-08-13","Chatter Audio","78845","68387","10458"
"2011-08-14","Chatter Audio","165230","143130","22100"
"2011-08-15","Chatter Audio","133610","119052","14558"
"2011-08-16","Chatter Audio","182999","158597","24402"
"2011-08-17","Chatter Audio","96174","84943","11231"
"2011-08-18","Chatter Audio","120930","105053","15877"
"2011-08-19","Chatter Audio","126551","110461","16090"
"2011-08-20","Chatter Audio","150638","131497","19141"
"2011-08-21","Chatter Audio","157690","139915","17775"
"2011-08-22","Chatter Audio","257104","231795","25309"
"2011-08-23","Chatter Audio","232136","200540","31596"
"2011-08-24","Chatter Audio","182979","166939","16040"
"2011-08-25","Chatter Audio","120142","102837","17305"
"2011-08-26","Chatter Audio","140382","117991","22391"
"2011-08-27","Chatter Audio","170069","149803","20266"
"2011-08-28","Chatter Audio","156908","141180","15728"
"2011-08-29","Chatter Audio","134301","115732","18569"
"2011-08-30","Chatter Audio","169886","145860","24026"
"2011-08-31","Chatter Audio","326648","285785","40863"
"2011-09-01","Chatter Audio","292542","251412","41130"
"2011-09-02","Chatter Audio","24408","19946","4462"
"2011-09-03","Chatter Audio","195817","170704","25113"
"2011-09-04","Chatter Audio","132730","114948","17782"
"2011-09-05","Chatter Audio","184248","154356","29892"
"2011-09-06","Chatter Audio","196758","155897","40861"
"2011-09-07","Chatter Audio","152851","126960","25891"
"2011-09-08","Chatter Audio","133052","119973","13079"
"2011-09-09","Chatter Audio","177239","155248","21991"
"2011-09-10","Chatter Audio","133540","114770","18770"
"2011-09-11","Chatter Audio","195468","167566","27902"
"2011-09-12","Chatter Audio","183788","160646","23142"
"2011-09-13","Chatter Audio","97954","84809","13145"
"2011-09-14","Chatter Audio","255204","219531","35673"
"2011-09-15","Chatter Audio","261515","218645","42870"
"2011-09-16","Chatter Audio","220337","187337","33000"
"2011-09-17","Chatter Audio","121712","100647","21065"
"2011-09-18","Chatter Audio","78084","67425","10659"
"2011-09-19","Chatter Audio","268134","231466","36668"
"2011-09-20","Chatter Audio","153180","135299","17881"
"2011-09-21","Chatter Audio","182328","156716","25612"
"2011-09-22","Chatter Audio","193918","167696","26222"
"2011-09-23","Chatter Audio","139481","119255","20226"
"2011-09-24","Chatter Audio","267924","226269","41655"
"2011-09-25","Chatter Audio","102373","87370","15003"
"2011-09-26","Chatter Audio","256984","219397","37587"
"2011-09-27","Chatter Audio","181107","158903","22204"
"2011-09-28","Chatter Audio","255644","221583","34061"
"2011-09-29","Chatter Audio","140571","125415","15156"
"2011-09-30","Chatter Audio","158800","137733","21067"
"2011-10-01","Chatter Audio","218655","195981","22674"
"2011-10-02","Chatter Audio","297199","257116","40083"
"2011-10-03","Chatter Audio","121272","98595","22677"
"2011-10-04","Chatter Audio","152970","133243","19727"
"2011-10-05","Chatter Audio","167618","148056","19562"
"2011-10-06","Chatter Audio","152391","133250","19141"
"2011-10-07","Chatter Audio","182119","157634","24485"
"2011-10-08","Chatter Audio","194016","169924","24092"
"2011-10-09","Chatter Audio","163199","148636","14563"
"2011-10-10","Chatter Audio","96313","82884","13429"
"2011-10-11","Chatter Audio","158130","138826","19304"
"2011-10-12","Chatter Audio","254534","220624","33910"
"2011-10-13","Chatter Audio","146240","129850","16390"
"2011-10-14","Chatter Audio","164120","142171","21949"
"2011-10-15","Chatter Audio","205816","186101","19715"
"2011-10-16","Chatter Audio","150729","130411","20318"
"2011-10-17","Chatter Audio","217544","185766","31778"
"2011-10-18","Chatter Audio","189639","166050","23589"
"2011-10-19","Chatter Audio","218004","182617","35387"
"2011-10-20","Chatter Audio","213335","191543","21792"
"2011-10-21","Chatter Audio","184870","160518","24352"
"2011-10-22","Chatter Audio","157480","134718","22762"
"2011-10-23","Chatter Audio","200998","174060","26938"
"2011-10-24","Chatter Audio","236975","207213","29762"
"2011-10-25","Chatter Audio","102932","89423","13509"
"2011-10-26","Chatter Audio","103233","96675","6558"
"2011-10-27","Chatter Audio","244516","216543","27973"
"2011-10-28","Chatter Audio","195587","170708","24879"
"2011-10-29","Chatter Audio","61516","51831","9685"
"2011-10-30","Chatter Audio","126761","112517","14244"
"2011-10-31","Chatter Audio","110102","94868","15234"
"2011-11-01","Chatter Audio","155798","137080","18718"
"2011-11-02","Chatter Audio","207728","177453","30275"
"2011-11-03","Chatter Audio","128883","109066","19817"
"2011-11-04","Chatter Audio","221936","189208","32728"
"2011-11-05","Chatter Audio","201577","170912","30665"
"2011-11-06","Chatter Audio","151951","131198","20753"
"2011-11-07","Chatter Audio","200077","180525","19552"
"2011-11-08","Chatter Audio","170180","146657","23523"
"2011-11-09","Chatter Audio","176799","153196","23603"
"2011-11-10","Chatter Audio","113733","98354","15379"
"2011-11-11","Chatter Audio","77853","67596","10257"
"2011-11-12","Chatter Audio","122802","106807","15995"
"2011-11-13","Chatter Audio","114613","102458","12155"
"2011-11-14","Chatter Audio","158360","138822","19538"
"2011-11-15","Chatter Audio","193617","163585","30032"
"2011-11-16","Chatter Audio","145779","126884","18895"
"2011-11-17","Chatter Audio","164008","139202","24806"
"2011-11-18","Chatter Audio","158130","138826","19304"
"2011-11-19","Chatter Audio","232136","197399","34737"
"2011-11-20","Chatter Audio","170298","143684","26614"
"2011-11-21","Chatter Audio","156370","133759","22611"
"2011-11-22","Chatter Audio","139021","122404","16617"
"2011-11-23","Chatter Audio","177609","153018","24591"
"2011-11-24","Chatter Audio","110102","94868","15234"
"2011-11-25","Chatter Audio","162969","148640","14329"
"2011-11-26","Chatter Audio","192395","165939","26456"
"2011-11-27","Chatter Audio","133072","111631","21441"
"2011-11-28","Chatter Audio","190538","155697","34841"
"2011-11-29","Chatter Audio","151051","135436","15615"
"2011-11-30","Chatter Audio","195489","165339","30150"
"2011-12-01","Chatter Audio","151210","128176","23034"
"2011-12-02","Chatter Audio","144229","127014","17215"
"2011-12-03","Chatter Audio","122152","102699","19453"
"2011-12-04","Chatter Audio","169070","145698","23372"
"2011-12-05","Chatter Audio","188948","169370","19578"
"2011-12-06","Chatter Audio","139251","119259","19992"
"2011-12-07","Chatter Audio","186977","156132","30845"
"2011-12-08","Chatter Audio","164309","146454","17855"
"2011-12-09","Chatter Audio","259813","235631","24182"
"2011-12-10","Chatter Audio","253634","224862","28772"
"2011-12-11","Chatter Audio","159030","134588","24442"
"2011-12-12","Chatter Audio","138720","118293","20427"
"2011-12-13","Chatter Audio","157670","145116","12554"
"2011-12-14","Chatter Audio","142868","128286","14582"
"2011-12-15","Chatter Audio","121252","103796","17456"
"2011-12-16","Chatter Audio","163568","140291","23277"
"2011-12-17","Chatter Audio","115882","93016","22866"
"2011-12-18","Chatter Audio","200307","177380","22927"
"2011-12-19","Chatter Audio","139461","124456","15005"
"2011-12-20","Chatter Audio","250135","212862","37273"
"2011-12-21","Chatter Audio","206737","179636","27101"
"2011-12-22","Chatter Audio","139461","124456","15005"
"2011-12-23","Chatter Audio","146770","124701","22069"
"2011-12-24","Chatter Audio","208378","184702","23676"
"2011-12-25","Chatter Audio","182788","153567","29221"
"2011-12-26","Chatter Audio","168518","146959","21559"
"2011-12-27","Chatter Audio","206388","179639","26749"
"2011-12-28","Chatter Audio","176498","149085","27413"
"2011-12-29","Chatter Audio","207288","175401","31887"
"2011-12-30","Chatter Audio","188968","161028","27940"
"2011-12-31","Chatter Audio","182420","161745","20675"
"2012-01-01","Chatter Audio","218767","192668","26099"
"2012-01-02","Chatter Audio","252381","209558","42823"
"2012-01-03","Chatter Audio","204726","176800","27926"
"2012-01-04","Chatter Audio","188389","164176","24213"
"2012-01-05","Chatter Audio","301808","270075","31733"
"2012-01-06","Chatter Audio","290840","262116","28724"
"2012-01-07","Chatter Audio","215994","185896","30098"
"2012-01-08","Chatter Audio","131850","113985","17865"
"2012-01-09","Chatter Audio","374907","326431","48476"
"2012-01-10","Chatter Audio","210445","190718","19727"
"2012-01-11","Chatter Audio","246253","214387","31866"
"2012-01-12","Chatter Audio","168748","140673","28075"
"2012-01-13","Chatter Audio","211366","184253","27113"
"2012-01-14","Chatter Audio","212496","180011","32485"
"2012-01-15","Chatter Audio","217223","189997","27226"
"2012-01-16","Chatter Audio","283361","246272","37089"
"2012-01-17","Chatter Audio","373279","316352","56927"
"2012-01-18","Chatter Audio","229036","194518","34518"
"2012-01-19","Chatter Audio","225295","200293","25002"
"2012-01-20","Chatter Audio","279941","247816","32125"
"2012-01-21","Chatter Audio","219456","183400","36056"
"2012-01-22","Chatter Audio","189177","160110","29067"
"2012-01-23","Chatter Audio","242504","210733","31771"
"2012-01-24","Chatter Audio","224827","197154","27673"
"2012-01-25","Chatter Audio","224506","198244","26262"
"2012-01-26","Chatter Audio","127661","108279","19382"
"2012-01-27","Chatter Audio","242393","213879","28514"
"2012-01-28","Chatter Audio","206737","179636","27101"
"2012-01-29","Chatter Audio","216184","196294","19890"
"2012-01-30","Chatter Audio","320497","276103","44394"
"2012-01-31","Chatter Audio","206506","179807","26699"
"2012-02-01","Chatter Audio","272120","235289","36831"
"2012-02-02","Chatter Audio","256223","218435","37788"
"2012-02-03","Chatter Audio","388164","331334","56830"
"2012-02-04","Chatter Audio","338915","295845","43070"
"2012-02-05","Chatter Audio","310819","259616","51203"
"2012-02-06","Chatter Audio","359547","317165","42382"
"2012-02-07","Chatter Audio","218766","189694","29072"
"2012-02-08","Chatter Audio","190308","158842","31466"
"2012-02-09","Chatter Audio","298373","262017","36356"
"2012-02-10","Chatter Audio","354749","296782","57967"
"2012-02-11","Chatter Audio","138791","125549","13242"
"2012-02-12","Chatter Audio","238776","204852","33924"
"2012-02-13","Chatter Audio","225545","191947","33598"
"2012-02-14","Chatter Audio","225775","191943","33832"
"2012-02-15","Chatter Audio","248474","219279","29195"
"2012-02-16","Chatter Audio","291551","250454","41097"
"2012-02-17","Chatter Audio","225957","189771","36186"
"2012-02-18","Chatter Audio","193366","165816","27550"
"2012-02-19","Chatter Audio","199735","183842","15893"
"2012-02-20","Chatter Audio","314389","275731","38658"
"2012-02-21","Chatter Audio","249255","211899","37356"
"2012-02-22","Chatter Audio","219896","182311","37585"
"2012-02-23","Chatter Audio","181888","154664","27224"
"2012-02-24","Chatter Audio","255644","224724","30920"
"2012-02-25","Chatter Audio","318200","273232","44968"
"2012-02-26","Chatter Audio","328890","285309","43581"
"2012-02-27","Chatter Audio","376916","320178","56738"
"2012-02-28","Chatter Audio","217104","186855","30249"
"2012-02-29","Chatter Audio","206087","175528","30559"
"2012-03-01","Chatter Audio","316281","275425","40856"
"2012-03-02","Chatter Audio","182308","161917","20391"
"2012-03-03","Chatter Audio","127361","107142","20219"
"2012-03-04","Chatter Audio","241834","211826","30008"
"2012-03-05","Chatter Audio","442352","397377","44975"
"2012-03-06","Chatter Audio","256224","224550","31674"
"2012-03-07","Chatter Audio","304180","255137","49043"
"2012-03-08","Chatter Audio","249124","223387","25737"
"2012-03-09","Chatter Audio","146310","130991","15319"
"2012-03-10","Chatter Audio","273552","238132","35420"
"2012-03-11","Chatter Audio","250135","212862","37273"
"2012-03-12","Chatter Audio","236254","195849","40405"
"2012-03-13","Chatter Audio","313928","279047","34881"
"2012-03-14","Chatter Audio","224597","200299","24298"
"2012-03-15","Chatter Audio","419666","355244","64422"
"2012-03-16","Chatter Audio","295223","250014","45209"
"2012-03-17","Chatter Audio","332618","291190","41428"
"2012-03-18","Chatter Audio","225776","191776","34000"
"2012-03-19","Chatter Audio","251365","223078","28287"
"2012-03-20","Chatter Audio","230566","202730","27836"
"2012-03-21","Chatter Audio","241164","209778","31386"
"2012-03-22","Chatter Audio","347189","301909","45280"
"2012-03-23","Chatter Audio","145660","126883","18777"
"2012-03-24","Chatter Audio","248933","206874","42059"
"2012-03-25","Chatter Audio","266703","228456","38247"
"2012-03-26","Chatter Audio","247154","209982","37172"
"2012-03-27","Chatter Audio","242826","212617","30209"
"2012-03-28","Chatter Audio","170417","146826","23591"
"2012-03-29","Chatter Audio","238545","201882","36663"
"2012-03-30","Chatter Audio","188389","164176","24213"
"2012-03-31","Chatter Audio","211345","186480","24865"
"2012-04-01","Chatter Audio","315478","278917","36561"
"2012-04-02","Chatter Audio","175117","158699","16418"
"2012-04-03","Chatter Audio","230014","200850","29164"
"2012-04-04","Chatter Audio","271889","232319","39570"
"2012-04-05","Chatter Audio","262284","229036","33248"
"2012-04-06","Chatter Audio","386804","341862","44942"
"2012-04-07","Chatter Audio","241414","204573","36841"
"2012-04-08","Chatter Audio","327430","281379","46051"
"2012-04-09","Chatter Audio","298972","253668","45304"
"2012-04-10","Chatter Audio","280541","242441","38100"
"2012-04-11","Chatter Audio","182308","161917","20391"
"2012-04-12","Chatter Audio","260483","231397","29086"
"2012-04-13","Chatter Audio","310101","264823","45278"
"2012-04-14","Chatter Audio","224513","204699","19814"
"2012-04-15","Chatter Audio","210695","182372","28323"
"2012-04-16","Chatter Audio","357578","309875","47703"
"2012-04-17","Chatter Audio","261265","230132","31133"
"2012-04-18","Chatter Audio","353646","302278","51368"
"2012-04-19","Chatter Audio","200907","172005","28902"
"2012-04-20","Chatter Audio","304251","262393","41858"
"2012-04-21","Chatter Audio","292411","262900","29511"
"2012-04-22","Chatter Audio","370376","327183","43193"
"2012-04-23","Chatter Audio","237686","198692","38994"
"2012-04-24","Chatter Audio","279061","246853","32208"
"2012-04-25","Chatter Audio","260063","227285","32778"
"2012-04-26","Chatter Audio","289331","248536","40795"
"2012-04-27","Chatter Audio","261753","224929","36824"
"2012-04-28","Chatter Audio","127340","109369","17971"
"2012-04-29","Chatter Audio","140131","123363","16768"
"2012-04-30","Chatter Audio","236563","206248","30315"
"2012-05-01","Chatter Audio","284661","254488","30173"
"2012-05-02","Chatter Audio","220134","185454","34680"
"2012-05-03","Chatter Audio","371337","310316","61021"
"2012-05-04","Chatter Audio","181888","154664","27224"
"2012-05-05","Chatter Audio","198777","169168","29609"
"2012-05-06","Chatter Audio","225615","196229","29386"
"2012-05-07","Chatter Audio","223284","197457","25827"
"2012-05-08","Chatter Audio","250826","209542","41284"
"2012-05-09","Chatter Audio","298951","252754","46197"
"2012-05-10","Chatter Audio","243432","210723","32709"
"2012-05-11","Chatter Audio","299622","257776","41846"
"2012-05-12","Chatter Audio","395014","350266","44748"
"2012-05-13","Chatter Audio","387423","328312","59111"
"2012-05-14","Chatter Audio","254422","223937","30485"
"2012-05-15","Chatter Audio","304370","268676","35694"
"2012-05-16","Chatter Audio","236975","210354","26621"
"2012-05-17","Chatter Audio","198303","180999","17304"
"2012-05-18","Chatter Audio","108342","92942","15400"
"2012-05-19","Chatter Audio","278712","243715","34997"
"2012-05-20","Chatter Audio","274523","241150","33373"
"2012-05-21","Chatter Audio","297611","258081","39530"
"2012-05-22","Chatter Audio","269879","235598","34281"
"2012-05-23","Chatter Audio","352508","300232","52276"
"2012-05-24","Chatter Audio","248383","217224","31159"
"2012-05-25","Chatter Audio","138490","121438","17052"
"2012-05-26","Chatter Audio","429093","380244","48849"
"2012-05-27","Chatter Audio","169077","149012","20065"
"2012-05-28","Chatter Audio","385888","329377","56511"
"2012-05-29","Chatter Audio","242945","215759","27186"
"2012-05-30","Chatter Audio","284800","252429","32371"
"2012-05-31","Chatter Audio","245206","207108","38098"
"2012-06-01","Chatter Audio","85044","70814","14230"
"2012-06-02","Chatter Audio","89213","78580","10633"
"2012-06-03","Chatter Audio","78845","68387","10458"
"2012-06-04","Chatter Audio","140822","120043","20779"
"2012-06-05","Chatter Audio","47476","42078","5398"
"2012-06-06","Chatter Audio","151281","132291","18990"
"2012-06-07","Chatter Audio","103463","93530","9933"
"2012-06-08","Chatter Audio","200767","174231","26536"
"2012-06-09","Chatter Audio","169950","146661","23289"
"2012-06-10","Chatter Audio","84584","73963","10621"
"2012-06-11","Chatter Audio","182210","156548","25662"
"2012-06-12","Chatter Audio","84794","79160","5634"
"2012-06-13","Chatter Audio","139691","121311","18380"
"2012-06-14","Chatter Audio","218884","186721","32163"
"2012-06-15","Chatter Audio","66934","58497","8437"
"2012-06-16","Chatter Audio","177469","152103","25366"
"2012-06-17","Chatter Audio","96062","85115","10947"
"2012-06-18","Chatter Audio","150079","126303","23776"
"2012-06-19","Chatter Audio","56007","43110","12897"
"2012-06-20","Chatter Audio","134162","124073","10089"
"2012-06-21","Chatter Audio","83914","75056","8858"
"2012-06-22","Chatter Audio","182328","156716","25612"
"2012-06-23","Chatter Audio","89883","80628","9255"
"2012-06-24","Chatter Audio","182119","154493","27626"
"2012-06-25","Chatter Audio","165301","150386","14915"
"2012-06-26","Chatter Audio","121462","108993","12469"
"2012-06-27","Chatter Audio","151420","133373","18047"
"2012-06-28","Chatter Audio","97423","80702","16721"
"2012-06-29","Chatter Audio","115652","96161","19491"
"2012-06-30","Chatter Audio","170648","146655","23993"
"2012-07-01","Chatter Audio","139369","122568","16801"
"2012-07-02","Chatter Audio","97284","85902","11382"
"2012-07-03","Chatter Audio","159261","137558","21703"
"2012-07-04","Chatter Audio","165600","137759","27841"
"2012-07-05","Chatter Audio","144090","129073","15017"
"2012-07-06","Chatter Audio","48146","44126","4020"
"2012-07-07","Chatter Audio","169649","142550","27099"
"2012-07-08","Chatter Audio","207156","183915","23241"
"2012-07-09","Chatter Audio","133722","118880","14842"
"2012-07-10","Chatter Audio","128332","113301","15031"
"2012-07-11","Chatter Audio","199658","176246","23412"
"2012-07-12","Chatter Audio","108874","96882","11992"
"2012-07-13","Chatter Audio","165991","140951","25040"
"2012-07-14","Chatter Audio","128562","110156","18406"
"2012-07-15","Chatter Audio","102813","86281","16532"
"2012-07-16","Chatter Audio","110654","96748","13906"
"2012-07-17","Chatter Audio","188087","157091","30996"
"2012-07-18","Chatter Audio","128443","107014","21429"
"2012-07-19","Chatter Audio","157920","136770","21150"
"2012-07-20","Chatter Audio","127773","108107","19666"
"2012-07-21","Chatter Audio","197745","178779","18966"
"2012-07-22","Chatter Audio","86385","71602","14783"
"2012-07-23","Chatter Audio","163869","147543","16326"
"2012-07-24","Chatter Audio","140821","113928","26893"
"2012-07-25","Chatter Audio","109754","100986","8768"
"2012-07-26","Chatter Audio","86155","74747","11408"
"2012-07-27","Chatter Audio","85044","70814","14230"
"2012-07-28","Chatter Audio","170180","143516","26664"
"2012-07-29","Chatter Audio","132612","117921","14691"
"2012-07-30","Chatter Audio","73776","61718","12058"
"2012-07-31","Chatter Audio","108992","93909","15083"
"2012-08-01","Chatter Audio","91775","77181","14594"
"2012-08-02","Chatter Audio","54115","46557","7558"
"2012-08-03","Chatter Audio","137911","121445","16466"
"2012-08-04","Chatter Audio","107442","94039","13403"
"2012-08-05","Chatter Audio","114613","102458","12155"
"2012-08-06","Chatter Audio","200767","174231","26536"
"2012-08-07","Chatter Audio","110214","94696","15518"
"2012-08-08","Chatter Audio","153081","123815","29266"
"2012-08-09","Chatter Audio","115862","98217","17645"
"2012-08-10","Chatter Audio","73336","59666","13670"
"2012-08-11","Chatter Audio","170600","153910","16690"
"2012-08-12","Chatter Audio","72324","64076","8248"
"2012-08-13","Chatter Audio","213377","187089","26288"
"2012-08-14","Chatter Audio","157711","134547","23164"
"2012-08-15","Chatter Audio","97863","82754","15109"
"2012-08-16","Chatter Audio","225525","200289","25236"
"2012-08-17","Chatter Audio","128562","110156","18406"
"2012-08-18","Chatter Audio","85254","76011","9243"
"2012-08-19","Chatter Audio","78175","69480","8695"
"2012-08-20","Chatter Audio","134392","117787","16605"
"2012-08-21","Chatter Audio","84584","73963","10621"
"2012-08-22","Chatter Audio","122593","107725","14868"
"2012-08-23","Chatter Audio","115953","100272","15681"
"2012-08-24","Chatter Audio","165531","147241","18290"
"2012-08-25","Chatter Audio","60176","54017","6159"
"2012-08-26","Chatter Audio","97284","85902","11382"
"2012-08-27","Chatter Audio","104384","87065","17319"
"2012-08-28","Chatter Audio","129022","103866","25156"
"2012-08-29","Chatter Audio","111114","90458","20656"
"2012-08-30","Chatter Audio","116993","96949","20044"
"2012-08-31","Chatter Audio","90763","81591","9172"
"2012-09-01","Chatter Audio","250254","219145","31109"
"2012-09-02","Chatter Audio","79075","65242","13833"
"2012-09-03","Chatter Audio","122342","113097","9245"
"2012-09-04","Chatter Audio","138259","118468","19791"
"2012-09-05","Chatter Audio","73475","57607","15868"
"2012-09-06","Chatter Audio","181218","152616","28602"
"2012-09-07","Chatter Audio","163541","142178","21363"
"2012-09-08","Chatter Audio","119820","100953","18867"
"2012-09-09","Chatter Audio","54877","50493","4384"
"2012-09-10","Chatter Audio","79725","72491","7234"
"2012-09-11","Chatter Audio","145870","128939","16931"
"2012-09-12","Chatter Audio","188849","157886","30963"
"2012-09-13","Chatter Audio","128653","112211","16442"
"2012-09-14","Chatter Audio","194798","168659","26139"
"2012-09-15","Chatter Audio","145430","126887","18543"
"2012-09-16","Chatter Audio","23738","21039","2699"
"2012-09-17","Chatter Audio","133052","119973","13079"
"2012-09-18","Chatter Audio","60616","56069","4547"
"2012-09-19","Chatter Audio","110654","96748","13906"
"2012-09-20","Chatter Audio","127773","108107","19666"
"2012-09-21","Chatter Audio","114061","100578","13483"
"2012-09-22","Chatter Audio","206618","176494","30124"
"2012-09-23","Chatter Audio","187746","163382","24364"
"2012-09-24","Chatter Audio","151840","137485","14355"
"2012-09-25","Chatter Audio","78845","68387","10458"
"2012-09-26","Chatter Audio","145102","124663","20439"
"2012-09-27","Chatter Audio","146652","127674","18978"
"2012-09-28","Chatter Audio","188849","161027","27822"
"2012-09-29","Chatter Audio","83704","73000","10704"
"2012-09-30","Chatter Audio","140591","120214","20377"
"2012-10-01","Chatter Audio","121922","102703","19219"
"2012-10-02","Chatter Audio","152621","130105","22516"
"2012-10-03","Chatter Audio","123612","106629","16983"
"2012-10-04","Chatter Audio","164099","141257","22842"
"2012-10-05","Chatter Audio","84374","71907","12467"
"2012-10-06","Chatter Audio","175277","154413","20864"
"2012-10-07","Chatter Audio","182789","153400","29389"
"2012-10-08","Chatter Audio","113523","96298","17225"
"2012-10-09","Chatter Audio","157230","143064","14166"
"2012-10-10","Chatter Audio","132710","123290","9420"
"2012-10-11","Chatter Audio","243615","214666","28949"
"2012-10-12","Chatter Audio","134162","124073","10089"
"2012-10-13","Chatter Audio","200585","170121","30464"
"2012-10-14","Chatter Audio","167121","133568","33553"
"2012-10-15","Chatter Audio","157690","136774","20916"
"2012-10-16","Chatter Audio","242315","203309","39006"
"2012-10-17","Chatter Audio","125881","108413","17468"
"2012-10-18","Chatter Audio","212587","182066","30521"
"2012-10-19","Chatter Audio","183439","160649","22790"
"2012-10-20","Chatter Audio","73106","62811","10295"
"2012-10-21","Chatter Audio","145200","130032","15168"
"2012-10-22","Chatter Audio","71444","63113","8331"
"2012-10-23","Chatter Audio","126321","110465","15856"
"2012-10-24","Chatter Audio","96614","86995","9619"
"2012-10-25","Chatter Audio","144550","125924","18626"
"2012-10-26","Chatter Audio","189959","158845","31114"
"2012-10-27","Chatter Audio","188947","166396","22551"
"2012-10-28","Chatter Audio","176058","150174","25884"
"2012-10-29","Chatter Audio","139921","121307","18614"
"2012-10-30","Chatter Audio","169050","150899","18151"
"2012-10-31","Chatter Audio","140592","123188","17404"
"2012-11-01","Chatter Audio","183990","156414","27576"
"2012-11-02","Chatter Audio","79194","68384","10810"
"2012-11-03","Chatter Audio","71654","65169","6485"
"2012-11-04","Chatter Audio","145542","126715","18827"
"2012-11-05","Chatter Audio","200815","170117","30698"
"2012-11-06","Chatter Audio","182559","156545","26014"
"2012-11-07","Chatter Audio","71884","65165","6719"
"2012-11-08","Chatter Audio","195049","163287","31762"
"2012-11-09","Chatter Audio","241903","202344","39559"
"2012-11-10","Chatter Audio","152181","131194","20987"
"2012-11-11","Chatter Audio","143999","127018","16981"
"2012-11-12","Chatter Audio","139159","117371","21788"
"2012-11-13","Chatter Audio","140389","121305","19084"
"2012-11-14","Chatter Audio","147112","121384","25728"
"2012-11-15","Chatter Audio","157460","139919","17541"
"2012-11-16","Chatter Audio","115493","106562","8931"
"2012-11-17","Chatter Audio","103693","90385","13308"
"2012-11-18","Chatter Audio","189519","156793","32726"
"2012-11-19","Chatter Audio","163981","144230","19751"
"2012-11-20","Chatter Audio","158151","136599","21552"
"2012-11-21","Chatter Audio","201898","169822","32076"
"2012-11-22","Chatter Audio","139921","118166","21755"
"2012-11-23","Chatter Audio","108112","92946","15166"
"2012-11-24","Chatter Audio","263854","223705","40149"
"2012-11-25","Chatter Audio","79745","64149","15596"
"2012-11-26","Chatter Audio","150729","133552","17177"
"2012-11-27","Chatter Audio","128562","110156","18406"
"2012-11-28","Chatter Audio","199867","175328","24539"
"2012-11-29","Chatter Audio","193688","167700","25988"
"2012-11-30","Chatter Audio","104614","83920","20694"
"2012-12-01","Chatter Audio","244396","210427","33969"
"2012-12-02","Chatter Audio","207518","172256","35262"
"2012-12-03","Chatter Audio","89213","78580","10633"
"2012-12-04","Chatter Audio","176590","154114","22476"
"2012-12-05","Chatter Audio","157480","134718","22762"
"2012-12-06","Chatter Audio","96753","84936","11817"
"2012-12-07","Chatter Audio","145430","126887","18543"
"2012-12-08","Chatter Audio","24178","23091","1087"
"2012-12-09","Chatter Audio","243594","216893","26701"
"2012-12-10","Chatter Audio","114843","99313","15530"
"2012-12-11","Chatter Audio","109453","93734","15719"
"2012-12-12","Chatter Audio","152181","128053","24128"
"2012-12-13","Chatter Audio","207268","183743","23525"
"2012-12-14","Chatter Audio","108322","95002","13320"
"2012-12-15","Chatter Audio","97863","82754","15109"
"2012-12-16","Chatter Audio","148662","124395","24267"
"2012-12-17","Chatter Audio","132639","116034","16605"
"2012-12-18","Chatter Audio","133840","115907","17933"
"2012-12-19","Chatter Audio","176477","151312","25165"
"2012-12-20","Chatter Audio","159840","134410","25430"
"2012-12-21","Chatter Audio","152970","130102","22868"
"2012-12-22","Chatter Audio","109572","96876","12696"
"2012-12-23","Chatter Audio","218997","189523","29474"
"2012-12-24","Chatter Audio","134162","120932","13230"
"2012-12-25","Chatter Audio","164909","141079","23830"
"2012-12-26","Chatter Audio","102583","89426","13157"
"2012-12-27","Chatter Audio","115073","96168","18905"
"2012-12-28","Chatter Audio","97724","87954","9770"
"2012-12-29","Chatter Audio","102583","89426","13157"
"2012-12-30","Chatter Audio","146002","120425","25577"
"2013-01-01","Chatter Audio","168170","146795","21375"
"2013-01-02","Chatter Audio","393581","341308","52273"
"2013-01-03","Chatter Audio","434307","385194","49113"
"2013-01-04","Chatter Audio","351446","295159","56287"
"2013-01-05","Chatter Audio","346086","307405","38681"
"2013-01-06","Chatter Audio","322460","283053","39407"
"2013-01-07","Chatter Audio","406973","352901","54072"
"2013-01-08","Chatter Audio","363966","316585","47381"
"2013-01-09","Chatter Audio","480818","405137","75681"
"2013-01-10","Chatter Audio","423291","376841","46450"
"2013-01-11","Chatter Audio","297480","269569","27911"
"2013-01-12","Chatter Audio","308308","273472","34836"
"2013-01-13","Chatter Audio","307999","266214","41785"
"2013-01-14","Chatter Audio","404739","353383","51356"
"2013-01-15","Chatter Audio","569640","488174","81466"
"2013-01-16","Chatter Audio","290881","254688","36193"
"2013-01-17","Chatter Audio","415869","370653","45216"
"2013-01-18","Chatter Audio","401424","354582","46842"
"2013-01-19","Chatter Audio","430822","367653","63169"
"2013-01-20","Chatter Audio","277260","246073","31187"
"2013-01-21","Chatter Audio","370704","329407","41297"
"2013-01-22","Chatter Audio","253982","221885","32097"
"2013-01-23","Chatter Audio","585734","503791","81943"
"2013-01-24","Chatter Audio","305781","273746","32035"
"2013-01-25","Chatter Audio","483898","420507","63391"
"2013-01-26","Chatter Audio","320567","283526","37041"
"2013-01-27","Chatter Audio","266361","234914","31447"
"2013-01-28","Chatter Audio","480328","401251","79077"
"2013-01-29","Chatter Audio","482517","425974","56543"
"2013-01-30","Chatter Audio","312448","279312","33136"
"2013-01-31","Chatter Audio","457479","393578","63901"
"2013-02-01","Chatter Audio","563644","490771","72873"
"2013-02-02","Chatter Audio","320036","276278","43758"
"2013-02-03","Chatter Audio","474851","416303","58548"
"2013-02-04","Chatter Audio","368616","318975","49641"
"2013-02-05","Chatter Audio","321286","275011","46275"
"2013-02-06","Chatter Audio","373705","323584","50121"
"2013-02-07","Chatter Audio","436632","377344","59288"
"2013-02-08","Chatter Audio","418535","362794","55741"
"2013-02-09","Chatter Audio","405652","343771","61881"
"2013-02-10","Chatter Audio","381827","343363","38464"
"2013-02-11","Chatter Audio","346678","292601","54077"
"2013-02-12","Chatter Audio","518547","443351","75196"
"2013-02-13","Chatter Audio","438642","374065","64577"
"2013-02-14","Chatter Audio","282272","243447","38825"
"2013-02-15","Chatter Audio","503239","439732","63507"
"2013-02-16","Chatter Audio","376826","324238","52588"
"2013-02-17","Chatter Audio","412244","352197","60047"
"2013-02-18","Chatter Audio","382425","325758","56667"
"2013-02-19","Chatter Audio","576832","497507","79325"
"2013-02-20","Chatter Audio","483611","408075","75536"
"2013-02-21","Chatter Audio","516937","452802","64135"
"2013-02-22","Chatter Audio","504347","437884","66463"
"2013-02-23","Chatter Audio","412291","345109","67182"
"2013-02-24","Chatter Audio","274983","234860","40123"
"2013-02-25","Chatter Audio","392932","337033","55899"
"2013-02-26","Chatter Audio","400292","352876","47416"
"2013-02-27","Chatter Audio","448879","402028","46851"
"2013-02-28","Chatter Audio","470452","414823","55629"
"2013-03-01","Chatter Audio","188599","169373","19226"
"2013-03-02","Chatter Audio","219904","191740","28164"
"2013-03-03","Chatter Audio","432981","378698","54283"
"2013-03-04","Chatter Audio","346357","290550","55807"
"2013-03-05","Chatter Audio","430453","379139","51314"
"2013-03-06","Chatter Audio","519994","456802","63192"
"2013-03-07","Chatter Audio","452990","390882","62108"
"2013-03-08","Chatter Audio","493889","425469","68420"
"2013-03-09","Chatter Audio","436813","373972","62841"
"2013-03-10","Chatter Audio","414813","350971","63842"
"2013-03-11","Chatter Audio","398743","352839","45904"
"2013-03-12","Chatter Audio","662248","579688","82560"
"2013-03-13","Chatter Audio","503928","424182","79746"
"2013-03-14","Chatter Audio","391223","341282","49941"
"2013-03-15","Chatter Audio","391690","344588","47102"
"2013-03-16","Chatter Audio","431780","379186","52594"
"2013-03-17","Chatter Audio","345717","315750","29967"
"2013-03-18","Chatter Audio","577453","494413","83040"
"2013-03-19","Chatter Audio","431270","379134","52136"
"2013-03-20","Chatter Audio","451231","392291","58940"
"2013-03-21","Chatter Audio","426934","366058","60876"
"2013-03-22","Chatter Audio","453507","400530","52977"
"2013-03-23","Chatter Audio","406702","363474","43228"
"2013-03-24","Chatter Audio","370053","322325","47728"
"2013-03-25","Chatter Audio","333156","298611","34545"
"2013-03-26","Chatter Audio","469880","415003","54877"
"2013-03-27","Chatter Audio","417892","358859","59033"
"2013-03-28","Chatter Audio","582201","502172","80029"
"2013-03-29","Chatter Audio","505221","438507","66714"
"2013-03-30","Chatter Audio","607470","537538","69932"
"2013-03-31","Chatter Audio","457102","389353","67749"
"2013-04-01","Chatter Audio","479019","421095","57924"
"2013-04-02","Chatter Audio","346867","296884","49983"
"2013-04-03","Chatter Audio","448479","389574","58905"
"2013-04-04","Chatter Audio","592165","512162","80003"
"2013-04-05","Chatter Audio","492799","419309","73490"
"2013-04-06","Chatter Audio","510988","442029","68959"
"2013-04-07","Chatter Audio","496876","425187","71689"
"2013-04-08","Chatter Audio","343767","300285","43482"
"2013-04-09","Chatter Audio","437672","377162","60510"
"2013-04-10","Chatter Audio","527165","465221","61944"
"2013-04-11","Chatter Audio","381847","335021","46826"
"2013-04-12","Chatter Audio","466898","409149","57749"
"2013-04-13","Chatter Audio","442281","386980","55301"
"2013-04-14","Chatter Audio","379081","334704","44377"
"2013-04-15","Chatter Audio","508119","445620","62499"
"2013-04-16","Chatter Audio","468448","409019","59429"
"2013-04-17","Chatter Audio","401304","345325","55979"
"2013-04-18","Chatter Audio","619959","538165","81794"
"2013-04-19","Chatter Audio","413355","356130","57225"
"2013-04-20","Chatter Audio","449982","396532","53450"
"2013-04-21","Chatter Audio","382845","339293","43552"
"2013-04-22","Chatter Audio","517056","455944","61112"
"2013-04-23","Chatter Audio","663379","575279","88100"
"2013-04-24","Chatter Audio","550197","472690","77507"
"2013-04-25","Chatter Audio","402163","350289","51874"
"2013-04-26","Chatter Audio","375996","329617","46379"
"2013-04-27","Chatter Audio","606332","538633","67699"
"2013-04-28","Chatter Audio","533936","458045","75891"
"2013-04-29","Chatter Audio","473348","409345","64003"
"2013-04-30","Chatter Audio","514045","442888","71157"
"2013-05-01","Chatter Audio","99434","83538","15896"
"2013-05-02","Chatter Audio","498386","441741","56645"
"2013-05-03","Chatter Audio","443384","390907","52477"
"2013-05-04","Chatter Audio","338817","293617","45200"
"2013-05-05","Chatter Audio","403105","346105","57000"
"2013-05-06","Chatter Audio","526326","450548","75778"
"2013-05-07","Chatter Audio","369594","331589","38005"
"2013-05-08","Chatter Audio","608482","536269","72213"
"2013-05-09","Chatter Audio","409814","354505","55309"
"2013-05-10","Chatter Audio","561676","489957","71719"
"2013-05-11","Chatter Audio","437902","377158","60744"
"2013-05-12","Chatter Audio","446972","385444","61528"
"2013-05-13","Chatter Audio","620041","523309","96732"
"2013-05-14","Chatter Audio","474049","429051","44998"
"2013-05-15","Chatter Audio","461389","400428","60961"
"2013-05-16","Chatter Audio","298931","264237","34694"
"2013-05-17","Chatter Audio","444473","387811","56662"
"2013-05-18","Chatter Audio","503001","436589","66412"
"2013-05-19","Chatter Audio","406695","360160","46535"
"2013-05-20","Chatter Audio","369265","323250","46015"
"2013-05-21","Chatter Audio","615811","525031","90780"
"2013-05-22","Chatter Audio","397485","340530","56955"
"2013-05-23","Chatter Audio","367337","312034","55303"
"2013-05-24","Chatter Audio","400683","345278","55405"
"2013-05-25","Chatter Audio","370507","315695","54812"
"2013-05-26","Chatter Audio","509996","441238","68758"
"2013-05-27","Chatter Audio","334371","292943","41428"
"2013-05-28","Chatter Audio","457200","401004","56196"
"2013-05-29","Chatter Audio","531226","451235","79991"
"2013-05-30","Chatter Audio","505038","431423","73615"
"2013-05-31","Chatter Audio","243175","212614","30561"
"2008-06-01","Chestnut","13093","7375","5718"
"2008-06-02","Chestnut","17721","11250","6471"
"2008-06-03","Chestnut","22661","17052","5609"
"2008-06-04","Chestnut","4147","2645","1502"
"2008-06-05","Chestnut","7564","5296","2268"
"2008-06-06","Chestnut","18061","10368","7693"
"2008-06-07","Chestnut","10524","8280","2244"
"2008-06-08","Chestnut","8976","6154","2822"
"2008-06-09","Chestnut","14905","10351","4554"
"2008-06-10","Chestnut","8135","3988","4147"
"2008-06-11","Chestnut","15354","9071","6283"
"2008-06-12","Chestnut","16253","10420","5833"
"2008-06-13","Chestnut","19760","12388","7372"
"2008-06-14","Chestnut","5907","2697","3210"
"2008-06-15","Chestnut","15774","10995","4779"
"2008-06-16","Chestnut","15621","10470","5151"
"2008-06-17","Chestnut","7454","4418","3036"
"2008-06-18","Chestnut","18939","12641","6298"
"2008-06-19","Chestnut","21009","13096","7913"
"2008-06-20","Chestnut","22440","15986","6454"
"2008-06-21","Chestnut","29556","22847","6709"
"2008-06-22","Chestnut","22631","16105","6526"
"2008-06-23","Chestnut","9475","4684","4791"
"2008-06-24","Chestnut","13612","6614","6998"
"2008-06-25","Chestnut","29516","19196","10320"
"2008-06-26","Chestnut","18212","9556","8656"
"2008-06-27","Chestnut","20272","10928","9344"
"2008-06-28","Chestnut","24919","13776","11143"
"2008-06-29","Chestnut","9725","5032","4693"
"2008-06-30","Chestnut","26908","17806","9102"
"2008-07-01","Chestnut","19458","12487","6971"
"2008-07-02","Chestnut","6057","3762","2295"
"2008-07-03","Chestnut","16170","10061","6109"
"2008-07-04","Chestnut","21567","11702","9865"
"2008-07-05","Chestnut","12153","5529","6624"
"2008-07-06","Chestnut","14027","9932","4095"
"2008-07-07","Chestnut","7426","3726","3700"
"2008-07-08","Chestnut","8755","4595","4160"
"2008-07-09","Chestnut","29188","20116","9072"
"2008-07-10","Chestnut","12653","10939","1714"
"2008-07-11","Chestnut","11290","6755","4535"
"2008-07-12","Chestnut","11253","5799","5454"
"2008-07-13","Chestnut","8923","5249","3674"
"2008-07-14","Chestnut","18071","11015","7056"
"2008-07-15","Chestnut","12224","8133","4091"
"2008-07-16","Chestnut","15002","8470","6532"
"2008-07-17","Chestnut","22808","14835","7973"
"2008-07-18","Chestnut","13912","7014","6898"
"2008-07-19","Chestnut","12283","6596","5687"
"2008-07-20","Chestnut","23749","14677","9072"
"2008-07-21","Chestnut","13565","7687","5878"
"2008-07-22","Chestnut","19291","11306","7985"
"2008-07-23","Chestnut","17202","11872","5330"
"2008-07-24","Chestnut","37489","21864","15625"
"2008-07-25","Chestnut","15451","8790","6661"
"2008-07-26","Chestnut","21570","12003","9567"
"2008-07-27","Chestnut","10083","7735","2348"
"2008-07-28","Chestnut","25710","17146","8564"
"2008-07-29","Chestnut","16312","7612","8700"
"2008-07-30","Chestnut","29828","19832","9996"
"2008-07-31","Chestnut","20980","14266","6714"
"2008-08-01","Chestnut","9744","4849","4895"
"2008-08-02","Chestnut","25599","19211","6388"
"2008-08-03","Chestnut","18231","11010","7221"
"2008-08-04","Chestnut","14032","10228","3804"
"2008-08-05","Chestnut","17772","12739","5033"
"2008-08-06","Chestnut","22558","13663","8895"
"2008-08-07","Chestnut","19882","15689","4193"
"2008-08-08","Chestnut","15022","8002","7020"
"2008-08-09","Chestnut","17001","10617","6384"
"2008-08-10","Chestnut","17750","12230","5520"
"2008-08-11","Chestnut","15762","9700","6062"
"2008-08-12","Chestnut","15421","10509","4912"
"2008-08-13","Chestnut","12542","6889","5653"
"2008-08-14","Chestnut","6517","4877","1640"
"2008-08-15","Chestnut","12162","7190","4972"
"2008-08-16","Chestnut","19640","12953","6687"
"2008-08-17","Chestnut","16330","8716","7614"
"2008-08-18","Chestnut","18591","13413","5178"
"2008-08-19","Chestnut","10503","5829","4674"
"2008-08-20","Chestnut","24201","19182","5019"
"2008-08-21","Chestnut","17319","10261","7058"
"2008-08-22","Chestnut","17951","13033","4918"
"2008-08-23","Chestnut","23448","12178","11270"
"2008-08-24","Chestnut","18761","11112","7649"
"2008-08-25","Chestnut","16643","9936","6707"
"2008-08-26","Chestnut","43972","27997","15975"
"2008-08-27","Chestnut","7635","4854","2781"
"2008-08-28","Chestnut","19539","12420","7119"
"2008-08-29","Chestnut","23867","15342","8525"
"2008-08-30","Chestnut","20731","16125","4606"
"2008-08-31","Chestnut","15763","9709","6054"
"2008-09-01","Chestnut","18372","12910","5462"
"2008-09-02","Chestnut","13960","8575","5385"
"2008-09-03","Chestnut","11212","6201","5011"
"2008-09-04","Chestnut","19539","9961","9578"
"2008-09-05","Chestnut","16931","9321","7610"
"2008-09-06","Chestnut","14263","7275","6988"
"2008-09-07","Chestnut","21440","10157","11283"
"2008-09-08","Chestnut","6784","4455","2329"
"2008-09-09","Chestnut","24995","16024","8971"
"2008-09-10","Chestnut","33966","25620","8346"
"2008-09-11","Chestnut","23509","14347","9162"
"2008-09-12","Chestnut","22587","11608","10979"
"2008-09-13","Chestnut","14923","10171","4752"
"2008-09-14","Chestnut","16797","10450","6347"
"2008-09-15","Chestnut","24501","19664","4837"
"2008-09-16","Chestnut","7346","3677","3669"
"2008-09-17","Chestnut","19578","14800","4778"
"2008-09-18","Chestnut","16332","9546","6786"
"2008-09-19","Chestnut","34566","25720","8846"
"2008-09-20","Chestnut","4058","2018","2040"
"2008-09-21","Chestnut","12222","8105","4117"
"2008-09-22","Chestnut","1518","1304","214"
"2008-09-23","Chestnut","18530","11602","6928"
"2008-09-24","Chestnut","9897","7026","2871"
"2008-09-25","Chestnut","8794","4626","4168"
"2008-09-26","Chestnut","18489","10305","8184"
"2008-09-27","Chestnut","19601","12219","7382"
"2008-09-28","Chestnut","13724","9039","4685"
"2008-09-29","Chestnut","25656","15030","10626"
"2008-09-30","Chestnut","17392","11575","5817"
"2008-10-01","Chestnut","32529","19627","12902"
"2008-10-02","Chestnut","19090","11768","7322"
"2008-10-03","Chestnut","20730","13932","6798"
"2008-10-04","Chestnut","14740","8974","5766"
"2008-10-05","Chestnut","23569","13686","9883"
"2008-10-06","Chestnut","5206","2840","2366"
"2008-10-07","Chestnut","15331","8228","7103"
"2008-10-08","Chestnut","26868","16909","9959"
"2008-10-09","Chestnut","7473","5028","2445"
"2008-10-10","Chestnut","11941","6803","5138"
"2008-10-11","Chestnut","5915","3617","2298"
"2008-10-12","Chestnut","12755","7258","5497"
"2008-10-13","Chestnut","17315","10792","6523"
"2008-10-14","Chestnut","33433","21223","12210"
"2008-10-15","Chestnut","7546","3854","3692"
"2008-10-16","Chestnut","16721","10944","5777"
"2008-10-17","Chestnut","17852","12608","5244"
"2008-10-18","Chestnut","17570","8670","8900"
"2008-10-19","Chestnut","17213","10717","6496"
"2008-10-20","Chestnut","11555","7413","4142"
"2008-10-21","Chestnut","18329","11166","7163"
"2008-10-22","Chestnut","20631","16222","4409"
"2008-10-23","Chestnut","14902","8745","6157"
"2008-10-24","Chestnut","10126","4872","5254"
"2008-10-25","Chestnut","34587","21237","13350"
"2008-10-26","Chestnut","19350","14525","4825"
"2008-10-27","Chestnut","13152","8062","5090"
"2008-10-28","Chestnut","37231","22817","14414"
"2008-10-29","Chestnut","17508","9750","7758"
"2008-10-30","Chestnut","16762","10203","6559"
"2008-10-31","Chestnut","17442","11487","5955"
"2008-11-01","Chestnut","11983","6119","5864"
"2008-11-02","Chestnut","12062","6745","5317"
"2008-11-03","Chestnut","10785","5369","5416"
"2008-11-04","Chestnut","18395","11631","6764"
"2008-11-05","Chestnut","18172","10938","7234"
"2008-11-06","Chestnut","23799","13114","10685"
"2008-11-07","Chestnut","13973","8728","5245"
"2008-11-08","Chestnut","10953","8097","2856"
"2008-11-09","Chestnut","21183","15556","5627"
"2008-11-10","Chestnut","22969","14337","8632"
"2008-11-11","Chestnut","28087","15905","12182"
"2008-11-12","Chestnut","2217","1534","683"
"2008-11-13","Chestnut","29616","18534","11082"
"2008-11-14","Chestnut","17259","10815","6444"
"2008-11-15","Chestnut","14354","10935","3419"
"2008-11-16","Chestnut","14342","7674","6668"
"2008-11-17","Chestnut","22648","14345","8303"
"2008-11-18","Chestnut","32362","20657","11705"
"2008-11-19","Chestnut","16673","12263","4410"
"2008-11-20","Chestnut","15512","7571","7941"
"2008-11-21","Chestnut","12556","9724","2832"
"2008-11-22","Chestnut","19282","13503","5779"
"2008-11-23","Chestnut","21728","14666","7062"
"2008-11-24","Chestnut","15500","8319","7181"
"2008-11-25","Chestnut","19190","10979","8211"
"2008-11-26","Chestnut","14212","9591","4621"
"2008-11-27","Chestnut","12224","8926","3298"
"2008-11-28","Chestnut","9534","5100","4434"
"2008-11-29","Chestnut","25210","17633","7577"
"2008-11-30","Chestnut","22231","14525","7706"
"2008-12-01","Chestnut","16891","9379","7512"
"2008-12-02","Chestnut","12043","5704","6339"
"2008-12-03","Chestnut","15571","8575","6996"
"2008-12-04","Chestnut","10455","5077","5378"
"2008-12-05","Chestnut","14864","8477","6387"
"2008-12-06","Chestnut","10904","7746","3158"
"2008-12-07","Chestnut","12953","8690","4263"
"2008-12-08","Chestnut","19280","10226","9054"
"2008-12-09","Chestnut","25176","15041","10135"
"2008-12-10","Chestnut","26864","17576","9288"
"2008-12-11","Chestnut","18709","11087","7622"
"2008-12-12","Chestnut","18651","11234","7417"
"2008-12-13","Chestnut","17921","11570","6351"
"2008-12-14","Chestnut","9954","6489","3465"
"2008-12-15","Chestnut","17770","8967","8803"
"2008-12-16","Chestnut","14535","11054","3481"
"2008-12-17","Chestnut","12401","6614","5787"
"2008-12-18","Chestnut","13610","9753","3857"
"2008-12-19","Chestnut","4477","2022","2455"
"2008-12-20","Chestnut","16082","9712","6370"
"2008-12-21","Chestnut","26952","16188","10764"
"2008-12-22","Chestnut","10921","6201","4720"
"2008-12-23","Chestnut","15873","9293","6580"
"2008-12-24","Chestnut","14411","9391","5020"
"2008-12-25","Chestnut","5687","4947","740"
"2008-12-26","Chestnut","15551","8768","6783"
"2008-12-27","Chestnut","25169","14300","10869"
"2008-12-28","Chestnut","13392","6443","6949"
"2008-12-29","Chestnut","16911","10154","6757"
"2008-12-30","Chestnut","13832","5967","7865"
"2008-12-31","Chestnut","7284","4592","2692"
"2009-01-01","Chestnut","34034","18994","15040"
"2009-01-02","Chestnut","13190","7494","5696"
"2009-01-03","Chestnut","22386","14842","7544"
"2009-01-04","Chestnut","38042","21380","16662"
"2009-01-05","Chestnut","39213","24471","14742"
"2009-01-06","Chestnut","32220","16908","15312"
"2009-01-07","Chestnut","37481","24232","13249"
"2009-01-08","Chestnut","47634","29370","18264"
"2009-01-09","Chestnut","46473","33895","12578"
"2009-01-10","Chestnut","46821","30291","16530"
"2009-01-11","Chestnut","58404","34898","23506"
"2009-01-12","Chestnut","31026","15997","15029"
"2009-01-13","Chestnut","35693","24652","11041"
"2009-01-14","Chestnut","34653","24749","9904"
"2009-01-15","Chestnut","48780","30091","18689"
"2009-01-16","Chestnut","37817","22835","14982"
"2009-01-17","Chestnut","31337","19152","12185"
"2009-01-18","Chestnut","26835","13737","13098"
"2009-01-19","Chestnut","50726","34149","16577"
"2009-01-20","Chestnut","43055","24392","18663"
"2009-01-21","Chestnut","14102","6152","7950"
"2009-01-22","Chestnut","37205","22513","14692"
"2009-01-23","Chestnut","33807","21862","11945"
"2009-01-24","Chestnut","25582","17658","7924"
"2009-01-25","Chestnut","42321","25338","16983"
"2009-01-26","Chestnut","29386","19731","9655"
"2009-01-27","Chestnut","46981","26740","20241"
"2009-01-28","Chestnut","29766","19457","10309"
"2009-01-29","Chestnut","54163","32940","21223"
"2009-01-30","Chestnut","39070","25631","13439"
"2009-01-31","Chestnut","31388","15965","15423"
"2009-02-01","Chestnut","24699","13202","11497"
"2009-02-02","Chestnut","48163","34889","13274"
"2009-02-03","Chestnut","41171","26054","15117"
"2009-02-04","Chestnut","37992","22858","15134"
"2009-02-05","Chestnut","55536","37686","17850"
"2009-02-06","Chestnut","41643","30656","10987"
"2009-02-07","Chestnut","37710","24951","12759"
"2009-02-08","Chestnut","48451","28769","19682"
"2009-02-09","Chestnut","34772","19374","15398"
"2009-02-10","Chestnut","41389","23079","18310"
"2009-02-11","Chestnut","27283","15485","11798"
"2009-02-12","Chestnut","20026","13966","6060"
"2009-02-13","Chestnut","43496","26240","17256"
"2009-02-14","Chestnut","20830","11677","9153"
"2009-02-15","Chestnut","56254","34340","21914"
"2009-02-16","Chestnut","32044","20990","11054"
"2009-02-17","Chestnut","35264","22846","12418"
"2009-02-18","Chestnut","31069","16982","14087"
"2009-02-19","Chestnut","39939","26193","13746"
"2009-02-20","Chestnut","38623","22538","16085"
"2009-02-21","Chestnut","26186","15372","10814"
"2009-02-22","Chestnut","26599","19150","7449"
"2009-02-23","Chestnut","47009","26693","20316"
"2009-02-24","Chestnut","53240","32927","20313"
"2009-02-25","Chestnut","33843","20069","13774"
"2009-02-26","Chestnut","52220","31865","20355"
"2009-02-27","Chestnut","23426","14508","8918"
"2009-02-28","Chestnut","28177","15846","12331"
"2009-03-01","Chestnut","30006","20551","9455"
"2009-03-02","Chestnut","52941","36174","16767"
"2009-03-03","Chestnut","27684","15423","12261"
"2009-03-04","Chestnut","22916","12216","10700"
"2009-03-05","Chestnut","27055","16061","10994"
"2009-03-06","Chestnut","34501","19055","15446"
"2009-03-07","Chestnut","33132","17673","15459"
"2009-03-08","Chestnut","15946","8813","7133"
"2009-03-09","Chestnut","35992","21169","14823"
"2009-03-10","Chestnut","16091","10750","5341"
"2009-03-11","Chestnut","22477","14365","8112"
"2009-03-12","Chestnut","36668","19186","17482"
"2009-03-13","Chestnut","36350","20333","16017"
"2009-03-14","Chestnut","31854","20217","11637"
"2009-03-15","Chestnut","30613","18683","11930"
"2009-03-16","Chestnut","39164","23481","15683"
"2009-03-17","Chestnut","48136","32257","15879"
"2009-03-18","Chestnut","31642","18048","13594"
"2009-03-19","Chestnut","31077","19678","11399"
"2009-03-20","Chestnut","23987","15983","8004"
"2009-03-21","Chestnut","27813","18353","9460"
"2009-03-22","Chestnut","28593","19372","9221"
"2009-03-23","Chestnut","45080","28223","16857"
"2009-03-24","Chestnut","30236","18251","11985"
"2009-03-25","Chestnut","28857","13958","14899"
"2009-03-26","Chestnut","23392","13381","10011"
"2009-03-27","Chestnut","56125","40128","15997"
"2009-03-28","Chestnut","21530","14697","6833"
"2009-03-29","Chestnut","20218","12752","7466"
"2009-03-30","Chestnut","42701","26328","16373"
"2009-03-31","Chestnut","27145","18344","8801"
"2009-04-01","Chestnut","40176","28189","11987"
"2009-04-02","Chestnut","33538","17599","15939"
"2009-04-03","Chestnut","33612","22780","10832"
"2009-04-04","Chestnut","42284","26364","15920"
"2009-04-05","Chestnut","37859","26784","11075"
"2009-04-06","Chestnut","46989","28202","18787"
"2009-04-07","Chestnut","48785","31274","17511"
"2009-04-08","Chestnut","24596","14644","9952"
"2009-04-09","Chestnut","36871","22249","14622"
"2009-04-10","Chestnut","42138","23296","18842"
"2009-04-11","Chestnut","35572","21307","14265"
"2009-04-12","Chestnut","17227","9272","7955"
"2009-04-13","Chestnut","25248","17343","7905"
"2009-04-14","Chestnut","41673","27268","14405"
"2009-04-15","Chestnut","48912","28617","20295"
"2009-04-16","Chestnut","33492","19197","14295"
"2009-04-17","Chestnut","47117","23823","23294"
"2009-04-18","Chestnut","23567","11359","12208"
"2009-04-19","Chestnut","56210","35988","20222"
"2009-04-20","Chestnut","33542","23533","10009"
"2009-04-21","Chestnut","33275","20888","12387"
"2009-04-22","Chestnut","31025","18123","12902"
"2009-04-23","Chestnut","27026","17136","9890"
"2009-04-24","Chestnut","47518","28364","19154"
"2009-04-25","Chestnut","17860","11015","6845"
"2009-04-26","Chestnut","29223","15393","13830"
"2009-04-27","Chestnut","44069","28034","16035"
"2009-04-28","Chestnut","37102","22715","14387"
"2009-04-29","Chestnut","43020","26847","16173"
"2009-04-30","Chestnut","36887","24801","12086"
"2009-05-01","Chestnut","41020","31160","9860"
"2009-05-02","Chestnut","28646","18518","10128"
"2009-05-03","Chestnut","38229","23569","14660"
"2009-05-04","Chestnut","40685","26466","14219"
"2009-05-05","Chestnut","25066","14618","10448"
"2009-05-06","Chestnut","33404","22345","11059"
"2009-05-07","Chestnut","24708","14431","10277"
"2009-05-08","Chestnut","26088","19053","7035"
"2009-05-09","Chestnut","34440","20540","13900"
"2009-05-10","Chestnut","32673","21647","11026"
"2009-05-11","Chestnut","32010","17393","14617"
"2009-05-12","Chestnut","31331","18575","12756"
"2009-05-13","Chestnut","37245","22132","15113"
"2009-05-14","Chestnut","19029","12486","6543"
"2009-05-15","Chestnut","39853","25384","14469"
"2009-05-16","Chestnut","46296","31136","15160"
"2009-05-17","Chestnut","14780","10756","4024"
"2009-05-18","Chestnut","24257","15224","9033"
"2009-05-19","Chestnut","38740","25870","12870"
"2009-05-20","Chestnut","50773","34210","16563"
"2009-05-21","Chestnut","27714","13825","13889"
"2009-05-22","Chestnut","14570","9073","5497"
"2009-05-23","Chestnut","45765","28770","16995"
"2009-05-24","Chestnut","46555","28850","17705"
"2009-05-25","Chestnut","40781","25851","14930"
"2009-05-26","Chestnut","19073","11337","7736"
"2009-05-27","Chestnut","52359","33033","19326"
"2009-05-28","Chestnut","38860","23968","14892"
"2009-05-29","Chestnut","36142","23712","12430"
"2009-05-30","Chestnut","30608","18696","11912"
"2009-05-31","Chestnut","42144","29199","12945"
"2009-06-01","Chestnut","44121","26810","17311"
"2009-06-02","Chestnut","56712","34844","21868"
"2009-06-03","Chestnut","51458","33235","18223"
"2009-06-04","Chestnut","48823","32195","16628"
"2009-06-05","Chestnut","37242","21898","15344"
"2009-06-06","Chestnut","46218","29425","16793"
"2009-06-07","Chestnut","21398","13322","8076"
"2009-06-08","Chestnut","52837","33540","19297"
"2009-06-09","Chestnut","42871","28476","14395"
"2009-06-10","Chestnut","45576","29653","15923"
"2009-06-11","Chestnut","45781","25911","19870"
"2009-06-12","Chestnut","24116","12872","11244"
"2009-06-13","Chestnut","60362","40551","19811"
"2009-06-14","Chestnut","69025","42685","26340"
"2009-06-15","Chestnut","49502","30271","19231"
"2009-06-16","Chestnut","62573","37897","24676"
"2009-06-17","Chestnut","45566","26806","18760"
"2009-06-18","Chestnut","53170","36056","17114"
"2009-06-19","Chestnut","47640","35308","12332"
"2009-06-20","Chestnut","33492","20398","13094"
"2009-06-21","Chestnut","39151","22759","16392"
"2009-06-22","Chestnut","44108","28103","16005"
"2009-06-23","Chestnut","45261","27293","17968"
"2009-06-24","Chestnut","55306","32626","22680"
"2009-06-25","Chestnut","34782","20535","14247"
"2009-06-26","Chestnut","44142","27748","16394"
"2009-06-27","Chestnut","41746","26876","14870"
"2009-06-28","Chestnut","33561","22194","11367"
"2009-06-29","Chestnut","39210","21236","17974"
"2009-06-30","Chestnut","42373","28698","13675"
"2009-07-01","Chestnut","43101","28098","15003"
"2009-07-02","Chestnut","39228","27034","12194"
"2009-07-03","Chestnut","47278","33308","13970"
"2009-07-04","Chestnut","32062","18289","13773"
"2009-07-05","Chestnut","39921","25555","14366"
"2009-07-06","Chestnut","49737","30691","19046"
"2009-07-07","Chestnut","41137","24438","16699"
"2009-07-08","Chestnut","34023","20859","13164"
"2009-07-09","Chestnut","27144","17132","10012"
"2009-07-10","Chestnut","48361","32626","15735"
"2009-07-11","Chestnut","41497","26633","14864"
"2009-07-12","Chestnut","50334","32970","17364"
"2009-07-13","Chestnut","37592","21497","16095"
"2009-07-14","Chestnut","77787","48946","28841"
"2009-07-15","Chestnut","65829","37715","28114"
"2009-07-16","Chestnut","34072","22082","11990"
"2009-07-17","Chestnut","46742","32058","14684"
"2009-07-18","Chestnut","18356","10867","7489"
"2009-07-19","Chestnut","49829","33391","16438"
"2009-07-20","Chestnut","51392","31403","19989"
"2009-07-21","Chestnut","63817","43107","20710"
"2009-07-22","Chestnut","25756","13302","12454"
"2009-07-23","Chestnut","45507","26764","18743"
"2009-07-24","Chestnut","44158","27923","16235"
"2009-07-25","Chestnut","48706","29364","19342"
"2009-07-26","Chestnut","43207","27891","15316"
"2009-07-27","Chestnut","41744","22430","19314"
"2009-07-28","Chestnut","28885","17114","11771"
"2009-07-29","Chestnut","38376","19983","18393"
"2009-07-30","Chestnut","51825","29723","22102"
"2009-07-31","Chestnut","28705","18236","10469"
"2009-08-01","Chestnut","51022","33716","17306"
"2009-08-02","Chestnut","31053","18085","12968"
"2009-08-03","Chestnut","64747","41078","23669"
"2009-08-04","Chestnut","44029","28500","15529"
"2009-08-05","Chestnut","24316","12550","11766"
"2009-08-06","Chestnut","47287","31681","15606"
"2009-08-07","Chestnut","29842","17381","12461"
"2009-08-08","Chestnut","26947","15690","11257"
"2009-08-09","Chestnut","42739","27204","15535"
"2009-08-10","Chestnut","31354","21565","9789"
"2009-08-11","Chestnut","28726","16278","12448"
"2009-08-12","Chestnut","43717","28515","15202"
"2009-08-13","Chestnut","37973","22587","15386"
"2009-08-14","Chestnut","48047","27776","20271"
"2009-08-15","Chestnut","54840","36158","18682"
"2009-08-16","Chestnut","32680","18211","14469"
"2009-08-17","Chestnut","63769","36544","27225"
"2009-08-18","Chestnut","49294","29795","19499"
"2009-08-19","Chestnut","57054","31539","25515"
"2009-08-20","Chestnut","48817","32639","16178"
"2009-08-21","Chestnut","35121","21625","13496"
"2009-08-22","Chestnut","62090","39745","22345"
"2009-08-23","Chestnut","35729","19323","16406"
"2009-08-24","Chestnut","51738","33110","18628"
"2009-08-25","Chestnut","58882","36452","22430"
"2009-08-26","Chestnut","34376","20631","13745"
"2009-08-27","Chestnut","52563","30134","22429"
"2009-08-28","Chestnut","64253","41596","22657"
"2009-08-29","Chestnut","26112","16537","9575"
"2009-08-30","Chestnut","53333","31831","21502"
"2009-08-31","Chestnut","48698","39338","9360"
"2009-09-01","Chestnut","32612","17444","15168"
"2009-09-02","Chestnut","39892","25545","14347"
"2009-09-03","Chestnut","53977","34483","19494"
"2009-09-04","Chestnut","54155","30586","23569"
"2009-09-05","Chestnut","36733","21170","15563"
"2009-09-06","Chestnut","55567","34692","20875"
"2009-09-07","Chestnut","35833","25199","10634"
"2009-09-08","Chestnut","36046","26513","9533"
"2009-09-09","Chestnut","53642","35898","17744"
"2009-09-10","Chestnut","55960","38709","17251"
"2009-09-11","Chestnut","19778","11267","8511"
"2009-09-12","Chestnut","47562","34176","13386"
"2009-09-13","Chestnut","44570","27569","17001"
"2009-09-14","Chestnut","52033","29810","22223"
"2009-09-15","Chestnut","33381","19258","14123"
"2009-09-16","Chestnut","56966","36057","20909"
"2009-09-17","Chestnut","39956","23442","16514"
"2009-09-18","Chestnut","48045","26558","21487"
"2009-09-19","Chestnut","40160","23563","16597"
"2009-09-20","Chestnut","57416","35700","21716"
"2009-09-21","Chestnut","58321","36871","21450"
"2009-09-22","Chestnut","62940","40949","21991"
"2009-09-23","Chestnut","47505","30889","16616"
"2009-09-24","Chestnut","28454","17073","11381"
"2009-09-25","Chestnut","34002","24566","9436"
"2009-09-26","Chestnut","64106","46125","17981"
"2009-09-27","Chestnut","57440","33996","23444"
"2009-09-28","Chestnut","30033","17786","12247"
"2009-09-29","Chestnut","40696","24171","16525"
"2009-09-30","Chestnut","44579","27510","17069"
"2009-10-01","Chestnut","54772","34753","20019"
"2009-10-02","Chestnut","32351","18657","13694"
"2009-10-03","Chestnut","55426","36657","18769"
"2009-10-04","Chestnut","57835","32647","25188"
"2009-10-05","Chestnut","27955","19431","8524"
"2009-10-06","Chestnut","61755","37768","23987"
"2009-10-07","Chestnut","49378","33087","16291"
"2009-10-08","Chestnut","37019","20871","16148"
"2009-10-09","Chestnut","52991","31899","21092"
"2009-10-10","Chestnut","46945","28991","17954"
"2009-10-11","Chestnut","69291","39904","29387"
"2009-10-12","Chestnut","44197","28461","15736"
"2009-10-13","Chestnut","53079","31143","21936"
"2009-10-14","Chestnut","36900","21298","15602"
"2009-10-15","Chestnut","63974","43538","20436"
"2009-10-16","Chestnut","31460","18744","12716"
"2009-10-17","Chestnut","47168","30268","16900"
"2009-10-18","Chestnut","55634","36632","19002"
"2009-10-19","Chestnut","57963","39092","18871"
"2009-10-20","Chestnut","53324","33979","19345"
"2009-10-21","Chestnut","61897","38232","23665"
"2009-10-22","Chestnut","31213","21011","10202"
"2009-10-23","Chestnut","32391","19307","13084"
"2009-10-24","Chestnut","29990","17821","12169"
"2009-10-25","Chestnut","46167","29363","16804"
"2009-10-26","Chestnut","63958","35168","28790"
"2009-10-27","Chestnut","60837","35043","25794"
"2009-10-28","Chestnut","53214","33806","19408"
"2009-10-29","Chestnut","45146","28005","17141"
"2009-10-30","Chestnut","31772","18883","12889"
"2009-10-31","Chestnut","38840","24352","14488"
"2009-11-01","Chestnut","82142","54866","27276"
"2009-11-02","Chestnut","45698","30039","15659"
"2009-11-03","Chestnut","39371","24100","15271"
"2009-11-04","Chestnut","34331","20958","13373"
"2009-11-05","Chestnut","35052","21954","13098"
"2009-11-06","Chestnut","23945","15165","8780"
"2009-11-07","Chestnut","39009","23114","15895"
"2009-11-08","Chestnut","45437","31523","13914"
"2009-11-09","Chestnut","31810","17700","14110"
"2009-11-10","Chestnut","40330","26209","14121"
"2009-11-11","Chestnut","33071","18807","14264"
"2009-11-12","Chestnut","41067","25753","15314"
"2009-11-13","Chestnut","34313","21904","12409"
"2009-11-14","Chestnut","41056","24943","16113"
"2009-11-15","Chestnut","55888","35884","20004"
"2009-11-16","Chestnut","52702","33440","19262"
"2009-11-17","Chestnut","58267","39113","19154"
"2009-11-18","Chestnut","36100","20931","15169"
"2009-11-19","Chestnut","43881","30880","13001"
"2009-11-20","Chestnut","25072","13154","11918"
"2009-11-21","Chestnut","73755","52679","21076"
"2009-11-22","Chestnut","43785","26942","16843"
"2009-11-23","Chestnut","79975","50539","29436"
"2009-11-24","Chestnut","39669","27169","12500"
"2009-11-25","Chestnut","36639","21553","15086"
"2009-11-26","Chestnut","48247","31015","17232"
"2009-11-27","Chestnut","56572","36805","19767"
"2009-11-28","Chestnut","44499","27604","16895"
"2009-11-29","Chestnut","33263","21550","11713"
"2009-11-30","Chestnut","49652","29374","20278"
"2009-12-01","Chestnut","41581","25542","16039"
"2009-12-02","Chestnut","48155","30619","17536"
"2009-12-03","Chestnut","48558","32182","16376"
"2009-12-04","Chestnut","66161","43879","22282"
"2009-12-05","Chestnut","30265","20924","9341"
"2009-12-06","Chestnut","57728","36356","21372"
"2009-12-07","Chestnut","43864","27587","16277"
"2009-12-08","Chestnut","46758","31164","15594"
"2009-12-09","Chestnut","31013","17867","13146"
"2009-12-10","Chestnut","50352","31234","19118"
"2009-12-11","Chestnut","43629","25380","18249"
"2009-12-12","Chestnut","31123","20734","10389"
"2009-12-13","Chestnut","40900","29549","11351"
"2009-12-14","Chestnut","42484","24059","18425"
"2009-12-15","Chestnut","31552","22693","8859"
"2009-12-16","Chestnut","44698","27549","17149"
"2009-12-17","Chestnut","46079","30584","15495"
"2009-12-18","Chestnut","31746","21111","10635"
"2009-12-19","Chestnut","44727","27820","16907"
"2009-12-20","Chestnut","64587","41142","23445"
"2009-12-21","Chestnut","47216","32036","15180"
"2009-12-22","Chestnut","40820","22457","18363"
"2009-12-23","Chestnut","50404","35427","14977"
"2009-12-24","Chestnut","45798","34591","11207"
"2009-12-25","Chestnut","48836","32140","16696"
"2009-12-26","Chestnut","40569","24669","15900"
"2009-12-27","Chestnut","42422","25571","16851"
"2009-12-28","Chestnut","52945","33845","19100"
"2009-12-29","Chestnut","35538","19246","16292"
"2009-12-30","Chestnut","40220","25745","14475"
"2009-12-31","Chestnut","43138","23685","19453"
"2010-01-01","Chestnut","60978","40879","20099"
"2010-01-02","Chestnut","67888","39819","28069"
"2010-01-03","Chestnut","77047","48015","29032"
"2010-01-04","Chestnut","50335","28210","22125"
"2010-01-05","Chestnut","69205","42581","26624"
"2010-01-06","Chestnut","80275","51831","28444"
"2010-01-07","Chestnut","76862","49371","27491"
"2010-01-08","Chestnut","66230","43355","22875"
"2010-01-09","Chestnut","101741","61902","39839"
"2010-01-10","Chestnut","72044","43400","28644"
"2010-01-11","Chestnut","59431","37601","21830"
"2010-01-12","Chestnut","67975","40237","27738"
"2010-01-13","Chestnut","61332","38427","22905"
"2010-01-14","Chestnut","58185","36808","21377"
"2010-01-15","Chestnut","54410","30511","23899"
"2010-01-16","Chestnut","64025","37042","26983"
"2010-01-17","Chestnut","65343","45008","20335"
"2010-01-18","Chestnut","66513","41055","25458"
"2010-01-19","Chestnut","66171","40054","26117"
"2010-01-20","Chestnut","62348","39658","22690"
"2010-01-21","Chestnut","74692","51077","23615"
"2010-01-22","Chestnut","59414","38231","21183"
"2010-01-23","Chestnut","51325","29310","22015"
"2010-01-24","Chestnut","69496","42937","26559"
"2010-01-25","Chestnut","77793","44382","33411"
"2010-01-26","Chestnut","85150","57331","27819"
"2010-01-27","Chestnut","56375","40474","15901"
"2010-01-28","Chestnut","71305","44210","27095"
"2010-01-29","Chestnut","74747","39963","34784"
"2010-01-30","Chestnut","57970","34570","23400"
"2010-01-31","Chestnut","49672","29520","20152"
"2010-02-01","Chestnut","63592","40398","23194"
"2010-02-02","Chestnut","58470","35339","23131"
"2010-02-03","Chestnut","56390","33144","23246"
"2010-02-04","Chestnut","75954","50809","25145"
"2010-02-05","Chestnut","80537","55265","25272"
"2010-02-06","Chestnut","58237","34898","23339"
"2010-02-07","Chestnut","59383","35030","24353"
"2010-02-08","Chestnut","61287","39105","22182"
"2010-02-09","Chestnut","76304","53317","22987"
"2010-02-10","Chestnut","69545","38484","31061"
"2010-02-11","Chestnut","75355","47251","28104"
"2010-02-12","Chestnut","72693","46090","26603"
"2010-02-13","Chestnut","71907","45367","26540"
"2010-02-14","Chestnut","96693","67520","29173"
"2010-02-15","Chestnut","73074","46817","26257"
"2010-02-16","Chestnut","63868","42123","21745"
"2010-02-17","Chestnut","66148","42887","23261"
"2010-02-18","Chestnut","64957","40681","24276"
"2010-02-19","Chestnut","51488","37324","14164"
"2010-02-20","Chestnut","67451","44254","23197"
"2010-02-21","Chestnut","56520","35423","21097"
"2010-02-22","Chestnut","76571","45910","30661"
"2010-02-23","Chestnut","65152","41975","23177"
"2010-02-24","Chestnut","86548","59164","27384"
"2010-02-25","Chestnut","76386","54656","21730"
"2010-02-26","Chestnut","47791","34258","13533"
"2010-02-27","Chestnut","73301","43778","29523"
"2010-02-28","Chestnut","71944","44907","27037"
"2010-03-01","Chestnut","96011","65834","30177"
"2010-03-02","Chestnut","85325","53457","31868"
"2010-03-03","Chestnut","84996","54203","30793"
"2010-03-04","Chestnut","33603","20613","12990"
"2010-03-05","Chestnut","50849","29064","21785"
"2010-03-06","Chestnut","80502","53215","27287"
"2010-03-07","Chestnut","60415","35865","24550"
"2010-03-08","Chestnut","52141","31677","20464"
"2010-03-09","Chestnut","61613","34998","26615"
"2010-03-10","Chestnut","76033","48981","27052"
"2010-03-11","Chestnut","53405","31573","21832"
"2010-03-12","Chestnut","84351","56385","27966"
"2010-03-13","Chestnut","55954","32386","23568"
"2010-03-14","Chestnut","47904","30943","16961"
"2010-03-15","Chestnut","74273","41631","32642"
"2010-03-16","Chestnut","57041","34325","22716"
"2010-03-17","Chestnut","68656","40658","27998"
"2010-03-18","Chestnut","91235","59788","31447"
"2010-03-19","Chestnut","57936","34450","23486"
"2010-03-20","Chestnut","77755","53245","24510"
"2010-03-21","Chestnut","71760","46784","24976"
"2010-03-22","Chestnut","61359","33581","27778"
"2010-03-23","Chestnut","53514","30422","23092"
"2010-03-24","Chestnut","68960","45101","23859"
"2010-03-25","Chestnut","66112","41747","24365"
"2010-03-26","Chestnut","59322","35813","23509"
"2010-03-27","Chestnut","63573","38788","24785"
"2010-03-28","Chestnut","77398","47142","30256"
"2010-03-29","Chestnut","78261","50143","28118"
"2010-03-30","Chestnut","98905","58992","39913"
"2010-03-31","Chestnut","85246","51803","33443"
"2010-04-01","Chestnut","51691","35116","16575"
"2010-04-02","Chestnut","80971","52170","28801"
"2010-04-03","Chestnut","77659","51476","26183"
"2010-04-04","Chestnut","84435","56044","28391"
"2010-04-05","Chestnut","55733","38389","17344"
"2010-04-06","Chestnut","83439","50703","32736"
"2010-04-07","Chestnut","91983","55860","36123"
"2010-04-08","Chestnut","34178","22996","11182"
"2010-04-09","Chestnut","51610","31543","20067"
"2010-04-10","Chestnut","60369","37803","22566"
"2010-04-11","Chestnut","60208","37888","22320"
"2010-04-12","Chestnut","76529","43874","32655"
"2010-04-13","Chestnut","63772","40272","23500"
"2010-04-14","Chestnut","39289","22318","16971"
"2010-04-15","Chestnut","95800","57418","38382"
"2010-04-16","Chestnut","66696","43050","23646"
"2010-04-17","Chestnut","79386","47896","31490"
"2010-04-18","Chestnut","73591","42410","31181"
"2010-04-19","Chestnut","59535","37446","22089"
"2010-04-20","Chestnut","71999","40298","31701"
"2010-04-21","Chestnut","73718","48113","25605"
"2010-04-22","Chestnut","51869","31757","20112"
"2010-04-23","Chestnut","82092","56172","25920"
"2010-04-24","Chestnut","76124","51693","24431"
"2010-04-25","Chestnut","72514","47169","25345"
"2010-04-26","Chestnut","57131","39895","17236"
"2010-04-27","Chestnut","55939","31115","24824"
"2010-04-28","Chestnut","64159","38683","25476"
"2010-04-29","Chestnut","43056","25180","17876"
"2010-04-30","Chestnut","74614","43555","31059"
"2010-05-01","Chestnut","67585","45886","21699"
"2010-05-02","Chestnut","78152","51287","26865"
"2010-05-03","Chestnut","59886","40177","19709"
"2010-05-04","Chestnut","41056","23381","17675"
"2010-05-05","Chestnut","54035","36587","17448"
"2010-05-06","Chestnut","82871","53498","29373"
"2010-05-07","Chestnut","55947","30732","25215"
"2010-05-08","Chestnut","67241","41973","25268"
"2010-05-09","Chestnut","48193","28317","19876"
"2010-05-10","Chestnut","61637","39772","21865"
"2010-05-11","Chestnut","72727","45947","26780"
"2010-05-12","Chestnut","88618","59584","29034"
"2010-05-13","Chestnut","91200","63971","27229"
"2010-05-14","Chestnut","56210","38485","17725"
"2010-05-15","Chestnut","43162","26065","17097"
"2010-05-16","Chestnut","84942","57694","27248"
"2010-05-17","Chestnut","81729","50804","30925"
"2010-05-18","Chestnut","62331","37508","24823"
"2010-05-19","Chestnut","84237","49891","34346"
"2010-05-20","Chestnut","51528","30887","20641"
"2010-05-21","Chestnut","93827","61394","32433"
"2010-05-22","Chestnut","78434","46017","32417"
"2010-05-23","Chestnut","64982","38192","26790"
"2010-05-24","Chestnut","46775","26873","19902"
"2010-05-25","Chestnut","68788","39901","28887"
"2010-05-26","Chestnut","45719","30837","14882"
"2010-05-27","Chestnut","86291","55798","30493"
"2010-05-28","Chestnut","49746","30958","18788"
"2010-05-29","Chestnut","59991","39973","20018"
"2010-05-30","Chestnut","88480","54307","34173"
"2010-05-31","Chestnut","71708","48897","22811"
"2010-06-01","Chestnut","77557","48246","29311"
"2010-06-02","Chestnut","90147","47030","43117"
"2010-06-03","Chestnut","101679","62019","39660"
"2010-06-04","Chestnut","104147","64106","40041"
"2010-06-05","Chestnut","146324","88136","58188"
"2010-06-06","Chestnut","114855","71601","43254"
"2010-06-07","Chestnut","102594","63561","39033"
"2010-06-08","Chestnut","129810","75246","54564"
"2010-06-09","Chestnut","124192","70098","54094"
"2010-06-10","Chestnut","107273","70876","36397"
"2010-06-11","Chestnut","133498","83868","49630"
"2010-06-12","Chestnut","96796","62272","34524"
"2010-06-13","Chestnut","151713","99631","52082"
"2010-06-14","Chestnut","136428","87118","49310"
"2010-06-15","Chestnut","126583","81508","45075"
"2010-06-16","Chestnut","134684","82262","52422"
"2010-06-17","Chestnut","134463","84124","50339"
"2010-06-18","Chestnut","99439","59471","39968"
"2010-06-19","Chestnut","133374","83794","49580"
"2010-06-20","Chestnut","93859","61060","32799"
"2010-06-21","Chestnut","143002","93142","49860"
"2010-06-22","Chestnut","101945","60236","41709"
"2010-06-23","Chestnut","124703","72197","52506"
"2010-06-24","Chestnut","85393","51335","34058"
"2010-06-25","Chestnut","143399","89955","53444"
"2010-06-26","Chestnut","127073","80889","46184"
"2010-06-27","Chestnut","147544","85757","61787"
"2010-06-28","Chestnut","138904","94231","44673"
"2010-06-29","Chestnut","135360","85364","49996"
"2010-06-30","Chestnut","111721","61727","49994"
"2010-07-01","Chestnut","116119","70992","45127"
"2010-07-02","Chestnut","161311","103545","57766"
"2010-07-03","Chestnut","149831","99785","50046"
"2010-07-04","Chestnut","150596","95484","55112"
"2010-07-05","Chestnut","137422","85570","51852"
"2010-07-06","Chestnut","159266","96142","63124"
"2010-07-07","Chestnut","134870","78604","56266"
"2010-07-08","Chestnut","136614","82500","54114"
"2010-07-09","Chestnut","123866","80855","43011"
"2010-07-10","Chestnut","132602","90649","41953"
"2010-07-11","Chestnut","137111","85087","52024"
"2010-07-12","Chestnut","127291","80749","46542"
"2010-07-13","Chestnut","128854","77225","51629"
"2010-07-14","Chestnut","106456","69945","36511"
"2010-07-15","Chestnut","112982","72819","40163"
"2010-07-16","Chestnut","102818","73372","29446"
"2010-07-17","Chestnut","146738","91964","54774"
"2010-07-18","Chestnut","141703","85708","55995"
"2010-07-19","Chestnut","94088","54484","39604"
"2010-07-20","Chestnut","129588","76027","53561"
"2010-07-21","Chestnut","100237","61111","39126"
"2010-07-22","Chestnut","116494","63780","52714"
"2010-07-23","Chestnut","93160","62502","30658"
"2010-07-24","Chestnut","111330","67136","44194"
"2010-07-25","Chestnut","107568","60981","46587"
"2010-07-26","Chestnut","126593","76001","50592"
"2010-07-27","Chestnut","99037","58784","40253"
"2010-07-28","Chestnut","116616","68855","47761"
"2010-07-29","Chestnut","119114","70950","48164"
"2010-07-30","Chestnut","102018","68214","33804"
"2010-07-31","Chestnut","113751","68944","44807"
"2010-08-01","Chestnut","125437","77482","47955"
"2010-08-02","Chestnut","84563","47005","37558"
"2010-08-03","Chestnut","145204","97750","47454"
"2010-08-04","Chestnut","109270","64761","44509"
"2010-08-05","Chestnut","103167","64028","39139"
"2010-08-06","Chestnut","124801","83903","40898"
"2010-08-07","Chestnut","120622","75604","45018"
"2010-08-08","Chestnut","117988","74499","43489"
"2010-08-09","Chestnut","108354","67760","40594"
"2010-08-10","Chestnut","135445","83328","52117"
"2010-08-11","Chestnut","130555","92283","38272"
"2010-08-12","Chestnut","104311","63237","41074"
"2010-08-13","Chestnut","86211","53601","32610"
"2010-08-14","Chestnut","120492","76906","43586"
"2010-08-15","Chestnut","116636","74484","42152"
"2010-08-16","Chestnut","119263","70825","48438"
"2010-08-17","Chestnut","138981","90654","48327"
"2010-08-18","Chestnut","160086","101119","58967"
"2010-08-19","Chestnut","99537","61342","38195"
"2010-08-20","Chestnut","126245","78113","48132"
"2010-08-21","Chestnut","113848","72856","40992"
"2010-08-22","Chestnut","134605","92794","41811"
"2010-08-23","Chestnut","121307","77478","43829"
"2010-08-24","Chestnut","126250","85619","40631"
"2010-08-25","Chestnut","138130","83729","54401"
"2010-08-26","Chestnut","147763","93265","54498"
"2010-08-27","Chestnut","145805","93092","52713"
"2010-08-28","Chestnut","107953","64857","43096"
"2010-08-29","Chestnut","132098","89595","42503"
"2010-08-30","Chestnut","125189","76814","48375"
"2010-08-31","Chestnut","114686","73193","41493"
"2010-09-01","Chestnut","104054","67337","36717"
"2010-09-02","Chestnut","142541","87679","54862"
"2010-09-03","Chestnut","117644","73943","43701"
"2010-09-04","Chestnut","133879","81106","52773"
"2010-09-05","Chestnut","132436","80896","51540"
"2010-09-06","Chestnut","151780","97477","54303"
"2010-09-07","Chestnut","107175","67386","39789"
"2010-09-08","Chestnut","132923","86559","46364"
"2010-09-09","Chestnut","151051","98117","52934"
"2010-09-10","Chestnut","101102","63279","37823"
"2010-09-11","Chestnut","102188","56200","45988"
"2010-09-12","Chestnut","114873","64714","50159"
"2010-09-13","Chestnut","119471","74848","44623"
"2010-09-14","Chestnut","111045","75105","35940"
"2010-09-15","Chestnut","131465","85583","45882"
"2010-09-16","Chestnut","100514","64350","36164"
"2010-09-17","Chestnut","104029","61746","42283"
"2010-09-18","Chestnut","113460","71443","42017"
"2010-09-19","Chestnut","121270","70899","50371"
"2010-09-20","Chestnut","142127","100776","41351"
"2010-09-21","Chestnut","143271","92574","50697"
"2010-09-22","Chestnut","89266","62255","27011"
"2010-09-23","Chestnut","114662","70838","43824"
"2010-09-24","Chestnut","138781","89037","49744"
"2010-09-25","Chestnut","130605","75734","54871"
"2010-09-26","Chestnut","174067","104522","69545"
"2010-09-27","Chestnut","124289","78183","46106"
"2010-09-28","Chestnut","140385","88640","51745"
"2010-09-29","Chestnut","146677","90827","55850"
"2010-09-30","Chestnut","135934","92823","43111"
"2010-10-01","Chestnut","117564","80763","36801"
"2010-10-02","Chestnut","150421","98957","51464"
"2010-10-03","Chestnut","110799","70191","40608"
"2010-10-04","Chestnut","165844","107536","58308"
"2010-10-05","Chestnut","106234","66757","39477"
"2010-10-06","Chestnut","118334","66848","51486"
"2010-10-07","Chestnut","133531","77934","55597"
"2010-10-08","Chestnut","126331","77568","48763"
"2010-10-09","Chestnut","145196","94170","51026"
"2010-10-10","Chestnut","88210","49910","38300"
"2010-10-11","Chestnut","129317","78308","51009"
"2010-10-12","Chestnut","113463","72044","41419"
"2010-10-13","Chestnut","149659","88695","60964"
"2010-10-14","Chestnut","120360","70760","49600"
"2010-10-15","Chestnut","112618","75082","37536"
"2010-10-16","Chestnut","119823","74115","45708"
"2010-10-17","Chestnut","117554","71696","45858"
"2010-10-18","Chestnut","154534","94179","60355"
"2010-10-19","Chestnut","94424","60372","34052"
"2010-10-20","Chestnut","118377","78294","40083"
"2010-10-21","Chestnut","131115","87342","43773"
"2010-10-22","Chestnut","111172","65299","45873"
"2010-10-23","Chestnut","103157","65713","37444"
"2010-10-24","Chestnut","102616","66528","36088"
"2010-10-25","Chestnut","179419","107584","71835"
"2010-10-26","Chestnut","105030","59403","45627"
"2010-10-27","Chestnut","101155","63654","37501"
"2010-10-28","Chestnut","96372","60311","36061"
"2010-10-29","Chestnut","91142","54101","37041"
"2010-10-30","Chestnut","123372","71618","51754"
"2010-10-31","Chestnut","136130","88589","47541"
"2010-11-01","Chestnut","163284","104088","59196"
"2010-11-02","Chestnut","119473","72308","47165"
"2010-11-03","Chestnut","144332","91466","52866"
"2010-11-04","Chestnut","103292","62052","41240"
"2010-11-05","Chestnut","139735","91313","48422"
"2010-11-06","Chestnut","107441","67411","40030"
"2010-11-07","Chestnut","123993","74029","49964"
"2010-11-08","Chestnut","123884","77302","46582"
"2010-11-09","Chestnut","127680","86358","41322"
"2010-11-10","Chestnut","152646","94670","57976"
"2010-11-11","Chestnut","126897","80099","46798"
"2010-11-12","Chestnut","120764","70179","50585"
"2010-11-13","Chestnut","121172","78718","42454"
"2010-11-14","Chestnut","137503","85151","52352"
"2010-11-15","Chestnut","168757","108852","59905"
"2010-11-16","Chestnut","100935","63760","37175"
"2010-11-17","Chestnut","140686","89731","50955"
"2010-11-18","Chestnut","113993","71013","42980"
"2010-11-19","Chestnut","132740","81986","50754"
"2010-11-20","Chestnut","135455","93474","41981"
"2010-11-21","Chestnut","132370","82928","49442"
"2010-11-22","Chestnut","115540","73266","42274"
"2010-11-23","Chestnut","116811","68924","47887"
"2010-11-24","Chestnut","130021","78566","51455"
"2010-11-25","Chestnut","144941","84737","60204"
"2010-11-26","Chestnut","139630","94446","45184"
"2010-11-27","Chestnut","129318","74574","54744"
"2010-11-28","Chestnut","136810","92733","44077"
"2010-11-29","Chestnut","130452","78961","51491"
"2010-11-30","Chestnut","96308","56575","39733"
"2010-12-01","Chestnut","103913","61962","41951"
"2010-12-02","Chestnut","117918","70584","47334"
"2010-12-03","Chestnut","137162","82163","54999"
"2010-12-04","Chestnut","128343","84825","43518"
"2010-12-05","Chestnut","136374","87962","48412"
"2010-12-06","Chestnut","120342","73516","46826"
"2010-12-07","Chestnut","138394","87094","51300"
"2010-12-08","Chestnut","107780","66517","41263"
"2010-12-09","Chestnut","109799","67230","42569"
"2010-12-10","Chestnut","104690","64544","40146"
"2010-12-11","Chestnut","131305","81878","49427"
"2010-12-12","Chestnut","124368","89348","35020"
"2010-12-13","Chestnut","131176","81036","50140"
"2010-12-14","Chestnut","123466","73522","49944"
"2010-12-15","Chestnut","91145","53905","37240"
"2010-12-16","Chestnut","139376","83232","56144"
"2010-12-17","Chestnut","116256","78399","37857"
"2010-12-18","Chestnut","114476","72980","41496"
"2010-12-19","Chestnut","174506","102381","72125"
"2010-12-20","Chestnut","150433","93972","56461"
"2010-12-21","Chestnut","96689","60669","36020"
"2010-12-22","Chestnut","90269","50832","39437"
"2010-12-23","Chestnut","122097","80175","41922"
"2010-12-24","Chestnut","129087","80111","48976"
"2010-12-25","Chestnut","131317","82476","48841"
"2010-12-26","Chestnut","126386","73471","52915"
"2010-12-27","Chestnut","119979","71487","48492"
"2010-12-28","Chestnut","119804","75989","43815"
"2010-12-29","Chestnut","116065","70594","45471"
"2010-12-30","Chestnut","139354","90812","48542"
"2010-12-31","Chestnut","107414","66184","41230"
"2011-01-01","Chestnut","131733","88811","42922"
"2011-01-02","Chestnut","131796","87277","44519"
"2011-01-03","Chestnut","121830","76301","45529"
"2011-01-04","Chestnut","110050","74508","35542"
"2011-01-05","Chestnut","121894","77040","44854"
"2011-01-06","Chestnut","126772","73185","53587"
"2011-01-07","Chestnut","136001","78105","57896"
"2011-01-08","Chestnut","100713","61226","39487"
"2011-01-09","Chestnut","143465","99438","44027"
"2011-01-10","Chestnut","109713","61215","48498"
"2011-01-11","Chestnut","188632","122810","65822"
"2011-01-12","Chestnut","132206","89280","42926"
"2011-01-13","Chestnut","129242","77905","51337"
"2011-01-14","Chestnut","137708","82422","55286"
"2011-01-15","Chestnut","166962","99659","67303"
"2011-01-16","Chestnut","140073","89803","50270"
"2011-01-17","Chestnut","145950","93036","52914"
"2011-01-18","Chestnut","140465","81194","59271"
"2011-01-19","Chestnut","145116","93308","51808"
"2011-01-20","Chestnut","145217","94375","50842"
"2011-01-21","Chestnut","134091","91710","42381"
"2011-01-22","Chestnut","158610","106417","52193"
"2011-01-23","Chestnut","98609","64738","33871"
"2011-01-24","Chestnut","153100","93970","59130"
"2011-01-25","Chestnut","152693","96471","56222"
"2011-01-26","Chestnut","133509","81699","51810"
"2011-01-27","Chestnut","129991","75579","54412"
"2011-01-28","Chestnut","174762","111800","62962"
"2011-01-29","Chestnut","125703","72541","53162"
"2011-01-30","Chestnut","126563","79674","46889"
"2011-01-31","Chestnut","157348","95992","61356"
"2011-02-01","Chestnut","191218","134941","56277"
"2011-02-02","Chestnut","138073","84286","53787"
"2011-02-03","Chestnut","176660","120866","55794"
"2011-02-04","Chestnut","90562","53134","37428"
"2011-02-05","Chestnut","129390","80713","48677"
"2011-02-06","Chestnut","123206","77500","45706"
"2011-02-07","Chestnut","142580","87074","55506"
"2011-02-08","Chestnut","142581","93509","49072"
"2011-02-09","Chestnut","96940","54268","42672"
"2011-02-10","Chestnut","117082","80911","36171"
"2011-02-11","Chestnut","138993","86713","52280"
"2011-02-12","Chestnut","106183","69156","37027"
"2011-02-13","Chestnut","166222","100867","65355"
"2011-02-14","Chestnut","112631","68718","43913"
"2011-02-15","Chestnut","140584","83213","57371"
"2011-02-16","Chestnut","163212","101160","62052"
"2011-02-17","Chestnut","141644","88678","52966"
"2011-02-18","Chestnut","166500","111654","54846"
"2011-02-19","Chestnut","149357","86780","62577"
"2011-02-20","Chestnut","157750","95523","62227"
"2011-02-21","Chestnut","106340","66838","39502"
"2011-02-22","Chestnut","163309","108514","54795"
"2011-02-23","Chestnut","148607","89976","58631"
"2011-02-24","Chestnut","124272","83668","40604"
"2011-02-25","Chestnut","117736","72588","45148"
"2011-02-26","Chestnut","180473","110213","70260"
"2011-02-27","Chestnut","173961","106993","66968"
"2011-02-28","Chestnut","115890","74661","41229"
"2011-03-01","Chestnut","132993","83214","49779"
"2011-03-02","Chestnut","172911","114030","58881"
"2011-03-03","Chestnut","166836","102330","64506"
"2011-03-04","Chestnut","125030","73876","51154"
"2011-03-05","Chestnut","173694","107081","66613"
"2011-03-06","Chestnut","100745","62624","38121"
"2011-03-07","Chestnut","124183","81634","42549"
"2011-03-08","Chestnut","121602","78733","42869"
"2011-03-09","Chestnut","187309","110304","77005"
"2011-03-10","Chestnut","104405","68458","35947"
"2011-03-11","Chestnut","158587","105258","53329"
"2011-03-12","Chestnut","113213","70663","42550"
"2011-03-13","Chestnut","157309","101862","55447"
"2011-03-14","Chestnut","164094","95568","68526"
"2011-03-15","Chestnut","166720","110054","56666"
"2011-03-16","Chestnut","177824","109957","67867"
"2011-03-17","Chestnut","133103","79621","53482"
"2011-03-18","Chestnut","168980","104443","64537"
"2011-03-19","Chestnut","138605","79755","58850"
"2011-03-20","Chestnut","183709","122544","61165"
"2011-03-21","Chestnut","114908","61833","53075"
"2011-03-22","Chestnut","143743","85536","58207"
"2011-03-23","Chestnut","159335","109747","49588"
"2011-03-24","Chestnut","162382","97634","64748"
"2011-03-25","Chestnut","149884","99732","50152"
"2011-03-26","Chestnut","174534","109827","64707"
"2011-03-27","Chestnut","148458","94050","54408"
"2011-03-28","Chestnut","129254","80088","49166"
"2011-03-29","Chestnut","139041","94008","45033"
"2011-03-30","Chestnut","98946","63224","35722"
"2011-03-31","Chestnut","128757","75469","53288"
"2011-04-01","Chestnut","142179","94164","48015"
"2011-04-02","Chestnut","150352","95319","55033"
"2011-04-03","Chestnut","127632","86502","41130"
"2011-04-04","Chestnut","147895","99457","48438"
"2011-04-05","Chestnut","123353","73877","49476"
"2011-04-06","Chestnut","150666","96231","54435"
"2011-04-07","Chestnut","129467","76818","52649"
"2011-04-08","Chestnut","168859","106964","61895"
"2011-04-09","Chestnut","136039","81025","55014"
"2011-04-10","Chestnut","143381","90491","52890"
"2011-04-11","Chestnut","107711","73274","34437"
"2011-04-12","Chestnut","157989","104907","53082"
"2011-04-13","Chestnut","160667","104402","56265"
"2011-04-14","Chestnut","142387","82178","60209"
"2011-04-15","Chestnut","142374","88058","54316"
"2011-04-16","Chestnut","133483","83614","49869"
"2011-04-17","Chestnut","151986","96810","55176"
"2011-04-18","Chestnut","132235","88585","43650"
"2011-04-19","Chestnut","124205","80583","43622"
"2011-04-20","Chestnut","137394","85566","51828"
"2011-04-21","Chestnut","135045","78457","56588"
"2011-04-22","Chestnut","172898","102212","70686"
"2011-04-23","Chestnut","156772","96559","60213"
"2011-04-24","Chestnut","111291","72282","39009"
"2011-04-25","Chestnut","114473","71823","42650"
"2011-04-26","Chestnut","138484","89855","48629"
"2011-04-27","Chestnut","136404","89077","47327"
"2011-04-28","Chestnut","143294","87518","55776"
"2011-04-29","Chestnut","98488","59106","39382"
"2011-04-30","Chestnut","112735","69240","43495"
"2011-05-01","Chestnut","149525","90979","58546"
"2011-05-02","Chestnut","96202","64449","31753"
"2011-05-03","Chestnut","117116","69875","47241"
"2011-05-04","Chestnut","175665","115539","60126"
"2011-05-05","Chestnut","115995","66607","49388"
"2011-05-06","Chestnut","147137","100904","46233"
"2011-05-07","Chestnut","101878","61455","40423"
"2011-05-08","Chestnut","150774","93681","57093"
"2011-05-09","Chestnut","159655","107332","52323"
"2011-05-10","Chestnut","108673","69118","39555"
"2011-05-11","Chestnut","144640","87986","56654"
"2011-05-12","Chestnut","150525","98859","51666"
"2011-05-13","Chestnut","128171","76544","51627"
"2011-05-14","Chestnut","129342","84536","44806"
"2011-05-15","Chestnut","176238","112400","63838"
"2011-05-16","Chestnut","117338","66864","50474"
"2011-05-17","Chestnut","142834","85513","57321"
"2011-05-18","Chestnut","164254","104467","59787"
"2011-05-19","Chestnut","162236","107976","54260"
"2011-05-20","Chestnut","124085","76933","47152"
"2011-05-21","Chestnut","121419","75914","45505"
"2011-05-22","Chestnut","154678","96100","58578"
"2011-05-23","Chestnut","119143","72045","47098"
"2011-05-24","Chestnut","142588","87663","54925"
"2011-05-25","Chestnut","107085","63203","43882"
"2011-05-26","Chestnut","157760","89741","68019"
"2011-05-27","Chestnut","173129","114567","58562"
"2011-05-28","Chestnut","149833","93748","56085"
"2011-05-29","Chestnut","135416","81639","53777"
"2011-05-30","Chestnut","119215","74310","44905"
"2011-05-31","Chestnut","132824","82064","50760"
"2011-06-01","Chestnut","137117","77736","59381"
"2011-06-02","Chestnut","140537","91492","49045"
"2011-06-03","Chestnut","193581","116536","77045"
"2011-06-04","Chestnut","154033","103107","50926"
"2011-06-05","Chestnut","159779","102117","57662"
"2011-06-06","Chestnut","156494","102195","54299"
"2011-06-07","Chestnut","185276","109911","75365"
"2011-06-08","Chestnut","171936","107676","64260"
"2011-06-09","Chestnut","163394","106706","56688"
"2011-06-10","Chestnut","135764","84107","51657"
"2011-06-11","Chestnut","146264","92548","53716"
"2011-06-12","Chestnut","183785","112516","71269"
"2011-06-13","Chestnut","147181","89387","57794"
"2011-06-14","Chestnut","165092","106743","58349"
"2011-06-15","Chestnut","170008","105061","64947"
"2011-06-16","Chestnut","181101","119461","61640"
"2011-06-17","Chestnut","147336","90484","56852"
"2011-06-18","Chestnut","155856","95316","60540"
"2011-06-19","Chestnut","136644","92132","44512"
"2011-06-20","Chestnut","181844","118089","63755"
"2011-06-21","Chestnut","125419","80628","44791"
"2011-06-22","Chestnut","149365","98272","51093"
"2011-06-23","Chestnut","165963","99169","66794"
"2011-06-24","Chestnut","164937","102419","62518"
"2011-06-25","Chestnut","173802","107087","66715"
"2011-06-26","Chestnut","181366","116141","65225"
"2011-06-27","Chestnut","145827","91713","54114"
"2011-06-28","Chestnut","162022","95191","66831"
"2011-06-29","Chestnut","163442","110369","53073"
"2011-06-30","Chestnut","141089","85979","55110"
"2011-07-01","Chestnut","155864","96458","59406"
"2011-07-02","Chestnut","158827","96097","62730"
"2011-07-03","Chestnut","156615","102425","54190"
"2011-07-04","Chestnut","129794","82523","47271"
"2011-07-05","Chestnut","147998","90733","57265"
"2011-07-06","Chestnut","198692","113587","85105"
"2011-07-07","Chestnut","151822","93958","57864"
"2011-07-08","Chestnut","162474","97275","65199"
"2011-07-09","Chestnut","155740","93187","62553"
"2011-07-10","Chestnut","162430","104062","58368"
"2011-07-11","Chestnut","244007","158746","85261"
"2011-07-12","Chestnut","185587","117561","68026"
"2011-07-13","Chestnut","187911","124725","63186"
"2011-07-14","Chestnut","156680","100679","56001"
"2011-07-15","Chestnut","165684","104438","61246"
"2011-07-16","Chestnut","168555","109425","59130"
"2011-07-17","Chestnut","133807","79439","54368"
"2011-07-18","Chestnut","157024","100901","56123"
"2011-07-19","Chestnut","180921","111684","69237"
"2011-07-20","Chestnut","216813","142332","74481"
"2011-07-21","Chestnut","161739","96790","64949"
"2011-07-22","Chestnut","178851","117695","61156"
"2011-07-23","Chestnut","232178","145286","86892"
"2011-07-24","Chestnut","159896","102414","57482"
"2011-07-25","Chestnut","171655","111353","60302"
"2011-07-26","Chestnut","162035","97436","64599"
"2011-07-27","Chestnut","193693","120008","73685"
"2011-07-28","Chestnut","177889","111667","66222"
"2011-07-29","Chestnut","156071","96015","60056"
"2011-07-30","Chestnut","152176","95421","56755"
"2011-07-31","Chestnut","146887","88898","57989"
"2011-08-01","Chestnut","177453","109066","68387"
"2011-08-02","Chestnut","158650","102123","56527"
"2011-08-03","Chestnut","180723","119866","60857"
"2011-08-04","Chestnut","194344","124923","69421"
"2011-08-05","Chestnut","173289","105735","67554"
"2011-08-06","Chestnut","179507","115116","64391"
"2011-08-07","Chestnut","206758","133292","73466"
"2011-08-08","Chestnut","155796","100875","54921"
"2011-08-09","Chestnut","133694","81335","52359"
"2011-08-10","Chestnut","184443","115501","68942"
"2011-08-11","Chestnut","153629","103612","50017"
"2011-08-12","Chestnut","154445","100316","54129"
"2011-08-13","Chestnut","165388","105785","59603"
"2011-08-14","Chestnut","148593","86467","62126"
"2011-08-15","Chestnut","183515","118195","65320"
"2011-08-16","Chestnut","158174","100592","57582"
"2011-08-17","Chestnut","173308","108873","64435"
"2011-08-18","Chestnut","146417","97712","48705"
"2011-08-19","Chestnut","178857","118208","60649"
"2011-08-20","Chestnut","173515","101606","71909"
"2011-08-21","Chestnut","190741","124789","65952"
"2011-08-22","Chestnut","190765","113475","77290"
"2011-08-23","Chestnut","195020","121073","73947"
"2011-08-24","Chestnut","202133","127299","74834"
"2011-08-25","Chestnut","159371","95295","64076"
"2011-08-26","Chestnut","139391","91842","47549"
"2011-08-27","Chestnut","171534","105869","65665"
"2011-08-28","Chestnut","149195","91992","57203"
"2011-08-29","Chestnut","243452","166684","76768"
"2011-08-30","Chestnut","195928","117250","78678"
"2011-08-31","Chestnut","184023","111489","72534"
"2011-09-01","Chestnut","196122","120719","75403"
"2011-09-02","Chestnut","153028","94212","58816"
"2011-09-03","Chestnut","162225","99084","63141"
"2011-09-04","Chestnut","180554","113116","67438"
"2011-09-05","Chestnut","153354","96084","57270"
"2011-09-06","Chestnut","207841","133238","74603"
"2011-09-07","Chestnut","186017","108866","77151"
"2011-09-08","Chestnut","195963","125760","70203"
"2011-09-09","Chestnut","213826","142757","71069"
"2011-09-10","Chestnut","155916","99408","56508"
"2011-09-11","Chestnut","186936","111867","75069"
"2011-09-12","Chestnut","141824","87023","54801"
"2011-09-13","Chestnut","198178","130068","68110"
"2011-09-14","Chestnut","139573","94717","44856"
"2011-09-15","Chestnut","176946","107813","69133"
"2011-09-16","Chestnut","189000","116688","72312"
"2011-09-17","Chestnut","157436","101318","56118"
"2011-09-18","Chestnut","215918","133489","82429"
"2011-09-19","Chestnut","178036","115782","62254"
"2011-09-20","Chestnut","192268","122295","69973"
"2011-09-21","Chestnut","143450","77736","65714"
"2011-09-22","Chestnut","175524","101249","74275"
"2011-09-23","Chestnut","209741","131249","78492"
"2011-09-24","Chestnut","154719","91631","63088"
"2011-09-25","Chestnut","205376","129144","76232"
"2011-09-26","Chestnut","123519","71908","51611"
"2011-09-27","Chestnut","132561","82470","50091"
"2011-09-28","Chestnut","196669","127701","68968"
"2011-09-29","Chestnut","179652","114131","65521"
"2011-09-30","Chestnut","132048","83618","48430"
"2011-10-01","Chestnut","204724","129125","75599"
"2011-10-02","Chestnut","168651","104398","64253"
"2011-10-03","Chestnut","157707","96994","60713"
"2011-10-04","Chestnut","150028","92782","57246"
"2011-10-05","Chestnut","175316","114870","60446"
"2011-10-06","Chestnut","139862","87527","52335"
"2011-10-07","Chestnut","189554","117462","72092"
"2011-10-08","Chestnut","166863","103337","63526"
"2011-10-09","Chestnut","189937","121630","68307"
"2011-10-10","Chestnut","174412","103908","70504"
"2011-10-11","Chestnut","130191","82482","47709"
"2011-10-12","Chestnut","162466","104196","58270"
"2011-10-13","Chestnut","196560","121260","75300"
"2011-10-14","Chestnut","158309","100045","58264"
"2011-10-15","Chestnut","180650","112198","68452"
"2011-10-16","Chestnut","150002","91291","58711"
"2011-10-17","Chestnut","165105","100165","64940"
"2011-10-18","Chestnut","179079","118287","60792"
"2011-10-19","Chestnut","192722","126591","66131"
"2011-10-20","Chestnut","142925","90908","52017"
"2011-10-21","Chestnut","155441","94887","60554"
"2011-10-22","Chestnut","185960","121430","64530"
"2011-10-23","Chestnut","198715","126020","72695"
"2011-10-24","Chestnut","147754","89763","57991"
"2011-10-25","Chestnut","174983","111610","63373"
"2011-10-26","Chestnut","129736","76191","53545"
"2011-10-27","Chestnut","176334","114179","62155"
"2011-10-28","Chestnut","165216","108356","56860"
"2011-10-29","Chestnut","180106","108849","71257"
"2011-10-30","Chestnut","136333","85273","51060"
"2011-10-31","Chestnut","157325","104821","52504"
"2011-11-01","Chestnut","188905","118535","70370"
"2011-11-02","Chestnut","149085","90574","58511"
"2011-11-03","Chestnut","184080","112023","72057"
"2011-11-04","Chestnut","152846","97289","55557"
"2011-11-05","Chestnut","201845","120665","81180"
"2011-11-06","Chestnut","155321","100106","55215"
"2011-11-07","Chestnut","188376","119680","68696"
"2011-11-08","Chestnut","147450","95597","51853"
"2011-11-09","Chestnut","179985","111040","68945"
"2011-11-10","Chestnut","154226","98534","55692"
"2011-11-11","Chestnut","204328","128991","75337"
"2011-11-12","Chestnut","129909","82098","47811"
"2011-11-13","Chestnut","196826","130229","66597"
"2011-11-14","Chestnut","176949","105922","71027"
"2011-11-15","Chestnut","189568","121957","67611"
"2011-11-16","Chestnut","132220","83786","48434"
"2011-11-17","Chestnut","134997","78337","56660"
"2011-11-18","Chestnut","137000","86438","50562"
"2011-11-19","Chestnut","184948","114800","70148"
"2011-11-20","Chestnut","191768","115834","75934"
"2011-11-21","Chestnut","172818","113123","59695"
"2011-11-22","Chestnut","179165","122536","56629"
"2011-11-23","Chestnut","142059","84410","57649"
"2011-11-24","Chestnut","146988","90555","56433"
"2011-11-25","Chestnut","184425","119216","65209"
"2011-11-26","Chestnut","182588","108732","73856"
"2011-11-27","Chestnut","151210","92213","58997"
"2011-11-28","Chestnut","201493","127423","74070"
"2011-11-29","Chestnut","197118","133284","63834"
"2011-11-30","Chestnut","199782","132072","67710"
"2011-12-01","Chestnut","175517","110219","65298"
"2011-12-02","Chestnut","164173","98758","65415"
"2011-12-03","Chestnut","127069","78114","48955"
"2011-12-04","Chestnut","155571","103686","51885"
"2011-12-05","Chestnut","170894","109960","60934"
"2011-12-06","Chestnut","175335","110765","64570"
"2011-12-07","Chestnut","175905","108014","67891"
"2011-12-08","Chestnut","179078","108518","70560"
"2011-12-09","Chestnut","156754","95718","61036"
"2011-12-10","Chestnut","169697","108691","61006"
"2011-12-11","Chestnut","175046","105565","69481"
"2011-12-12","Chestnut","114917","73599","41318"
"2011-12-13","Chestnut","154560","96045","58515"
"2011-12-14","Chestnut","181885","113850","68035"
"2011-12-15","Chestnut","202255","125621","76634"
"2011-12-16","Chestnut","148837","87883","60954"
"2011-12-17","Chestnut","194653","127700","66953"
"2011-12-18","Chestnut","169937","108010","61927"
"2011-12-19","Chestnut","148731","96301","52430"
"2011-12-20","Chestnut","189541","124096","65445"
"2011-12-21","Chestnut","182870","124609","58261"
"2011-12-22","Chestnut","192803","111568","81235"
"2011-12-23","Chestnut","168806","104848","63958"
"2011-12-24","Chestnut","165007","100371","64636"
"2011-12-25","Chestnut","133205","83076","50129"
"2011-12-26","Chestnut","169631","102208","67423"
"2011-12-27","Chestnut","207437","124508","82929"
"2011-12-28","Chestnut","210552","131122","79430"
"2011-12-29","Chestnut","172258","110223","62035"
"2011-12-30","Chestnut","184079","116770","67309"
"2011-12-31","Chestnut","195378","129543","65835"
"2012-01-01","Chestnut","269468","172743","96725"
"2012-01-02","Chestnut","251427","159587","91840"
"2012-01-03","Chestnut","255943","162361","93582"
"2012-01-04","Chestnut","225968","129649","96319"
"2012-01-05","Chestnut","263825","167258","96567"
"2012-01-06","Chestnut","208769","120538","88231"
"2012-01-07","Chestnut","266656","164117","102539"
"2012-01-08","Chestnut","220637","136880","83757"
"2012-01-09","Chestnut","208535","129890","78645"
"2012-01-10","Chestnut","232875","140812","92063"
"2012-01-11","Chestnut","220567","147730","72837"
"2012-01-12","Chestnut","195852","117111","78741"
"2012-01-13","Chestnut","222268","135440","86828"
"2012-01-14","Chestnut","280306","184584","95722"
"2012-01-15","Chestnut","276438","179753","96685"
"2012-01-16","Chestnut","207177","128303","78874"
"2012-01-17","Chestnut","261045","153681","107364"
"2012-01-18","Chestnut","269024","171689","97335"
"2012-01-19","Chestnut","221857","141129","80728"
"2012-01-20","Chestnut","201197","124297","76900"
"2012-01-21","Chestnut","196578","126104","70474"
"2012-01-22","Chestnut","230745","137102","93643"
"2012-01-23","Chestnut","244116","148953","95163"
"2012-01-24","Chestnut","239938","155099","84839"
"2012-01-25","Chestnut","222256","131738","90518"
"2012-01-26","Chestnut","233789","135221","98568"
"2012-01-27","Chestnut","226746","135270","91476"
"2012-01-28","Chestnut","230506","149252","81254"
"2012-01-29","Chestnut","196504","128300","68204"
"2012-01-30","Chestnut","199780","131470","68310"
"2012-01-31","Chestnut","229433","146975","82458"
"2012-02-01","Chestnut","198136","123500","74636"
"2012-02-02","Chestnut","257660","159729","97931"
"2012-02-03","Chestnut","276103","171303","104800"
"2012-02-04","Chestnut","281977","176910","105067"
"2012-02-05","Chestnut","237598","144501","93097"
"2012-02-06","Chestnut","262187","157364","104823"
"2012-02-07","Chestnut","304593","194393","110200"
"2012-02-08","Chestnut","322013","195507","126506"
"2012-02-09","Chestnut","212411","136036","76375"
"2012-02-10","Chestnut","314757","198049","116708"
"2012-02-11","Chestnut","217081","138948","78133"
"2012-02-12","Chestnut","298193","198636","99557"
"2012-02-13","Chestnut","299527","198822","100705"
"2012-02-14","Chestnut","217316","139076","78240"
"2012-02-15","Chestnut","224347","135211","89136"
"2012-02-16","Chestnut","261756","159208","102548"
"2012-02-17","Chestnut","300176","190936","109240"
"2012-02-18","Chestnut","256909","155658","101251"
"2012-02-19","Chestnut","209265","125492","83773"
"2012-02-20","Chestnut","227195","143975","83220"
"2012-02-21","Chestnut","296964","193951","103013"
"2012-02-22","Chestnut","183524","113566","69958"
"2012-02-23","Chestnut","247465","149087","98378"
"2012-02-24","Chestnut","318895","197136","121759"
"2012-02-25","Chestnut","259255","156588","102667"
"2012-02-26","Chestnut","262065","161949","100116"
"2012-02-27","Chestnut","277084","179569","97515"
"2012-02-28","Chestnut","286357","194150","92207"
"2012-02-29","Chestnut","215452","146337","69115"
"2012-03-01","Chestnut","242680","154991","87689"
"2012-03-02","Chestnut","251496","159788","91708"
"2012-03-03","Chestnut","244663","154996","89667"
"2012-03-04","Chestnut","276060","173059","103001"
"2012-03-05","Chestnut","237447","134040","103407"
"2012-03-06","Chestnut","235303","156282","79021"
"2012-03-07","Chestnut","215469","136708","78761"
"2012-03-08","Chestnut","286313","177118","109195"
"2012-03-09","Chestnut","169139","104188","64951"
"2012-03-10","Chestnut","258160","161374","96786"
"2012-03-11","Chestnut","277197","173050","104147"
"2012-03-12","Chestnut","302556","192490","110066"
"2012-03-13","Chestnut","254062","160232","93830"
"2012-03-14","Chestnut","217507","133706","83801"
"2012-03-15","Chestnut","236664","143104","93560"
"2012-03-16","Chestnut","251905","160967","90938"
"2012-03-17","Chestnut","236275","148028","88247"
"2012-03-18","Chestnut","234465","146242","88223"
"2012-03-19","Chestnut","260379","171924","88455"
"2012-03-20","Chestnut","256716","157392","99324"
"2012-03-21","Chestnut","281104","175661","105443"
"2012-03-22","Chestnut","249351","149277","100074"
"2012-03-23","Chestnut","263471","177829","85642"
"2012-03-24","Chestnut","261857","163586","98271"
"2012-03-25","Chestnut","226199","139233","86966"
"2012-03-26","Chestnut","265917","167994","97923"
"2012-03-27","Chestnut","246683","157078","89605"
"2012-03-28","Chestnut","285213","175078","110135"
"2012-03-29","Chestnut","178847","109302","69545"
"2012-03-30","Chestnut","291992","178347","113645"
"2012-03-31","Chestnut","204793","129702","75091"
"2012-04-01","Chestnut","260541","173702","86839"
"2012-04-02","Chestnut","284239","173944","110295"
"2012-04-03","Chestnut","227323","137717","89606"
"2012-04-04","Chestnut","284995","184546","100449"
"2012-04-05","Chestnut","290646","182401","108245"
"2012-04-06","Chestnut","274029","181370","92659"
"2012-04-07","Chestnut","261410","172274","89136"
"2012-04-08","Chestnut","287255","176981","110274"
"2012-04-09","Chestnut","285024","169933","115091"
"2012-04-10","Chestnut","279754","164359","115395"
"2012-04-11","Chestnut","273811","168881","104930"
"2012-04-12","Chestnut","226388","143250","83138"
"2012-04-13","Chestnut","274720","178211","96509"
"2012-04-14","Chestnut","276265","177228","99037"
"2012-04-15","Chestnut","236767","150274","86493"
"2012-04-16","Chestnut","260665","172359","88306"
"2012-04-17","Chestnut","207339","126137","81202"
"2012-04-18","Chestnut","256611","157813","98798"
"2012-04-19","Chestnut","236904","150898","86006"
"2012-04-20","Chestnut","325828","196129","129699"
"2012-04-21","Chestnut","251325","159651","91674"
"2012-04-22","Chestnut","281597","173936","107661"
"2012-04-23","Chestnut","254559","155391","99168"
"2012-04-24","Chestnut","223770","152450","71320"
"2012-04-25","Chestnut","267930","172312","95618"
"2012-04-26","Chestnut","240119","151474","88645"
"2012-04-27","Chestnut","272554","171789","100765"
"2012-04-28","Chestnut","235133","140168","94965"
"2012-04-29","Chestnut","278614","177850","100764"
"2012-04-30","Chestnut","312203","194821","117382"
"2012-05-01","Chestnut","309868","196151","113717"
"2012-05-02","Chestnut","277185","172580","104605"
"2012-05-03","Chestnut","289934","176695","113239"
"2012-05-04","Chestnut","213645","130863","82782"
"2012-05-05","Chestnut","302271","192204","110067"
"2012-05-06","Chestnut","320953","206982","113971"
"2012-05-07","Chestnut","293362","192012","101350"
"2012-05-08","Chestnut","243997","159992","84005"
"2012-05-09","Chestnut","284577","176398","108179"
"2012-05-10","Chestnut","248824","154929","93895"
"2012-05-11","Chestnut","295459","183744","111715"
"2012-05-12","Chestnut","223428","140776","82652"
"2012-05-13","Chestnut","294144","197482","96662"
"2012-05-14","Chestnut","225441","139013","86428"
"2012-05-15","Chestnut","239091","153117","85974"
"2012-05-16","Chestnut","281324","175062","106262"
"2012-05-17","Chestnut","284092","172234","111858"
"2012-05-18","Chestnut","276686","179390","97296"
"2012-05-19","Chestnut","271579","164717","106862"
"2012-05-20","Chestnut","262023","165127","96896"
"2012-05-21","Chestnut","246068","152010","94058"
"2012-05-22","Chestnut","254687","162453","92234"
"2012-05-23","Chestnut","261874","156669","105205"
"2012-05-24","Chestnut","279368","175686","103682"
"2012-05-25","Chestnut","287753","187731","100022"
"2012-05-26","Chestnut","294722","193732","100990"
"2012-05-27","Chestnut","247630","152762","94868"
"2012-05-28","Chestnut","260520","163400","97120"
"2012-05-29","Chestnut","264192","167795","96397"
"2012-05-30","Chestnut","312961","200263","112698"
"2012-05-31","Chestnut","189262","117640","71622"
"2012-06-01","Chestnut","67531","42977","24554"
"2012-06-02","Chestnut","94951","58516","36435"
"2012-06-03","Chestnut","108251","75490","32761"
"2012-06-04","Chestnut","140738","82750","57988"
"2012-06-05","Chestnut","117400","75136","42264"
"2012-06-06","Chestnut","93979","54258","39721"
"2012-06-07","Chestnut","114222","68878","45344"
"2012-06-08","Chestnut","142780","92100","50680"
"2012-06-09","Chestnut","136819","82316","54503"
"2012-06-10","Chestnut","164006","106489","57517"
"2012-06-11","Chestnut","76807","49314","27493"
"2012-06-12","Chestnut","129121","75358","53763"
"2012-06-13","Chestnut","103114","61396","41718"
"2012-06-14","Chestnut","130651","82331","48320"
"2012-06-15","Chestnut","131848","87588","44260"
"2012-06-16","Chestnut","104419","65782","38637"
"2012-06-17","Chestnut","91234","56014","35220"
"2012-06-18","Chestnut","120692","80122","40570"
"2012-06-19","Chestnut","75120","46281","28839"
"2012-06-20","Chestnut","115698","68713","46985"
"2012-06-21","Chestnut","89156","57031","32125"
"2012-06-22","Chestnut","114201","66788","47413"
"2012-06-23","Chestnut","122354","78451","43903"
"2012-06-24","Chestnut","123388","73337","50051"
"2012-06-25","Chestnut","115910","61358","54552"
"2012-06-26","Chestnut","131518","77806","53712"
"2012-06-27","Chestnut","132308","82520","49788"
"2012-06-28","Chestnut","115275","69581","45694"
"2012-06-29","Chestnut","122472","76825","45647"
"2012-06-30","Chestnut","103598","65370","38228"
"2012-07-01","Chestnut","94970","58301","36669"
"2012-07-02","Chestnut","132163","79262","52901"
"2012-07-03","Chestnut","94296","55566","38730"
"2012-07-04","Chestnut","145024","88976","56048"
"2012-07-05","Chestnut","129239","79459","49780"
"2012-07-06","Chestnut","130386","78101","52285"
"2012-07-07","Chestnut","148316","99767","48549"
"2012-07-08","Chestnut","109822","60504","49318"
"2012-07-09","Chestnut","162084","106255","55829"
"2012-07-10","Chestnut","129654","84832","44822"
"2012-07-11","Chestnut","100682","64380","36302"
"2012-07-12","Chestnut","135338","87751","47587"
"2012-07-13","Chestnut","113959","71679","42280"
"2012-07-14","Chestnut","124293","85481","38812"
"2012-07-15","Chestnut","162015","101301","60714"
"2012-07-16","Chestnut","131828","83565","48263"
"2012-07-17","Chestnut","125304","72681","52623"
"2012-07-18","Chestnut","131509","84156","47353"
"2012-07-19","Chestnut","149538","100787","48751"
"2012-07-20","Chestnut","122592","78329","44263"
"2012-07-21","Chestnut","131868","82301","49567"
"2012-07-22","Chestnut","128255","86386","41869"
"2012-07-23","Chestnut","110663","66995","43668"
"2012-07-24","Chestnut","106831","63400","43431"
"2012-07-25","Chestnut","102965","63362","39603"
"2012-07-26","Chestnut","107581","65441","42140"
"2012-07-27","Chestnut","170686","109312","61374"
"2012-07-28","Chestnut","142807","92297","50510"
"2012-07-29","Chestnut","143950","98748","45202"
"2012-07-30","Chestnut","115556","65042","50514"
"2012-07-31","Chestnut","125201","79527","45674"
"2012-08-01","Chestnut","165096","110793","54303"
"2012-08-02","Chestnut","139854","88877","50977"
"2012-08-03","Chestnut","138536","93500","45036"
"2012-08-04","Chestnut","175472","109578","65894"
"2012-08-05","Chestnut","96864","61876","34988"
"2012-08-06","Chestnut","101908","65817","36091"
"2012-08-07","Chestnut","134722","84990","49732"
"2012-08-08","Chestnut","117507","78117","39390"
"2012-08-09","Chestnut","138261","87317","50944"
"2012-08-10","Chestnut","112448","70019","42429"
"2012-08-11","Chestnut","143986","92975","51011"
"2012-08-12","Chestnut","113701","70836","42865"
"2012-08-13","Chestnut","106356","66212","40144"
"2012-08-14","Chestnut","142775","95180","47595"
"2012-08-15","Chestnut","91527","61479","30048"
"2012-08-16","Chestnut","111829","76546","35283"
"2012-08-17","Chestnut","80388","54549","25839"
"2012-08-18","Chestnut","131187","78237","52950"
"2012-08-19","Chestnut","123833","79751","44082"
"2012-08-20","Chestnut","115512","66427","49085"
"2012-08-21","Chestnut","155987","101334","54653"
"2012-08-22","Chestnut","155775","99114","56661"
"2012-08-23","Chestnut","110996","62904","48092"
"2012-08-24","Chestnut","119648","74388","45260"
"2012-08-25","Chestnut","121903","76128","45775"
"2012-08-26","Chestnut","110710","64215","46495"
"2012-08-27","Chestnut","124522","79123","45399"
"2012-08-28","Chestnut","102876","60891","41985"
"2012-08-29","Chestnut","115422","70937","44485"
"2012-08-30","Chestnut","93001","53987","39014"
"2012-08-31","Chestnut","168127","103549","64578"
"2012-09-01","Chestnut","127069","73089","53980"
"2012-09-02","Chestnut","118953","78707","40246"
"2012-09-03","Chestnut","153142","92126","61016"
"2012-09-04","Chestnut","105576","66303","39273"
"2012-09-05","Chestnut","171980","110246","61734"
"2012-09-06","Chestnut","96427","65866","30561"
"2012-09-07","Chestnut","207217","135200","72017"
"2012-09-08","Chestnut","111242","72445","38797"
"2012-09-09","Chestnut","140630","88144","52486"
"2012-09-10","Chestnut","121131","81718","39413"
"2012-09-11","Chestnut","129690","76960","52730"
"2012-09-12","Chestnut","106515","64978","41537"
"2012-09-13","Chestnut","123171","75906","47265"
"2012-09-14","Chestnut","113155","69979","43176"
"2012-09-15","Chestnut","138851","85796","53055"
"2012-09-16","Chestnut","149796","94853","54943"
"2012-09-17","Chestnut","124152","81348","42804"
"2012-09-18","Chestnut","90043","46666","43377"
"2012-09-19","Chestnut","133656","82595","51061"
"2012-09-20","Chestnut","134646","85307","49339"
"2012-09-21","Chestnut","142361","88243","54118"
"2012-09-22","Chestnut","203735","125093","78642"
"2012-09-23","Chestnut","146121","94826","51295"
"2012-09-24","Chestnut","105381","63833","41548"
"2012-09-25","Chestnut","122318","79259","43059"
"2012-09-26","Chestnut","137560","91257","46303"
"2012-09-27","Chestnut","89493","56059","33434"
"2012-09-28","Chestnut","140367","86485","53882"
"2012-09-29","Chestnut","154271","92371","61900"
"2012-09-30","Chestnut","143068","84164","58904"
"2012-10-01","Chestnut","113178","70243","42935"
"2012-10-02","Chestnut","162249","101781","60468"
"2012-10-03","Chestnut","157520","101997","55523"
"2012-10-04","Chestnut","106793","67647","39146"
"2012-10-05","Chestnut","153366","90336","63030"
"2012-10-06","Chestnut","141273","88862","52411"
"2012-10-07","Chestnut","149712","97621","52091"
"2012-10-08","Chestnut","123809","84350","39459"
"2012-10-09","Chestnut","138316","86945","51371"
"2012-10-10","Chestnut","141886","97593","44293"
"2012-10-11","Chestnut","120877","72891","47986"
"2012-10-12","Chestnut","108167","62712","45455"
"2012-10-13","Chestnut","151865","94046","57819"
"2012-10-14","Chestnut","140666","85689","54977"
"2012-10-15","Chestnut","118114","75936","42178"
"2012-10-16","Chestnut","133395","83651","49744"
"2012-10-17","Chestnut","150943","92210","58733"
"2012-10-18","Chestnut","115639","64912","50727"
"2012-10-19","Chestnut","132252","82665","49587"
"2012-10-20","Chestnut","123281","76743","46538"
"2012-10-21","Chestnut","143820","92351","51469"
"2012-10-22","Chestnut","155720","96776","58944"
"2012-10-23","Chestnut","104045","64639","39406"
"2012-10-24","Chestnut","116291","75594","40697"
"2012-10-25","Chestnut","139258","81389","57869"
"2012-10-26","Chestnut","132899","81424","51475"
"2012-10-27","Chestnut","150849","93933","56916"
"2012-10-28","Chestnut","124163","71527","52636"
"2012-10-29","Chestnut","140956","88511","52445"
"2012-10-30","Chestnut","135097","86174","48923"
"2012-10-31","Chestnut","148409","88111","60298"
"2012-11-01","Chestnut","144747","97937","46810"
"2012-11-02","Chestnut","148910","98150","50760"
"2012-11-03","Chestnut","135600","83074","52526"
"2012-11-04","Chestnut","130184","84018","46166"
"2012-11-05","Chestnut","112008","69445","42563"
"2012-11-06","Chestnut","77946","48282","29664"
"2012-11-07","Chestnut","144570","86996","57574"
"2012-11-08","Chestnut","154124","102407","51717"
"2012-11-09","Chestnut","136944","79820","57124"
"2012-11-10","Chestnut","188753","114061","74692"
"2012-11-11","Chestnut","165079","110126","54953"
"2012-11-12","Chestnut","164355","102225","62130"
"2012-11-13","Chestnut","131710","81632","50078"
"2012-11-14","Chestnut","132897","86014","46883"
"2012-11-15","Chestnut","148922","96311","52611"
"2012-11-16","Chestnut","149771","85599","64172"
"2012-11-17","Chestnut","173032","112254","60778"
"2012-11-18","Chestnut","120895","69810","51085"
"2012-11-19","Chestnut","156444","97601","58843"
"2012-11-20","Chestnut","136309","83777","52532"
"2012-11-21","Chestnut","144993","85557","59436"
"2012-11-22","Chestnut","112158","71756","40402"
"2012-11-23","Chestnut","137991","83199","54792"
"2012-11-24","Chestnut","153772","99971","53801"
"2012-11-25","Chestnut","151730","90321","61409"
"2012-11-26","Chestnut","137859","86073","51786"
"2012-11-27","Chestnut","136026","96572","39454"
"2012-11-28","Chestnut","112735","69546","43189"
"2012-11-29","Chestnut","188382","128832","59550"
"2012-11-30","Chestnut","157298","99241","58057"
"2012-12-01","Chestnut","130915","81099","49816"
"2012-12-02","Chestnut","133898","81761","52137"
"2012-12-03","Chestnut","189095","120958","68137"
"2012-12-04","Chestnut","109366","73216","36150"
"2012-12-05","Chestnut","164520","98796","65724"
"2012-12-06","Chestnut","174539","103964","70575"
"2012-12-07","Chestnut","143262","92131","51131"
"2012-12-08","Chestnut","130643","83976","46667"
"2012-12-09","Chestnut","139157","83450","55707"
"2012-12-10","Chestnut","153160","95570","57590"
"2012-12-11","Chestnut","153625","101499","52126"
"2012-12-12","Chestnut","157724","105853","51871"
"2012-12-13","Chestnut","154434","95306","59128"
"2012-12-14","Chestnut","167264","102246","65018"
"2012-12-15","Chestnut","133224","75755","57469"
"2012-12-16","Chestnut","110951","62639","48312"
"2012-12-17","Chestnut","124340","76351","47989"
"2012-12-18","Chestnut","126113","83198","42915"
"2012-12-19","Chestnut","134727","85458","49269"
"2012-12-20","Chestnut","119888","73647","46241"
"2012-12-21","Chestnut","140506","90623","49883"
"2012-12-22","Chestnut","136134","82010","54124"
"2012-12-23","Chestnut","131681","81879","49802"
"2012-12-24","Chestnut","120742","79660","41082"
"2012-12-25","Chestnut","158261","103966","54295"
"2012-12-26","Chestnut","143278","86263","57015"
"2012-12-27","Chestnut","153475","98124","55351"
"2012-12-28","Chestnut","129586","83832","45754"
"2012-12-29","Chestnut","130809","81696","49113"
"2012-12-30","Chestnut","124828","75211","49617"
"2012-12-31","Chestnut","136326","86719","49607"
"2013-01-01","Chestnut","62707","37502","25205"
"2013-01-02","Chestnut","397340","235543","161797"
"2013-01-03","Chestnut","383376","232536","150840"
"2013-01-04","Chestnut","367590","228370","139220"
"2013-01-05","Chestnut","416534","272223","144311"
"2013-01-06","Chestnut","395902","244186","151716"
"2013-01-07","Chestnut","466154","305526","160628"
"2013-01-08","Chestnut","484688","317015","167673"
"2013-01-09","Chestnut","409173","245549","163624"
"2013-01-10","Chestnut","419656","254749","164907"
"2013-01-11","Chestnut","362581","223629","138952"
"2013-01-12","Chestnut","399241","241204","158037"
"2013-01-13","Chestnut","458159","289646","168513"
"2013-01-14","Chestnut","469708","297806","171902"
"2013-01-15","Chestnut","406123","255140","150983"
"2013-01-16","Chestnut","437806","265543","172263"
"2013-01-17","Chestnut","421629","264700","156929"
"2013-01-18","Chestnut","489632","300317","189315"
"2013-01-19","Chestnut","416164","254424","161740"
"2013-01-20","Chestnut","414819","250680","164139"
"2013-01-21","Chestnut","400622","247566","153056"
"2013-01-22","Chestnut","375327","236053","139274"
"2013-01-23","Chestnut","405902","252665","153237"
"2013-01-24","Chestnut","378673","234739","143934"
"2013-01-25","Chestnut","437383","267448","169935"
"2013-01-26","Chestnut","444392","279031","165361"
"2013-01-27","Chestnut","424458","252578","171880"
"2013-01-28","Chestnut","413082","247446","165636"
"2013-01-29","Chestnut","422795","279210","143585"
"2013-01-30","Chestnut","407632","258072","149560"
"2013-01-31","Chestnut","388254","242247","146007"
"2013-02-01","Chestnut","472221","288896","183325"
"2013-02-02","Chestnut","408522","243896","164626"
"2013-02-03","Chestnut","491286","295310","195976"
"2013-02-04","Chestnut","434609","267220","167389"
"2013-02-05","Chestnut","465746","283591","182155"
"2013-02-06","Chestnut","492354","306335","186019"
"2013-02-07","Chestnut","453159","277240","175919"
"2013-02-08","Chestnut","462893","298027","164866"
"2013-02-09","Chestnut","544114","349470","194644"
"2013-02-10","Chestnut","470124","298702","171422"
"2013-02-11","Chestnut","413454","252667","160787"
"2013-02-12","Chestnut","439185","271115","168070"
"2013-02-13","Chestnut","457675","279523","178152"
"2013-02-14","Chestnut","543559","347187","196372"
"2013-02-15","Chestnut","473420","298185","175235"
"2013-02-16","Chestnut","450080","263219","186861"
"2013-02-17","Chestnut","507344","316789","190555"
"2013-02-18","Chestnut","478069","290095","187974"
"2013-02-19","Chestnut","446684","271510","175174"
"2013-02-20","Chestnut","458532","277037","181495"
"2013-02-21","Chestnut","526621","328758","197863"
"2013-02-22","Chestnut","482940","308478","174462"
"2013-02-23","Chestnut","466941","290451","176490"
"2013-02-24","Chestnut","445426","275963","169463"
"2013-02-25","Chestnut","425966","249102","176864"
"2013-02-26","Chestnut","454161","283775","170386"
"2013-02-27","Chestnut","446886","273177","173709"
"2013-02-28","Chestnut","448613","266083","182530"
"2013-03-01","Chestnut","193567","115246","78321"
"2013-03-02","Chestnut","196290","113736","82554"
"2013-03-03","Chestnut","506829","334907","171922"
"2013-03-04","Chestnut","513949","323970","189979"
"2013-03-05","Chestnut","440213","273315","166898"
"2013-03-06","Chestnut","479061","290462","188599"
"2013-03-07","Chestnut","482547","286530","196017"
"2013-03-08","Chestnut","477244","295730","181514"
"2013-03-09","Chestnut","447552","276886","170666"
"2013-03-10","Chestnut","405252","256607","148645"
"2013-03-11","Chestnut","428866","260487","168379"
"2013-03-12","Chestnut","540397","346034","194363"
"2013-03-13","Chestnut","515654","311759","203895"
"2013-03-14","Chestnut","502994","311131","191863"
"2013-03-15","Chestnut","436135","270488","165647"
"2013-03-16","Chestnut","464738","298270","166468"
"2013-03-17","Chestnut","375123","229884","145239"
"2013-03-18","Chestnut","437660","263931","173729"
"2013-03-19","Chestnut","534942","339951","194991"
"2013-03-20","Chestnut","467857","290165","177692"
"2013-03-21","Chestnut","454999","282534","172465"
"2013-03-22","Chestnut","488480","298520","189960"
"2013-03-23","Chestnut","487886","298314","189572"
"2013-03-24","Chestnut","512222","310901","201321"
"2013-03-25","Chestnut","509728","324314","185414"
"2013-03-26","Chestnut","481157","303317","177840"
"2013-03-27","Chestnut","496882","295926","200956"
"2013-03-28","Chestnut","410757","253260","157497"
"2013-03-29","Chestnut","484956","309668","175288"
"2013-03-30","Chestnut","500795","313529","187266"
"2013-03-31","Chestnut","482420","301498","180922"
"2013-04-01","Chestnut","512570","294103","218467"
"2013-04-02","Chestnut","529758","324854","204904"
"2013-04-03","Chestnut","522234","321462","200772"
"2013-04-04","Chestnut","498157","294890","203267"
"2013-04-05","Chestnut","500663","308377","192286"
"2013-04-06","Chestnut","543443","338040","205403"
"2013-04-07","Chestnut","463223","281984","181239"
"2013-04-08","Chestnut","513519","318903","194616"
"2013-04-09","Chestnut","428569","254092","174477"
"2013-04-10","Chestnut","504328","307380","196948"
"2013-04-11","Chestnut","471980","291816","180164"
"2013-04-12","Chestnut","450973","269856","181117"
"2013-04-13","Chestnut","494446","300647","193799"
"2013-04-14","Chestnut","510545","320771","189774"
"2013-04-15","Chestnut","489943","293667","196276"
"2013-04-16","Chestnut","471118","287301","183817"
"2013-04-17","Chestnut","556830","338140","218690"
"2013-04-18","Chestnut","494890","308678","186212"
"2013-04-19","Chestnut","460565","292824","167741"
"2013-04-20","Chestnut","488772","291837","196935"
"2013-04-21","Chestnut","480617","293489","187128"
"2013-04-22","Chestnut","527397","327013","200384"
"2013-04-23","Chestnut","464573","280726","183847"
"2013-04-24","Chestnut","496426","303137","193289"
"2013-04-25","Chestnut","465592","293064","172528"
"2013-04-26","Chestnut","497635","309833","187802"
"2013-04-27","Chestnut","492111","292469","199642"
"2013-04-28","Chestnut","505072","318603","186469"
"2013-04-29","Chestnut","496339","315427","180912"
"2013-04-30","Chestnut","564810","357472","207338"
"2013-05-01","Chestnut","215395","122501","92894"
"2013-05-02","Chestnut","584658","348188","236470"
"2013-05-03","Chestnut","591434","359833","231601"
"2013-05-04","Chestnut","573225","348611","224614"
"2013-05-05","Chestnut","586355","339938","246417"
"2013-05-06","Chestnut","628082","389178","238904"
"2013-05-07","Chestnut","535705","305562","230143"
"2013-05-08","Chestnut","591807","344598","247209"
"2013-05-09","Chestnut","589248","349000","240248"
"2013-05-10","Chestnut","645224","383254","261970"
"2013-05-11","Chestnut","549436","336114","213322"
"2013-05-12","Chestnut","574628","353491","221137"
"2013-05-13","Chestnut","564102","334402","229700"
"2013-05-14","Chestnut","511091","305638","205453"
"2013-05-15","Chestnut","602929","351969","250960"
"2013-05-16","Chestnut","567521","320934","246587"
"2013-05-17","Chestnut","739772","449705","290067"
"2013-05-18","Chestnut","560912","328982","231930"
"2013-05-19","Chestnut","561343","338201","223142"
"2013-05-20","Chestnut","543511","318310","225201"
"2013-05-21","Chestnut","602535","344668","257867"
"2013-05-22","Chestnut","600185","353752","246433"
"2013-05-23","Chestnut","550370","330822","219548"
"2013-05-24","Chestnut","589213","343493","245720"
"2013-05-25","Chestnut","614832","371394","243438"
"2013-05-26","Chestnut","667854","421362","246492"
"2013-05-27","Chestnut","536613","323631","212982"
"2013-05-28","Chestnut","563796","333653","230143"
"2013-05-29","Chestnut","557869","332779","225090"
"2013-05-30","Chestnut","630167","372401","257766"
"2013-05-31","Chestnut","442435","264601","177834"
"2008-06-01","DevNull","36060","30278","5782"
"2008-06-02","DevNull","110466","98106","12360"
"2008-06-03","DevNull","61860","47680","14180"
"2008-06-04","DevNull","102006","89300","12706"
"2008-06-05","DevNull","69176","54767","14409"
"2008-06-06","DevNull","35931","27137","8794"
"2008-06-07","DevNull","187516","159600","27916"
"2008-06-08","DevNull","68778","59875","8903"
"2008-06-09","DevNull","61103","51781","9322"
"2008-06-10","DevNull","91532","77479","14053"
"2008-06-11","DevNull","28129","18687","9442"
"2008-06-12","DevNull","11930","7919","4011"
"2008-06-13","DevNull","123214","106732","16482"
"2008-06-14","DevNull","57237","47124","10113"
"2008-06-15","DevNull","15174","11291","3883"
"2008-06-16","DevNull","18890","16038","2852"
"2008-06-17","DevNull","111927","99174","12753"
"2008-06-18","DevNull","68816","56868","11948"
"2008-06-19","DevNull","73743","61792","11951"
"2008-06-20","DevNull","38078","33090","4988"
"2008-06-21","DevNull","137418","119039","18379"
"2008-06-22","DevNull","36708","29396","7312"
"2008-06-23","DevNull","41250","37682","3568"
"2008-06-24","DevNull","35533","31900","3633"
"2008-06-25","DevNull","31521","23940","7581"
"2008-06-26","DevNull","34030","30006","4024"
"2008-06-27","DevNull","73958","61608","12350"
"2008-06-28","DevNull","73458","65996","7462"
"2008-06-29","DevNull","129848","106777","23071"
"2008-06-30","DevNull","50292","47568","2724"
"2008-07-01","DevNull","49516","41678","7838"
"2008-07-02","DevNull","29250","23217","6033"
"2008-07-03","DevNull","58845","49410","9435"
"2008-07-04","DevNull","54996","45972","9024"
"2008-07-05","DevNull","37847","29856","7991"
"2008-07-06","DevNull","50377","44037","6340"
"2008-07-07","DevNull","53439","45633","7806"
"2008-07-08","DevNull","83068","67236","15832"
"2008-07-09","DevNull","38758","29011","9747"
"2008-07-10","DevNull","218678","187652","31026"
"2008-07-11","DevNull","26869","23037","3832"
"2008-07-12","DevNull","22869","17232","5637"
"2008-07-13","DevNull","85187","71508","13679"
"2008-07-14","DevNull","27433","24235","3198"
"2008-07-15","DevNull","66772","54815","11957"
"2008-07-16","DevNull","34843","26324","8519"
"2008-07-17","DevNull","67786","54542","13244"
"2008-07-18","DevNull","94698","79028","15670"
"2008-07-19","DevNull","145845","124913","20932"
"2008-07-20","DevNull","40677","37132","3545"
"2008-07-21","DevNull","13071","11235","1836"
"2008-07-22","DevNull","66281","53000","13281"
"2008-07-23","DevNull","184550","159167","25383"
"2008-07-24","DevNull","26350","22716","3634"
"2008-07-25","DevNull","27466","17933","9533"
"2008-07-26","DevNull","74029","59206","14823"
"2008-07-27","DevNull","35540","27461","8079"
"2008-07-28","DevNull","46976","38411","8565"
"2008-07-29","DevNull","29467","21596","7871"
"2008-07-30","DevNull","47103","40036","7067"
"2008-07-31","DevNull","43584","38748","4836"
"2008-08-01","DevNull","17437","12378","5059"
"2008-08-02","DevNull","29981","24867","5114"
"2008-08-03","DevNull","59096","50975","8121"
"2008-08-04","DevNull","53345","47460","5885"
"2008-08-05","DevNull","28717","20698","8019"
"2008-08-06","DevNull","60098","51717","8381"
"2008-08-07","DevNull","35345","26087","9258"
"2008-08-08","DevNull","124294","107748","16546"
"2008-08-09","DevNull","24036","16933","7103"
"2008-08-10","DevNull","29151","22728","6423"
"2008-08-11","DevNull","40596","31771","8825"
"2008-08-12","DevNull","16775","12216","4559"
"2008-08-13","DevNull","98434","78142","20292"
"2008-08-14","DevNull","63824","52926","10898"
"2008-08-15","DevNull","44463","39709","4754"
"2008-08-16","DevNull","60471","50636","9835"
"2008-08-17","DevNull","72895","68894","4001"
"2008-08-18","DevNull","21289","16108","5181"
"2008-08-19","DevNull","55395","45073","10322"
"2008-08-20","DevNull","87536","76665","10871"
"2008-08-21","DevNull","99465","82122","17343"
"2008-08-22","DevNull","21148","18315","2833"
"2008-08-23","DevNull","98455","82417","16038"
"2008-08-24","DevNull","26410","20903","5507"
"2008-08-25","DevNull","132862","117070","15792"
"2008-08-26","DevNull","55819","50365","5454"
"2008-08-27","DevNull","132551","114367","18184"
"2008-08-28","DevNull","95840","78231","17609"
"2008-08-29","DevNull","54999","49936","5063"
"2008-08-30","DevNull","9823","6085","3738"
"2008-08-31","DevNull","18230","15631","2599"
"2008-09-01","DevNull","35050","29485","5565"
"2008-09-02","DevNull","133028","120450","12578"
"2008-09-03","DevNull","142725","117237","25488"
"2008-09-04","DevNull","26641","20008","6633"
"2008-09-05","DevNull","30940","26525","4415"
"2008-09-06","DevNull","64958","56993","7965"
"2008-09-07","DevNull","10793","9540","1253"
"2008-09-08","DevNull","66016","50588","15428"
"2008-09-09","DevNull","15538","12455","3083"
"2008-09-10","DevNull","52688","49079","3609"
"2008-09-11","DevNull","23369","19694","3675"
"2008-09-12","DevNull","28883","24514","4369"
"2008-09-13","DevNull","7033","3757","3276"
"2008-09-14","DevNull","54289","48980","5309"
"2008-09-15","DevNull","17152","14393","2759"
"2008-09-16","DevNull","45782","35067","10715"
"2008-09-17","DevNull","44039","33276","10763"
"2008-09-18","DevNull","66776","54852","11924"
"2008-09-19","DevNull","75789","64673","11116"
"2008-09-20","DevNull","113624","97661","15963"
"2008-09-21","DevNull","19789","12625","7164"
"2008-09-22","DevNull","36570","32842","3728"
"2008-09-23","DevNull","74690","63137","11553"
"2008-09-24","DevNull","59918","54929","4989"
"2008-09-25","DevNull","86609","73852","12757"
"2008-09-26","DevNull","39466","32120","7346"
"2008-09-27","DevNull","97946","83470","14476"
"2008-09-28","DevNull","32980","28027","4953"
"2008-09-29","DevNull","51441","43085","8356"
"2008-09-30","DevNull","213623","186171","27452"
"2008-10-01","DevNull","13390","10002","3388"
"2008-10-02","DevNull","65062","55589","9473"
"2008-10-03","DevNull","107185","88377","18808"
"2008-10-04","DevNull","101817","87091","14726"
"2008-10-05","DevNull","100365","83224","17141"
"2008-10-06","DevNull","36714","24634","12080"
"2008-10-07","DevNull","43458","38548","4910"
"2008-10-08","DevNull","88677","77077","11600"
"2008-10-09","DevNull","12441","8442","3999"
"2008-10-10","DevNull","13435","10827","2608"
"2008-10-11","DevNull","64871","57162","7709"
"2008-10-12","DevNull","62016","52194","9822"
"2008-10-13","DevNull","68952","59253","9699"
"2008-10-14","DevNull","36125","30283","5842"
"2008-10-15","DevNull","72916","62046","10870"
"2008-10-16","DevNull","28163","24972","3191"
"2008-10-17","DevNull","32273","25626","6647"
"2008-10-18","DevNull","17586","12885","4701"
"2008-10-19","DevNull","31310","25310","6000"
"2008-10-20","DevNull","6637","4984","1653"
"2008-10-21","DevNull","82969","67227","15742"
"2008-10-22","DevNull","24931","19894","5037"
"2008-10-23","DevNull","59023","49880","9143"
"2008-10-24","DevNull","128346","108438","19908"
"2008-10-25","DevNull","66619","56170","10449"
"2008-10-26","DevNull","16908","12684","4224"
"2008-10-27","DevNull","54537","45777","8760"
"2008-10-28","DevNull","50677","42317","8360"
"2008-10-29","DevNull","78964","71112","7852"
"2008-10-30","DevNull","30590","26375","4215"
"2008-10-31","DevNull","44674","38858","5816"
"2008-11-01","DevNull","43314","32494","10820"
"2008-11-02","DevNull","79971","69260","10711"
"2008-11-03","DevNull","20729","16906","3823"
"2008-11-04","DevNull","89559","77948","11611"
"2008-11-05","DevNull","66212","57127","9085"
"2008-11-06","DevNull","26869","22890","3979"
"2008-11-07","DevNull","87097","74488","12609"
"2008-11-08","DevNull","44978","37430","7548"
"2008-11-09","DevNull","43406","32725","10681"
"2008-11-10","DevNull","41499","39004","2495"
"2008-11-11","DevNull","48360","42297","6063"
"2008-11-12","DevNull","42741","38254","4487"
"2008-11-13","DevNull","79506","66037","13469"
"2008-11-14","DevNull","185668","160075","25593"
"2008-11-15","DevNull","58458","50935","7523"
"2008-11-16","DevNull","51658","41546","10112"
"2008-11-17","DevNull","18839","16212","2627"
"2008-11-18","DevNull","33470","29616","3854"
"2008-11-19","DevNull","21933","18291","3642"
"2008-11-20","DevNull","24602","18016","6586"
"2008-11-21","DevNull","23642","20614","3028"
"2008-11-22","DevNull","95463","82310","13153"
"2008-11-23","DevNull","49944","44073","5871"
"2008-11-24","DevNull","21508","15715","5793"
"2008-11-25","DevNull","5304","5024","280"
"2008-11-26","DevNull","50884","41845","9039"
"2008-11-27","DevNull","29840","27523","2317"
"2008-11-28","DevNull","100786","85827","14959"
"2008-11-29","DevNull","84006","75848","8158"
"2008-11-30","DevNull","36239","26774","9465"
"2008-12-01","DevNull","79179","69414","9765"
"2008-12-02","DevNull","82549","67162","15387"
"2008-12-03","DevNull","30593","26781","3812"
"2008-12-04","DevNull","15938","11885","4053"
"2008-12-05","DevNull","75500","65992","9508"
"2008-12-06","DevNull","113031","95757","17274"
"2008-12-07","DevNull","24530","18463","6067"
"2008-12-08","DevNull","43635","31942","11693"
"2008-12-09","DevNull","56385","43625","12760"
"2008-12-10","DevNull","141756","121824","19932"
"2008-12-11","DevNull","117869","100693","17176"
"2008-12-12","DevNull","54775","45723","9052"
"2008-12-13","DevNull","69979","62302","7677"
"2008-12-14","DevNull","97585","81007","16578"
"2008-12-15","DevNull","34079","28987","5092"
"2008-12-16","DevNull","21204","17910","3294"
"2008-12-17","DevNull","31120","23902","7218"
"2008-12-18","DevNull","69233","59787","9446"
"2008-12-19","DevNull","67090","57150","9940"
"2008-12-20","DevNull","30818","25273","5545"
"2008-12-21","DevNull","86349","70122","16227"
"2008-12-22","DevNull","57491","44982","12509"
"2008-12-23","DevNull","84106","73701","10405"
"2008-12-24","DevNull","82688","71432","11256"
"2008-12-25","DevNull","108801","88548","20253"
"2008-12-26","DevNull","19248","12827","6421"
"2008-12-27","DevNull","20971","16350","4621"
"2008-12-28","DevNull","58586","50240","8346"
"2008-12-29","DevNull","40131","30587","9544"
"2008-12-30","DevNull","41587","37535","4052"
"2008-12-31","DevNull","51986","45563","6423"
"2009-01-01","DevNull","160918","135647","25271"
"2009-01-02","DevNull","47497","35630","11867"
"2009-01-03","DevNull","91412","78796","12616"
"2009-01-04","DevNull","119389","96635","22754"
"2009-01-05","DevNull","177702","158068","19634"
"2009-01-06","DevNull","72851","54002","18849"
"2009-01-07","DevNull","78071","60947","17124"
"2009-01-08","DevNull","45869","36899","8970"
"2009-01-09","DevNull","153743","127337","26406"
"2009-01-10","DevNull","185470","157987","27483"
"2009-01-11","DevNull","128360","110214","18146"
"2009-01-12","DevNull","120696","107988","12708"
"2009-01-13","DevNull","155072","136133","18939"
"2009-01-14","DevNull","135145","118208","16937"
"2009-01-15","DevNull","74884","64425","10459"
"2009-01-16","DevNull","102032","87852","14180"
"2009-01-17","DevNull","96533","80182","16351"
"2009-01-18","DevNull","79381","68964","10417"
"2009-01-19","DevNull","80310","67371","12939"
"2009-01-20","DevNull","86246","72903","13343"
"2009-01-21","DevNull","71191","57254","13937"
"2009-01-22","DevNull","158641","137281","21360"
"2009-01-23","DevNull","156436","137647","18789"
"2009-01-24","DevNull","180794","155185","25609"
"2009-01-25","DevNull","113001","97649","15352"
"2009-01-26","DevNull","114460","95994","18466"
"2009-01-27","DevNull","72639","63020","9619"
"2009-01-28","DevNull","184726","159652","25074"
"2009-01-29","DevNull","64492","49385","15107"
"2009-01-30","DevNull","87235","70110","17125"
"2009-01-31","DevNull","120214","100908","19306"
"2009-02-01","DevNull","145084","134104","10980"
"2009-02-02","DevNull","39476","28209","11267"
"2009-02-03","DevNull","39940","31170","8770"
"2009-02-04","DevNull","140397","114411","25986"
"2009-02-05","DevNull","61361","52936","8425"
"2009-02-06","DevNull","155584","131093","24491"
"2009-02-07","DevNull","104865","88716","16149"
"2009-02-08","DevNull","135034","118593","16441"
"2009-02-09","DevNull","128908","107469","21439"
"2009-02-10","DevNull","104871","90716","14155"
"2009-02-11","DevNull","209958","183511","26447"
"2009-02-12","DevNull","118170","100789","17381"
"2009-02-13","DevNull","126871","106323","20548"
"2009-02-14","DevNull","121103","102201","18902"
"2009-02-15","DevNull","108360","94431","13929"
"2009-02-16","DevNull","73998","58855","15143"
"2009-02-17","DevNull","76880","63499","13381"
"2009-02-18","DevNull","150374","126864","23510"
"2009-02-19","DevNull","54192","41732","12460"
"2009-02-20","DevNull","58080","46742","11338"
"2009-02-21","DevNull","183561","156750","26811"
"2009-02-22","DevNull","79680","60311","19369"
"2009-02-23","DevNull","95330","79530","15800"
"2009-02-24","DevNull","52679","42593","10086"
"2009-02-25","DevNull","136818","120713","16105"
"2009-02-26","DevNull","116102","98786","17316"
"2009-02-27","DevNull","52882","35791","17091"
"2009-02-28","DevNull","132613","117384","15229"
"2009-03-01","DevNull","59584","47806","11778"
"2009-03-02","DevNull","116875","99850","17025"
"2009-03-03","DevNull","73816","62483","11333"
"2009-03-04","DevNull","111137","97570","13567"
"2009-03-05","DevNull","84486","65981","18505"
"2009-03-06","DevNull","39935","36080","3855"
"2009-03-07","DevNull","45301","35286","10015"
"2009-03-08","DevNull","83880","65505","18375"
"2009-03-09","DevNull","188064","154093","33971"
"2009-03-10","DevNull","66330","55329","11001"
"2009-03-11","DevNull","135945","121563","14382"
"2009-03-12","DevNull","131619","111444","20175"
"2009-03-13","DevNull","37957","25493","12464"
"2009-03-14","DevNull","92971","76801","16170"
"2009-03-15","DevNull","67552","56470","11082"
"2009-03-16","DevNull","209836","174866","34970"
"2009-03-17","DevNull","117437","96862","20575"
"2009-03-18","DevNull","72558","60185","12373"
"2009-03-19","DevNull","47724","37738","9986"
"2009-03-20","DevNull","151579","126677","24902"
"2009-03-21","DevNull","178178","160292","17886"
"2009-03-22","DevNull","76666","61516","15150"
"2009-03-23","DevNull","70184","64739","5445"
"2009-03-24","DevNull","114434","103567","10867"
"2009-03-25","DevNull","50259","38976","11283"
"2009-03-26","DevNull","115889","97333","18556"
"2009-03-27","DevNull","134501","124171","10330"
"2009-03-28","DevNull","86239","68709","17530"
"2009-03-29","DevNull","89251","78126","11125"
"2009-03-30","DevNull","35243","27687","7556"
"2009-03-31","DevNull","153804","127470","26334"
"2009-04-01","DevNull","96500","89276","7224"
"2009-04-02","DevNull","49584","41498","8086"
"2009-04-03","DevNull","148383","117111","31272"
"2009-04-04","DevNull","254708","225100","29608"
"2009-04-05","DevNull","133815","111951","21864"
"2009-04-06","DevNull","55365","44410","10955"
"2009-04-07","DevNull","27915","20026","7889"
"2009-04-08","DevNull","118077","103468","14609"
"2009-04-09","DevNull","132752","110792","21960"
"2009-04-10","DevNull","66297","52043","14254"
"2009-04-11","DevNull","114435","100689","13746"
"2009-04-12","DevNull","119646","101599","18047"
"2009-04-13","DevNull","102079","84230","17849"
"2009-04-14","DevNull","50048","37836","12212"
"2009-04-15","DevNull","41001","30277","10724"
"2009-04-16","DevNull","105599","87702","17897"
"2009-04-17","DevNull","149438","123786","25652"
"2009-04-18","DevNull","121337","105510","15827"
"2009-04-19","DevNull","42655","36166","6489"
"2009-04-20","DevNull","140661","120015","20646"
"2009-04-21","DevNull","127288","108177","19111"
"2009-04-22","DevNull","107822","90827","16995"
"2009-04-23","DevNull","72090","58977","13113"
"2009-04-24","DevNull","189453","163155","26298"
"2009-04-25","DevNull","127567","107806","19761"
"2009-04-26","DevNull","54242","46834","7408"
"2009-04-27","DevNull","159940","138429","21511"
"2009-04-28","DevNull","87178","75281","11897"
"2009-04-29","DevNull","25741","20052","5689"
"2009-04-30","DevNull","79335","62155","17180"
"2009-05-01","DevNull","41509","32770","8739"
"2009-05-02","DevNull","55556","43902","11654"
"2009-05-03","DevNull","155984","130943","25041"
"2009-05-04","DevNull","101752","82217","19535"
"2009-05-05","DevNull","140794","115127","25667"
"2009-05-06","DevNull","119092","102763","16329"
"2009-05-07","DevNull","72164","55944","16220"
"2009-05-08","DevNull","62076","49162","12914"
"2009-05-09","DevNull","181035","158404","22631"
"2009-05-10","DevNull","169351","150090","19261"
"2009-05-11","DevNull","101976","89902","12074"
"2009-05-12","DevNull","101287","86926","14361"
"2009-05-13","DevNull","39033","30664","8369"
"2009-05-14","DevNull","104739","86303","18436"
"2009-05-15","DevNull","107430","93529","13901"
"2009-05-16","DevNull","69722","62123","7599"
"2009-05-17","DevNull","122475","104028","18447"
"2009-05-18","DevNull","132225","106297","25928"
"2009-05-19","DevNull","192308","165655","26653"
"2009-05-20","DevNull","113943","95743","18200"
"2009-05-21","DevNull","100988","84647","16341"
"2009-05-22","DevNull","71347","61520","9827"
"2009-05-23","DevNull","156560","131464","25096"
"2009-05-24","DevNull","147950","122707","25243"
"2009-05-25","DevNull","59489","46519","12970"
"2009-05-26","DevNull","102422","86170","16252"
"2009-05-27","DevNull","176661","149517","27144"
"2009-05-28","DevNull","43132","33380","9752"
"2009-05-29","DevNull","45956","36567","9389"
"2009-05-30","DevNull","144892","123917","20975"
"2009-05-31","DevNull","52124","44102","8022"
"2009-06-01","DevNull","144577","130696","13881"
"2009-06-02","DevNull","94422","77219","17203"
"2009-06-03","DevNull","169384","152077","17307"
"2009-06-04","DevNull","124496","111347","13149"
"2009-06-05","DevNull","197221","175160","22061"
"2009-06-06","DevNull","289357","237468","51889"
"2009-06-07","DevNull","128648","104224","24424"
"2009-06-08","DevNull","229511","193427","36084"
"2009-06-09","DevNull","209726","181740","27986"
"2009-06-10","DevNull","63131","49153","13978"
"2009-06-11","DevNull","82162","70956","11206"
"2009-06-12","DevNull","164609","143846","20763"
"2009-06-13","DevNull","103110","86853","16257"
"2009-06-14","DevNull","163446","137231","26215"
"2009-06-15","DevNull","61477","47868","13609"
"2009-06-16","DevNull","184254","155577","28677"
"2009-06-17","DevNull","104598","92386","12212"
"2009-06-18","DevNull","185009","149297","35712"
"2009-06-19","DevNull","160437","134849","25588"
"2009-06-20","DevNull","158714","131043","27671"
"2009-06-21","DevNull","80630","66010","14620"
"2009-06-22","DevNull","106859","87917","18942"
"2009-06-23","DevNull","119367","89723","29644"
"2009-06-24","DevNull","126278","106694","19584"
"2009-06-25","DevNull","305055","272179","32876"
"2009-06-26","DevNull","152697","134796","17901"
"2009-06-27","DevNull","180445","153011","27434"
"2009-06-28","DevNull","120054","93632","26422"
"2009-06-29","DevNull","76094","63585","12509"
"2009-06-30","DevNull","162082","130719","31363"
"2009-07-01","DevNull","123562","100836","22726"
"2009-07-02","DevNull","158084","135593","22491"
"2009-07-03","DevNull","83861","64684","19177"
"2009-07-04","DevNull","171255","145661","25594"
"2009-07-05","DevNull","194726","162849","31877"
"2009-07-06","DevNull","171158","147408","23750"
"2009-07-07","DevNull","103545","81302","22243"
"2009-07-08","DevNull","128732","113219","15513"
"2009-07-09","DevNull","152064","136227","15837"
"2009-07-10","DevNull","211652","177965","33687"
"2009-07-11","DevNull","170662","143552","27110"
"2009-07-12","DevNull","100838","86819","14019"
"2009-07-13","DevNull","30946","22579","8367"
"2009-07-14","DevNull","101969","80848","21121"
"2009-07-15","DevNull","107228","93499","13729"
"2009-07-16","DevNull","176390","149459","26931"
"2009-07-17","DevNull","98456","80134","18322"
"2009-07-18","DevNull","72177","58148","14029"
"2009-07-19","DevNull","154861","130712","24149"
"2009-07-20","DevNull","214885","183690","31195"
"2009-07-21","DevNull","167851","136398","31453"
"2009-07-22","DevNull","116849","89209","27640"
"2009-07-23","DevNull","146480","119946","26534"
"2009-07-24","DevNull","210650","177183","33467"
"2009-07-25","DevNull","107991","94797","13194"
"2009-07-26","DevNull","158115","132013","26102"
"2009-07-27","DevNull","62572","46158","16414"
"2009-07-28","DevNull","152793","128980","23813"
"2009-07-29","DevNull","177325","150590","26735"
"2009-07-30","DevNull","54568","43903","10665"
"2009-07-31","DevNull","103014","85851","17163"
"2009-08-01","DevNull","152885","132517","20368"
"2009-08-02","DevNull","206673","181434","25239"
"2009-08-03","DevNull","79919","65879","14040"
"2009-08-04","DevNull","89408","76711","12697"
"2009-08-05","DevNull","144435","124114","20321"
"2009-08-06","DevNull","131268","108557","22711"
"2009-08-07","DevNull","159779","132121","27658"
"2009-08-08","DevNull","203465","156496","46969"
"2009-08-09","DevNull","159262","128465","30797"
"2009-08-10","DevNull","138934","119105","19829"
"2009-08-11","DevNull","130293","109777","20516"
"2009-08-12","DevNull","90101","65810","24291"
"2009-08-13","DevNull","95357","82354","13003"
"2009-08-14","DevNull","111601","87028","24573"
"2009-08-15","DevNull","167745","140689","27056"
"2009-08-16","DevNull","105403","93283","12120"
"2009-08-17","DevNull","206351","175902","30449"
"2009-08-18","DevNull","97066","82643","14423"
"2009-08-19","DevNull","53135","43151","9984"
"2009-08-20","DevNull","147215","121541","25674"
"2009-08-21","DevNull","47697","39070","8627"
"2009-08-22","DevNull","84835","69150","15685"
"2009-08-23","DevNull","232078","195772","36306"
"2009-08-24","DevNull","194542","165541","29001"
"2009-08-25","DevNull","168359","146542","21817"
"2009-08-26","DevNull","192400","165357","27043"
"2009-08-27","DevNull","81085","64272","16813"
"2009-08-28","DevNull","63717","53287","10430"
"2009-08-29","DevNull","118127","97182","20945"
"2009-08-30","DevNull","78120","63657","14463"
"2009-08-31","DevNull","97241","79967","17274"
"2009-09-01","DevNull","144011","128321","15690"
"2009-09-02","DevNull","136671","119231","17440"
"2009-09-03","DevNull","75621","68347","7274"
"2009-09-04","DevNull","110508","89655","20853"
"2009-09-05","DevNull","108186","85846","22340"
"2009-09-06","DevNull","95610","75202","20408"
"2009-09-07","DevNull","151445","126196","25249"
"2009-09-08","DevNull","188727","163971","24756"
"2009-09-09","DevNull","215113","183668","31445"
"2009-09-10","DevNull","135312","112220","23092"
"2009-09-11","DevNull","100135","81929","18206"
"2009-09-12","DevNull","103386","91584","11802"
"2009-09-13","DevNull","216154","181041","35113"
"2009-09-14","DevNull","148603","120217","28386"
"2009-09-15","DevNull","94611","79513","15098"
"2009-09-16","DevNull","119721","106956","12765"
"2009-09-17","DevNull","114113","99039","15074"
"2009-09-18","DevNull","105129","84798","20331"
"2009-09-19","DevNull","127441","110118","17323"
"2009-09-20","DevNull","173921","144356","29565"
"2009-09-21","DevNull","291364","248112","43252"
"2009-09-22","DevNull","212692","176824","35868"
"2009-09-23","DevNull","221339","188835","32504"
"2009-09-24","DevNull","148685","126277","22408"
"2009-09-25","DevNull","99042","82845","16197"
"2009-09-26","DevNull","82407","68810","13597"
"2009-09-27","DevNull","99762","78647","21115"
"2009-09-28","DevNull","69981","58966","11015"
"2009-09-29","DevNull","128653","105517","23136"
"2009-09-30","DevNull","87951","68582","19369"
"2009-10-01","DevNull","242498","205795","36703"
"2009-10-02","DevNull","78043","64993","13050"
"2009-10-03","DevNull","84512","66732","17780"
"2009-10-04","DevNull","155264","132609","22655"
"2009-10-05","DevNull","102766","91231","11535"
"2009-10-06","DevNull","187910","161647","26263"
"2009-10-07","DevNull","248564","219046","29518"
"2009-10-08","DevNull","193546","172970","20576"
"2009-10-09","DevNull","192498","155579","36919"
"2009-10-10","DevNull","192003","168043","23960"
"2009-10-11","DevNull","146025","130877","15148"
"2009-10-12","DevNull","182259","153746","28513"
"2009-10-13","DevNull","185048","148056","36992"
"2009-10-14","DevNull","348513","301188","47325"
"2009-10-15","DevNull","104200","93278","10922"
"2009-10-16","DevNull","101012","83411","17601"
"2009-10-17","DevNull","132838","113920","18918"
"2009-10-18","DevNull","154237","133819","20418"
"2009-10-19","DevNull","157087","135166","21921"
"2009-10-20","DevNull","73441","57004","16437"
"2009-10-21","DevNull","135526","110505","25021"
"2009-10-22","DevNull","143003","119003","24000"
"2009-10-23","DevNull","108659","91909","16750"
"2009-10-24","DevNull","139682","116004","23678"
"2009-10-25","DevNull","55719","43960","11759"
"2009-10-26","DevNull","83423","68589","14834"
"2009-10-27","DevNull","284373","245510","38863"
"2009-10-28","DevNull","192323","166506","25817"
"2009-10-29","DevNull","110393","94572","15821"
"2009-10-30","DevNull","117206","99111","18095"
"2009-10-31","DevNull","209340","178113","31227"
"2009-11-01","DevNull","182825","159041","23784"
"2009-11-02","DevNull","135652","119412","16240"
"2009-11-03","DevNull","106858","89278","17580"
"2009-11-04","DevNull","150609","131140","19469"
"2009-11-05","DevNull","123214","104416","18798"
"2009-11-06","DevNull","68760","54472","14288"
"2009-11-07","DevNull","66785","53885","12900"
"2009-11-08","DevNull","93400","80322","13078"
"2009-11-09","DevNull","148676","122258","26418"
"2009-11-10","DevNull","105308","92090","13218"
"2009-11-11","DevNull","200739","174109","26630"
"2009-11-12","DevNull","148691","118469","30222"
"2009-11-13","DevNull","271475","232235","39240"
"2009-11-14","DevNull","100800","87049","13751"
"2009-11-15","DevNull","237655","205064","32591"
"2009-11-16","DevNull","71973","61394","10579"
"2009-11-17","DevNull","191101","161496","29605"
"2009-11-18","DevNull","64976","56124","8852"
"2009-11-19","DevNull","161821","135935","25886"
"2009-11-20","DevNull","203857","178579","25278"
"2009-11-21","DevNull","125133","105653","19480"
"2009-11-22","DevNull","121976","100563","21413"
"2009-11-23","DevNull","71718","59345","12373"
"2009-11-24","DevNull","79560","65143","14417"
"2009-11-25","DevNull","162569","136035","26534"
"2009-11-26","DevNull","126120","99462","26658"
"2009-11-27","DevNull","134979","112544","22435"
"2009-11-28","DevNull","215294","177379","37915"
"2009-11-29","DevNull","187961","157310","30651"
"2009-11-30","DevNull","118469","100067","18402"
"2009-12-01","DevNull","132772","112429","20343"
"2009-12-02","DevNull","140295","121773","18522"
"2009-12-03","DevNull","217078","181744","35334"
"2009-12-04","DevNull","78925","66854","12071"
"2009-12-05","DevNull","140043","121357","18686"
"2009-12-06","DevNull","137754","118618","19136"
"2009-12-07","DevNull","140405","120266","20139"
"2009-12-08","DevNull","147020","123583","23437"
"2009-12-09","DevNull","105663","86003","19660"
"2009-12-10","DevNull","67764","59039","8725"
"2009-12-11","DevNull","87334","70607","16727"
"2009-12-12","DevNull","60478","48961","11517"
"2009-12-13","DevNull","128500","107218","21282"
"2009-12-14","DevNull","92241","73664","18577"
"2009-12-15","DevNull","208092","174173","33919"
"2009-12-16","DevNull","107217","88680","18537"
"2009-12-17","DevNull","78874","68987","9887"
"2009-12-18","DevNull","192734","163701","29033"
"2009-12-19","DevNull","147816","117548","30268"
"2009-12-20","DevNull","157277","134812","22465"
"2009-12-21","DevNull","197346","164399","32947"
"2009-12-22","DevNull","145178","127804","17374"
"2009-12-23","DevNull","159738","134901","24837"
"2009-12-24","DevNull","109351","92831","16520"
"2009-12-25","DevNull","130297","108926","21371"
"2009-12-26","DevNull","138006","119424","18582"
"2009-12-27","DevNull","125095","103546","21549"
"2009-12-28","DevNull","103789","87333","16456"
"2009-12-29","DevNull","155166","134950","20216"
"2009-12-30","DevNull","182468","156173","26295"
"2009-12-31","DevNull","179739","152049","27690"
"2010-01-01","DevNull","164200","130742","33458"
"2010-01-02","DevNull","262384","219783","42601"
"2010-01-03","DevNull","262054","225209","36845"
"2010-01-04","DevNull","185977","157640","28337"
"2010-01-05","DevNull","218725","189716","29009"
"2010-01-06","DevNull","178018","148204","29814"
"2010-01-07","DevNull","197629","165257","32372"
"2010-01-08","DevNull","161941","139468","22473"
"2010-01-09","DevNull","160146","144010","16136"
"2010-01-10","DevNull","333586","283966","49620"
"2010-01-11","DevNull","309299","272011","37288"
"2010-01-12","DevNull","226096","188974","37122"
"2010-01-13","DevNull","181556","145018","36538"
"2010-01-14","DevNull","313030","268424","44606"
"2010-01-15","DevNull","300183","256861","43322"
"2010-01-16","DevNull","141068","112395","28673"
"2010-01-17","DevNull","183820","160200","23620"
"2010-01-18","DevNull","243107","207309","35798"
"2010-01-19","DevNull","137603","115093","22510"
"2010-01-20","DevNull","376719","322423","54296"
"2010-01-21","DevNull","210479","185158","25321"
"2010-01-22","DevNull","196864","165912","30952"
"2010-01-23","DevNull","153143","123024","30119"
"2010-01-24","DevNull","150343","126729","23614"
"2010-01-25","DevNull","219203","179845","39358"
"2010-01-26","DevNull","199405","166792","32613"
"2010-01-27","DevNull","274298","231157","43141"
"2010-01-28","DevNull","157016","139089","17927"
"2010-01-29","DevNull","111314","90866","20448"
"2010-01-30","DevNull","194217","160265","33952"
"2010-01-31","DevNull","338297","287149","51148"
"2010-02-01","DevNull","254225","211160","43065"
"2010-02-02","DevNull","129032","108994","20038"
"2010-02-03","DevNull","93178","77398","15780"
"2010-02-04","DevNull","153448","126055","27393"
"2010-02-05","DevNull","189518","154027","35491"
"2010-02-06","DevNull","167107","139294","27813"
"2010-02-07","DevNull","225292","194442","30850"
"2010-02-08","DevNull","215716","184876","30840"
"2010-02-09","DevNull","267923","235316","32607"
"2010-02-10","DevNull","159957","132371","27586"
"2010-02-11","DevNull","164318","136011","28307"
"2010-02-12","DevNull","94493","79839","14654"
"2010-02-13","DevNull","168054","135544","32510"
"2010-02-14","DevNull","104257","90351","13906"
"2010-02-15","DevNull","252597","220019","32578"
"2010-02-16","DevNull","331381","281697","49684"
"2010-02-17","DevNull","196075","163556","32519"
"2010-02-18","DevNull","285044","252247","32797"
"2010-02-19","DevNull","214038","182576","31462"
"2010-02-20","DevNull","237260","200278","36982"
"2010-02-21","DevNull","304377","266874","37503"
"2010-02-22","DevNull","153604","130530","23074"
"2010-02-23","DevNull","265051","225496","39555"
"2010-02-24","DevNull","234024","202513","31511"
"2010-02-25","DevNull","125234","102604","22630"
"2010-02-26","DevNull","72138","55444","16694"
"2010-02-27","DevNull","169334","137606","31728"
"2010-02-28","DevNull","262807","219886","42921"
"2010-03-01","DevNull","236166","196300","39866"
"2010-03-02","DevNull","217268","179223","38045"
"2010-03-03","DevNull","300911","256375","44536"
"2010-03-04","DevNull","139660","115714","23946"
"2010-03-05","DevNull","179651","151580","28071"
"2010-03-06","DevNull","186362","161401","24961"
"2010-03-07","DevNull","149052","123665","25387"
"2010-03-08","DevNull","170205","149682","20523"
"2010-03-09","DevNull","209944","177758","32186"
"2010-03-10","DevNull","237764","210969","26795"
"2010-03-11","DevNull","118955","106285","12670"
"2010-03-12","DevNull","266000","219702","46298"
"2010-03-13","DevNull","295570","256352","39218"
"2010-03-14","DevNull","245273","204476","40797"
"2010-03-15","DevNull","162643","142346","20297"
"2010-03-16","DevNull","255359","216115","39244"
"2010-03-17","DevNull","132157","105601","26556"
"2010-03-18","DevNull","180321","154620","25701"
"2010-03-19","DevNull","194901","163484","31417"
"2010-03-20","DevNull","243876","211160","32716"
"2010-03-21","DevNull","169847","139948","29899"
"2010-03-22","DevNull","130671","107046","23625"
"2010-03-23","DevNull","243817","199980","43837"
"2010-03-24","DevNull","312039","260284","51755"
"2010-03-25","DevNull","147191","132747","14444"
"2010-03-26","DevNull","216355","183667","32688"
"2010-03-27","DevNull","287130","247001","40129"
"2010-03-28","DevNull","112962","91396","21566"
"2010-03-29","DevNull","181312","142267","39045"
"2010-03-30","DevNull","121143","99978","21165"
"2010-03-31","DevNull","353748","307694","46054"
"2010-04-01","DevNull","279469","243096","36373"
"2010-04-02","DevNull","180036","153534","26502"
"2010-04-03","DevNull","190974","162699","28275"
"2010-04-04","DevNull","125378","105542","19836"
"2010-04-05","DevNull","190526","163302","27224"
"2010-04-06","DevNull","187064","158821","28243"
"2010-04-07","DevNull","254861","223339","31522"
"2010-04-08","DevNull","181932","146843","35089"
"2010-04-09","DevNull","379533","328746","50787"
"2010-04-10","DevNull","248974","221258","27716"
"2010-04-11","DevNull","196913","167233","29680"
"2010-04-12","DevNull","249457","213673","35784"
"2010-04-13","DevNull","236758","204001","32757"
"2010-04-14","DevNull","230342","194948","35394"
"2010-04-15","DevNull","213199","178757","34442"
"2010-04-16","DevNull","188340","155706","32634"
"2010-04-17","DevNull","155152","126123","29029"
"2010-04-18","DevNull","214570","180384","34186"
"2010-04-19","DevNull","245813","207175","38638"
"2010-04-20","DevNull","236388","201204","35184"
"2010-04-21","DevNull","144263","127735","16528"
"2010-04-22","DevNull","148624","119649","28975"
"2010-04-23","DevNull","220684","179032","41652"
"2010-04-24","DevNull","212645","182494","30151"
"2010-04-25","DevNull","218095","184676","33419"
"2010-04-26","DevNull","141567","121836","19731"
"2010-04-27","DevNull","166418","139851","26567"
"2010-04-28","DevNull","204807","162984","41823"
"2010-04-29","DevNull","175815","149949","25866"
"2010-04-30","DevNull","227801","201756","26045"
"2010-05-01","DevNull","164974","139296","25678"
"2010-05-02","DevNull","311066","271763","39303"
"2010-05-03","DevNull","176309","149222","27087"
"2010-05-04","DevNull","324479","278041","46438"
"2010-05-05","DevNull","188549","158721","29828"
"2010-05-06","DevNull","277451","242587","34864"
"2010-05-07","DevNull","233609","192823","40786"
"2010-05-08","DevNull","238756","200683","38073"
"2010-05-09","DevNull","276825","230545","46280"
"2010-05-10","DevNull","90766","77000","13766"
"2010-05-11","DevNull","277115","239463","37652"
"2010-05-12","DevNull","220047","179252","40795"
"2010-05-13","DevNull","177253","148968","28285"
"2010-05-14","DevNull","248372","216189","32183"
"2010-05-15","DevNull","210405","177384","33021"
"2010-05-16","DevNull","190908","162148","28760"
"2010-05-17","DevNull","197205","166250","30955"
"2010-05-18","DevNull","229227","197106","32121"
"2010-05-19","DevNull","182451","154449","28002"
"2010-05-20","DevNull","139139","116023","23116"
"2010-05-21","DevNull","257124","220575","36549"
"2010-05-22","DevNull","232115","196007","36108"
"2010-05-23","DevNull","230339","195186","35153"
"2010-05-24","DevNull","178130","147431","30699"
"2010-05-25","DevNull","320275","263577","56698"
"2010-05-26","DevNull","49042","37679","11363"
"2010-05-27","DevNull","211453","178867","32586"
"2010-05-28","DevNull","117187","96762","20425"
"2010-05-29","DevNull","260136","224376","35760"
"2010-05-30","DevNull","93587","79411","14176"
"2010-05-31","DevNull","221512","184412","37100"
"2010-06-01","DevNull","198630","159635","38995"
"2010-06-02","DevNull","280870","240948","39922"
"2010-06-03","DevNull","370797","310908","59889"
"2010-06-04","DevNull","272999","224321","48678"
"2010-06-05","DevNull","416423","353486","62937"
"2010-06-06","DevNull","409886","348771","61115"
"2010-06-07","DevNull","319324","263250","56074"
"2010-06-08","DevNull","500974","426184","74790"
"2010-06-09","DevNull","227635","186264","41371"
"2010-06-10","DevNull","638186","544886","93300"
"2010-06-11","DevNull","364979","312777","52202"
"2010-06-12","DevNull","344548","301825","42723"
"2010-06-13","DevNull","292521","232325","60196"
"2010-06-14","DevNull","301556","259807","41749"
"2010-06-15","DevNull","441282","370082","71200"
"2010-06-16","DevNull","243042","203798","39244"
"2010-06-17","DevNull","440811","374123","66688"
"2010-06-18","DevNull","457202","381475","75727"
"2010-06-19","DevNull","368452","311611","56841"
"2010-06-20","DevNull","414435","358695","55740"
"2010-06-21","DevNull","418644","359384","59260"
"2010-06-22","DevNull","381950","311589","70361"
"2010-06-23","DevNull","444673","379268","65405"
"2010-06-24","DevNull","383615","329825","53790"
"2010-06-25","DevNull","530725","455569","75156"
"2010-06-26","DevNull","415039","360943","54096"
"2010-06-27","DevNull","352665","300413","52252"
"2010-06-28","DevNull","322956","276848","46108"
"2010-06-29","DevNull","415468","340762","74706"
"2010-06-30","DevNull","333256","273319","59937"
"2010-07-01","DevNull","449936","387822","62114"
"2010-07-02","DevNull","281941","239456","42485"
"2010-07-03","DevNull","340496","283816","56680"
"2010-07-04","DevNull","500858","424849","76009"
"2010-07-05","DevNull","291651","240291","51360"
"2010-07-06","DevNull","269638","226833","42805"
"2010-07-07","DevNull","395595","327246","68349"
"2010-07-08","DevNull","281683","246227","35456"
"2010-07-09","DevNull","694461","602938","91523"
"2010-07-10","DevNull","342481","287816","54665"
"2010-07-11","DevNull","526041","445927","80114"
"2010-07-12","DevNull","324659","266161","58498"
"2010-07-13","DevNull","284893","239797","45096"
"2010-07-14","DevNull","290775","245603","45172"
"2010-07-15","DevNull","324612","274330","50282"
"2010-07-16","DevNull","302672","244093","58579"
"2010-07-17","DevNull","273679","220939","52740"
"2010-07-18","DevNull","349910","299833","50077"
"2010-07-19","DevNull","380760","322384","58376"
"2010-07-20","DevNull","345849","294674","51175"
"2010-07-21","DevNull","243837","202876","40961"
"2010-07-22","DevNull","299258","261107","38151"
"2010-07-23","DevNull","334879","280939","53940"
"2010-07-24","DevNull","427625","358933","68692"
"2010-07-25","DevNull","416374","341525","74849"
"2010-07-26","DevNull","437939","361597","76342"
"2010-07-27","DevNull","531958","455985","75973"
"2010-07-28","DevNull","531543","432841","98702"
"2010-07-29","DevNull","356294","295624","60670"
"2010-07-30","DevNull","313056","252161","60895"
"2010-07-31","DevNull","481510","419553","61957"
"2010-08-01","DevNull","335706","278647","57059"
"2010-08-02","DevNull","381079","318027","63052"
"2010-08-03","DevNull","581831","495740","86091"
"2010-08-04","DevNull","274000","235807","38193"
"2010-08-05","DevNull","263631","225421","38210"
"2010-08-06","DevNull","395989","335935","60054"
"2010-08-07","DevNull","324813","270512","54301"
"2010-08-08","DevNull","457217","382435","74782"
"2010-08-09","DevNull","435635","366263","69372"
"2010-08-10","DevNull","197637","162310","35327"
"2010-08-11","DevNull","249334","218446","30888"
"2010-08-12","DevNull","331656","276550","55106"
"2010-08-13","DevNull","279319","233084","46235"
"2010-08-14","DevNull","382364","324897","57467"
"2010-08-15","DevNull","300006","256141","43865"
"2010-08-16","DevNull","436752","374830","61922"
"2010-08-17","DevNull","320368","263971","56397"
"2010-08-18","DevNull","303129","256261","46868"
"2010-08-19","DevNull","334918","282953","51965"
"2010-08-20","DevNull","574039","478383","95656"
"2010-08-21","DevNull","416606","360870","55736"
"2010-08-22","DevNull","357419","293781","63638"
"2010-08-23","DevNull","461211","392725","68486"
"2010-08-24","DevNull","354664","303736","50928"
"2010-08-25","DevNull","376022","308622","67400"
"2010-08-26","DevNull","219835","178478","41357"
"2010-08-27","DevNull","423701","364061","59640"
"2010-08-28","DevNull","450056","377057","72999"
"2010-08-29","DevNull","381625","329004","52621"
"2010-08-30","DevNull","264565","223893","40672"
"2010-08-31","DevNull","280662","226631","54031"
"2010-09-01","DevNull","376307","309819","66488"
"2010-09-02","DevNull","292791","243334","49457"
"2010-09-03","DevNull","381367","312582","68785"
"2010-09-04","DevNull","254646","214879","39767"
"2010-09-05","DevNull","413367","348058","65309"
"2010-09-06","DevNull","236716","195055","41661"
"2010-09-07","DevNull","337966","285184","52782"
"2010-09-08","DevNull","305476","270470","35006"
"2010-09-09","DevNull","328714","264393","64321"
"2010-09-10","DevNull","339610","285429","54181"
"2010-09-11","DevNull","500309","426787","73522"
"2010-09-12","DevNull","321089","270106","50983"
"2010-09-13","DevNull","295729","246614","49115"
"2010-09-14","DevNull","491228","415789","75439"
"2010-09-15","DevNull","483255","404533","78722"
"2010-09-16","DevNull","470098","387257","82841"
"2010-09-17","DevNull","319059","269945","49114"
"2010-09-18","DevNull","504691","435869","68822"
"2010-09-19","DevNull","301282","251424","49858"
"2010-09-20","DevNull","282651","230082","52569"
"2010-09-21","DevNull","366692","309129","57563"
"2010-09-22","DevNull","311356","262220","49136"
"2010-09-23","DevNull","321073","263224","57849"
"2010-09-24","DevNull","370283","310230","60053"
"2010-09-25","DevNull","313846","266716","47130"
"2010-09-26","DevNull","376737","318935","57802"
"2010-09-27","DevNull","316196","266864","49332"
"2010-09-28","DevNull","384973","321768","63205"
"2010-09-29","DevNull","412972","355072","57900"
"2010-09-30","DevNull","262579","221254","41325"
"2010-10-01","DevNull","368362","309590","58772"
"2010-10-02","DevNull","428411","367850","60561"
"2010-10-03","DevNull","409627","326544","83083"
"2010-10-04","DevNull","264121","208107","56014"
"2010-10-05","DevNull","263324","221318","42006"
"2010-10-06","DevNull","453640","376045","77595"
"2010-10-07","DevNull","254773","209561","45212"
"2010-10-08","DevNull","314565","268298","46267"
"2010-10-09","DevNull","572555","486253","86302"
"2010-10-10","DevNull","338298","287291","51007"
"2010-10-11","DevNull","186711","150226","36485"
"2010-10-12","DevNull","419401","348163","71238"
"2010-10-13","DevNull","359544","295093","64451"
"2010-10-14","DevNull","468156","390060","78096"
"2010-10-15","DevNull","410120","346741","63379"
"2010-10-16","DevNull","432172","362709","69463"
"2010-10-17","DevNull","412034","354413","57621"
"2010-10-18","DevNull","248419","219446","28973"
"2010-10-19","DevNull","319403","260231","59172"
"2010-10-20","DevNull","258472","212784","45688"
"2010-10-21","DevNull","220157","183278","36879"
"2010-10-22","DevNull","476825","400379","76446"
"2010-10-23","DevNull","434399","367595","66804"
"2010-10-24","DevNull","279623","236468","43155"
"2010-10-25","DevNull","432880","368814","64066"
"2010-10-26","DevNull","262708","218733","43975"
"2010-10-27","DevNull","697518","599752","97766"
"2010-10-28","DevNull","389134","337009","52125"
"2010-10-29","DevNull","446126","372488","73638"
"2010-10-30","DevNull","536020","452810","83210"
"2010-10-31","DevNull","529822","450592","79230"
"2010-11-01","DevNull","350805","293144","57661"
"2010-11-02","DevNull","472694","397171","75523"
"2010-11-03","DevNull","309838","269774","40064"
"2010-11-04","DevNull","421788","354922","66866"
"2010-11-05","DevNull","332684","292028","40656"
"2010-11-06","DevNull","441177","363248","77929"
"2010-11-07","DevNull","666566","573860","92706"
"2010-11-08","DevNull","384244","324233","60011"
"2010-11-09","DevNull","349223","298657","50566"
"2010-11-10","DevNull","444459","366347","78112"
"2010-11-11","DevNull","221923","183828","38095"
"2010-11-12","DevNull","451819","391405","60414"
"2010-11-13","DevNull","203332","167752","35580"
"2010-11-14","DevNull","302230","262769","39461"
"2010-11-15","DevNull","446967","369316","77651"
"2010-11-16","DevNull","372259","325403","46856"
"2010-11-17","DevNull","230842","198241","32601"
"2010-11-18","DevNull","480544","403471","77073"
"2010-11-19","DevNull","408863","355321","53542"
"2010-11-20","DevNull","487078","410641","76437"
"2010-11-21","DevNull","391159","342696","48463"
"2010-11-22","DevNull","265817","214382","51435"
"2010-11-23","DevNull","385087","328187","56900"
"2010-11-24","DevNull","452906","386567","66339"
"2010-11-25","DevNull","535776","463005","72771"
"2010-11-26","DevNull","420562","361874","58688"
"2010-11-27","DevNull","463374","390370","73004"
"2010-11-28","DevNull","328683","276861","51822"
"2010-11-29","DevNull","273379","225871","47508"
"2010-11-30","DevNull","369951","308077","61874"
"2010-12-01","DevNull","454148","383933","70215"
"2010-12-02","DevNull","527494","437131","90363"
"2010-12-03","DevNull","330512","283214","47298"
"2010-12-04","DevNull","324746","277193","47553"
"2010-12-05","DevNull","489406","432276","57130"
"2010-12-06","DevNull","490952","417009","73943"
"2010-12-07","DevNull","349610","284698","64912"
"2010-12-08","DevNull","374530","317309","57221"
"2010-12-09","DevNull","426994","365697","61297"
"2010-12-10","DevNull","322279","268544","53735"
"2010-12-11","DevNull","308920","264557","44363"
"2010-12-12","DevNull","526214","448891","77323"
"2010-12-13","DevNull","360032","304249","55783"
"2010-12-14","DevNull","638755","539215","99540"
"2010-12-15","DevNull","436032","374234","61798"
"2010-12-16","DevNull","266726","225689","41037"
"2010-12-17","DevNull","315451","265421","50030"
"2010-12-18","DevNull","383022","324391","58631"
"2010-12-19","DevNull","313995","261740","52255"
"2010-12-20","DevNull","512266","439680","72586"
"2010-12-21","DevNull","375238","316868","58370"
"2010-12-22","DevNull","414798","345885","68913"
"2010-12-23","DevNull","385816","331591","54225"
"2010-12-24","DevNull","349421","301048","48373"
"2010-12-25","DevNull","516747","443108","73639"
"2010-12-26","DevNull","310151","261646","48505"
"2010-12-27","DevNull","281003","229563","51440"
"2010-12-28","DevNull","308417","258019","50398"
"2010-12-29","DevNull","474665","394095","80570"
"2010-12-30","DevNull","395622","334921","60701"
"2010-12-31","DevNull","465037","397659","67378"
"2011-01-01","DevNull","283694","232309","51385"
"2011-01-02","DevNull","293028","246103","46925"
"2011-01-03","DevNull","430638","369358","61280"
"2011-01-04","DevNull","475902","398525","77377"
"2011-01-05","DevNull","373501","304713","68788"
"2011-01-06","DevNull","511369","436269","75100"
"2011-01-07","DevNull","449099","384468","64631"
"2011-01-08","DevNull","465130","389597","75533"
"2011-01-09","DevNull","423499","361112","62387"
"2011-01-10","DevNull","462935","390925","72010"
"2011-01-11","DevNull","592100","507179","84921"
"2011-01-12","DevNull","490675","413463","77212"
"2011-01-13","DevNull","576715","486827","89888"
"2011-01-14","DevNull","421416","353579","67837"
"2011-01-15","DevNull","395951","346633","49318"
"2011-01-16","DevNull","439864","374663","65201"
"2011-01-17","DevNull","462869","392633","70236"
"2011-01-18","DevNull","579416","498367","81049"
"2011-01-19","DevNull","505416","437581","67835"
"2011-01-20","DevNull","534855","457153","77702"
"2011-01-21","DevNull","306414","250611","55803"
"2011-01-22","DevNull","369163","305097","64066"
"2011-01-23","DevNull","379299","318467","60832"
"2011-01-24","DevNull","355438","303994","51444"
"2011-01-25","DevNull","477209","397573","79636"
"2011-01-26","DevNull","619965","535869","84096"
"2011-01-27","DevNull","309144","259042","50102"
"2011-01-28","DevNull","401385","341418","59967"
"2011-01-29","DevNull","459281","380856","78425"
"2011-01-30","DevNull","366675","303401","63274"
"2011-01-31","DevNull","368147","312732","55415"
"2011-02-01","DevNull","326365","272959","53406"
"2011-02-02","DevNull","341209","287760","53449"
"2011-02-03","DevNull","401671","334462","67209"
"2011-02-04","DevNull","354223","289839","64384"
"2011-02-05","DevNull","540489","449681","90808"
"2011-02-06","DevNull","368440","305883","62557"
"2011-02-07","DevNull","346688","284762","61926"
"2011-02-08","DevNull","304240","243419","60821"
"2011-02-09","DevNull","313972","259567","54405"
"2011-02-10","DevNull","320389","272430","47959"
"2011-02-11","DevNull","336388","272463","63925"
"2011-02-12","DevNull","296639","246425","50214"
"2011-02-13","DevNull","488089","409478","78611"
"2011-02-14","DevNull","263093","212676","50417"
"2011-02-15","DevNull","300958","261312","39646"
"2011-02-16","DevNull","465180","397259","67921"
"2011-02-17","DevNull","271812","224463","47349"
"2011-02-18","DevNull","397701","332122","65579"
"2011-02-19","DevNull","487983","430544","57439"
"2011-02-20","DevNull","417215","353626","63589"
"2011-02-21","DevNull","295339","248348","46991"
"2011-02-22","DevNull","394528","337514","57014"
"2011-02-23","DevNull","350847","304047","46800"
"2011-02-24","DevNull","514411","444700","69711"
"2011-02-25","DevNull","583163","510084","73079"
"2011-02-26","DevNull","372953","316870","56083"
"2011-02-27","DevNull","281386","240986","40400"
"2011-02-28","DevNull","376539","315996","60543"
"2011-03-01","DevNull","507170","426200","80970"
"2011-03-02","DevNull","461587","382526","79061"
"2011-03-03","DevNull","509383","431139","78244"
"2011-03-04","DevNull","426066","358357","67709"
"2011-03-05","DevNull","512231","430287","81944"
"2011-03-06","DevNull","425487","354390","71097"
"2011-03-07","DevNull","511427","440070","71357"
"2011-03-08","DevNull","374166","327810","46356"
"2011-03-09","DevNull","363612","307624","55988"
"2011-03-10","DevNull","462238","373264","88974"
"2011-03-11","DevNull","341781","274335","67446"
"2011-03-12","DevNull","356252","302875","53377"
"2011-03-13","DevNull","491808","420404","71404"
"2011-03-14","DevNull","319880","262998","56882"
"2011-03-15","DevNull","388502","316710","71792"
"2011-03-16","DevNull","382130","324970","57160"
"2011-03-17","DevNull","424210","366480","57730"
"2011-03-18","DevNull","318409","271360","47049"
"2011-03-19","DevNull","592420","499654","92766"
"2011-03-20","DevNull","223846","179617","44229"
"2011-03-21","DevNull","347704","286635","61069"
"2011-03-22","DevNull","705132","615280","89852"
"2011-03-23","DevNull","306525","254161","52364"
"2011-03-24","DevNull","478764","408082","70682"
"2011-03-25","DevNull","381384","323656","57728"
"2011-03-26","DevNull","294356","260599","33757"
"2011-03-27","DevNull","311087","254574","56513"
"2011-03-28","DevNull","419982","345822","74160"
"2011-03-29","DevNull","260735","208185","52550"
"2011-03-30","DevNull","542248","473981","68267"
"2011-03-31","DevNull","348455","290917","57538"
"2011-04-01","DevNull","492590","414292","78298"
"2011-04-02","DevNull","364567","308106","56461"
"2011-04-03","DevNull","596968","507438","89530"
"2011-04-04","DevNull","300935","243282","57653"
"2011-04-05","DevNull","306566","252364","54202"
"2011-04-06","DevNull","277405","226343","51062"
"2011-04-07","DevNull","334486","282336","52150"
"2011-04-08","DevNull","418168","356523","61645"
"2011-04-09","DevNull","417694","343154","74540"
"2011-04-10","DevNull","442389","381493","60896"
"2011-04-11","DevNull","468560","405027","63533"
"2011-04-12","DevNull","358964","290629","68335"
"2011-04-13","DevNull","763485","671626","91859"
"2011-04-14","DevNull","450056","374155","75901"
"2011-04-15","DevNull","435434","364395","71039"
"2011-04-16","DevNull","307861","245555","62306"
"2011-04-17","DevNull","285066","234911","50155"
"2011-04-18","DevNull","430827","366839","63988"
"2011-04-19","DevNull","403818","350008","53810"
"2011-04-20","DevNull","391416","327253","64163"
"2011-04-21","DevNull","515939","440295","75644"
"2011-04-22","DevNull","482397","410411","71986"
"2011-04-23","DevNull","398977","331526","67451"
"2011-04-24","DevNull","358972","311326","47646"
"2011-04-25","DevNull","552849","474565","78284"
"2011-04-26","DevNull","447688","379540","68148"
"2011-04-27","DevNull","315009","260157","54852"
"2011-04-28","DevNull","431802","364677","67125"
"2011-04-29","DevNull","498752","421555","77197"
"2011-04-30","DevNull","453620","384131","69489"
"2011-05-01","DevNull","422959","354291","68668"
"2011-05-02","DevNull","431524","365274","66250"
"2011-05-03","DevNull","427373","354083","73290"
"2011-05-04","DevNull","527523","447090","80433"
"2011-05-05","DevNull","407475","340152","67323"
"2011-05-06","DevNull","615587","529679","85908"
"2011-05-07","DevNull","416375","356023","60352"
"2011-05-08","DevNull","377902","307701","70201"
"2011-05-09","DevNull","588807","500714","88093"
"2011-05-10","DevNull","330709","282513","48196"
"2011-05-11","DevNull","256436","203479","52957"
"2011-05-12","DevNull","495775","418919","76856"
"2011-05-13","DevNull","352022","286890","65132"
"2011-05-14","DevNull","521141","441288","79853"
"2011-05-15","DevNull","528019","455674","72345"
"2011-05-16","DevNull","501464","421699","79765"
"2011-05-17","DevNull","398635","342558","56077"
"2011-05-18","DevNull","428569","357319","71250"
"2011-05-19","DevNull","475689","413901","61788"
"2011-05-20","DevNull","278610","228595","50015"
"2011-05-21","DevNull","543139","465611","77528"
"2011-05-22","DevNull","469183","399428","69755"
"2011-05-23","DevNull","353691","290527","63164"
"2011-05-24","DevNull","403311","329578","73733"
"2011-05-25","DevNull","363504","303553","59951"
"2011-05-26","DevNull","328259","270620","57639"
"2011-05-27","DevNull","467964","389284","78680"
"2011-05-28","DevNull","346799","290691","56108"
"2011-05-29","DevNull","410177","347028","63149"
"2011-05-30","DevNull","580563","485664","94899"
"2011-05-31","DevNull","527890","442026","85864"
"2011-06-01","DevNull","463283","391637","71646"
"2011-06-02","DevNull","508089","428579","79510"
"2011-06-03","DevNull","636527","533139","103388"
"2011-06-04","DevNull","423019","357149","65870"
"2011-06-05","DevNull","655797","560814","94983"
"2011-06-06","DevNull","573179","485683","87496"
"2011-06-07","DevNull","365053","308887","56166"
"2011-06-08","DevNull","684342","593918","90424"
"2011-06-09","DevNull","381118","320352","60766"
"2011-06-10","DevNull","546993","458977","88016"
"2011-06-11","DevNull","389112","316485","72627"
"2011-06-12","DevNull","529240","442173","87067"
"2011-06-13","DevNull","684379","580246","104133"
"2011-06-14","DevNull","577004","483995","93009"
"2011-06-15","DevNull","363367","301281","62086"
"2011-06-16","DevNull","578773","483775","94998"
"2011-06-17","DevNull","630039","547097","82942"
"2011-06-18","DevNull","361736","303187","58549"
"2011-06-19","DevNull","386948","322118","64830"
"2011-06-20","DevNull","612969","525607","87362"
"2011-06-21","DevNull","622298","514564","107734"
"2011-06-22","DevNull","669634","562870","106764"
"2011-06-23","DevNull","446527","372768","73759"
"2011-06-24","DevNull","439464","374798","64666"
"2011-06-25","DevNull","710377","601750","108627"
"2011-06-26","DevNull","451784","390513","61271"
"2011-06-27","DevNull","500353","418638","81715"
"2011-06-28","DevNull","632160","535625","96535"
"2011-06-29","DevNull","613913","516492","97421"
"2011-06-30","DevNull","491386","406945","84441"
"2011-07-01","DevNull","490816","418331","72485"
"2011-07-02","DevNull","344307","281268","63039"
"2011-07-03","DevNull","345917","293598","52319"
"2011-07-04","DevNull","640279","543672","96607"
"2011-07-05","DevNull","565048","488128","76920"
"2011-07-06","DevNull","412571","335300","77271"
"2011-07-07","DevNull","583846","484184","99662"
"2011-07-08","DevNull","388899","328618","60281"
"2011-07-09","DevNull","640679","543649","97030"
"2011-07-10","DevNull","524689","442963","81726"
"2011-07-11","DevNull","503992","413689","90303"
"2011-07-12","DevNull","335120","286992","48128"
"2011-07-13","DevNull","527262","453012","74250"
"2011-07-14","DevNull","369950","297243","72707"
"2011-07-15","DevNull","479395","404188","75207"
"2011-07-16","DevNull","516857","439677","77180"
"2011-07-17","DevNull","497437","418010","79427"
"2011-07-18","DevNull","491168","423312","67856"
"2011-07-19","DevNull","500716","436806","63910"
"2011-07-20","DevNull","442488","375548","66940"
"2011-07-21","DevNull","531205","453432","77773"
"2011-07-22","DevNull","673633","567693","105940"
"2011-07-23","DevNull","511333","440580","70753"
"2011-07-24","DevNull","351770","293549","58221"
"2011-07-25","DevNull","380417","318664","61753"
"2011-07-26","DevNull","330462","274843","55619"
"2011-07-27","DevNull","605636","516798","88838"
"2011-07-28","DevNull","431159","359510","71649"
"2011-07-29","DevNull","712105","605994","106111"
"2011-07-30","DevNull","648207","553637","94570"
"2011-07-31","DevNull","522437","438431","84006"
"2011-08-01","DevNull","782615","668028","114587"
"2011-08-02","DevNull","512331","422540","89791"
"2011-08-03","DevNull","443522","377276","66246"
"2011-08-04","DevNull","451146","378942","72204"
"2011-08-05","DevNull","450980","376337","74643"
"2011-08-06","DevNull","372926","302720","70206"
"2011-08-07","DevNull","434109","362999","71110"
"2011-08-08","DevNull","644560","559053","85507"
"2011-08-09","DevNull","384682","316698","67984"
"2011-08-10","DevNull","473876","412512","61364"
"2011-08-11","DevNull","387361","328136","59225"
"2011-08-12","DevNull","541918","455324","86594"
"2011-08-13","DevNull","502901","423689","79212"
"2011-08-14","DevNull","685997","593974","92023"
"2011-08-15","DevNull","576094","477177","98917"
"2011-08-16","DevNull","491765","424783","66982"
"2011-08-17","DevNull","545630","458040","87590"
"2011-08-18","DevNull","726633","639902","86731"
"2011-08-19","DevNull","310368","255861","54507"
"2011-08-20","DevNull","361400","306264","55136"
"2011-08-21","DevNull","432057","364937","67120"
"2011-08-22","DevNull","509779","426018","83761"
"2011-08-23","DevNull","608540","522058","86482"
"2011-08-24","DevNull","669786","566284","103502"
"2011-08-25","DevNull","549325","468725","80600"
"2011-08-26","DevNull","606143","516972","89171"
"2011-08-27","DevNull","564125","472025","92100"
"2011-08-28","DevNull","761028","657241","103787"
"2011-08-29","DevNull","434814","364987","69827"
"2011-08-30","DevNull","559803","480519","79284"
"2011-08-31","DevNull","533980","447721","86259"
"2011-09-01","DevNull","510052","423636","86416"
"2011-09-02","DevNull","440466","375267","65199"
"2011-09-03","DevNull","566103","480552","85551"
"2011-09-04","DevNull","670603","575243","95360"
"2011-09-05","DevNull","434450","375578","58872"
"2011-09-06","DevNull","599779","511381","88398"
"2011-09-07","DevNull","548076","469967","78109"
"2011-09-08","DevNull","297772","257343","40429"
"2011-09-09","DevNull","369858","314219","55639"
"2011-09-10","DevNull","539027","451992","87035"
"2011-09-11","DevNull","508594","431035","77559"
"2011-09-12","DevNull","466522","386177","80345"
"2011-09-13","DevNull","455748","391843","63905"
"2011-09-14","DevNull","561424","486528","74896"
"2011-09-15","DevNull","374424","313108","61316"
"2011-09-16","DevNull","460391","396566","63825"
"2011-09-17","DevNull","715968","618602","97366"
"2011-09-18","DevNull","473272","394537","78735"
"2011-09-19","DevNull","453208","381133","72075"
"2011-09-20","DevNull","482572","409598","72974"
"2011-09-21","DevNull","507966","438704","69262"
"2011-09-22","DevNull","604943","510719","94224"
"2011-09-23","DevNull","551356","480008","71348"
"2011-09-24","DevNull","508672","441445","67227"
"2011-09-25","DevNull","381290","315617","65673"
"2011-09-26","DevNull","503034","421628","81406"
"2011-09-27","DevNull","517174","451015","66159"
"2011-09-28","DevNull","523939","438351","85588"
"2011-09-29","DevNull","566274","487181","79093"
"2011-09-30","DevNull","664744","561750","102994"
"2011-10-01","DevNull","462751","389548","73203"
"2011-10-02","DevNull","664499","567984","96515"
"2011-10-03","DevNull","596530","506033","90497"
"2011-10-04","DevNull","386691","324098","62593"
"2011-10-05","DevNull","454926","387235","67691"
"2011-10-06","DevNull","504347","423908","80439"
"2011-10-07","DevNull","442893","375678","67215"
"2011-10-08","DevNull","612148","513549","98599"
"2011-10-09","DevNull","527293","451428","75865"
"2011-10-10","DevNull","554023","481437","72586"
"2011-10-11","DevNull","402092","327977","74115"
"2011-10-12","DevNull","746185","635334","110851"
"2011-10-13","DevNull","616016","508723","107293"
"2011-10-14","DevNull","482113","406407","75706"
"2011-10-15","DevNull","563696","467712","95984"
"2011-10-16","DevNull","412873","338387","74486"
"2011-10-17","DevNull","459813","386732","73081"
"2011-10-18","DevNull","467822","393039","74783"
"2011-10-19","DevNull","509816","437673","72143"
"2011-10-20","DevNull","468421","394138","74283"
"2011-10-21","DevNull","407835","338928","68907"
"2011-10-22","DevNull","391720","323095","68625"
"2011-10-23","DevNull","474722","399857","74865"
"2011-10-24","DevNull","517868","449513","68355"
"2011-10-25","DevNull","557042","483144","73898"
"2011-10-26","DevNull","516059","446709","69350"
"2011-10-27","DevNull","407077","333993","73084"
"2011-10-28","DevNull","563077","482013","81064"
"2011-10-29","DevNull","722945","593544","129401"
"2011-10-30","DevNull","576586","486789","89797"
"2011-10-31","DevNull","515462","429097","86365"
"2011-11-01","DevNull","554386","481357","73029"
"2011-11-02","DevNull","406917","339190","67727"
"2011-11-03","DevNull","425207","359246","65961"
"2011-11-04","DevNull","292430","247509","44921"
"2011-11-05","DevNull","507683","438239","69444"
"2011-11-06","DevNull","281961","235180","46781"
"2011-11-07","DevNull","509496","423423","86073"
"2011-11-08","DevNull","363958","302980","60978"
"2011-11-09","DevNull","560904","469570","91334"
"2011-11-10","DevNull","434719","361830","72889"
"2011-11-11","DevNull","587341","488168","99173"
"2011-11-12","DevNull","443171","366510","76661"
"2011-11-13","DevNull","509521","428056","81465"
"2011-11-14","DevNull","390796","321970","68826"
"2011-11-15","DevNull","479907","385779","94128"
"2011-11-16","DevNull","366534","293681","72853"
"2011-11-17","DevNull","538079","458721","79358"
"2011-11-18","DevNull","473366","395012","78354"
"2011-11-19","DevNull","591545","504006","87539"
"2011-11-20","DevNull","463667","391055","72612"
"2011-11-21","DevNull","415467","356862","58605"
"2011-11-22","DevNull","539390","453822","85568"
"2011-11-23","DevNull","586134","497860","88274"
"2011-11-24","DevNull","549118","469310","79808"
"2011-11-25","DevNull","401446","337186","64260"
"2011-11-26","DevNull","545415","469674","75741"
"2011-11-27","DevNull","677909","580942","96967"
"2011-11-28","DevNull","562522","480920","81602"
"2011-11-29","DevNull","557459","475798","81661"
"2011-11-30","DevNull","425283","345428","79855"
"2011-12-01","DevNull","486029","419941","66088"
"2011-12-02","DevNull","568411","478159","90252"
"2011-12-03","DevNull","376500","308082","68418"
"2011-12-04","DevNull","454305","377760","76545"
"2011-12-05","DevNull","451309","383064","68245"
"2011-12-06","DevNull","425432","354592","70840"
"2011-12-07","DevNull","602076","508550","93526"
"2011-12-08","DevNull","672914","574398","98516"
"2011-12-09","DevNull","661426","563933","97493"
"2011-12-10","DevNull","604019","498699","105320"
"2011-12-11","DevNull","518832","451632","67200"
"2011-12-12","DevNull","453911","388919","64992"
"2011-12-13","DevNull","408394","333923","74471"
"2011-12-14","DevNull","522547","445850","76697"
"2011-12-15","DevNull","428967","350290","78677"
"2011-12-16","DevNull","380416","317999","62417"
"2011-12-17","DevNull","398779","333569","65210"
"2011-12-18","DevNull","459022","400240","58782"
"2011-12-19","DevNull","401089","340948","60141"
"2011-12-20","DevNull","564241","478155","86086"
"2011-12-21","DevNull","296565","246691","49874"
"2011-12-22","DevNull","473877","395838","78039"
"2011-12-23","DevNull","507143","428755","78388"
"2011-12-24","DevNull","593201","498133","95068"
"2011-12-25","DevNull","571881","477257","94624"
"2011-12-26","DevNull","454216","375604","78612"
"2011-12-27","DevNull","400660","331547","69113"
"2011-12-28","DevNull","299107","237582","61525"
"2011-12-29","DevNull","453313","384685","68628"
"2011-12-30","DevNull","500052","424104","75948"
"2011-12-31","DevNull","422549","361569","60980"
"2012-01-01","DevNull","938922","802114","136808"
"2012-01-02","DevNull","671325","562554","108771"
"2012-01-03","DevNull","805204","686057","119147"
"2012-01-04","DevNull","712841","614235","98606"
"2012-01-05","DevNull","848549","735626","112923"
"2012-01-06","DevNull","660705","552973","107732"
"2012-01-07","DevNull","700579","588839","111740"
"2012-01-08","DevNull","662331","536019","126312"
"2012-01-09","DevNull","680464","577183","103281"
"2012-01-10","DevNull","775208","641088","134120"
"2012-01-11","DevNull","845633","716308","129325"
"2012-01-12","DevNull","692404","568460","123944"
"2012-01-13","DevNull","840468","719641","120827"
"2012-01-14","DevNull","624978","525784","99194"
"2012-01-15","DevNull","649790","534126","115664"
"2012-01-16","DevNull","604362","508588","95774"
"2012-01-17","DevNull","591964","499751","92213"
"2012-01-18","DevNull","732176","628971","103205"
"2012-01-19","DevNull","587473","489387","98086"
"2012-01-20","DevNull","832979","725610","107369"
"2012-01-21","DevNull","822800","700315","122485"
"2012-01-22","DevNull","692966","578236","114730"
"2012-01-23","DevNull","637646","547107","90539"
"2012-01-24","DevNull","691108","587617","103491"
"2012-01-25","DevNull","757177","641467","115710"
"2012-01-26","DevNull","814508","681434","133074"
"2012-01-27","DevNull","666482","561149","105333"
"2012-01-28","DevNull","375951","316492","59459"
"2012-01-29","DevNull","652899","541556","111343"
"2012-01-30","DevNull","789542","662635","126907"
"2012-01-31","DevNull","916212","767371","148841"
"2012-02-01","DevNull","628325","530415","97910"
"2012-02-02","DevNull","676838","561099","115739"
"2012-02-03","DevNull","662099","544705","117394"
"2012-02-04","DevNull","670774","563570","107204"
"2012-02-05","DevNull","818285","685364","132921"
"2012-02-06","DevNull","684366","577079","107287"
"2012-02-07","DevNull","835656","723861","111795"
"2012-02-08","DevNull","733860","623235","110625"
"2012-02-09","DevNull","878309","747470","130839"
"2012-02-10","DevNull","535755","468708","67047"
"2012-02-11","DevNull","769044","652802","116242"
"2012-02-12","DevNull","600316","507357","92959"
"2012-02-13","DevNull","731130","612897","118233"
"2012-02-14","DevNull","594253","498706","95547"
"2012-02-15","DevNull","650986","550133","100853"
"2012-02-16","DevNull","914891","774601","140290"
"2012-02-17","DevNull","917333","780670","136663"
"2012-02-18","DevNull","718980","593648","125332"
"2012-02-19","DevNull","843439","707945","135494"
"2012-02-20","DevNull","765003","649616","115387"
"2012-02-21","DevNull","584539","492034","92505"
"2012-02-22","DevNull","766779","633960","132819"
"2012-02-23","DevNull","790959","666397","124562"
"2012-02-24","DevNull","858020","719383","138637"
"2012-02-25","DevNull","836773","706266","130507"
"2012-02-26","DevNull","869786","732615","137171"
"2012-02-27","DevNull","739810","620508","119302"
"2012-02-28","DevNull","740106","627795","112311"
"2012-02-29","DevNull","679641","571607","108034"
"2012-03-01","DevNull","822577","695871","126706"
"2012-03-02","DevNull","782779","668645","114134"
"2012-03-03","DevNull","692973","586081","106892"
"2012-03-04","DevNull","613693","520315","93378"
"2012-03-05","DevNull","644940","552312","92628"
"2012-03-06","DevNull","830556","700994","129562"
"2012-03-07","DevNull","860869","723267","137602"
"2012-03-08","DevNull","763396","637841","125555"
"2012-03-09","DevNull","662059","556239","105820"
"2012-03-10","DevNull","699035","588328","110707"
"2012-03-11","DevNull","696088","587669","108419"
"2012-03-12","DevNull","775872","659565","116307"
"2012-03-13","DevNull","774168","658373","115795"
"2012-03-14","DevNull","753951","622555","131396"
"2012-03-15","DevNull","612086","523812","88274"
"2012-03-16","DevNull","718934","611768","107166"
"2012-03-17","DevNull","984170","834083","150087"
"2012-03-18","DevNull","725319","601937","123382"
"2012-03-19","DevNull","979748","845904","133844"
"2012-03-20","DevNull","752401","624785","127616"
"2012-03-21","DevNull","699032","589092","109940"
"2012-03-22","DevNull","761631","652993","108638"
"2012-03-23","DevNull","793316","672040","121276"
"2012-03-24","DevNull","819795","703627","116168"
"2012-03-25","DevNull","652575","552354","100221"
"2012-03-26","DevNull","837147","705803","131344"
"2012-03-27","DevNull","893197","749748","143449"
"2012-03-28","DevNull","708035","599678","108357"
"2012-03-29","DevNull","585097","496294","88803"
"2012-03-30","DevNull","841852","718268","123584"
"2012-03-31","DevNull","810924","694680","116244"
"2012-04-01","DevNull","852207","719495","132712"
"2012-04-02","DevNull","709769","593276","116493"
"2012-04-03","DevNull","629488","514273","115215"
"2012-04-04","DevNull","1095632","939036","156596"
"2012-04-05","DevNull","799416","678496","120920"
"2012-04-06","DevNull","946301","816837","129464"
"2012-04-07","DevNull","691145","566934","124211"
"2012-04-08","DevNull","1020105","871362","148743"
"2012-04-09","DevNull","913776","771824","141952"
"2012-04-10","DevNull","765542","637023","128519"
"2012-04-11","DevNull","900897","755449","145448"
"2012-04-12","DevNull","810291","680440","129851"
"2012-04-13","DevNull","694654","579591","115063"
"2012-04-14","DevNull","906089","766621","139468"
"2012-04-15","DevNull","836549","694571","141978"
"2012-04-16","DevNull","716772","608951","107821"
"2012-04-17","DevNull","723485","600404","123081"
"2012-04-18","DevNull","761974","646245","115729"
"2012-04-19","DevNull","599755","505338","94417"
"2012-04-20","DevNull","784174","654837","129337"
"2012-04-21","DevNull","767395","647031","120364"
"2012-04-22","DevNull","689508","569835","119673"
"2012-04-23","DevNull","863763","737097","126666"
"2012-04-24","DevNull","753684","635064","118620"
"2012-04-25","DevNull","916180","763112","153068"
"2012-04-26","DevNull","928311","797310","131001"
"2012-04-27","DevNull","872473","746478","125995"
"2012-04-28","DevNull","817273","690766","126507"
"2012-04-29","DevNull","654241","547884","106357"
"2012-04-30","DevNull","781957","660575","121382"
"2012-05-01","DevNull","692924","583070","109854"
"2012-05-02","DevNull","808236","674726","133510"
"2012-05-03","DevNull","620598","534609","85989"
"2012-05-04","DevNull","951260","800585","150675"
"2012-05-05","DevNull","922235","778634","143601"
"2012-05-06","DevNull","882031","749893","132138"
"2012-05-07","DevNull","636863","528160","108703"
"2012-05-08","DevNull","855525","733577","121948"
"2012-05-09","DevNull","748918","631868","117050"
"2012-05-10","DevNull","954907","794117","160790"
"2012-05-11","DevNull","1117949","950353","167596"
"2012-05-12","DevNull","901768","771801","129967"
"2012-05-13","DevNull","777635","642685","134950"
"2012-05-14","DevNull","815586","696677","118909"
"2012-05-15","DevNull","845196","700747","144449"
"2012-05-16","DevNull","636355","527517","108838"
"2012-05-17","DevNull","991224","860190","131034"
"2012-05-18","DevNull","798839","684892","113947"
"2012-05-19","DevNull","976193","839037","137156"
"2012-05-20","DevNull","848480","723741","124739"
"2012-05-21","DevNull","828902","700512","128390"
"2012-05-22","DevNull","977202","818588","158614"
"2012-05-23","DevNull","950792","781740","169052"
"2012-05-24","DevNull","802409","679698","122711"
"2012-05-25","DevNull","721573","608724","112849"
"2012-05-26","DevNull","833395","708760","124635"
"2012-05-27","DevNull","862436","729051","133385"
"2012-05-28","DevNull","951008","812260","138748"
"2012-05-29","DevNull","977335","831859","145476"
"2012-05-30","DevNull","806012","688800","117212"
"2012-05-31","DevNull","668774","563195","105579"
"2012-06-01","DevNull","126930","107329","19601"
"2012-06-02","DevNull","233873","189234","44639"
"2012-06-03","DevNull","393246","326750","66496"
"2012-06-04","DevNull","389132","327452","61680"
"2012-06-05","DevNull","267843","221704","46139"
"2012-06-06","DevNull","503304","423584","79720"
"2012-06-07","DevNull","293539","243707","49832"
"2012-06-08","DevNull","307379","259970","47409"
"2012-06-09","DevNull","469918","402194","67724"
"2012-06-10","DevNull","259793","212939","46854"
"2012-06-11","DevNull","392461","332761","59700"
"2012-06-12","DevNull","364928","302199","62729"
"2012-06-13","DevNull","369055","309631","59424"
"2012-06-14","DevNull","235167","193508","41659"
"2012-06-15","DevNull","313625","259784","53841"
"2012-06-16","DevNull","159598","131956","27642"
"2012-06-17","DevNull","321299","272656","48643"
"2012-06-18","DevNull","384936","329988","54948"
"2012-06-19","DevNull","381591","318430","63161"
"2012-06-20","DevNull","612907","532930","79977"
"2012-06-21","DevNull","360110","296001","64109"
"2012-06-22","DevNull","485490","411880","73610"
"2012-06-23","DevNull","280627","241107","39520"
"2012-06-24","DevNull","308135","268087","40048"
"2012-06-25","DevNull","289381","239341","50040"
"2012-06-26","DevNull","339922","288004","51918"
"2012-06-27","DevNull","191513","157944","33569"
"2012-06-28","DevNull","315681","267336","48345"
"2012-06-29","DevNull","372391","309189","63202"
"2012-06-30","DevNull","412932","365438","47494"
"2012-07-01","DevNull","408153","342811","65342"
"2012-07-02","DevNull","280746","242955","37791"
"2012-07-03","DevNull","294230","253705","40525"
"2012-07-04","DevNull","491510","417476","74034"
"2012-07-05","DevNull","458537","387567","70970"
"2012-07-06","DevNull","384040","321750","62290"
"2012-07-07","DevNull","350156","287651","62505"
"2012-07-08","DevNull","300465","249703","50762"
"2012-07-09","DevNull","259285","216129","43156"
"2012-07-10","DevNull","489428","418775","70653"
"2012-07-11","DevNull","417907","361913","55994"
"2012-07-12","DevNull","317520","274670","42850"
"2012-07-13","DevNull","231140","187526","43614"
"2012-07-14","DevNull","422708","364162","58546"
"2012-07-15","DevNull","271238","226683","44555"
"2012-07-16","DevNull","290579","241992","48587"
"2012-07-17","DevNull","381082","330036","51046"
"2012-07-18","DevNull","240835","206369","34466"
"2012-07-19","DevNull","373118","322219","50899"
"2012-07-20","DevNull","319224","272787","46437"
"2012-07-21","DevNull","447300","380646","66654"
"2012-07-22","DevNull","341275","277934","63341"
"2012-07-23","DevNull","269294","234334","34960"
"2012-07-24","DevNull","380217","324304","55913"
"2012-07-25","DevNull","266789","223647","43142"
"2012-07-26","DevNull","253040","204682","48358"
"2012-07-27","DevNull","490202","423708","66494"
"2012-07-28","DevNull","418634","346268","72366"
"2012-07-29","DevNull","383624","328367","55257"
"2012-07-30","DevNull","331128","263416","67712"
"2012-07-31","DevNull","338158","279425","58733"
"2012-08-01","DevNull","396958","336123","60835"
"2012-08-02","DevNull","351181","290590","60591"
"2012-08-03","DevNull","397426","326984","70442"
"2012-08-04","DevNull","404453","343626","60827"
"2012-08-05","DevNull","477229","408729","68500"
"2012-08-06","DevNull","433883","365822","68061"
"2012-08-07","DevNull","477608","429886","47722"
"2012-08-08","DevNull","317843","264830","53013"
"2012-08-09","DevNull","428824","367014","61810"
"2012-08-10","DevNull","398032","351999","46033"
"2012-08-11","DevNull","335620","290613","45007"
"2012-08-12","DevNull","286091","227016","59075"
"2012-08-13","DevNull","271132","219755","51377"
"2012-08-14","DevNull","397107","337379","59728"
"2012-08-15","DevNull","318502","275110","43392"
"2012-08-16","DevNull","431756","381529","50227"
"2012-08-17","DevNull","284391","228194","56197"
"2012-08-18","DevNull","229052","173560","55492"
"2012-08-19","DevNull","540396","461053","79343"
"2012-08-20","DevNull","428692","353377","75315"
"2012-08-21","DevNull","390293","337706","52587"
"2012-08-22","DevNull","347451","288231","59220"
"2012-08-23","DevNull","332806","277214","55592"
"2012-08-24","DevNull","419706","358206","61500"
"2012-08-25","DevNull","260941","223962","36979"
"2012-08-26","DevNull","347857","299043","48814"
"2012-08-27","DevNull","228291","188700","39591"
"2012-08-28","DevNull","227532","195929","31603"
"2012-08-29","DevNull","473325","401048","72277"
"2012-08-30","DevNull","262088","220681","41407"
"2012-08-31","DevNull","376795","322485","54310"
"2012-09-01","DevNull","467353","401422","65931"
"2012-09-02","DevNull","627002","545636","81366"
"2012-09-03","DevNull","358110","291179","66931"
"2012-09-04","DevNull","317066","278421","38645"
"2012-09-05","DevNull","304160","248238","55922"
"2012-09-06","DevNull","414572","348974","65598"
"2012-09-07","DevNull","545212","469672","75540"
"2012-09-08","DevNull","402290","345121","57169"
"2012-09-09","DevNull","380146","320217","59929"
"2012-09-10","DevNull","473957","400675","73282"
"2012-09-11","DevNull","338619","284214","54405"
"2012-09-12","DevNull","353393","297398","55995"
"2012-09-13","DevNull","283852","231847","52005"
"2012-09-14","DevNull","397598","342060","55538"
"2012-09-15","DevNull","284052","235633","48419"
"2012-09-16","DevNull","243024","194363","48661"
"2012-09-17","DevNull","539380","457259","82121"
"2012-09-18","DevNull","415378","356981","58397"
"2012-09-19","DevNull","490514","420189","70325"
"2012-09-20","DevNull","311454","266442","45012"
"2012-09-21","DevNull","334740","286668","48072"
"2012-09-22","DevNull","450878","386153","64725"
"2012-09-23","DevNull","493501","414498","79003"
"2012-09-24","DevNull","422992","359121","63871"
"2012-09-25","DevNull","291079","240890","50189"
"2012-09-26","DevNull","254674","215201","39473"
"2012-09-27","DevNull","543046","467287","75759"
"2012-09-28","DevNull","411606","359629","51977"
"2012-09-29","DevNull","246835","203035","43800"
"2012-09-30","DevNull","364841","317379","47462"
"2012-10-01","DevNull","462809","395711","67098"
"2012-10-02","DevNull","428880","351088","77792"
"2012-10-03","DevNull","378778","316455","62323"
"2012-10-04","DevNull","445077","377746","67331"
"2012-10-05","DevNull","356638","305145","51493"
"2012-10-06","DevNull","443946","375704","68242"
"2012-10-07","DevNull","394522","328210","66312"
"2012-10-08","DevNull","414504","352759","61745"
"2012-10-09","DevNull","524016","446795","77221"
"2012-10-10","DevNull","589479","495338","94141"
"2012-10-11","DevNull","253933","212248","41685"
"2012-10-12","DevNull","417704","361653","56051"
"2012-10-13","DevNull","364668","303475","61193"
"2012-10-14","DevNull","399638","336880","62758"
"2012-10-15","DevNull","465417","408894","56523"
"2012-10-16","DevNull","357878","293481","64397"
"2012-10-17","DevNull","374588","322659","51929"
"2012-10-18","DevNull","421878","348781","73097"
"2012-10-19","DevNull","475137","399413","75724"
"2012-10-20","DevNull","439082","367928","71154"
"2012-10-21","DevNull","502272","416554","85718"
"2012-10-22","DevNull","485574","411817","73757"
"2012-10-23","DevNull","679013","581846","97167"
"2012-10-24","DevNull","347196","279009","68187"
"2012-10-25","DevNull","399260","342205","57055"
"2012-10-26","DevNull","508321","435477","72844"
"2012-10-27","DevNull","302402","248666","53736"
"2012-10-28","DevNull","352019","295302","56717"
"2012-10-29","DevNull","536733","457753","78980"
"2012-10-30","DevNull","692149","588945","103204"
"2012-10-31","DevNull","361666","300268","61398"
"2012-11-01","DevNull","331323","284444","46879"
"2012-11-02","DevNull","315097","261973","53124"
"2012-11-03","DevNull","448081","379086","68995"
"2012-11-04","DevNull","500492","433633","66859"
"2012-11-05","DevNull","347702","298517","49185"
"2012-11-06","DevNull","366398","302006","64392"
"2012-11-07","DevNull","565235","490469","74766"
"2012-11-08","DevNull","468835","392592","76243"
"2012-11-09","DevNull","502790","427329","75461"
"2012-11-10","DevNull","498388","416287","82101"
"2012-11-11","DevNull","337551","282747","54804"
"2012-11-12","DevNull","459135","398228","60907"
"2012-11-13","DevNull","407271","350802","56469"
"2012-11-14","DevNull","303209","252617","50592"
"2012-11-15","DevNull","341641","288924","52717"
"2012-11-16","DevNull","483207","415783","67424"
"2012-11-17","DevNull","525682","440725","84957"
"2012-11-18","DevNull","428810","365402","63408"
"2012-11-19","DevNull","431594","355128","76466"
"2012-11-20","DevNull","316938","269118","47820"
"2012-11-21","DevNull","188220","154258","33962"
"2012-11-22","DevNull","349428","286704","62724"
"2012-11-23","DevNull","461086","393109","67977"
"2012-11-24","DevNull","385159","327690","57469"
"2012-11-25","DevNull","449610","376516","73094"
"2012-11-26","DevNull","339028","286615","52413"
"2012-11-27","DevNull","306242","246252","59990"
"2012-11-28","DevNull","494676","419562","75114"
"2012-11-29","DevNull","554816","485220","69596"
"2012-11-30","DevNull","282690","235312","47378"
"2012-12-01","DevNull","392822","337830","54992"
"2012-12-02","DevNull","332070","278934","53136"
"2012-12-03","DevNull","390325","330247","60078"
"2012-12-04","DevNull","463231","383821","79410"
"2012-12-05","DevNull","459472","392546","66926"
"2012-12-06","DevNull","545412","448447","96965"
"2012-12-07","DevNull","545340","481424","63916"
"2012-12-08","DevNull","395565","337156","58409"
"2012-12-09","DevNull","482854","411888","70966"
"2012-12-10","DevNull","382169","329260","52909"
"2012-12-11","DevNull","337728","284958","52770"
"2012-12-12","DevNull","345684","294491","51193"
"2012-12-13","DevNull","424727","365800","58927"
"2012-12-14","DevNull","319706","269084","50622"
"2012-12-15","DevNull","559681","477473","82208"
"2012-12-16","DevNull","334034","277775","56259"
"2012-12-17","DevNull","589138","507828","81310"
"2012-12-18","DevNull","331684","273329","58355"
"2012-12-19","DevNull","448003","383652","64351"
"2012-12-20","DevNull","468930","397772","71158"
"2012-12-21","DevNull","505268","434966","70302"
"2012-12-22","DevNull","324525","276898","47627"
"2012-12-23","DevNull","340831","274325","66506"
"2012-12-24","DevNull","408719","344410","64309"
"2012-12-25","DevNull","451261","388715","62546"
"2012-12-26","DevNull","750237","646204","104033"
"2012-12-27","DevNull","497722","420881","76841"
"2012-12-28","DevNull","466651","405711","60940"
"2012-12-29","DevNull","464584","409874","54710"
"2012-12-30","DevNull","406346","343571","62775"
"2012-12-31","DevNull","499732","427735","71997"
"2013-01-01","DevNull","373257","320422","52835"
"2013-01-02","DevNull","889017","735316","153701"
"2013-01-03","DevNull","1466468","1242027","224441"
"2013-01-04","DevNull","1249268","1050098","199170"
"2013-01-05","DevNull","1261752","1054795","206957"
"2013-01-06","DevNull","986024","838697","147327"
"2013-01-07","DevNull","1041955","861184","180771"
"2013-01-08","DevNull","1031385","863740","167645"
"2013-01-09","DevNull","915987","771104","144883"
"2013-01-10","DevNull","1073937","892741","181196"
"2013-01-11","DevNull","1250751","1057439","193312"
"2013-01-12","DevNull","1283694","1089255","194439"
"2013-01-13","DevNull","1282709","1091126","191583"
"2013-01-14","DevNull","1059389","874003","185386"
"2013-01-15","DevNull","979044","818305","160739"
"2013-01-16","DevNull","1058666","863040","195626"
"2013-01-17","DevNull","1199152","1014146","185006"
"2013-01-18","DevNull","1234565","1047884","186681"
"2013-01-19","DevNull","1172728","984864","187864"
"2013-01-20","DevNull","1108486","930104","178382"
"2013-01-21","DevNull","1267935","1073402","194533"
"2013-01-22","DevNull","1386851","1180230","206621"
"2013-01-23","DevNull","1078533","899951","178582"
"2013-01-24","DevNull","1315887","1119253","196634"
"2013-01-25","DevNull","1107995","921849","186146"
"2013-01-26","DevNull","919292","749435","169857"
"2013-01-27","DevNull","828904","687251","141653"
"2013-01-28","DevNull","1048807","869442","179365"
"2013-01-29","DevNull","968201","805143","163058"
"2013-01-30","DevNull","990388","815650","174738"
"2013-01-31","DevNull","1118697","949372","169325"
"2013-02-01","DevNull","1071586","889063","182523"
"2013-02-02","DevNull","1274569","1069093","205476"
"2013-02-03","DevNull","1188366","1001263","187103"
"2013-02-04","DevNull","1222606","1026118","196488"
"2013-02-05","DevNull","1204150","997678","206472"
"2013-02-06","DevNull","1129846","925771","204075"
"2013-02-07","DevNull","1515741","1293826","221915"
"2013-02-08","DevNull","1457903","1256310","201593"
"2013-02-09","DevNull","1280940","1057964","222976"
"2013-02-10","DevNull","1472476","1287663","184813"
"2013-02-11","DevNull","1422051","1184428","237623"
"2013-02-12","DevNull","1200548","1007810","192738"
"2013-02-13","DevNull","1344732","1138054","206678"
"2013-02-14","DevNull","1445200","1226661","218539"
"2013-02-15","DevNull","1617426","1367857","249569"
"2013-02-16","DevNull","1352260","1137337","214923"
"2013-02-17","DevNull","1145852","960986","184866"
"2013-02-18","DevNull","1169189","978162","191027"
"2013-02-19","DevNull","1352122","1146132","205990"
"2013-02-20","DevNull","1267386","1066255","201131"
"2013-02-21","DevNull","1162094","971091","191003"
"2013-02-22","DevNull","1474654","1267809","206845"
"2013-02-23","DevNull","1151270","960022","191248"
"2013-02-24","DevNull","1278318","1060881","217437"
"2013-02-25","DevNull","1336749","1119488","217261"
"2013-02-26","DevNull","1322926","1096240","226686"
"2013-02-27","DevNull","1678549","1412114","266435"
"2013-02-28","DevNull","1205463","1019629","185834"
"2013-03-01","DevNull","643070","552481","90589"
"2013-03-02","DevNull","530135","438366","91769"
"2013-03-03","DevNull","1325981","1121878","204103"
"2013-03-04","DevNull","1220315","1016759","203556"
"2013-03-05","DevNull","1212178","1013190","198988"
"2013-03-06","DevNull","1351765","1130570","221195"
"2013-03-07","DevNull","1298883","1088998","209885"
"2013-03-08","DevNull","1306114","1077802","228312"
"2013-03-09","DevNull","1304385","1100188","204197"
"2013-03-10","DevNull","1450654","1214988","235666"
"2013-03-11","DevNull","1244680","1047168","197512"
"2013-03-12","DevNull","1364855","1134461","230394"
"2013-03-13","DevNull","1324681","1094651","230030"
"2013-03-14","DevNull","1565059","1324120","240939"
"2013-03-15","DevNull","1455587","1241830","213757"
"2013-03-16","DevNull","1180655","980218","200437"
"2013-03-17","DevNull","1115558","949280","166278"
"2013-03-18","DevNull","1582997","1337058","245939"
"2013-03-19","DevNull","1317449","1112986","204463"
"2013-03-20","DevNull","1172530","973643","198887"
"2013-03-21","DevNull","1659712","1410679","249033"
"2013-03-22","DevNull","1292684","1099079","193605"
"2013-03-23","DevNull","1154975","958538","196437"
"2013-03-24","DevNull","1532254","1281721","250533"
"2013-03-25","DevNull","1528633","1302610","226023"
"2013-03-26","DevNull","1500141","1234452","265689"
"2013-03-27","DevNull","1368525","1148108","220417"
"2013-03-28","DevNull","1267522","1060010","207512"
"2013-03-29","DevNull","1157565","980541","177024"
"2013-03-30","DevNull","1584999","1334629","250370"
"2013-03-31","DevNull","1171798","979622","192176"
"2013-04-01","DevNull","1282375","1088644","193731"
"2013-04-02","DevNull","1448975","1222416","226559"
"2013-04-03","DevNull","1658225","1402388","255837"
"2013-04-04","DevNull","1348451","1126273","222178"
"2013-04-05","DevNull","1137850","957505","180345"
"2013-04-06","DevNull","1082809","899708","183101"
"2013-04-07","DevNull","1545326","1285834","259492"
"2013-04-08","DevNull","1108331","907743","200588"
"2013-04-09","DevNull","1715453","1440168","275285"
"2013-04-10","DevNull","1563742","1328834","234908"
"2013-04-11","DevNull","1393598","1166014","227584"
"2013-04-12","DevNull","1423010","1183801","239209"
"2013-04-13","DevNull","1532126","1311155","220971"
"2013-04-14","DevNull","1260942","1050433","210509"
"2013-04-15","DevNull","1287297","1059027","228270"
"2013-04-16","DevNull","1486722","1231932","254790"
"2013-04-17","DevNull","1159192","951998","207194"
"2013-04-18","DevNull","1341501","1113602","227899"
"2013-04-19","DevNull","1316986","1093019","223967"
"2013-04-20","DevNull","1722830","1448415","274415"
"2013-04-21","DevNull","1276462","1068132","208330"
"2013-04-22","DevNull","1459245","1230254","228991"
"2013-04-23","DevNull","1550299","1305462","244837"
"2013-04-24","DevNull","1314179","1120566","193613"
"2013-04-25","DevNull","1540673","1305133","235540"
"2013-04-26","DevNull","1310083","1106643","203440"
"2013-04-27","DevNull","1150117","955432","194685"
"2013-04-28","DevNull","1416651","1176825","239826"
"2013-04-29","DevNull","1721904","1439465","282439"
"2013-04-30","DevNull","1125301","957407","167894"
"2013-05-01","DevNull","439554","362789","76765"
"2013-05-02","DevNull","1663354","1396443","266911"
"2013-05-03","DevNull","1412752","1160024","252728"
"2013-05-04","DevNull","1285684","1070388","215296"
"2013-05-05","DevNull","1402776","1144400","258376"
"2013-05-06","DevNull","1391926","1157796","234130"
"2013-05-07","DevNull","1300794","1066918","233876"
"2013-05-08","DevNull","1247409","1030505","216904"
"2013-05-09","DevNull","1536982","1254903","282079"
"2013-05-10","DevNull","1579419","1331706","247713"
"2013-05-11","DevNull","1415709","1168775","246934"
"2013-05-12","DevNull","1218077","984888","233189"
"2013-05-13","DevNull","1513249","1243230","270019"
"2013-05-14","DevNull","1273665","1074254","199411"
"2013-05-15","DevNull","1479819","1216397","263422"
"2013-05-16","DevNull","1173481","971886","201595"
"2013-05-17","DevNull","1215159","981123","234036"
"2013-05-18","DevNull","1082004","876612","205392"
"2013-05-19","DevNull","1302592","1072387","230205"
"2013-05-20","DevNull","1511435","1261289","250146"
"2013-05-21","DevNull","1509456","1239237","270219"
"2013-05-22","DevNull","1092658","883968","208690"
"2013-05-23","DevNull","1251647","1020005","231642"
"2013-05-24","DevNull","1277665","1031859","245806"
"2013-05-25","DevNull","1391164","1144136","247028"
"2013-05-26","DevNull","1476029","1223304","252725"
"2013-05-27","DevNull","1358348","1128747","229601"
"2013-05-28","DevNull","1244905","1017193","227712"
"2013-05-29","DevNull","1306098","1071038","235060"
"2013-05-30","DevNull","1144622","917974","226648"
"2013-05-31","DevNull","864202","698347","165855"
"2008-06-01","Dorx","55812","51682","4130"
"2008-06-02","Dorx","20487","20081","406"
"2008-06-03","Dorx","38836","37099","1737"
"2008-06-04","Dorx","9698","9192","506"
"2008-06-05","Dorx","29935","27177","2758"
"2008-06-06","Dorx","15186","13309","1877"
"2008-06-07","Dorx","93546","65294","28252"
"2008-06-08","Dorx","48561","45644","2917"
"2008-06-09","Dorx","30705","29260","1445"
"2008-06-10","Dorx","126500","95447","31053"
"2008-06-11","Dorx","8518","8024","494"
"2008-06-12","Dorx","112023","82228","29795"
"2008-06-13","Dorx","55684","52574","3110"
"2008-06-14","Dorx","4079","3957","122"
"2008-06-15","Dorx","44134","39630","4504"
"2008-06-16","Dorx","36354","33694","2660"
"2008-06-17","Dorx","15617","13509","2108"
"2008-06-18","Dorx","13066","12249","817"
"2008-06-19","Dorx","30157","27630","2527"
"2008-06-20","Dorx","21416","20560","856"
"2008-06-21","Dorx","62854","58852","4002"
"2008-06-22","Dorx","14469","13328","1141"
"2008-06-23","Dorx","19377","17663","1714"
"2008-06-24","Dorx","12957","10112","2845"
"2008-06-25","Dorx","8518","8024","494"
"2008-06-26","Dorx","34156","33648","508"
"2008-06-27","Dorx","13776","13016","760"
"2008-06-28","Dorx","16877","14716","2161"
"2008-06-29","Dorx","139018","107239","31779"
"2008-06-30","Dorx","71348","64208","7140"
"2008-07-01","Dorx","2879","2545","334"
"2008-07-02","Dorx","19796","16229","3567"
"2008-07-03","Dorx","37114","34423","2691"
"2008-07-04","Dorx","17907","15505","2402"
"2008-07-05","Dorx","29904","28887","1017"
"2008-07-06","Dorx","27207","24292","2915"
"2008-07-07","Dorx","63302","58402","4900"
"2008-07-08","Dorx","4329","3442","887"
"2008-07-09","Dorx","58513","55445","3068"
"2008-07-10","Dorx","30714","26676","4038"
"2008-07-11","Dorx","20307","18457","1850"
"2008-07-12","Dorx","36025","33329","2696"
"2008-07-13","Dorx","32085","27534","4551"
"2008-07-14","Dorx","8478","8137","341"
"2008-07-15","Dorx","6937","6125","812"
"2008-07-16","Dorx","65893","62455","3438"
"2008-07-17","Dorx","30404","27386","3018"
"2008-07-18","Dorx","8138","7670","468"
"2008-07-19","Dorx","29515","26803","2712"
"2008-07-20","Dorx","13766","12289","1477"
"2008-07-21","Dorx","35757","33197","2560"
"2008-07-22","Dorx","14927","13864","1063"
"2008-07-23","Dorx","15866","12871","2995"
"2008-07-24","Dorx","48705","47015","1690"
"2008-07-25","Dorx","18566","17256","1310"
"2008-07-26","Dorx","24296","23420","876"
"2008-07-27","Dorx","12877","11697","1180"
"2008-07-28","Dorx","11357","10682","675"
"2008-07-29","Dorx","28192","25427","2765"
"2008-07-30","Dorx","29694","26618","3076"
"2008-07-31","Dorx","35336","33226","2110"
"2008-08-01","Dorx","38745","32722","6023"
"2008-08-02","Dorx","62663","58272","4391"
"2008-08-03","Dorx","22537","22248","289"
"2008-08-04","Dorx","41166","38982","2184"
"2008-08-05","Dorx","27085","26473","612"
"2008-08-06","Dorx","33644","28940","4704"
"2008-08-07","Dorx","26596","24371","2225"
"2008-08-08","Dorx","52685","47790","4895"
"2008-08-09","Dorx","33104","30786","2318"
"2008-08-10","Dorx","38053","34527","3526"
"2008-08-11","Dorx","5639","5479","160"
"2008-08-12","Dorx","28657","25189","3468"
"2008-08-13","Dorx","27525","26622","903"
"2008-08-15","Dorx","36486","35531","955"
"2008-08-16","Dorx","65231","60250","4981"
"2008-08-17","Dorx","122505","94938","27567"
"2008-08-18","Dorx","16498","15118","1380"
"2008-08-19","Dorx","21427","19830","1597"
"2008-08-20","Dorx","32835","30965","1870"
"2008-08-21","Dorx","13347","12098","1249"
"2008-08-22","Dorx","42173","40180","1993"
"2008-08-23","Dorx","22945","21528","1417"
"2008-08-24","Dorx","22627","21242","1385"
"2008-08-25","Dorx","18255","16433","1822"
"2008-08-26","Dorx","20108","18807","1301"
"2008-08-27","Dorx","5639","5479","160"
"2008-08-28","Dorx","46463","40736","5727"
"2008-08-29","Dorx","8048","7086","962"
"2008-08-30","Dorx","38797","35075","3722"
"2008-08-31","Dorx","18086","16125","1961"
"2008-09-01","Dorx","22557","19496","3061"
"2008-09-02","Dorx","25165","22786","2379"
"2008-09-03","Dorx","23836","23027","809"
"2008-09-04","Dorx","30956","28714","2242"
"2008-09-05","Dorx","56484","53867","2617"
"2008-09-06","Dorx","16898","16769","129"
"2008-09-07","Dorx","20187","18531","1656"
"2008-09-08","Dorx","38034","34875","3159"
"2008-09-09","Dorx","22607","20998","1609"
"2008-09-10","Dorx","5798","5242","556"
"2008-09-11","Dorx","16057","14335","1722"
"2008-09-12","Dorx","42546","39391","3155"
"2008-09-13","Dorx","215922","156603","59319"
"2008-09-14","Dorx","48616","44412","4204"
"2008-09-15","Dorx","45504","40474","5030"
"2008-09-16","Dorx","22637","20340","2297"
"2008-09-17","Dorx","16186","15293","893"
"2008-09-18","Dorx","37134","33153","3981"
"2008-09-19","Dorx","5639","5479","160"
"2008-09-20","Dorx","33386","30215","3171"
"2008-09-21","Dorx","28295","27338","957"
"2008-09-22","Dorx","45573","41765","3808"
"2008-09-23","Dorx","48354","43602","4752"
"2008-09-24","Dorx","26166","23009","3157"
"2008-09-25","Dorx","121414","92188","29226"
"2008-09-26","Dorx","97397","68457","28940"
"2008-09-27","Dorx","31355","29094","2261"
"2008-09-28","Dorx","32957","29298","3659"
"2008-09-29","Dorx","35435","34784","651"
"2008-09-30","Dorx","41675","39757","1918"
"2008-10-01","Dorx","12819","12812","7"
"2008-10-02","Dorx","62884","58312","4572"
"2008-10-03","Dorx","21487","19417","2070"
"2008-10-04","Dorx","90472","85438","5034"
"2008-10-05","Dorx","62931","57459","5472"
"2008-10-06","Dorx","27664","26141","1523"
"2008-10-07","Dorx","14907","13620","1287"
"2008-10-08","Dorx","72012","65125","6887"
"2008-10-09","Dorx","27033","25173","1860"
"2008-10-10","Dorx","62744","59292","3452"
"2008-10-11","Dorx","115993","84048","31945"
"2008-10-12","Dorx","13878","12842","1036"
"2008-10-13","Dorx","19457","17702","1755"
"2008-10-14","Dorx","23326","22739","587"
"2008-10-15","Dorx","29396","27192","2204"
"2008-10-16","Dorx","64781","58649","6132"
"2008-10-17","Dorx","30305","27609","2696"
"2008-10-18","Dorx","21635","20790","845"
"2008-10-19","Dorx","26936","26428","508"
"2008-10-20","Dorx","6958","6502","456"
"2008-10-21","Dorx","41396","37100","4296"
"2008-10-22","Dorx","105793","76263","29530"
"2008-10-23","Dorx","122233","89398","32835"
"2008-10-24","Dorx","35375","34728","647"
"2008-10-25","Dorx","23734","20590","3144"
"2008-10-26","Dorx","8478","8137","341"
"2008-10-27","Dorx","64369","57816","6553"
"2008-10-28","Dorx","22656","21859","797"
"2008-10-29","Dorx","44636","42013","2623"
"2008-10-30","Dorx","24447","23810","637"
"2008-10-31","Dorx","59211","56007","3204"
"2008-11-01","Dorx","30013","27491","2522"
"2008-11-02","Dorx","21427","19830","1597"
"2008-11-03","Dorx","14469","13328","1141"
"2008-11-04","Dorx","31134","29040","2094"
"2008-11-05","Dorx","18548","17285","1263"
"2008-11-07","Dorx","126273","95662","30611"
"2008-11-08","Dorx","81518","75236","6282"
"2008-11-09","Dorx","106923","76137","30786"
"2008-11-10","Dorx","52605","49375","3230"
"2008-11-11","Dorx","48275","44432","3843"
"2008-11-12","Dorx","13367","12342","1025"
"2008-11-13","Dorx","147861","114613","33248"
"2008-11-14","Dorx","35072","31974","3098"
"2008-11-15","Dorx","30254","27832","2422"
"2008-11-16","Dorx","10417","8945","1472"
"2008-11-17","Dorx","36015","33439","2576"
"2008-11-18","Dorx","35673","30730","4943"
"2008-11-19","Dorx","28938","26656","2282"
"2008-11-20","Dorx","18458","18291","167"
"2008-11-21","Dorx","15577","13622","1955"
"2008-11-22","Dorx","35976","33197","2779"
"2008-11-23","Dorx","38154","35539","2615"
"2008-11-24","Dorx","35305","32672","2633"
"2008-11-25","Dorx","8669","8414","255"
"2008-11-26","Dorx","18285","15775","2510"
"2008-11-27","Dorx","15337","14671","666"
"2008-11-28","Dorx","27726","26432","1294"
"2008-11-29","Dorx","16898","16769","129"
"2008-11-30","Dorx","27766","24729","3037"
"2008-12-01","Dorx","42714","37890","4824"
"2008-12-02","Dorx","15536","14321","1215"
"2008-12-03","Dorx","51854","47461","4393"
"2008-12-04","Dorx","46642","41718","4924"
"2008-12-05","Dorx","49384","48067","1317"
"2008-12-06","Dorx","5838","5129","709"
"2008-12-07","Dorx","36765","33120","3645"
"2008-12-08","Dorx","34236","33687","549"
"2008-12-09","Dorx","66204","63278","2926"
"2008-12-10","Dorx","54455","50545","3910"
"2008-12-11","Dorx","44785","40735","4050"
"2008-12-12","Dorx","16306","14682","1624"
"2008-12-13","Dorx","100184","70561","29623"
"2008-12-14","Dorx","85727","57635","28092"
"2008-12-15","Dorx","44743","40911","3832"
"2008-12-16","Dorx","41624","39518","2106"
"2008-12-18","Dorx","27854","25641","2213"
"2008-12-19","Dorx","25775","24521","1254"
"2008-12-20","Dorx","25814","23210","2604"
"2008-12-21","Dorx","16275","15207","1068"
"2008-12-22","Dorx","30847","30052","795"
"2008-12-23","Dorx","11127","9596","1531"
"2008-12-24","Dorx","28596","26399","2197"
"2008-12-25","Dorx","16005","14589","1416"
"2008-12-26","Dorx","42665","40143","2522"
"2008-12-27","Dorx","53371","49738","3633"
"2008-12-28","Dorx","51344","48240","3104"
"2008-12-29","Dorx","117554","87396","30158"
"2008-12-30","Dorx","46723","42740","3983"
"2008-12-31","Dorx","28938","26656","2282"
"2009-01-01","Dorx","74721","67306","7415"
"2009-01-02","Dorx","15778","15396","382"
"2009-01-03","Dorx","51483","47378","4105"
"2009-01-04","Dorx","149211","115989","33222"
"2009-01-05","Dorx","90058","82339","7719"
"2009-01-06","Dorx","67612","61654","5958"
"2009-01-07","Dorx","51892","50393","1499"
"2009-01-08","Dorx","70886","65334","5552"
"2009-01-09","Dorx","110762","80265","30497"
"2009-01-10","Dorx","58519","54396","4123"
"2009-01-11","Dorx","79118","74572","4546"
"2009-01-12","Dorx","83861","75499","8362"
"2009-01-13","Dorx","60882","56095","4787"
"2009-01-14","Dorx","100675","94014","6661"
"2009-01-15","Dorx","46218","42045","4173"
"2009-01-16","Dorx","59840","56866","2974"
"2009-01-17","Dorx","33493","30848","2645"
"2009-01-18","Dorx","88976","83752","5224"
"2009-01-19","Dorx","83193","74807","8386"
"2009-01-20","Dorx","241917","182306","59611"
"2009-01-21","Dorx","90518","83829","6689"
"2009-01-22","Dorx","48562","45966","2596"
"2009-01-23","Dorx","53591","50196","3395"
"2009-01-24","Dorx","66990","62848","4142"
"2009-01-25","Dorx","62353","55161","7192"
"2009-01-26","Dorx","99049","90118","8931"
"2009-01-27","Dorx","76300","69727","6573"
"2009-01-28","Dorx","77998","72443","5555"
"2009-01-29","Dorx","80637","72393","8244"
"2009-01-30","Dorx","46362","43576","2786"
"2009-01-31","Dorx","55920","48023","7897"
"2009-02-01","Dorx","69550","64584","4966"
"2009-02-02","Dorx","50973","45154","5819"
"2009-02-03","Dorx","60479","56654","3825"
"2009-02-04","Dorx","40822","36399","4423"
"2009-02-05","Dorx","64930","59314","5616"
"2009-02-06","Dorx","100593","93444","7149"
"2009-02-07","Dorx","52331","45334","6997"
"2009-02-08","Dorx","50159","45315","4844"
"2009-02-09","Dorx","131893","101090","30803"
"2009-02-10","Dorx","80428","74239","6189"
"2009-02-11","Dorx","125901","92036","33865"
"2009-02-12","Dorx","26624","23179","3445"
"2009-02-13","Dorx","42025","37801","4224"
"2009-02-14","Dorx","36855","32384","4471"
"2009-02-15","Dorx","83319","77833","5486"
"2009-02-16","Dorx","57152","54656","2496"
"2009-02-17","Dorx","87316","81798","5518"
"2009-02-18","Dorx","111877","103148","8729"
"2009-02-19","Dorx","41831","38599","3232"
"2009-02-20","Dorx","75031","68616","6415"
"2009-02-21","Dorx","49570","45102","4468"
"2009-02-22","Dorx","81709","76492","5217"
"2009-02-23","Dorx","77888","72627","5261"
"2009-02-24","Dorx","49082","44108","4974"
"2009-02-25","Dorx","38701","36035","2666"
"2009-02-26","Dorx","122950","93248","29702"
"2009-02-27","Dorx","54334","51205","3129"
"2009-02-28","Dorx","97047","86765","10282"
"2009-03-01","Dorx","60642","55327","5315"
"2009-03-02","Dorx","93516","88469","5047"
"2009-03-03","Dorx","61139","56055","5084"
"2009-03-04","Dorx","19837","19109","728"
"2009-03-05","Dorx","55102","52341","2761"
"2009-03-06","Dorx","16295","15451","844"
"2009-03-07","Dorx","40713","37367","3346"
"2009-03-08","Dorx","97124","89675","7449"
"2009-03-09","Dorx","124280","91490","32790"
"2009-03-10","Dorx","58089","53903","4186"
"2009-03-11","Dorx","61533","55191","6342"
"2009-03-12","Dorx","61240","57955","3285"
"2009-03-13","Dorx","26834","24263","2571"
"2009-03-14","Dorx","78429","72496","5933"
"2009-03-15","Dorx","53421","50914","2507"
"2009-03-16","Dorx","60282","56136","4146"
"2009-03-17","Dorx","39955","36871","3084"
"2009-03-18","Dorx","24546","23794","752"
"2009-03-19","Dorx","33505","30443","3062"
"2009-03-20","Dorx","143050","108687","34363"
"2009-03-21","Dorx","156708","123293","33415"
"2009-03-22","Dorx","41603","36650","4953"
"2009-03-23","Dorx","51249","46997","4252"
"2009-03-24","Dorx","128603","96667","31936"
"2009-03-25","Dorx","103215","97098","6117"
"2009-03-26","Dorx","48971","46120","2851"
"2009-03-27","Dorx","46992","43345","3647"
"2009-03-28","Dorx","80660","75829","4831"
"2009-03-29","Dorx","150159","115652","34507"
"2009-03-30","Dorx","99998","91125","8873"
"2009-03-31","Dorx","37662","34214","3448"
"2009-04-01","Dorx","67540","61324","6216"
"2009-04-02","Dorx","96135","67057","29078"
"2009-04-03","Dorx","79349","72923","6426"
"2009-04-04","Dorx","108497","101405","7092"
"2009-04-05","Dorx","41159","37708","3451"
"2009-04-06","Dorx","89579","81100","8479"
"2009-04-07","Dorx","164936","131899","33037"
"2009-04-08","Dorx","64321","60561","3760"
"2009-04-09","Dorx","71307","66367","4940"
"2009-04-10","Dorx","39151","36651","2500"
"2009-04-11","Dorx","71027","66099","4928"
"2009-04-12","Dorx","35155","33059","2096"
"2009-04-13","Dorx","55000","51633","3367"
"2009-04-14","Dorx","125331","93981","31350"
"2009-04-15","Dorx","77672","71322","6350"
"2009-04-16","Dorx","76131","69745","6386"
"2009-04-17","Dorx","177374","137632","39742"
"2009-04-18","Dorx","19815","17955","1860"
"2009-04-19","Dorx","86096","76226","9870"
"2009-04-20","Dorx","77316","69927","7389"
"2009-04-21","Dorx","177787","143048","34739"
"2009-04-22","Dorx","74905","67903","7002"
"2009-04-23","Dorx","115790","85823","29967"
"2009-04-24","Dorx","53134","47866","5268"
"2009-04-25","Dorx","107397","100349","7048"
"2009-04-26","Dorx","97488","89859","7629"
"2009-04-27","Dorx","43733","41105","2628"
"2009-04-28","Dorx","131752","99819","31933"
"2009-04-29","Dorx","182114","143664","38450"
"2009-04-30","Dorx","65733","59515","6218"
"2009-05-01","Dorx","46941","42858","4083"
"2009-05-02","Dorx","63750","58861","4889"
"2009-05-03","Dorx","148151","113653","34498"
"2009-05-04","Dorx","33064","30228","2836"
"2009-05-05","Dorx","50181","48481","1700"
"2009-05-06","Dorx","26737","24944","1793"
"2009-05-07","Dorx","36292","33403","2889"
"2009-05-08","Dorx","55890","52710","3180"
"2009-05-09","Dorx","38013","33224","4789"
"2009-05-10","Dorx","61861","56935","4926"
"2009-05-11","Dorx","63953","57401","6552"
"2009-05-12","Dorx","78687","72378","6309"
"2009-05-13","Dorx","46951","43997","2954"
"2009-05-14","Dorx","137889","104068","33821"
"2009-05-15","Dorx","160416","125994","34422"
"2009-05-16","Dorx","116604","106818","9786"
"2009-05-17","Dorx","41604","39316","2288"
"2009-05-18","Dorx","139147","105821","33326"
"2009-05-19","Dorx","118623","88965","29658"
"2009-05-20","Dorx","20907","19785","1122"
"2009-05-21","Dorx","106402","76720","29682"
"2009-05-22","Dorx","28944","27449","1495"
"2009-05-23","Dorx","48934","43234","5700"
"2009-05-24","Dorx","47065","45454","1611"
"2009-05-25","Dorx","51458","47474","3984"
"2009-05-26","Dorx","77148","73262","3886"
"2009-05-27","Dorx","96397","89941","6456"
"2009-05-28","Dorx","70851","67784","3067"
"2009-05-29","Dorx","50201","46425","3776"
"2009-05-30","Dorx","145979","115556","30423"
"2009-05-31","Dorx","85670","82389","3281"
"2009-06-01","Dorx","61268","54816","6452"
"2009-06-02","Dorx","75909","69042","6867"
"2009-06-03","Dorx","67690","64277","3413"
"2009-06-04","Dorx","92357","85718","6639"
"2009-06-05","Dorx","88797","80254","8543"
"2009-06-06","Dorx","126148","93440","32708"
"2009-06-07","Dorx","171533","141011","30522"
"2009-06-08","Dorx","77148","69833","7315"
"2009-06-09","Dorx","65197","59530","5667"
"2009-06-10","Dorx","67547","61105","6442"
"2009-06-11","Dorx","89018","83533","5485"
"2009-06-12","Dorx","77974","73586","4388"
"2009-06-13","Dorx","53530","48604","4926"
"2009-06-14","Dorx","121616","113050","8566"
"2009-06-15","Dorx","71696","61075","10621"
"2009-06-16","Dorx","80530","74107","6423"
"2009-06-17","Dorx","111555","103253","8302"
"2009-06-18","Dorx","170338","138321","32017"
"2009-06-19","Dorx","26754","24512","2242"
"2009-06-20","Dorx","57150","53182","3968"
"2009-06-21","Dorx","199782","163159","36623"
"2009-06-22","Dorx","167436","129660","37776"
"2009-06-23","Dorx","65547","58455","7092"
"2009-06-24","Dorx","129202","98846","30356"
"2009-06-25","Dorx","113775","105763","8012"
"2009-06-26","Dorx","55730","49106","6624"
"2009-06-27","Dorx","75117","69553","5564"
"2009-06-28","Dorx","224810","189932","34878"
"2009-06-29","Dorx","94943","85601","9342"
"2009-06-30","Dorx","193894","158138","35756"
"2009-07-01","Dorx","66419","61574","4845"
"2009-07-02","Dorx","136671","105848","30823"
"2009-07-03","Dorx","65890","62772","3118"
"2009-07-04","Dorx","90474","83725","6749"
"2009-07-05","Dorx","75968","72919","3049"
"2009-07-06","Dorx","93038","87488","5550"
"2009-07-07","Dorx","66520","60142","6378"
"2009-07-08","Dorx","57858","55289","2569"
"2009-07-09","Dorx","62749","57654","5095"
"2009-07-10","Dorx","44404","42137","2267"
"2009-07-11","Dorx","104565","93660","10905"
"2009-07-12","Dorx","103731","95260","8471"
"2009-07-13","Dorx","60569","53287","7282"
"2009-07-14","Dorx","48062","41814","6248"
"2009-07-15","Dorx","91786","83143","8643"
"2009-07-16","Dorx","143911","114391","29520"
"2009-07-17","Dorx","73151","67299","5852"
"2009-07-18","Dorx","83996","79241","4755"
"2009-07-19","Dorx","189655","151920","37735"
"2009-07-20","Dorx","89457","81358","8099"
"2009-07-21","Dorx","42312","39881","2431"
"2009-07-22","Dorx","81377","74467","6910"
"2009-07-23","Dorx","59929","56780","3149"
"2009-07-24","Dorx","159991","152010","7981"
"2009-07-25","Dorx","81618","75731","5887"
"2009-07-26","Dorx","158474","124851","33623"
"2009-07-27","Dorx","50450","43575","6875"
"2009-07-28","Dorx","73348","66316","7032"
"2009-07-29","Dorx","106641","98529","8112"
"2009-07-30","Dorx","179035","144775","34260"
"2009-07-31","Dorx","87585","82252","5333"
"2009-08-01","Dorx","83697","78723","4974"
"2009-08-02","Dorx","65116","60962","4154"
"2009-08-03","Dorx","86928","81000","5928"
"2009-08-04","Dorx","66912","61675","5237"
"2009-08-05","Dorx","66560","61966","4594"
"2009-08-06","Dorx","64809","58557","6252"
"2009-08-07","Dorx","83146","79005","4141"
"2009-08-08","Dorx","77849","72279","5570"
"2009-08-09","Dorx","200122","163106","37016"
"2009-08-10","Dorx","83358","71770","11588"
"2009-08-11","Dorx","121323","114973","6350"
"2009-08-12","Dorx","41350","38175","3175"
"2009-08-13","Dorx","50352","47541","2811"
"2009-08-14","Dorx","97338","91898","5440"
"2009-08-15","Dorx","80959","72929","8030"
"2009-08-16","Dorx","60700","55971","4729"
"2009-08-17","Dorx","152659","139295","13364"
"2009-08-18","Dorx","53929","51094","2835"
"2009-08-19","Dorx","104066","99236","4830"
"2009-08-20","Dorx","110784","81313","29471"
"2009-08-21","Dorx","16225","14510","1715"
"2009-08-22","Dorx","91179","88367","2812"
"2009-08-23","Dorx","54571","51687","2884"
"2009-08-24","Dorx","53422","49080","4342"
"2009-08-25","Dorx","178894","143295","35599"
"2009-08-26","Dorx","88556","79305","9251"
"2009-08-27","Dorx","220457","161202","59255"
"2009-08-28","Dorx","76275","69759","6516"
"2009-08-29","Dorx","43493","39880","3613"
"2009-08-30","Dorx","90086","82000","8086"
"2009-08-31","Dorx","113418","106594","6824"
"2009-09-01","Dorx","100689","94595","6094"
"2009-09-02","Dorx","176978","141248","35730"
"2009-09-03","Dorx","41852","39488","2364"
"2009-09-04","Dorx","102076","90344","11732"
"2009-09-05","Dorx","96464","89333","7131"
"2009-09-06","Dorx","77918","73425","4493"
"2009-09-07","Dorx","45339","40824","4515"
"2009-09-08","Dorx","82897","77857","5040"
"2009-09-09","Dorx","122687","117235","5452"
"2009-09-10","Dorx","91447","85313","6134"
"2009-09-11","Dorx","164138","134961","29177"
"2009-09-12","Dorx","79033","73978","5055"
"2009-09-13","Dorx","88699","82538","6161"
"2009-09-14","Dorx","193786","158498","35288"
"2009-09-15","Dorx","61661","57974","3687"
"2009-09-16","Dorx","112646","101700","10946"
"2009-09-17","Dorx","50184","47828","2356"
"2009-09-18","Dorx","67529","60134","7395"
"2009-09-19","Dorx","81551","76904","4647"
"2009-09-20","Dorx","125680","94792","30888"
"2009-09-21","Dorx","70097","64239","5858"
"2009-09-22","Dorx","119508","112226","7282"
"2009-09-23","Dorx","97495","89392","8103"
"2009-09-24","Dorx","129082","98485","30597"
"2009-09-25","Dorx","47083","45425","1658"
"2009-09-26","Dorx","124943","115239","9704"
"2009-09-27","Dorx","46192","41096","5096"
"2009-09-28","Dorx","103957","89132","14825"
"2009-09-29","Dorx","54549","49457","5092"
"2009-09-30","Dorx","35542","33154","2388"
"2009-10-01","Dorx","93437","85237","8200"
"2009-10-02","Dorx","64269","59068","5201"
"2009-10-03","Dorx","94639","86760","7879"
"2009-10-04","Dorx","93287","87270","6017"
"2009-10-05","Dorx","133702","101184","32518"
"2009-10-06","Dorx","61388","58471","2917"
"2009-10-07","Dorx","160086","127317","32769"
"2009-10-08","Dorx","110002","101546","8456"
"2009-10-09","Dorx","63680","60049","3631"
"2009-10-10","Dorx","117005","110543","6462"
"2009-10-11","Dorx","61437","54313","7124"
"2009-10-12","Dorx","42014","38003","4011"
"2009-10-13","Dorx","47640","44892","2748"
"2009-10-14","Dorx","85058","76098","8960"
"2009-10-15","Dorx","180695","147002","33693"
"2009-10-16","Dorx","66770","63740","3030"
"2009-10-17","Dorx","68029","62315","5714"
"2009-10-18","Dorx","90938","84538","6400"
"2009-10-19","Dorx","52039","47041","4998"
"2009-10-20","Dorx","32711","30489","2222"
"2009-10-21","Dorx","120681","111810","8871"
"2009-10-22","Dorx","102799","96446","6353"
"2009-10-23","Dorx","143589","112463","31126"
"2009-10-24","Dorx","77587","72509","5078"
"2009-10-25","Dorx","163443","156494","6949"
"2009-10-26","Dorx","75097","69456","5641"
"2009-10-27","Dorx","91249","87654","3595"
"2009-10-28","Dorx","82996","75848","7148"
"2009-10-29","Dorx","144669","111807","32862"
"2009-10-30","Dorx","81306","78243","3063"
"2009-10-31","Dorx","328391","258800","69591"
"2009-11-01","Dorx","83568","78292","5276"
"2009-11-02","Dorx","155881","123970","31911"
"2009-11-03","Dorx","192323","158555","33768"
"2009-11-04","Dorx","238495","175440","63055"
"2009-11-05","Dorx","117092","109493","7599"
"2009-11-06","Dorx","64909","61058","3851"
"2009-11-07","Dorx","51253","48285","2968"
"2009-11-08","Dorx","40864","37288","3576"
"2009-11-09","Dorx","54521","48997","5524"
"2009-11-10","Dorx","90759","84149","6610"
"2009-11-11","Dorx","51674","48554","3120"
"2009-11-12","Dorx","32354","29461","2893"
"2009-11-13","Dorx","100361","93303","7058"
"2009-11-14","Dorx","62917","59626","3291"
"2009-11-15","Dorx","71440","64076","7364"
"2009-11-16","Dorx","89695","83180","6515"
"2009-11-17","Dorx","75247","68059","7188"
"2009-11-18","Dorx","57749","55022","2727"
"2009-11-19","Dorx","41272","37251","4021"
"2009-11-20","Dorx","214391","177145","37246"
"2009-11-21","Dorx","193865","160270","33595"
"2009-11-22","Dorx","85056","78424","6632"
"2009-11-23","Dorx","68759","62034","6725"
"2009-11-24","Dorx","56420","49297","7123"
"2009-11-25","Dorx","164197","129126","35071"
"2009-11-26","Dorx","104853","73832","31021"
"2009-11-27","Dorx","103099","94816","8283"
"2009-11-28","Dorx","81241","78920","2321"
"2009-11-29","Dorx","192523","154197","38326"
"2009-11-30","Dorx","78656","70090","8566"
"2009-12-01","Dorx","60529","56205","4324"
"2009-12-02","Dorx","77148","72232","4916"
"2009-12-03","Dorx","113137","104216","8921"
"2009-12-04","Dorx","131129","99441","31688"
"2009-12-05","Dorx","40959","36920","4039"
"2009-12-06","Dorx","45563","41297","4266"
"2009-12-07","Dorx","169388","137330","32058"
"2009-12-08","Dorx","64409","58379","6030"
"2009-12-09","Dorx","126431","117451","8980"
"2009-12-10","Dorx","64840","59488","5352"
"2009-12-11","Dorx","94155","84220","9935"
"2009-12-12","Dorx","98688","90251","8437"
"2009-12-13","Dorx","73831","69194","4637"
"2009-12-14","Dorx","95646","85965","9681"
"2009-12-15","Dorx","90690","84277","6413"
"2009-12-16","Dorx","99358","93435","5923"
"2009-12-17","Dorx","49982","48831","1151"
"2009-12-18","Dorx","127823","98028","29795"
"2009-12-19","Dorx","24573","22587","1986"
"2009-12-20","Dorx","57670","54153","3517"
"2009-12-21","Dorx","102702","95397","7305"
"2009-12-22","Dorx","29985","28006","1979"
"2009-12-23","Dorx","80285","71992","8293"
"2009-12-24","Dorx","67439","64472","2967"
"2009-12-25","Dorx","52683","50714","1969"
"2009-12-26","Dorx","59810","51210","8600"
"2009-12-27","Dorx","147314","141015","6299"
"2009-12-28","Dorx","97352","88327","9025"
"2009-12-29","Dorx","170011","156874","13137"
"2009-12-30","Dorx","54051","48716","5335"
"2009-12-31","Dorx","84925","76620","8305"
"2010-01-01","Dorx","203171","165386","37785"
"2010-01-02","Dorx","252631","190066","62565"
"2010-01-03","Dorx","220861","183636","37225"
"2010-01-04","Dorx","134929","129531","5398"
"2010-01-05","Dorx","132069","122560","9509"
"2010-01-06","Dorx","133846","121912","11934"
"2010-01-07","Dorx","188408","177800","10608"
"2010-01-08","Dorx","110984","105263","5721"
"2010-01-09","Dorx","104515","96064","8451"
"2010-01-10","Dorx","117374","110598","6776"
"2010-01-11","Dorx","93594","86663","6931"
"2010-01-12","Dorx","125981","115582","10399"
"2010-01-13","Dorx","90633","82118","8515"
"2010-01-14","Dorx","91234","80260","10974"
"2010-01-15","Dorx","175654","139790","35864"
"2010-01-16","Dorx","56159","51854","4305"
"2010-01-17","Dorx","39012","36185","2827"
"2010-01-18","Dorx","91315","86757","4558"
"2010-01-19","Dorx","176807","143269","33538"
"2010-01-20","Dorx","73770","68987","4783"
"2010-01-21","Dorx","228365","192091","36274"
"2010-01-22","Dorx","179796","166463","13333"
"2010-01-23","Dorx","245226","207846","37380"
"2010-01-24","Dorx","157463","146272","11191"
"2010-01-25","Dorx","236608","198208","38400"
"2010-01-26","Dorx","123834","115522","8312"
"2010-01-27","Dorx","124993","117296","7697"
"2010-01-28","Dorx","89125","83747","5378"
"2010-01-29","Dorx","312747","250111","62636"
"2010-01-30","Dorx","134381","125114","9267"
"2010-01-31","Dorx","162062","128156","33906"
"2010-02-01","Dorx","255820","218001","37819"
"2010-02-02","Dorx","145049","133668","11381"
"2010-02-03","Dorx","225939","185430","40509"
"2010-02-04","Dorx","163548","149484","14064"
"2010-02-05","Dorx","149259","137851","11408"
"2010-02-06","Dorx","136679","123110","13569"
"2010-02-07","Dorx","115712","107434","8278"
"2010-02-08","Dorx","158833","144491","14342"
"2010-02-09","Dorx","267045","229818","37227"
"2010-02-10","Dorx","167702","134624","33078"
"2010-02-11","Dorx","155378","144439","10939"
"2010-02-12","Dorx","190705","156556","34149"
"2010-02-13","Dorx","125433","117416","8017"
"2010-02-14","Dorx","170313","135590","34723"
"2010-02-15","Dorx","121372","109842","11530"
"2010-02-16","Dorx","126718","118142","8576"
"2010-02-17","Dorx","41542","38798","2744"
"2010-02-18","Dorx","94515","86789","7726"
"2010-02-19","Dorx","91122","79681","11441"
"2010-02-20","Dorx","127354","117874","9480"
"2010-02-21","Dorx","181452","146993","34459"
"2010-02-22","Dorx","84436","75990","8446"
"2010-02-23","Dorx","222951","184395","38556"
"2010-02-24","Dorx","209191","172876","36315"
"2010-02-25","Dorx","144970","135553","9417"
"2010-02-26","Dorx","85976","79192","6784"
"2010-02-27","Dorx","133920","125164","8756"
"2010-02-28","Dorx","179924","146795","33129"
"2010-03-01","Dorx","157218","145556","11662"
"2010-03-02","Dorx","163936","127034","36902"
"2010-03-03","Dorx","106905","99642","7263"
"2010-03-04","Dorx","103942","95135","8807"
"2010-03-05","Dorx","120721","111777","8944"
"2010-03-06","Dorx","117511","107117","10394"
"2010-03-07","Dorx","85767","75697","10070"
"2010-03-08","Dorx","99927","92502","7425"
"2010-03-09","Dorx","228111","190124","37987"
"2010-03-10","Dorx","267655","207036","60619"
"2010-03-11","Dorx","97183","88046","9137"
"2010-03-12","Dorx","221067","181175","39892"
"2010-03-13","Dorx","125186","112594","12592"
"2010-03-14","Dorx","141071","129879","11192"
"2010-03-15","Dorx","93135","84418","8717"
"2010-03-16","Dorx","116871","106840","10031"
"2010-03-17","Dorx","119144","111890","7254"
"2010-03-18","Dorx","140856","127333","13523"
"2010-03-19","Dorx","187699","154182","33517"
"2010-03-20","Dorx","54648","50665","3983"
"2010-03-21","Dorx","194322","158495","35827"
"2010-03-22","Dorx","144267","132791","11476"
"2010-03-23","Dorx","110673","102835","7838"
"2010-03-24","Dorx","269524","205096","64428"
"2010-03-25","Dorx","120321","113088","7233"
"2010-03-26","Dorx","262931","202549","60382"
"2010-03-27","Dorx","137836","128485","9351"
"2010-03-28","Dorx","111403","106670","4733"
"2010-03-29","Dorx","132962","123830","9132"
"2010-03-30","Dorx","82602","76441","6161"
"2010-03-31","Dorx","233298","196207","37091"
"2010-04-01","Dorx","66900","63653","3247"
"2010-04-02","Dorx","161766","148957","12809"
"2010-04-03","Dorx","66308","59784","6524"
"2010-04-04","Dorx","82904","75873","7031"
"2010-04-05","Dorx","103775","96011","7764"
"2010-04-06","Dorx","194344","159555","34789"
"2010-04-07","Dorx","112661","105295","7366"
"2010-04-08","Dorx","277294","236220","41074"
"2010-04-09","Dorx","284071","225542","58529"
"2010-04-10","Dorx","140197","131717","8480"
"2010-04-11","Dorx","65215","61177","4038"
"2010-04-12","Dorx","224756","188550","36206"
"2010-04-13","Dorx","246063","205986","40077"
"2010-04-14","Dorx","317413","252354","65059"
"2010-04-15","Dorx","116132","109042","7090"
"2010-04-16","Dorx","82386","74581","7805"
"2010-04-17","Dorx","136309","125398","10911"
"2010-04-18","Dorx","159705","144945","14760"
"2010-04-19","Dorx","239935","203765","36170"
"2010-04-20","Dorx","168141","158862","9279"
"2010-04-21","Dorx","86259","77941","8318"
"2010-04-22","Dorx","208215","173647","34568"
"2010-04-23","Dorx","96174","89706","6468"
"2010-04-24","Dorx","87493","80378","7115"
"2010-04-25","Dorx","99155","90708","8447"
"2010-04-26","Dorx","88057","81903","6154"
"2010-04-27","Dorx","109323","101707","7616"
"2010-04-28","Dorx","201695","189597","12098"
"2010-04-29","Dorx","107010","98689","8321"
"2010-04-30","Dorx","211989","173539","38450"
"2010-05-01","Dorx","169538","161743","7795"
"2010-05-02","Dorx","278952","213069","65883"
"2010-05-03","Dorx","99926","89892","10034"
"2010-05-04","Dorx","128872","122630","6242"
"2010-05-05","Dorx","187597","176394","11203"
"2010-05-06","Dorx","300670","256138","44532"
"2010-05-07","Dorx","204776","170296","34480"
"2010-05-08","Dorx","140880","131361","9519"
"2010-05-09","Dorx","269954","228141","41813"
"2010-05-10","Dorx","149666","138565","11101"
"2010-05-11","Dorx","125296","117451","7845"
"2010-05-12","Dorx","215846","195853","19993"
"2010-05-13","Dorx","180314","143968","36346"
"2010-05-14","Dorx","162445","146395","16050"
"2010-05-15","Dorx","175673","143992","31681"
"2010-05-16","Dorx","137727","129510","8217"
"2010-05-17","Dorx","116414","108063","8351"
"2010-05-18","Dorx","60097","53567","6530"
"2010-05-19","Dorx","62629","58265","4364"
"2010-05-20","Dorx","111037","103434","7603"
"2010-05-21","Dorx","116964","112868","4096"
"2010-05-22","Dorx","136693","130076","6617"
"2010-05-23","Dorx","120914","113188","7726"
"2010-05-24","Dorx","93283","87800","5483"
"2010-05-25","Dorx","161319","148724","12595"
"2010-05-26","Dorx","96595","89027","7568"
"2010-05-27","Dorx","119081","109290","9791"
"2010-05-28","Dorx","105892","99258","6634"
"2010-05-29","Dorx","98134","87701","10433"
"2010-05-30","Dorx","210701","171539","39162"
"2010-05-31","Dorx","160917","128013","32904"
"2010-06-01","Dorx","257862","208897","48965"
"2010-06-02","Dorx","162762","151272","11490"
"2010-06-03","Dorx","282364","235724","46640"
"2010-06-04","Dorx","176853","163592","13261"
"2010-06-05","Dorx","253045","230931","22114"
"2010-06-06","Dorx","297113","256617","40496"
"2010-06-07","Dorx","354416","304885","49531"
"2010-06-08","Dorx","221549","201629","19920"
"2010-06-09","Dorx","252255","211043","41212"
"2010-06-10","Dorx","309916","288542","21374"
"2010-06-11","Dorx","418223","348917","69306"
"2010-06-12","Dorx","168880","159441","9439"
"2010-06-13","Dorx","232779","214546","18233"
"2010-06-14","Dorx","330367","262616","67751"
"2010-06-15","Dorx","475443","392355","83088"
"2010-06-16","Dorx","529108","402177","126931"
"2010-06-17","Dorx","205338","188889","16449"
"2010-06-18","Dorx","338627","289993","48634"
"2010-06-19","Dorx","301009","255098","45911"
"2010-06-20","Dorx","209336","193905","15431"
"2010-06-21","Dorx","379949","308703","71246"
"2010-06-22","Dorx","301867","259202","42665"
"2010-06-23","Dorx","250194","230179","20015"
"2010-06-24","Dorx","350930","285694","65236"
"2010-06-25","Dorx","356753","282189","74564"
"2010-06-26","Dorx","153142","140176","12966"
"2010-06-27","Dorx","253492","239590","13902"
"2010-06-28","Dorx","132289","120231","12058"
"2010-06-29","Dorx","393141","318206","74935"
"2010-06-30","Dorx","322170","275902","46268"
"2010-07-01","Dorx","304027","256834","47193"
"2010-07-02","Dorx","294901","253506","41395"
"2010-07-03","Dorx","524455","421841","102614"
"2010-07-04","Dorx","196856","183845","13011"
"2010-07-05","Dorx","259311","240381","18930"
"2010-07-06","Dorx","269934","232097","37837"
"2010-07-07","Dorx","203780","188110","15670"
"2010-07-08","Dorx","314620","267270","47350"
"2010-07-09","Dorx","249932","207287","42645"
"2010-07-10","Dorx","329638","281610","48028"
"2010-07-11","Dorx","166086","151410","14676"
"2010-07-12","Dorx","208156","170154","38002"
"2010-07-13","Dorx","305047","262444","42603"
"2010-07-14","Dorx","245817","230844","14973"
"2010-07-15","Dorx","280082","259056","21026"
"2010-07-16","Dorx","165626","151049","14577"
"2010-07-17","Dorx","221958","206714","15244"
"2010-07-18","Dorx","148855","136780","12075"
"2010-07-19","Dorx","139763","129422","10341"
"2010-07-20","Dorx","221667","186212","35455"
"2010-07-21","Dorx","191437","176977","14460"
"2010-07-22","Dorx","227456","210268","17188"
"2010-07-23","Dorx","214373","201129","13244"
"2010-07-24","Dorx","249102","210577","38525"
"2010-07-25","Dorx","229123","208566","20557"
"2010-07-26","Dorx","302950","256955","45995"
"2010-07-27","Dorx","193989","180215","13774"
"2010-07-28","Dorx","293974","249890","44084"
"2010-07-29","Dorx","347397","276289","71108"
"2010-07-30","Dorx","235891","222359","13532"
"2010-07-31","Dorx","254306","238624","15682"
"2010-08-01","Dorx","251146","232898","18248"
"2010-08-02","Dorx","310128","267822","42306"
"2010-08-03","Dorx","207462","168849","38613"
"2010-08-04","Dorx","294471","248387","46084"
"2010-08-05","Dorx","230412","214867","15545"
"2010-08-06","Dorx","258594","236344","22250"
"2010-08-07","Dorx","363951","319221","44730"
"2010-08-08","Dorx","182343","166381","15962"
"2010-08-09","Dorx","147433","133061","14372"
"2010-08-10","Dorx","230386","214781","15605"
"2010-08-11","Dorx","228683","208079","20604"
"2010-08-12","Dorx","221397","203114","18283"
"2010-08-13","Dorx","378129","302672","75457"
"2010-08-14","Dorx","210444","190112","20332"
"2010-08-15","Dorx","193939","178300","15639"
"2010-08-16","Dorx","146794","137566","9228"
"2010-08-17","Dorx","298077","257542","40535"
"2010-08-18","Dorx","248914","206598","42316"
"2010-08-19","Dorx","333865","266009","67856"
"2010-08-20","Dorx","259806","218553","41253"
"2010-08-21","Dorx","285305","241564","43741"
"2010-08-22","Dorx","382947","327112","55835"
"2010-08-23","Dorx","245803","204944","40859"
"2010-08-24","Dorx","284282","243720","40562"
"2010-08-25","Dorx","203538","187576","15962"
"2010-08-26","Dorx","186851","173112","13739"
"2010-08-27","Dorx","232813","216749","16064"
"2010-08-28","Dorx","400472","326017","74455"
"2010-08-29","Dorx","209493","194933","14560"
"2010-08-30","Dorx","339262","293236","46026"
"2010-08-31","Dorx","244564","202542","42022"
"2010-09-01","Dorx","260029","239369","20660"
"2010-09-02","Dorx","418931","348071","70860"
"2010-09-03","Dorx","327234","282055","45179"
"2010-09-04","Dorx","281008","240008","41000"
"2010-09-05","Dorx","199090","186010","13080"
"2010-09-06","Dorx","162281","150471","11810"
"2010-09-07","Dorx","356086","285339","70747"
"2010-09-08","Dorx","205449","189651","15798"
"2010-09-09","Dorx","254211","236859","17352"
"2010-09-10","Dorx","323504","279296","44208"
"2010-09-11","Dorx","246971","204701","42270"
"2010-09-12","Dorx","320328","286319","34009"
"2010-09-13","Dorx","174781","160055","14726"
"2010-09-14","Dorx","229004","208043","20961"
"2010-09-15","Dorx","149935","136873","13062"
"2010-09-16","Dorx","227860","209649","18211"
"2010-09-17","Dorx","185101","170621","14480"
"2010-09-18","Dorx","178872","164059","14813"
"2010-09-19","Dorx","266506","246159","20347"
"2010-09-20","Dorx","325229","275661","49568"
"2010-09-21","Dorx","200876","187342","13534"
"2010-09-22","Dorx","159141","147572","11569"
"2010-09-23","Dorx","215526","178373","37153"
"2010-09-24","Dorx","356206","288155","68051"
"2010-09-25","Dorx","211646","196813","14833"
"2010-09-26","Dorx","281789","238509","43280"
"2010-09-27","Dorx","377219","306552","70667"
"2010-09-28","Dorx","242580","200047","42533"
"2010-09-29","Dorx","320135","277926","42209"
"2010-09-30","Dorx","293759","251852","41907"
"2010-10-01","Dorx","139001","124914","14087"
"2010-10-02","Dorx","243440","201189","42251"
"2010-10-03","Dorx","218577","202090","16487"
"2010-10-04","Dorx","217218","197931","19287"
"2010-10-05","Dorx","277678","254929","22749"
"2010-10-06","Dorx","414469","340613","73856"
"2010-10-07","Dorx","321453","296546","24907"
"2010-10-08","Dorx","199334","182525","16809"
"2010-10-09","Dorx","215169","197458","17711"
"2010-10-10","Dorx","276076","261088","14988"
"2010-10-11","Dorx","247804","229641","18163"
"2010-10-12","Dorx","479385","376954","102431"
"2010-10-13","Dorx","251819","211638","40181"
"2010-10-14","Dorx","239467","197979","41488"
"2010-10-15","Dorx","387789","317557","70232"
"2010-10-16","Dorx","183677","172429","11248"
"2010-10-17","Dorx","361550","315353","46197"
"2010-10-18","Dorx","248655","233016","15639"
"2010-10-19","Dorx","276657","234537","42120"
"2010-10-20","Dorx","199087","184898","14189"
"2010-10-21","Dorx","257508","217581","39927"
"2010-10-22","Dorx","220788","183150","37638"
"2010-10-23","Dorx","182220","171386","10834"
"2010-10-24","Dorx","471739","370842","100897"
"2010-10-25","Dorx","206753","191449","15304"
"2010-10-26","Dorx","268189","228737","39452"
"2010-10-27","Dorx","224153","205197","18956"
"2010-10-28","Dorx","199497","181132","18365"
"2010-10-29","Dorx","277733","236791","40942"
"2010-10-30","Dorx","273276","230910","42366"
"2010-10-31","Dorx","179774","167544","12230"
"2010-11-01","Dorx","359135","286815","72320"
"2010-11-02","Dorx","357816","286752","71064"
"2010-11-03","Dorx","125907","117565","8342"
"2010-11-04","Dorx","332983","287727","45256"
"2010-11-05","Dorx","298908","252118","46790"
"2010-11-06","Dorx","226605","210766","15839"
"2010-11-07","Dorx","319285","278111","41174"
"2010-11-08","Dorx","304372","255067","49305"
"2010-11-09","Dorx","197922","183521","14401"
"2010-11-10","Dorx","286976","244655","42321"
"2010-11-11","Dorx","278598","235501","43097"
"2010-11-12","Dorx","163879","149063","14816"
"2010-11-13","Dorx","200376","185090","15286"
"2010-11-14","Dorx","186939","167037","19902"
"2010-11-15","Dorx","249917","227380","22537"
"2010-11-16","Dorx","345836","300262","45574"
"2010-11-17","Dorx","288502","268980","19522"
"2010-11-18","Dorx","269117","227409","41708"
"2010-11-19","Dorx","337968","269136","68832"
"2010-11-20","Dorx","246247","225628","20619"
"2010-11-21","Dorx","324161","276881","47280"
"2010-11-22","Dorx","289825","243069","46756"
"2010-11-23","Dorx","293267","271685","21582"
"2010-11-24","Dorx","304842","285534","19308"
"2010-11-25","Dorx","334790","289397","45393"
"2010-11-26","Dorx","228079","211950","16129"
"2010-11-27","Dorx","253223","213020","40203"
"2010-11-28","Dorx","290263","224579","65684"
"2010-11-29","Dorx","170885","158867","12018"
"2010-11-30","Dorx","160433","151481","8952"
"2010-12-01","Dorx","321718","289950","31768"
"2010-12-02","Dorx","164088","147672","16416"
"2010-12-03","Dorx","404880","307604","97276"
"2010-12-04","Dorx","213671","196935","16736"
"2010-12-05","Dorx","274650","230811","43839"
"2010-12-06","Dorx","260460","222672","37788"
"2010-12-07","Dorx","212251","200221","12030"
"2010-12-08","Dorx","147312","135028","12284"
"2010-12-09","Dorx","488099","385820","102279"
"2010-12-10","Dorx","210758","194037","16721"
"2010-12-11","Dorx","348333","298680","49653"
"2010-12-12","Dorx","266228","227574","38654"
"2010-12-13","Dorx","203815","190580","13235"
"2010-12-14","Dorx","309233","264760","44473"
"2010-12-15","Dorx","232233","210673","21560"
"2010-12-16","Dorx","232724","214862","17862"
"2010-12-17","Dorx","472841","374953","97888"
"2010-12-18","Dorx","410182","337670","72512"
"2010-12-19","Dorx","383107","314304","68803"
"2010-12-20","Dorx","207375","189371","18004"
"2010-12-21","Dorx","161428","148642","12786"
"2010-12-22","Dorx","219167","200048","19119"
"2010-12-23","Dorx","172061","158784","13277"
"2010-12-24","Dorx","371563","331381","40182"
"2010-12-25","Dorx","246604","211120","35484"
"2010-12-26","Dorx","263887","219892","43995"
"2010-12-27","Dorx","325387","260021","65366"
"2010-12-28","Dorx","144004","135211","8793"
"2010-12-29","Dorx","323972","276490","47482"
"2010-12-30","Dorx","166246","152888","13358"
"2010-12-31","Dorx","271312","247819","23493"
"2011-01-01","Dorx","309435","283960","25475"
"2011-01-02","Dorx","409936","352648","57288"
"2011-01-03","Dorx","279116","258598","20518"
"2011-01-04","Dorx","320263","275174","45089"
"2011-01-05","Dorx","232942","211867","21075"
"2011-01-06","Dorx","305074","263582","41492"
"2011-01-07","Dorx","363510","318552","44958"
"2011-01-08","Dorx","256709","215762","40947"
"2011-01-09","Dorx","227737","210354","17383"
"2011-01-10","Dorx","495078","411295","83783"
"2011-01-11","Dorx","444237","365408","78829"
"2011-01-12","Dorx","210588","198653","11935"
"2011-01-13","Dorx","223228","210118","13110"
"2011-01-14","Dorx","218161","203030","15131"
"2011-01-15","Dorx","213900","195960","17940"
"2011-01-16","Dorx","223554","205011","18543"
"2011-01-17","Dorx","331421","285387","46034"
"2011-01-18","Dorx","250349","205313","45036"
"2011-01-19","Dorx","171764","163384","8380"
"2011-01-20","Dorx","339120","290568","48552"
"2011-01-21","Dorx","315214","270094","45120"
"2011-01-22","Dorx","203018","186561","16457"
"2011-01-23","Dorx","234691","218128","16563"
"2011-01-24","Dorx","205947","192680","13267"
"2011-01-25","Dorx","377378","304942","72436"
"2011-01-26","Dorx","363170","292268","70902"
"2011-01-27","Dorx","268240","250497","17743"
"2011-01-28","Dorx","288925","252064","36861"
"2011-01-29","Dorx","267266","246210","21056"
"2011-01-30","Dorx","293497","248786","44711"
"2011-01-31","Dorx","209476","192497","16979"
"2011-02-01","Dorx","354131","313011","41120"
"2011-02-02","Dorx","593284","465464","127820"
"2011-02-03","Dorx","321617","283208","38409"
"2011-02-04","Dorx","322703","280999","41704"
"2011-02-05","Dorx","278505","232737","45768"
"2011-02-06","Dorx","366777","321537","45240"
"2011-02-07","Dorx","381062","326756","54306"
"2011-02-08","Dorx","420196","344145","76051"
"2011-02-09","Dorx","326759","272817","53942"
"2011-02-10","Dorx","331974","287700","44274"
"2011-02-11","Dorx","383588","326176","57412"
"2011-02-12","Dorx","271862","230269","41593"
"2011-02-13","Dorx","353464","278438","75026"
"2011-02-14","Dorx","261643","239785","21858"
"2011-02-15","Dorx","271137","254451","16686"
"2011-02-16","Dorx","479446","400482","78964"
"2011-02-17","Dorx","252663","212273","40390"
"2011-02-18","Dorx","290770","272941","17829"
"2011-02-19","Dorx","203607","186169","17438"
"2011-02-20","Dorx","338086","294969","43117"
"2011-02-21","Dorx","299132","259069","40063"
"2011-02-22","Dorx","484459","406758","77701"
"2011-02-23","Dorx","136874","127824","9050"
"2011-02-24","Dorx","256437","213786","42651"
"2011-02-25","Dorx","283698","255311","28387"
"2011-02-26","Dorx","268457","246513","21944"
"2011-02-27","Dorx","311917","292118","19799"
"2011-02-28","Dorx","211428","197998","13430"
"2011-03-01","Dorx","281876","262631","19245"
"2011-03-02","Dorx","410763","333736","77027"
"2011-03-03","Dorx","457673","382433","75240"
"2011-03-04","Dorx","397687","344904","52783"
"2011-03-05","Dorx","377187","326754","50433"
"2011-03-06","Dorx","363609","311575","52034"
"2011-03-07","Dorx","449901","373878","76023"
"2011-03-08","Dorx","212091","196072","16019"
"2011-03-09","Dorx","449897","372440","77457"
"2011-03-10","Dorx","293868","255115","38753"
"2011-03-11","Dorx","304632","279313","25319"
"2011-03-12","Dorx","303742","236416","67326"
"2011-03-13","Dorx","373546","300883","72663"
"2011-03-14","Dorx","235925","218456","17469"
"2011-03-15","Dorx","300312","277812","22500"
"2011-03-16","Dorx","339231","293647","45584"
"2011-03-17","Dorx","238291","212976","25315"
"2011-03-18","Dorx","272037","251352","20685"
"2011-03-19","Dorx","294215","246332","47883"
"2011-03-20","Dorx","210136","197717","12419"
"2011-03-21","Dorx","302557","257087","45470"
"2011-03-22","Dorx","149553","135727","13826"
"2011-03-23","Dorx","339360","291921","47439"
"2011-03-24","Dorx","307038","281905","25133"
"2011-03-25","Dorx","230134","213611","16523"
"2011-03-26","Dorx","325442","304907","20535"
"2011-03-27","Dorx","279494","237614","41880"
"2011-03-28","Dorx","297648","254570","43078"
"2011-03-29","Dorx","354027","282380","71647"
"2011-03-30","Dorx","398049","343327","54722"
"2011-03-31","Dorx","309822","266973","42849"
"2011-04-01","Dorx","241891","202469","39422"
"2011-04-02","Dorx","204678","190618","14060"
"2011-04-03","Dorx","235738","219243","16495"
"2011-04-04","Dorx","253629","233241","20388"
"2011-04-05","Dorx","337968","290351","47617"
"2011-04-06","Dorx","275192","253108","22084"
"2011-04-07","Dorx","395713","349486","46227"
"2011-04-08","Dorx","493646","390527","103119"
"2011-04-09","Dorx","399305","330643","68662"
"2011-04-10","Dorx","336383","290837","45546"
"2011-04-11","Dorx","305978","261173","44805"
"2011-04-12","Dorx","239833","222416","17417"
"2011-04-13","Dorx","254691","237056","17635"
"2011-04-14","Dorx","302149","275897","26252"
"2011-04-15","Dorx","314010","266415","47595"
"2011-04-16","Dorx","375030","333385","41645"
"2011-04-17","Dorx","236665","221543","15122"
"2011-04-18","Dorx","320470","273817","46653"
"2011-04-19","Dorx","288677","268267","20410"
"2011-04-20","Dorx","241241","198504","42737"
"2011-04-21","Dorx","377318","330198","47120"
"2011-04-22","Dorx","291762","271715","20047"
"2011-04-23","Dorx","177851","162166","15685"
"2011-04-24","Dorx","371019","321433","49586"
"2011-04-25","Dorx","287743","267221","20522"
"2011-04-26","Dorx","234999","216968","18031"
"2011-04-27","Dorx","287651","270395","17256"
"2011-04-28","Dorx","269219","248708","20511"
"2011-04-29","Dorx","244851","224187","20664"
"2011-04-30","Dorx","406031","353396","52635"
"2011-05-01","Dorx","348832","304007","44825"
"2011-05-02","Dorx","275252","236201","39051"
"2011-05-03","Dorx","371312","319474","51838"
"2011-05-04","Dorx","296547","255122","41425"
"2011-05-05","Dorx","269361","249753","19608"
"2011-05-06","Dorx","214084","199086","14998"
"2011-05-07","Dorx","321833","273621","48212"
"2011-05-08","Dorx","211773","197353","14420"
"2011-05-09","Dorx","230154","218122","12032"
"2011-05-10","Dorx","355082","335616","19466"
"2011-05-11","Dorx","312947","271311","41636"
"2011-05-12","Dorx","178327","162557","15770"
"2011-05-13","Dorx","278137","236746","41391"
"2011-05-14","Dorx","346753","317203","29550"
"2011-05-15","Dorx","148693","136787","11906"
"2011-05-16","Dorx","254317","230570","23747"
"2011-05-17","Dorx","405687","329063","76624"
"2011-05-18","Dorx","265583","223072","42511"
"2011-05-19","Dorx","291850","244484","47366"
"2011-05-20","Dorx","255225","237906","17319"
"2011-05-21","Dorx","145827","132252","13575"
"2011-05-22","Dorx","284918","270339","14579"
"2011-05-23","Dorx","338380","267988","70392"
"2011-05-24","Dorx","381841","332191","49650"
"2011-05-25","Dorx","230781","212794","17987"
"2011-05-26","Dorx","254154","232102","22052"
"2011-05-27","Dorx","386857","336195","50662"
"2011-05-28","Dorx","362399","290989","71410"
"2011-05-29","Dorx","284264","239002","45262"
"2011-05-30","Dorx","221587","206366","15221"
"2011-05-31","Dorx","255909","236454","19455"
"2011-06-01","Dorx","204662","187755","16907"
"2011-06-02","Dorx","324916","302303","22613"
"2011-06-03","Dorx","228438","184916","43522"
"2011-06-04","Dorx","303347","260521","42826"
"2011-06-05","Dorx","640731","505169","135562"
"2011-06-06","Dorx","416070","362037","54033"
"2011-06-07","Dorx","395159","345920","49239"
"2011-06-08","Dorx","416339","340079","76260"
"2011-06-09","Dorx","393089","323172","69917"
"2011-06-10","Dorx","435198","375401","59797"
"2011-06-11","Dorx","321260","270701","50559"
"2011-06-12","Dorx","404415","353300","51115"
"2011-06-13","Dorx","373390","298128","75262"
"2011-06-14","Dorx","347573","304448","43125"
"2011-06-15","Dorx","257130","233279","23851"
"2011-06-16","Dorx","350191","320680","29511"
"2011-06-17","Dorx","176179","159374","16805"
"2011-06-18","Dorx","317712","288368","29344"
"2011-06-19","Dorx","275702","254301","21401"
"2011-06-20","Dorx","376339","352862","23477"
"2011-06-21","Dorx","321817","272039","49778"
"2011-06-22","Dorx","358967","336696","22271"
"2011-06-23","Dorx","346055","313041","33014"
"2011-06-24","Dorx","308850","289598","19252"
"2011-06-25","Dorx","331770","306772","24998"
"2011-06-26","Dorx","389989","335840","54149"
"2011-06-27","Dorx","416776","339987","76789"
"2011-06-28","Dorx","432096","383976","48120"
"2011-06-29","Dorx","275427","255929","19498"
"2011-06-30","Dorx","254831","235858","18973"
"2011-07-01","Dorx","476486","398907","77579"
"2011-07-02","Dorx","308202","285097","23105"
"2011-07-03","Dorx","316872","292978","23894"
"2011-07-04","Dorx","379631","330340","49291"
"2011-07-05","Dorx","500727","393635","107092"
"2011-07-06","Dorx","287383","258999","28384"
"2011-07-07","Dorx","218952","201728","17224"
"2011-07-08","Dorx","333285","306001","27284"
"2011-07-09","Dorx","566647","482081","84566"
"2011-07-10","Dorx","411183","354586","56597"
"2011-07-11","Dorx","411894","340200","71694"
"2011-07-12","Dorx","338501","292655","45846"
"2011-07-13","Dorx","347312","322295","25017"
"2011-07-14","Dorx","274761","254637","20124"
"2011-07-15","Dorx","301426","277549","23877"
"2011-07-16","Dorx","633046","501121","131925"
"2011-07-17","Dorx","305430","289122","16308"
"2011-07-18","Dorx","571229","464948","106281"
"2011-07-19","Dorx","378030","333058","44972"
"2011-07-20","Dorx","309942","287147","22795"
"2011-07-21","Dorx","448403","419844","28559"
"2011-07-22","Dorx","355873","307827","48046"
"2011-07-23","Dorx","303707","278740","24967"
"2011-07-24","Dorx","346066","296596","49470"
"2011-07-25","Dorx","341469","293216","48253"
"2011-07-26","Dorx","285770","265613","20157"
"2011-07-27","Dorx","330570","286570","44000"
"2011-07-28","Dorx","251586","236320","15266"
"2011-07-29","Dorx","367886","342504","25382"
"2011-07-30","Dorx","411479","376479","35000"
"2011-07-31","Dorx","405100","352759","52341"
"2011-08-01","Dorx","325193","281448","43745"
"2011-08-02","Dorx","469613","391620","77993"
"2011-08-03","Dorx","435264","361474","73790"
"2011-08-04","Dorx","482872","405443","77429"
"2011-08-05","Dorx","425543","366907","58636"
"2011-08-06","Dorx","503828","419924","83904"
"2011-08-07","Dorx","305144","272507","32637"
"2011-08-08","Dorx","444591","361986","82605"
"2011-08-09","Dorx","225780","212185","13595"
"2011-08-10","Dorx","347169","299842","47327"
"2011-08-11","Dorx","264203","239045","25158"
"2011-08-12","Dorx","339419","295451","43968"
"2011-08-13","Dorx","517314","428870","88444"
"2011-08-14","Dorx","569341","481299","88042"
"2011-08-15","Dorx","308686","282637","26049"
"2011-08-16","Dorx","312055","269157","42898"
"2011-08-17","Dorx","343066","319922","23144"
"2011-08-18","Dorx","263569","241440","22129"
"2011-08-19","Dorx","308021","264019","44002"
"2011-08-20","Dorx","283379","260338","23041"
"2011-08-21","Dorx","365915","319019","46896"
"2011-08-22","Dorx","377330","327403","49927"
"2011-08-23","Dorx","292957","266546","26411"
"2011-08-24","Dorx","242679","228801","13878"
"2011-08-25","Dorx","464051","389635","74416"
"2011-08-26","Dorx","298217","283646","14571"
"2011-08-27","Dorx","332798","288965","43833"
"2011-08-28","Dorx","433635","357568","76067"
"2011-08-29","Dorx","337372","290499","46873"
"2011-08-30","Dorx","315528","292161","23367"
"2011-08-31","Dorx","380940","306939","74001"
"2011-09-01","Dorx","336664","288248","48416"
"2011-09-02","Dorx","349402","325368","24034"
"2011-09-03","Dorx","194862","179456","15406"
"2011-09-04","Dorx","436461","363498","72963"
"2011-09-05","Dorx","429702","377169","52533"
"2011-09-06","Dorx","380456","352828","27628"
"2011-09-07","Dorx","280341","260428","19913"
"2011-09-08","Dorx","261388","237120","24268"
"2011-09-09","Dorx","361053","309138","51915"
"2011-09-10","Dorx","263779","243139","20640"
"2011-09-11","Dorx","303127","279817","23310"
"2011-09-12","Dorx","462317","405850","56467"
"2011-09-13","Dorx","309150","281877","27273"
"2011-09-14","Dorx","289355","264929","24426"
"2011-09-15","Dorx","230309","213859","16450"
"2011-09-16","Dorx","498018","418248","79770"
"2011-09-17","Dorx","471554","390614","80940"
"2011-09-18","Dorx","406040","352514","53526"
"2011-09-19","Dorx","402863","351169","51694"
"2011-09-20","Dorx","328849","282693","46156"
"2011-09-21","Dorx","423580","368870","54710"
"2011-09-22","Dorx","246084","227430","18654"
"2011-09-23","Dorx","244567","230560","14007"
"2011-09-24","Dorx","348171","324281","23890"
"2011-09-25","Dorx","480018","382769","97249"
"2011-09-26","Dorx","462289","383901","78388"
"2011-09-27","Dorx","220874","201846","19028"
"2011-09-28","Dorx","620258","530228","90030"
"2011-09-29","Dorx","199815","183045","16770"
"2011-09-30","Dorx","360284","332158","28126"
"2011-10-01","Dorx","353176","328738","24438"
"2011-10-02","Dorx","334244","292436","41808"
"2011-10-03","Dorx","413411","341861","71550"
"2011-10-04","Dorx","626449","516391","110058"
"2011-10-05","Dorx","311133","286013","25120"
"2011-10-06","Dorx","397789","341912","55877"
"2011-10-07","Dorx","397567","367599","29968"
"2011-10-08","Dorx","315198","291256","23942"
"2011-10-09","Dorx","296793","250263","46530"
"2011-10-10","Dorx","546006","459052","86954"
"2011-10-11","Dorx","445001","387215","57786"
"2011-10-12","Dorx","207208","190175","17033"
"2011-10-13","Dorx","301949","279575","22374"
"2011-10-14","Dorx","366552","317664","48888"
"2011-10-15","Dorx","225573","210707","14866"
"2011-10-16","Dorx","438788","365178","73610"
"2011-10-17","Dorx","412236","360754","51482"
"2011-10-18","Dorx","347341","325740","21601"
"2011-10-19","Dorx","401017","374558","26459"
"2011-10-20","Dorx","279472","258637","20835"
"2011-10-21","Dorx","386883","315080","71803"
"2011-10-22","Dorx","448592","372717","75875"
"2011-10-23","Dorx","348468","300003","48465"
"2011-10-24","Dorx","261078","244538","16540"
"2011-10-25","Dorx","297025","271625","25400"
"2011-10-26","Dorx","326809","276665","50144"
"2011-10-27","Dorx","573023","508970","64053"
"2011-10-28","Dorx","415859","361325","54534"
"2011-10-29","Dorx","315143","268007","47136"
"2011-10-30","Dorx","369355","318239","51116"
"2011-10-31","Dorx","321574","278852","42722"
"2011-11-01","Dorx","268777","242502","26275"
"2011-11-02","Dorx","458335","374696","83639"
"2011-11-03","Dorx","343700","315532","28168"
"2011-11-04","Dorx","351070","327174","23896"
"2011-11-05","Dorx","274129","251668","22461"
"2011-11-06","Dorx","465586","405435","60151"
"2011-11-07","Dorx","320290","272034","48256"
"2011-11-08","Dorx","418379","366248","52131"
"2011-11-09","Dorx","265551","244267","21284"
"2011-11-10","Dorx","340584","313904","26680"
"2011-11-11","Dorx","384392","353212","31180"
"2011-11-12","Dorx","535077","448837","86240"
"2011-11-13","Dorx","297555","273931","23624"
"2011-11-14","Dorx","266645","247017","19628"
"2011-11-15","Dorx","455500","376035","79465"
"2011-11-16","Dorx","334283","309350","24933"
"2011-11-17","Dorx","302621","280895","21726"
"2011-11-18","Dorx","296409","273875","22534"
"2011-11-19","Dorx","313284","269014","44270"
"2011-11-20","Dorx","359164","329605","29559"
"2011-11-21","Dorx","283156","262676","20480"
"2011-11-22","Dorx","408088","349447","58641"
"2011-11-23","Dorx","526809","445995","80814"
"2011-11-24","Dorx","285248","260907","24341"
"2011-11-25","Dorx","353196","317841","35355"
"2011-11-26","Dorx","273974","247174","26800"
"2011-11-27","Dorx","340121","315027","25094"
"2011-11-28","Dorx","309682","287605","22077"
"2011-11-29","Dorx","457733","380046","77687"
"2011-11-30","Dorx","328669","280764","47905"
"2011-12-01","Dorx","244223","221651","22572"
"2011-12-02","Dorx","313453","287927","25526"
"2011-12-03","Dorx","366409","295068","71341"
"2011-12-04","Dorx","268812","248940","19872"
"2011-12-05","Dorx","473280","392082","81198"
"2011-12-06","Dorx","289014","262586","26428"
"2011-12-07","Dorx","525927","426236","99691"
"2011-12-08","Dorx","413352","382844","30508"
"2011-12-09","Dorx","477297","394853","82444"
"2011-12-10","Dorx","497546","391703","105843"
"2011-12-11","Dorx","301110","258799","42311"
"2011-12-12","Dorx","369140","337297","31843"
"2011-12-13","Dorx","522021","440449","81572"
"2011-12-14","Dorx","330003","303830","26173"
"2011-12-15","Dorx","244630","227488","17142"
"2011-12-16","Dorx","249364","227741","21623"
"2011-12-17","Dorx","637095","509691","127404"
"2011-12-18","Dorx","506055","441891","64164"
"2011-12-19","Dorx","306290","283752","22538"
"2011-12-20","Dorx","318482","292129","26353"
"2011-12-21","Dorx","376324","347045","29279"
"2011-12-22","Dorx","440342","387038","53304"
"2011-12-23","Dorx","477586","399510","78076"
"2011-12-24","Dorx","272924","252950","19974"
"2011-12-25","Dorx","345678","324563","21115"
"2011-12-26","Dorx","289273","267753","21520"
"2011-12-27","Dorx","320210","277542","42668"
"2011-12-28","Dorx","328732","304041","24691"
"2011-12-29","Dorx","457893","382563","75330"
"2011-12-30","Dorx","350957","305034","45923"
"2011-12-31","Dorx","500442","420172","80270"
"2012-01-01","Dorx","413054","378101","34953"
"2012-01-02","Dorx","655959","546420","109539"
"2012-01-03","Dorx","558371","491302","67069"
"2012-01-04","Dorx","555501","489036","66465"
"2012-01-05","Dorx","401913","346813","55100"
"2012-01-06","Dorx","421177","392486","28691"
"2012-01-07","Dorx","421150","390792","30358"
"2012-01-08","Dorx","503519","442591","60928"
"2012-01-09","Dorx","409842","381266","28576"
"2012-01-10","Dorx","338645","312838","25807"
"2012-01-11","Dorx","466623","385360","81263"
"2012-01-12","Dorx","436184","404090","32094"
"2012-01-13","Dorx","478118","417314","60804"
"2012-01-14","Dorx","474280","417974","56306"
"2012-01-15","Dorx","454822","375863","78959"
"2012-01-16","Dorx","473615","428149","45466"
"2012-01-17","Dorx","456860","386594","70266"
"2012-01-18","Dorx","524623","463421","61202"
"2012-01-19","Dorx","330164","305950","24214"
"2012-01-20","Dorx","573837","485841","87996"
"2012-01-21","Dorx","444976","390479","54497"
"2012-01-22","Dorx","703728","579139","124589"
"2012-01-23","Dorx","409663","382419","27244"
"2012-01-24","Dorx","673191","554646","118545"
"2012-01-25","Dorx","502342","423500","78842"
"2012-01-26","Dorx","663029","560803","102226"
"2012-01-27","Dorx","550186","488812","61374"
"2012-01-28","Dorx","626892","516746","110146"
"2012-01-29","Dorx","599632","512792","86840"
"2012-01-30","Dorx","571203","487734","83469"
"2012-01-31","Dorx","509967","446993","62974"
"2012-02-01","Dorx","693958","608236","85722"
"2012-02-02","Dorx","618459","578770","39689"
"2012-02-03","Dorx","388767","358248","30519"
"2012-02-04","Dorx","543557","482396","61161"
"2012-02-05","Dorx","881095","705984","175111"
"2012-02-06","Dorx","664935","576105","88830"
"2012-02-07","Dorx","524144","461000","63144"
"2012-02-08","Dorx","517928","478970","38958"
"2012-02-09","Dorx","600922","506405","94517"
"2012-02-10","Dorx","607414","476557","130857"
"2012-02-11","Dorx","603581","538405","65176"
"2012-02-12","Dorx","459356","410230","49126"
"2012-02-13","Dorx","599157","482963","116194"
"2012-02-14","Dorx","453950","405484","48466"
"2012-02-15","Dorx","524032","456026","68006"
"2012-02-16","Dorx","525746","467581","58165"
"2012-02-17","Dorx","651626","588546","63080"
"2012-02-18","Dorx","453521","394491","59030"
"2012-02-19","Dorx","752107","609977","142130"
"2012-02-20","Dorx","556017","468011","88006"
"2012-02-21","Dorx","423008","388849","34159"
"2012-02-22","Dorx","621353","537470","83883"
"2012-02-23","Dorx","776015","631742","144273"
"2012-02-24","Dorx","493809","457473","36336"
"2012-02-25","Dorx","508071","466996","41075"
"2012-02-26","Dorx","557607","476005","81602"
"2012-02-27","Dorx","552396","489368","63028"
"2012-02-28","Dorx","648336","584178","64158"
"2012-02-29","Dorx","356211","338871","17340"
"2012-03-01","Dorx","414410","361643","52767"
"2012-03-02","Dorx","710724","584228","126496"
"2012-03-03","Dorx","448995","391421","57574"
"2012-03-04","Dorx","701932","560759","141173"
"2012-03-05","Dorx","559215","474066","85149"
"2012-03-06","Dorx","466722","410502","56220"
"2012-03-07","Dorx","458007","404571","53436"
"2012-03-08","Dorx","502605","437462","65143"
"2012-03-09","Dorx","463198","430078","33120"
"2012-03-10","Dorx","479264","440708","38556"
"2012-03-11","Dorx","617349","550159","67190"
"2012-03-12","Dorx","533197","468931","64266"
"2012-03-13","Dorx","365588","334322","31266"
"2012-03-14","Dorx","542053","459228","82825"
"2012-03-15","Dorx","641145","551257","89888"
"2012-03-16","Dorx","643572","553459","90113"
"2012-03-17","Dorx","308775","288707","20068"
"2012-03-18","Dorx","391908","364574","27334"
"2012-03-19","Dorx","627799","557381","70418"
"2012-03-20","Dorx","616486","525743","90743"
"2012-03-21","Dorx","496972","434629","62343"
"2012-03-22","Dorx","522829","477033","45796"
"2012-03-23","Dorx","580064","518050","62014"
"2012-03-24","Dorx","463151","396356","66795"
"2012-03-25","Dorx","711926","611757","100169"
"2012-03-26","Dorx","562608","498430","64178"
"2012-03-27","Dorx","317321","292712","24609"
"2012-03-28","Dorx","426775","395949","30826"
"2012-03-29","Dorx","443684","388809","54875"
"2012-03-30","Dorx","526954","464009","62945"
"2012-03-31","Dorx","518044","454774","63270"
"2012-04-01","Dorx","414846","384249","30597"
"2012-04-02","Dorx","642911","557087","85824"
"2012-04-03","Dorx","552686","506228","46458"
"2012-04-04","Dorx","555118","494318","60800"
"2012-04-05","Dorx","600457","513065","87392"
"2012-04-06","Dorx","695982","598219","97763"
"2012-04-07","Dorx","559889","499868","60021"
"2012-04-08","Dorx","577343","507706","69637"
"2012-04-09","Dorx","686583","594919","91664"
"2012-04-10","Dorx","922659","744435","178224"
"2012-04-11","Dorx","518007","465153","52854"
"2012-04-12","Dorx","614074","529005","85069"
"2012-04-13","Dorx","567256","485443","81813"
"2012-04-14","Dorx","367447","343621","23826"
"2012-04-15","Dorx","463940","432934","31006"
"2012-04-16","Dorx","637409","571728","65681"
"2012-04-17","Dorx","616297","527678","88619"
"2012-04-18","Dorx","415983","359164","56819"
"2012-04-19","Dorx","407740","373509","34231"
"2012-04-20","Dorx","613446","521542","91904"
"2012-04-21","Dorx","715589","597725","117864"
"2012-04-22","Dorx","742024","630615","111409"
"2012-04-23","Dorx","629583","560874","68709"
"2012-04-24","Dorx","486598","454474","32124"
"2012-04-25","Dorx","511654","476803","34851"
"2012-04-26","Dorx","775716","655237","120479"
"2012-04-27","Dorx","441733","401435","40298"
"2012-04-28","Dorx","607273","530883","76390"
"2012-04-29","Dorx","544759","508344","36415"
"2012-04-30","Dorx","483768","423295","60473"
"2012-05-01","Dorx","545558","509536","36022"
"2012-05-02","Dorx","558471","510688","47783"
"2012-05-03","Dorx","444181","408632","35549"
"2012-05-04","Dorx","542602","458203","84399"
"2012-05-05","Dorx","349269","323884","25385"
"2012-05-06","Dorx","627650","557865","69785"
"2012-05-07","Dorx","462871","430586","32285"
"2012-05-08","Dorx","443718","411864","31854"
"2012-05-09","Dorx","648316","559396","88920"
"2012-05-10","Dorx","461112","421068","40044"
"2012-05-11","Dorx","577238","516164","61074"
"2012-05-12","Dorx","604148","517778","86370"
"2012-05-13","Dorx","542842","501763","41079"
"2012-05-14","Dorx","754273","635141","119132"
"2012-05-15","Dorx","737710","592695","145015"
"2012-05-16","Dorx","850286","705803","144483"
"2012-05-17","Dorx","415662","387867","27795"
"2012-05-18","Dorx","838034","711402","126632"
"2012-05-19","Dorx","667465","593109","74356"
"2012-05-20","Dorx","699638","638151","61487"
"2012-05-21","Dorx","675360","583686","91674"
"2012-05-22","Dorx","516153","476841","39312"
"2012-05-23","Dorx","473515","436192","37323"
"2012-05-24","Dorx","877710","725384","152326"
"2012-05-25","Dorx","528770","469096","59674"
"2012-05-26","Dorx","477358","421391","55967"
"2012-05-27","Dorx","633891","546629","87262"
"2012-05-28","Dorx","556586","498770","57816"
"2012-05-29","Dorx","660556","566795","93761"
"2012-05-30","Dorx","744107","599766","144341"
"2012-05-31","Dorx","444599","394212","50387"
"2012-06-01","Dorx","171885","159415","12470"
"2012-06-02","Dorx","183214","172068","11146"
"2012-06-03","Dorx","129436","121653","7783"
"2012-06-04","Dorx","270660","228011","42649"
"2012-06-05","Dorx","258924","240860","18064"
"2012-06-06","Dorx","213089","197953","15136"
"2012-06-07","Dorx","243605","225012","18593"
"2012-06-08","Dorx","120710","114040","6670"
"2012-06-09","Dorx","240810","221266","19544"
"2012-06-10","Dorx","148905","135737","13168"
"2012-06-11","Dorx","274067","234571","39496"
"2012-06-12","Dorx","269609","248899","20710"
"2012-06-13","Dorx","286436","221819","64617"
"2012-06-14","Dorx","369695","321909","47786"
"2012-06-15","Dorx","298643","252496","46147"
"2012-06-16","Dorx","328296","285090","43206"
"2012-06-17","Dorx","209050","194508","14542"
"2012-06-18","Dorx","186026","170343","15683"
"2012-06-19","Dorx","115017","103317","11700"
"2012-06-20","Dorx","182311","171186","11125"
"2012-06-21","Dorx","211415","197516","13899"
"2012-06-22","Dorx","255187","232376","22811"
"2012-06-23","Dorx","234281","213560","20721"
"2012-06-24","Dorx","304460","278547","25913"
"2012-06-25","Dorx","278952","261823","17129"
"2012-06-26","Dorx","214894","200717","14177"
"2012-06-27","Dorx","212998","194908","18090"
"2012-06-28","Dorx","204067","188913","15154"
"2012-06-29","Dorx","221865","205940","15925"
"2012-06-30","Dorx","229741","210410","19331"
"2012-07-01","Dorx","297740","278020","19720"
"2012-07-02","Dorx","216984","181379","35605"
"2012-07-03","Dorx","225253","213888","11365"
"2012-07-04","Dorx","402145","325336","76809"
"2012-07-05","Dorx","184662","170641","14021"
"2012-07-06","Dorx","157274","145171","12103"
"2012-07-07","Dorx","331774","262910","68864"
"2012-07-08","Dorx","291126","249308","41818"
"2012-07-09","Dorx","353318","305086","48232"
"2012-07-10","Dorx","427681","349403","78278"
"2012-07-11","Dorx","196073","177805","18268"
"2012-07-12","Dorx","365241","293950","71291"
"2012-07-13","Dorx","242442","225000","17442"
"2012-07-14","Dorx","300493","280027","20466"
"2012-07-15","Dorx","228844","208308","20536"
"2012-07-16","Dorx","117864","106308","11556"
"2012-07-17","Dorx","212227","195916","16311"
"2012-07-18","Dorx","189841","177043","12798"
"2012-07-19","Dorx","273607","257007","16600"
"2012-07-20","Dorx","276098","236247","39851"
"2012-07-21","Dorx","370299","318819","51480"
"2012-07-22","Dorx","123377","114091","9286"
"2012-07-23","Dorx","173669","158950","14719"
"2012-07-24","Dorx","147187","137773","9414"
"2012-07-25","Dorx","283645","242721","40924"
"2012-07-26","Dorx","333119","287074","46045"
"2012-07-27","Dorx","250078","207736","42342"
"2012-07-28","Dorx","240683","223765","16918"
"2012-07-29","Dorx","263748","217808","45940"
"2012-07-30","Dorx","220873","206684","14189"
"2012-07-31","Dorx","461643","382813","78830"
"2012-08-01","Dorx","229263","210415","18848"
"2012-08-02","Dorx","309281","261928","47353"
"2012-08-03","Dorx","196850","180634","16216"
"2012-08-04","Dorx","178179","165502","12677"
"2012-08-05","Dorx","235020","217609","17411"
"2012-08-06","Dorx","544974","442831","102143"
"2012-08-07","Dorx","236305","218690","17615"
"2012-08-08","Dorx","249965","228459","21506"
"2012-08-09","Dorx","316342","267754","48588"
"2012-08-10","Dorx","312566","268693","43873"
"2012-08-11","Dorx","170145","156179","13966"
"2012-08-12","Dorx","300930","256005","44925"
"2012-08-13","Dorx","247751","209280","38471"
"2012-08-14","Dorx","213627","199329","14298"
"2012-08-15","Dorx","250954","206496","44458"
"2012-08-16","Dorx","190916","178374","12542"
"2012-08-17","Dorx","135681","122123","13558"
"2012-08-18","Dorx","334918","289964","44954"
"2012-08-19","Dorx","124756","113785","10971"
"2012-08-20","Dorx","323371","277806","45565"
"2012-08-21","Dorx","288598","265002","23596"
"2012-08-22","Dorx","356100","303785","52315"
"2012-08-23","Dorx","164564","153263","11301"
"2012-08-24","Dorx","234110","212426","21684"
"2012-08-25","Dorx","261609","239205","22404"
"2012-08-26","Dorx","472668","373998","98670"
"2012-08-27","Dorx","181527","167083","14444"
"2012-08-28","Dorx","227936","213087","14849"
"2012-08-29","Dorx","215580","194706","20874"
"2012-08-30","Dorx","307486","263464","44022"
"2012-08-31","Dorx","372217","303892","68325"
"2012-09-01","Dorx","191379","174550","16829"
"2012-09-02","Dorx","207617","195280","12337"
"2012-09-03","Dorx","316220","267035","49185"
"2012-09-04","Dorx","254561","210995","43566"
"2012-09-05","Dorx","473174","396363","76811"
"2012-09-06","Dorx","277911","234955","42956"
"2012-09-07","Dorx","277539","231580","45959"
"2012-09-08","Dorx","219664","199155","20509"
"2012-09-09","Dorx","292678","253171","39507"
"2012-09-10","Dorx","278815","236982","41833"
"2012-09-11","Dorx","351594","305042","46552"
"2012-09-12","Dorx","189529","174420","15109"
"2012-09-13","Dorx","346190","295438","50752"
"2012-09-14","Dorx","308085","262352","45733"
"2012-09-15","Dorx","187470","175517","11953"
"2012-09-16","Dorx","275986","234501","41485"
"2012-09-17","Dorx","206763","193185","13578"
"2012-09-18","Dorx","337391","273043","64348"
"2012-09-19","Dorx","310466","265801","44665"
"2012-09-20","Dorx","239074","220429","18645"
"2012-09-21","Dorx","148737","137965","10772"
"2012-09-22","Dorx","202937","192776","10161"
"2012-09-23","Dorx","319227","295820","23407"
"2012-09-24","Dorx","175934","166053","9881"
"2012-09-25","Dorx","196111","181294","14817"
"2012-09-26","Dorx","272565","226288","46277"
"2012-09-27","Dorx","203692","192800","10892"
"2012-09-28","Dorx","323021","251340","71681"
"2012-09-29","Dorx","336142","306729","29413"
"2012-09-30","Dorx","303333","283311","20022"
"2012-10-01","Dorx","249311","231279","18032"
"2012-10-02","Dorx","592429","466422","126007"
"2012-10-03","Dorx","271878","250168","21710"
"2012-10-04","Dorx","388238","313416","74822"
"2012-10-05","Dorx","347412","281153","66259"
"2012-10-06","Dorx","228924","210889","18035"
"2012-10-07","Dorx","310968","264020","46948"
"2012-10-08","Dorx","238258","219856","18402"
"2012-10-09","Dorx","237658","217570","20088"
"2012-10-10","Dorx","400291","325732","74559"
"2012-10-11","Dorx","346351","301816","44535"
"2012-10-12","Dorx","274691","232886","41805"
"2012-10-13","Dorx","346663","297332","49331"
"2012-10-14","Dorx","312826","285247","27579"
"2012-10-15","Dorx","444844","369194","75650"
"2012-10-16","Dorx","255869","236833","19036"
"2012-10-17","Dorx","210474","193768","16706"
"2012-10-18","Dorx","355347","280661","74686"
"2012-10-19","Dorx","238386","217397","20989"
"2012-10-20","Dorx","347140","293814","53326"
"2012-10-21","Dorx","324595","278153","46442"
"2012-10-22","Dorx","273176","252937","20239"
"2012-10-23","Dorx","304226","258190","46036"
"2012-10-24","Dorx","293536","267110","26426"
"2012-10-25","Dorx","404783","327308","77475"
"2012-10-26","Dorx","221284","199595","21689"
"2012-10-27","Dorx","287100","247286","39814"
"2012-10-28","Dorx","273510","226936","46574"
"2012-10-29","Dorx","244835","227712","17123"
"2012-10-30","Dorx","431810","357947","73863"
"2012-10-31","Dorx","269770","253917","15853"
"2012-11-01","Dorx","379338","307973","71365"
"2012-11-02","Dorx","311195","287476","23719"
"2012-11-03","Dorx","262552","221223","41329"
"2012-11-04","Dorx","255610","237595","18015"
"2012-11-05","Dorx","310487","267277","43210"
"2012-11-06","Dorx","278964","234482","44482"
"2012-11-07","Dorx","384006","316101","67905"
"2012-11-08","Dorx","381106","334045","47061"
"2012-11-09","Dorx","224640","206645","17995"
"2012-11-10","Dorx","234995","216141","18854"
"2012-11-11","Dorx","203988","190311","13677"
"2012-11-12","Dorx","353198","302302","50896"
"2012-11-13","Dorx","294445","245482","48963"
"2012-11-14","Dorx","263129","242685","20444"
"2012-11-15","Dorx","266138","223513","42625"
"2012-11-16","Dorx","278512","253432","25080"
"2012-11-17","Dorx","246332","208717","37615"
"2012-11-18","Dorx","266061","245601","20460"
"2012-11-19","Dorx","161287","145763","15524"
"2012-11-20","Dorx","495041","417013","78028"
"2012-11-21","Dorx","348958","304511","44447"
"2012-11-22","Dorx","332267","287876","44391"
"2012-11-23","Dorx","351979","306695","45284"
"2012-11-24","Dorx","267913","243922","23991"
"2012-11-25","Dorx","347297","298580","48717"
"2012-11-26","Dorx","340368","293416","46952"
"2012-11-27","Dorx","215172","199024","16148"
"2012-11-28","Dorx","431350","358252","73098"
"2012-11-29","Dorx","308395","284710","23685"
"2012-11-30","Dorx","452293","380832","71461"
"2012-12-01","Dorx","338501","270312","68189"
"2012-12-02","Dorx","252933","216690","36243"
"2012-12-03","Dorx","277665","238318","39347"
"2012-12-04","Dorx","321756","302575","19181"
"2012-12-05","Dorx","265260","223990","41270"
"2012-12-06","Dorx","302883","254594","48289"
"2012-12-07","Dorx","399096","322008","77088"
"2012-12-08","Dorx","244299","227545","16754"
"2012-12-09","Dorx","222368","205641","16727"
"2012-12-10","Dorx","339582","294315","45267"
"2012-12-11","Dorx","407362","331477","75885"
"2012-12-12","Dorx","296841","279554","17287"
"2012-12-13","Dorx","324836","275969","48867"
"2012-12-14","Dorx","327174","280334","46840"
"2012-12-15","Dorx","372236","307989","64247"
"2012-12-16","Dorx","390748","316949","73799"
"2012-12-17","Dorx","310361","258178","52183"
"2012-12-18","Dorx","281169","264593","16576"
"2012-12-19","Dorx","361462","312722","48740"
"2012-12-20","Dorx","414533","339409","75124"
"2012-12-21","Dorx","320641","276317","44324"
"2012-12-22","Dorx","310778","285912","24866"
"2012-12-23","Dorx","197959","181777","16182"
"2012-12-24","Dorx","449629","351741","97888"
"2012-12-25","Dorx","172759","155060","17699"
"2012-12-26","Dorx","312526","284670","27856"
"2012-12-27","Dorx","300997","253255","47742"
"2012-12-28","Dorx","308779","285483","23296"
"2012-12-29","Dorx","192004","173924","18080"
"2012-12-30","Dorx","216537","200496","16041"
"2012-12-31","Dorx","277016","234407","42609"
"2013-01-01","Dorx","154505","146434","8071"
"2013-01-02","Dorx","804622","724200","80422"
"2013-01-03","Dorx","659438","594387","65051"
"2013-01-04","Dorx","845045","736814","108231"
"2013-01-05","Dorx","771378","671135","100243"
"2013-01-06","Dorx","735189","614596","120593"
"2013-01-07","Dorx","927986","762395","165591"
"2013-01-08","Dorx","864518","764604","99914"
"2013-01-09","Dorx","972303","804030","168273"
"2013-01-10","Dorx","733566","657432","76134"
"2013-01-11","Dorx","1019593","842321","177272"
"2013-01-12","Dorx","916048","764040","152008"
"2013-01-13","Dorx","731048","649820","81228"
"2013-01-14","Dorx","902905","764961","137944"
"2013-01-15","Dorx","716129","642320","73809"
"2013-01-16","Dorx","982436","821289","161147"
"2013-01-17","Dorx","826382","714352","112030"
"2013-01-18","Dorx","783962","707434","76528"
"2013-01-19","Dorx","927830","781746","146084"
"2013-01-20","Dorx","885509","736330","149179"
"2013-01-21","Dorx","822687","730527","92160"
"2013-01-22","Dorx","781682","698903","82779"
"2013-01-23","Dorx","737899","656767","81132"
"2013-01-24","Dorx","880494","768778","111716"
"2013-01-25","Dorx","830037","767002","63035"
"2013-01-26","Dorx","842534","717944","124590"
"2013-01-27","Dorx","748555","667069","81486"
"2013-01-28","Dorx","694498","630393","64105"
"2013-01-29","Dorx","865270","764147","101123"
"2013-01-30","Dorx","729834","631021","98813"
"2013-01-31","Dorx","1179944","956930","223014"
"2013-02-01","Dorx","1340105","1088395","251710"
"2013-02-02","Dorx","801957","701515","100442"
"2013-02-03","Dorx","1012267","852323","159944"
"2013-02-04","Dorx","722847","648796","74051"
"2013-02-05","Dorx","879487","764867","114620"
"2013-02-06","Dorx","699641","603455","96186"
"2013-02-07","Dorx","740253","659455","80798"
"2013-02-08","Dorx","775391","694624","80767"
"2013-02-09","Dorx","752417","670270","82147"
"2013-02-10","Dorx","959919","823906","136013"
"2013-02-11","Dorx","857785","727189","130596"
"2013-02-12","Dorx","983896","844249","139647"
"2013-02-13","Dorx","568972","506759","62213"
"2013-02-14","Dorx","967899","815306","152593"
"2013-02-15","Dorx","936929","778187","158742"
"2013-02-16","Dorx","1160945","992589","168356"
"2013-02-17","Dorx","996106","889860","106246"
"2013-02-18","Dorx","1091118","922671","168447"
"2013-02-19","Dorx","724152","647271","76881"
"2013-02-20","Dorx","1285716","1038005","247711"
"2013-02-21","Dorx","985390","875064","110326"
"2013-02-22","Dorx","1082959","946977","135982"
"2013-02-23","Dorx","1124678","970476","154202"
"2013-02-24","Dorx","690696","618356","72340"
"2013-02-25","Dorx","1079867","933561","146306"
"2013-02-26","Dorx","911283","786685","124598"
"2013-02-27","Dorx","877465","746846","130619"
"2013-02-28","Dorx","915140","755650","159490"
"2013-03-01","Dorx","196426","177441","18985"
"2013-03-02","Dorx","441888","367327","74561"
"2013-03-03","Dorx","610558","564278","46280"
"2013-03-04","Dorx","818798","732539","86259"
"2013-03-05","Dorx","911723","770038","141685"
"2013-03-06","Dorx","1026157","891975","134182"
"2013-03-07","Dorx","1054699","919156","135543"
"2013-03-08","Dorx","853079","766196","86883"
"2013-03-09","Dorx","779478","718944","60534"
"2013-03-10","Dorx","947403","806926","140477"
"2013-03-11","Dorx","876260","748366","127894"
"2013-03-12","Dorx","716884","638343","78541"
"2013-03-13","Dorx","954416","864068","90348"
"2013-03-14","Dorx","914910","809039","105871"
"2013-03-15","Dorx","892295","778324","113971"
"2013-03-16","Dorx","914160","773028","141132"
"2013-03-17","Dorx","1060261","894855","165406"
"2013-03-18","Dorx","894462","767250","127212"
"2013-03-19","Dorx","1288068","1063073","224995"
"2013-03-20","Dorx","739345","685749","53596"
"2013-03-21","Dorx","956238","812352","143886"
"2013-03-22","Dorx","1016017","899699","116318"
"2013-03-23","Dorx","778311","720370","57941"
"2013-03-24","Dorx","737168","657200","79968"
"2013-03-25","Dorx","653650","578839","74811"
"2013-03-26","Dorx","829031","748742","80289"
"2013-03-27","Dorx","1220424","1066765","153659"
"2013-03-28","Dorx","942507","835131","107376"
"2013-03-29","Dorx","800154","690091","110063"
"2013-03-30","Dorx","1030819","887835","142984"
"2013-03-31","Dorx","820582","763180","57402"
"2013-04-01","Dorx","1085022","878971","206051"
"2013-04-02","Dorx","693291","640870","52421"
"2013-04-03","Dorx","823607","720110","103497"
"2013-04-04","Dorx","1256245","1077929","178316"
"2013-04-05","Dorx","833565","776014","57551"
"2013-04-06","Dorx","974087","853457","120630"
"2013-04-07","Dorx","854045","742758","111287"
"2013-04-08","Dorx","1105776","931880","173896"
"2013-04-09","Dorx","991689","877031","114658"
"2013-04-10","Dorx","1022384","852159","170225"
"2013-04-11","Dorx","1001889","863911","137978"
"2013-04-12","Dorx","1048038","871486","176552"
"2013-04-13","Dorx","1345184","1122574","222610"
"2013-04-14","Dorx","807101","754418","52683"
"2013-04-15","Dorx","905997","789306","116691"
"2013-04-16","Dorx","835226","723677","111549"
"2013-04-17","Dorx","783851","692523","91328"
"2013-04-18","Dorx","986032","863306","122726"
"2013-04-19","Dorx","1292481","1045509","246972"
"2013-04-20","Dorx","862864","777655","85209"
"2013-04-21","Dorx","752972","698908","54064"
"2013-04-22","Dorx","1110253","936131","174122"
"2013-04-23","Dorx","1037516","903582","133934"
"2013-04-24","Dorx","803516","693439","110077"
"2013-04-25","Dorx","813029","753412","59617"
"2013-04-26","Dorx","857079","779042","78037"
"2013-04-27","Dorx","943566","803576","139990"
"2013-04-28","Dorx","907861","798379","109482"
"2013-04-29","Dorx","773875","721612","52263"
"2013-04-30","Dorx","938424","794964","143460"
"2013-05-01","Dorx","340138","290582","49556"
"2013-05-02","Dorx","1018594","851239","167355"
"2013-05-03","Dorx","763630","680429","83201"
"2013-05-04","Dorx","1002738","884556","118182"
"2013-05-05","Dorx","959428","826598","132830"
"2013-05-06","Dorx","885196","761126","124070"
"2013-05-07","Dorx","1141376","949973","191403"
"2013-05-08","Dorx","710386","649678","60708"
"2013-05-09","Dorx","675197","628372","46825"
"2013-05-10","Dorx","945298","807469","137829"
"2013-05-11","Dorx","944659","857770","86889"
"2013-05-12","Dorx","873304","741018","132286"
"2013-05-13","Dorx","743250","684867","58383"
"2013-05-14","Dorx","885042","778553","106489"
"2013-05-15","Dorx","922883","784422","138461"
"2013-05-16","Dorx","650607","594999","55608"
"2013-05-17","Dorx","1179451","985709","193742"
"2013-05-18","Dorx","1010886","869496","141390"
"2013-05-19","Dorx","856842","763684","93158"
"2013-05-20","Dorx","714104","632804","81300"
"2013-05-21","Dorx","658967","583523","75444"
"2013-05-22","Dorx","946480","827998","118482"
"2013-05-23","Dorx","822950","740858","82092"
"2013-05-24","Dorx","942767","807901","134866"
"2013-05-25","Dorx","848195","715400","132795"
"2013-05-26","Dorx","867900","714103","153797"
"2013-05-27","Dorx","696609","601203","95406"
"2013-05-28","Dorx","873794","740979","132815"
"2013-05-29","Dorx","771190","714330","56860"
"2013-05-30","Dorx","602611","534686","67925"
"2013-05-31","Dorx","861557","729127","132430"
"2008-06-01","Dualcore","170742","156724","14018"
"2008-06-02","Dualcore","270806","244450","26356"
"2008-06-03","Dualcore","157680","141550","16130"
"2008-06-04","Dualcore","84182","74833","9349"
"2008-06-05","Dualcore","99186","88721","10465"
"2008-06-06","Dualcore","142582","131487","11095"
"2008-06-07","Dualcore","217946","192270","25676"
"2008-06-08","Dualcore","93020","80270","12750"
"2008-06-09","Dualcore","64133","56249","7884"
"2008-06-10","Dualcore","127639","112909","14730"
"2008-06-11","Dualcore","100127","84990","15137"
"2008-06-12","Dualcore","175368","160271","15097"
"2008-06-13","Dualcore","146066","129378","16688"
"2008-06-14","Dualcore","215616","198453","17163"
"2008-06-15","Dualcore","80987","73419","7568"
"2008-06-16","Dualcore","115544","104767","10777"
"2008-06-17","Dualcore","140037","125165","14872"
"2008-06-18","Dualcore","131724","111969","19755"
"2008-06-19","Dualcore","97349","84665","12684"
"2008-06-20","Dualcore","164720","154670","10050"
"2008-06-21","Dualcore","95699","81067","14632"
"2008-06-22","Dualcore","137830","124722","13108"
"2008-06-23","Dualcore","102507","95421","7086"
"2008-06-24","Dualcore","112422","98335","14087"
"2008-06-25","Dualcore","65104","58326","6778"
"2008-06-26","Dualcore","113394","92789","20605"
"2008-06-27","Dualcore","87138","78668","8470"
"2008-06-28","Dualcore","43273","37447","5826"
"2008-06-29","Dualcore","70245","60209","10036"
"2008-06-30","Dualcore","206657","187702","18955"
"2008-07-01","Dualcore","115099","105460","9639"
"2008-07-02","Dualcore","179253","164009","15244"
"2008-07-03","Dualcore","90495","72845","17650"
"2008-07-04","Dualcore","165821","149062","16759"
"2008-07-05","Dualcore","65694","57727","7967"
"2008-07-06","Dualcore","153076","138459","14617"
"2008-07-07","Dualcore","162132","144818","17314"
"2008-07-08","Dualcore","107550","93030","14520"
"2008-07-09","Dualcore","130728","113955","16773"
"2008-07-10","Dualcore","147341","128500","18841"
"2008-07-11","Dualcore","97115","86146","10969"
"2008-07-12","Dualcore","93699","83311","10388"
"2008-07-13","Dualcore","125875","113161","12714"
"2008-07-14","Dualcore","190496","173711","16785"
"2008-07-15","Dualcore","168076","148981","19095"
"2008-07-16","Dualcore","129865","112957","16908"
"2008-07-17","Dualcore","204697","184311","20386"
"2008-07-18","Dualcore","194664","181487","13177"
"2008-07-19","Dualcore","85908","74911","10997"
"2008-07-20","Dualcore","78752","66887","11865"
"2008-07-21","Dualcore","137322","128207","9115"
"2008-07-22","Dualcore","102950","93571","9379"
"2008-07-23","Dualcore","199742","173915","25827"
"2008-07-24","Dualcore","75122","66000","9122"
"2008-07-25","Dualcore","146108","124406","21702"
"2008-07-26","Dualcore","171421","157004","14417"
"2008-07-27","Dualcore","141271","121099","20172"
"2008-07-28","Dualcore","131093","112278","18815"
"2008-07-29","Dualcore","206359","187000","19359"
"2008-07-30","Dualcore","124987","111043","13944"
"2008-07-31","Dualcore","128189","113193","14996"
"2008-08-01","Dualcore","172954","156384","16570"
"2008-08-02","Dualcore","100605","90438","10167"
"2008-08-03","Dualcore","89554","79753","9801"
"2008-08-04","Dualcore","147370","135657","11713"
"2008-08-05","Dualcore","88137","74205","13932"
"2008-08-06","Dualcore","123353","107274","16079"
"2008-08-07","Dualcore","183432","158414","25018"
"2008-08-08","Dualcore","241593","219353","22240"
"2008-08-09","Dualcore","148861","130052","18809"
"2008-08-10","Dualcore","144667","131226","13441"
"2008-08-11","Dualcore","145523","129495","16028"
"2008-08-12","Dualcore","150107","134641","15466"
"2008-08-13","Dualcore","75526","66608","8918"
"2008-08-14","Dualcore","115368","96892","18476"
"2008-08-15","Dualcore","78467","71299","7168"
"2008-08-16","Dualcore","96879","79926","16953"
"2008-08-17","Dualcore","94753","77634","17119"
"2008-08-18","Dualcore","217364","190564","26800"
"2008-08-19","Dualcore","66243","56292","9951"
"2008-08-20","Dualcore","169444","155145","14299"
"2008-08-21","Dualcore","134569","119968","14601"
"2008-08-22","Dualcore","113910","98961","14949"
"2008-08-23","Dualcore","88869","79348","9521"
"2008-08-24","Dualcore","201906","182940","18966"
"2008-08-25","Dualcore","187351","171006","16345"
"2008-08-26","Dualcore","77820","67337","10483"
"2008-08-27","Dualcore","59558","53873","5685"
"2008-08-28","Dualcore","109810","93951","15859"
"2008-08-29","Dualcore","97061","84785","12276"
"2008-08-30","Dualcore","83809","68561","15248"
"2008-08-31","Dualcore","171761","151540","20221"
"2008-09-01","Dualcore","154906","134215","20691"
"2008-09-02","Dualcore","65821","57196","8625"
"2008-09-03","Dualcore","116476","101825","14651"
"2008-09-04","Dualcore","207807","187866","19941"
"2008-09-05","Dualcore","183377","166450","16927"
"2008-09-06","Dualcore","114950","98859","16091"
"2008-09-07","Dualcore","158429","138311","20118"
"2008-09-08","Dualcore","128935","112903","16032"
"2008-09-09","Dualcore","178807","160108","18699"
"2008-09-10","Dualcore","49756","42247","7509"
"2008-09-11","Dualcore","230585","209650","20935"
"2008-09-12","Dualcore","59725","54142","5583"
"2008-09-13","Dualcore","101066","88424","12642"
"2008-09-14","Dualcore","115178","100837","14341"
"2008-09-15","Dualcore","137798","123830","13968"
"2008-09-16","Dualcore","187518","170580","16938"
"2008-09-17","Dualcore","69271","56839","12432"
"2008-09-18","Dualcore","113666","94222","19444"
"2008-09-19","Dualcore","60235","54474","5761"
"2008-09-20","Dualcore","124061","112761","11300"
"2008-09-21","Dualcore","101544","92792","8752"
"2008-09-22","Dualcore","78039","66180","11859"
"2008-09-23","Dualcore","72128","64371","7757"
"2008-09-24","Dualcore","116882","104499","12383"
"2008-09-25","Dualcore","100103","84406","15697"
"2008-09-26","Dualcore","144643","132590","12053"
"2008-09-27","Dualcore","151726","134488","17238"
"2008-09-28","Dualcore","145641","131657","13984"
"2008-09-29","Dualcore","194427","175704","18723"
"2008-09-30","Dualcore","125001","108892","16109"
"2008-10-01","Dualcore","153087","140318","12769"
"2008-10-02","Dualcore","134869","120182","14687"
"2008-10-03","Dualcore","152314","134507","17807"
"2008-10-04","Dualcore","271436","244312","27124"
"2008-10-05","Dualcore","27062","22255","4807"
"2008-10-06","Dualcore","94114","82889","11225"
"2008-10-07","Dualcore","59673","52263","7410"
"2008-10-08","Dualcore","141814","126823","14991"
"2008-10-09","Dualcore","90673","80570","10103"
"2008-10-10","Dualcore","168238","149664","18574"
"2008-10-11","Dualcore","92911","82895","10016"
"2008-10-12","Dualcore","134549","120951","13598"
"2008-10-13","Dualcore","69385","62631","6754"
"2008-10-14","Dualcore","162206","147157","15049"
"2008-10-15","Dualcore","93566","85925","7641"
"2008-10-16","Dualcore","138725","121808","16917"
"2008-10-17","Dualcore","206818","189983","16835"
"2008-10-18","Dualcore","70387","62122","8265"
"2008-10-19","Dualcore","142306","129870","12436"
"2008-10-20","Dualcore","160110","146455","13655"
"2008-10-21","Dualcore","168901","148325","20576"
"2008-10-22","Dualcore","176778","159323","17455"
"2008-10-23","Dualcore","111382","97681","13701"
"2008-10-24","Dualcore","119602","107837","11765"
"2008-10-25","Dualcore","125115","107986","17129"
"2008-10-26","Dualcore","171904","154450","17454"
"2008-10-27","Dualcore","109370","95839","13531"
"2008-10-28","Dualcore","188334","164726","23608"
"2008-10-29","Dualcore","88496","76574","11922"
"2008-10-30","Dualcore","173447","156017","17430"
"2008-10-31","Dualcore","140035","121383","18652"
"2008-11-01","Dualcore","129006","111010","17996"
"2008-11-02","Dualcore","98610","86024","12586"
"2008-11-03","Dualcore","194139","171978","22161"
"2008-11-04","Dualcore","131082","112298","18784"
"2008-11-05","Dualcore","124028","106987","17041"
"2008-11-06","Dualcore","97282","85373","11909"
"2008-11-07","Dualcore","173175","154883","18292"
"2008-11-08","Dualcore","73730","64039","9691"
"2008-11-09","Dualcore","147983","128342","19641"
"2008-11-10","Dualcore","80825","71213","9612"
"2008-11-11","Dualcore","187296","163020","24276"
"2008-11-12","Dualcore","155057","140674","14383"
"2008-11-13","Dualcore","102302","92966","9336"
"2008-11-14","Dualcore","184694","169022","15672"
"2008-11-15","Dualcore","198164","174932","23232"
"2008-11-16","Dualcore","151304","136162","15142"
"2008-11-17","Dualcore","102820","93074","9746"
"2008-11-18","Dualcore","153715","132311","21404"
"2008-11-19","Dualcore","113463","90510","22953"
"2008-11-20","Dualcore","115628","101385","14243"
"2008-11-21","Dualcore","189052","171552","17500"
"2008-11-22","Dualcore","139821","121086","18735"
"2008-11-23","Dualcore","75179","65034","10145"
"2008-11-24","Dualcore","115245","100878","14367"
"2008-11-25","Dualcore","84847","73096","11751"
"2008-11-26","Dualcore","67043","59112","7931"
"2008-11-27","Dualcore","51888","47291","4597"
"2008-11-28","Dualcore","104442","89021","15421"
"2008-11-29","Dualcore","111138","93294","17844"
"2008-11-30","Dualcore","148076","126742","21334"
"2008-12-01","Dualcore","156329","139097","17232"
"2008-12-02","Dualcore","182434","163549","18885"
"2008-12-03","Dualcore","117453","103142","14311"
"2008-12-04","Dualcore","55883","48050","7833"
"2008-12-05","Dualcore","154121","139946","14175"
"2008-12-06","Dualcore","129208","116269","12939"
"2008-12-07","Dualcore","84085","74000","10085"
"2008-12-08","Dualcore","119656","99194","20462"
"2008-12-09","Dualcore","161126","139937","21189"
"2008-12-10","Dualcore","127212","115436","11776"
"2008-12-11","Dualcore","130503","114883","15620"
"2008-12-12","Dualcore","130301","113950","16351"
"2008-12-13","Dualcore","153320","132529","20791"
"2008-12-14","Dualcore","118115","111451","6664"
"2008-12-15","Dualcore","174055","156045","18010"
"2008-12-16","Dualcore","75474","60338","15136"
"2008-12-17","Dualcore","92762","85512","7250"
"2008-12-18","Dualcore","123781","110396","13385"
"2008-12-19","Dualcore","111592","100204","11388"
"2008-12-20","Dualcore","185279","161073","24206"
"2008-12-21","Dualcore","83801","72639","11162"
"2008-12-22","Dualcore","126580","114877","11703"
"2008-12-23","Dualcore","101403","93162","8241"
"2008-12-24","Dualcore","79156","65510","13646"
"2008-12-25","Dualcore","77064","67418","9646"
"2008-12-26","Dualcore","232163","209957","22206"
"2008-12-27","Dualcore","166526","135977","30549"
"2008-12-28","Dualcore","117927","107357","10570"
"2008-12-29","Dualcore","96167","83715","12452"
"2008-12-30","Dualcore","189326","164577","24749"
"2008-12-31","Dualcore","134400","126168","8232"
"2009-01-01","Dualcore","163084","140797","22287"
"2009-01-02","Dualcore","280636","251356","29280"
"2009-01-03","Dualcore","204575","180635","23940"
"2009-01-04","Dualcore","314913","285412","29501"
"2009-01-05","Dualcore","199974","175313","24661"
"2009-01-06","Dualcore","192094","167523","24571"
"2009-01-07","Dualcore","221709","195538","26171"
"2009-01-08","Dualcore","240980","218707","22273"
"2009-01-09","Dualcore","181580","157938","23642"
"2009-01-10","Dualcore","368738","336610","32128"
"2009-01-11","Dualcore","292761","271567","21194"
"2009-01-12","Dualcore","211528","193498","18030"
"2009-01-13","Dualcore","195761","170351","25410"
"2009-01-14","Dualcore","246310","212640","33670"
"2009-01-15","Dualcore","245671","214013","31658"
"2009-01-16","Dualcore","211344","186866","24478"
"2009-01-17","Dualcore","177613","151769","25844"
"2009-01-18","Dualcore","229496","202697","26799"
"2009-01-19","Dualcore","266355","238242","28113"
"2009-01-20","Dualcore","310307","283274","27033"
"2009-01-21","Dualcore","352505","317075","35430"
"2009-01-22","Dualcore","167009","144151","22858"
"2009-01-23","Dualcore","127668","101571","26097"
"2009-01-24","Dualcore","230083","205031","25052"
"2009-01-25","Dualcore","321586","290388","31198"
"2009-01-26","Dualcore","272004","243395","28609"
"2009-01-27","Dualcore","254358","231629","22729"
"2009-01-28","Dualcore","221893","187261","34632"
"2009-01-29","Dualcore","263469","236830","26639"
"2009-01-30","Dualcore","262681","237485","25196"
"2009-01-31","Dualcore","240891","216450","24441"
"2009-02-01","Dualcore","194690","171799","22891"
"2009-02-02","Dualcore","260108","232081","28027"
"2009-02-03","Dualcore","201653","178903","22750"
"2009-02-04","Dualcore","208569","182231","26338"
"2009-02-05","Dualcore","295951","268470","27481"
"2009-02-06","Dualcore","262064","234064","28000"
"2009-02-07","Dualcore","254427","222355","32072"
"2009-02-08","Dualcore","282736","252242","30494"
"2009-02-09","Dualcore","319932","284562","35370"
"2009-02-10","Dualcore","127825","105169","22656"
"2009-02-11","Dualcore","173021","157023","15998"
"2009-02-12","Dualcore","222917","195811","27106"
"2009-02-13","Dualcore","259926","221433","38493"
"2009-02-14","Dualcore","299081","270354","28727"
"2009-02-15","Dualcore","240719","206238","34481"
"2009-02-16","Dualcore","228933","204352","24581"
"2009-02-17","Dualcore","325676","292443","33233"
"2009-02-18","Dualcore","224695","195093","29602"
"2009-02-19","Dualcore","452292","414529","37763"
"2009-02-20","Dualcore","184729","159808","24921"
"2009-02-21","Dualcore","114959","103140","11819"
"2009-02-22","Dualcore","134304","114040","20264"
"2009-02-23","Dualcore","266812","241067","25745"
"2009-02-24","Dualcore","227016","192896","34120"
"2009-02-25","Dualcore","309279","277175","32104"
"2009-02-26","Dualcore","190901","168250","22651"
"2009-02-27","Dualcore","265189","236838","28351"
"2009-02-28","Dualcore","283866","252936","30930"
"2009-03-01","Dualcore","228742","208718","20024"
"2009-03-02","Dualcore","228463","198675","29788"
"2009-03-03","Dualcore","239271","215652","23619"
"2009-03-04","Dualcore","211301","181094","30207"
"2009-03-05","Dualcore","200496","173719","26777"
"2009-03-06","Dualcore","381777","343070","38707"
"2009-03-07","Dualcore","359078","332355","26723"
"2009-03-08","Dualcore","293871","260738","33133"
"2009-03-09","Dualcore","196961","173718","23243"
"2009-03-10","Dualcore","225974","208453","17521"
"2009-03-11","Dualcore","197091","178008","19083"
"2009-03-12","Dualcore","264083","236624","27459"
"2009-03-13","Dualcore","331499","300845","30654"
"2009-03-14","Dualcore","317636","284905","32731"
"2009-03-15","Dualcore","165936","150716","15220"
"2009-03-16","Dualcore","159007","130707","28300"
"2009-03-17","Dualcore","251329","218687","32642"
"2009-03-18","Dualcore","152936","129040","23896"
"2009-03-19","Dualcore","164206","144353","19853"
"2009-03-20","Dualcore","193913","171420","22493"
"2009-03-21","Dualcore","212668","181331","31337"
"2009-03-22","Dualcore","129521","109923","19598"
"2009-03-23","Dualcore","354579","322162","32417"
"2009-03-24","Dualcore","198036","171004","27032"
"2009-03-25","Dualcore","175649","153973","21676"
"2009-03-26","Dualcore","256088","228755","27333"
"2009-03-27","Dualcore","230040","206524","23516"
"2009-03-28","Dualcore","176661","154064","22597"
"2009-03-29","Dualcore","349059","305299","43760"
"2009-03-30","Dualcore","250771","222953","27818"
"2009-03-31","Dualcore","187387","173174","14213"
"2009-04-01","Dualcore","249092","223365","25727"
"2009-04-02","Dualcore","272547","243718","28829"
"2009-04-03","Dualcore","293602","260830","32772"
"2009-04-04","Dualcore","153611","131237","22374"
"2009-04-05","Dualcore","288245","262723","25522"
"2009-04-06","Dualcore","426539","384699","41840"
"2009-04-07","Dualcore","154015","138915","15100"
"2009-04-08","Dualcore","201200","181634","19566"
"2009-04-09","Dualcore","299681","267392","32289"
"2009-04-10","Dualcore","162496","147521","14975"
"2009-04-11","Dualcore","231886","207258","24628"
"2009-04-12","Dualcore","303591","263390","40201"
"2009-04-13","Dualcore","275119","243329","31790"
"2009-04-14","Dualcore","285261","258856","26405"
"2009-04-15","Dualcore","170683","152593","18090"
"2009-04-16","Dualcore","294767","267757","27010"
"2009-04-17","Dualcore","240082","203499","36583"
"2009-04-18","Dualcore","285054","260301","24753"
"2009-04-19","Dualcore","199212","174579","24633"
"2009-04-20","Dualcore","294510","266374","28136"
"2009-04-21","Dualcore","297995","272338","25657"
"2009-04-22","Dualcore","195766","173869","21897"
"2009-04-23","Dualcore","207238","176474","30764"
"2009-04-24","Dualcore","156484","140099","16385"
"2009-04-25","Dualcore","257410","229519","27891"
"2009-04-26","Dualcore","286785","254303","32482"
"2009-04-27","Dualcore","290695","254909","35786"
"2009-04-28","Dualcore","151524","139323","12201"
"2009-04-29","Dualcore","219934","196604","23330"
"2009-04-30","Dualcore","193370","170133","23237"
"2009-05-01","Dualcore","257958","229641","28317"
"2009-05-02","Dualcore","320711","285726","34985"
"2009-05-03","Dualcore","171631","147713","23918"
"2009-05-04","Dualcore","346328","318785","27543"
"2009-05-05","Dualcore","224474","197544","26930"
"2009-05-06","Dualcore","320333","291541","28792"
"2009-05-07","Dualcore","211070","189616","21454"
"2009-05-08","Dualcore","252225","221266","30959"
"2009-05-09","Dualcore","224997","204001","20996"
"2009-05-10","Dualcore","202768","179213","23555"
"2009-05-11","Dualcore","187414","167359","20055"
"2009-05-12","Dualcore","208273","186975","21298"
"2009-05-13","Dualcore","149303","123564","25739"
"2009-05-14","Dualcore","318549","291362","27187"
"2009-05-15","Dualcore","234460","211336","23124"
"2009-05-16","Dualcore","228166","205676","22490"
"2009-05-17","Dualcore","334489","293165","41324"
"2009-05-18","Dualcore","250466","212597","37869"
"2009-05-19","Dualcore","234583","203448","31135"
"2009-05-20","Dualcore","267422","236887","30535"
"2009-05-21","Dualcore","227968","203752","24216"
"2009-05-22","Dualcore","232886","196626","36260"
"2009-05-23","Dualcore","282371","251850","30521"
"2009-05-24","Dualcore","249331","224242","25089"
"2009-05-25","Dualcore","141110","126321","14789"
"2009-05-26","Dualcore","113899","101840","12059"
"2009-05-27","Dualcore","261507","225655","35852"
"2009-05-28","Dualcore","267062","242808","24254"
"2009-05-29","Dualcore","281389","252580","28809"
"2009-05-30","Dualcore","131681","110017","21664"
"2009-05-31","Dualcore","317918","294682","23236"
"2009-06-01","Dualcore","385479","348626","36853"
"2009-06-02","Dualcore","370088","337366","32722"
"2009-06-03","Dualcore","303761","271077","32684"
"2009-06-04","Dualcore","398701","357696","41005"
"2009-06-05","Dualcore","242687","202892","39795"
"2009-06-06","Dualcore","296681","271679","25002"
"2009-06-07","Dualcore","262755","222807","39948"
"2009-06-08","Dualcore","246100","208613","37487"
"2009-06-09","Dualcore","350087","307679","42408"
"2009-06-10","Dualcore","356873","321052","35821"
"2009-06-11","Dualcore","357427","328965","28462"
"2009-06-12","Dualcore","300198","258199","41999"
"2009-06-13","Dualcore","392432","347241","45191"
"2009-06-14","Dualcore","267419","234068","33351"
"2009-06-15","Dualcore","269487","231355","38132"
"2009-06-16","Dualcore","457460","406070","51390"
"2009-06-17","Dualcore","536068","473743","62325"
"2009-06-18","Dualcore","300674","261049","39625"
"2009-06-19","Dualcore","260436","233281","27155"
"2009-06-20","Dualcore","367897","321188","46709"
"2009-06-21","Dualcore","237600","206647","30953"
"2009-06-22","Dualcore","325616","295731","29885"
"2009-06-23","Dualcore","449362","395447","53915"
"2009-06-24","Dualcore","394186","360251","33935"
"2009-06-25","Dualcore","217841","188910","28931"
"2009-06-26","Dualcore","270322","238058","32264"
"2009-06-27","Dualcore","437616","399974","37642"
"2009-06-28","Dualcore","230098","201546","28552"
"2009-06-29","Dualcore","300788","267019","33769"
"2009-06-30","Dualcore","292170","263512","28658"
"2009-07-01","Dualcore","293318","251093","42225"
"2009-07-02","Dualcore","384796","346369","38427"
"2009-07-03","Dualcore","242181","210240","31941"
"2009-07-04","Dualcore","225237","190156","35081"
"2009-07-05","Dualcore","377491","329738","47753"
"2009-07-06","Dualcore","272104","236519","35585"
"2009-07-07","Dualcore","500654","448618","52036"
"2009-07-08","Dualcore","281022","256164","24858"
"2009-07-09","Dualcore","371895","327187","44708"
"2009-07-10","Dualcore","410856","377804","33052"
"2009-07-11","Dualcore","298353","260200","38153"
"2009-07-12","Dualcore","448413","403610","44803"
"2009-07-13","Dualcore","330719","303493","27226"
"2009-07-14","Dualcore","563501","502340","61161"
"2009-07-15","Dualcore","258986","235811","23175"
"2009-07-16","Dualcore","312087","285751","26336"
"2009-07-17","Dualcore","323812","291255","32557"
"2009-07-18","Dualcore","254368","229462","24906"
"2009-07-19","Dualcore","337835","310344","27491"
"2009-07-20","Dualcore","276546","245967","30579"
"2009-07-21","Dualcore","261849","226365","35484"
"2009-07-22","Dualcore","374878","337337","37541"
"2009-07-23","Dualcore","342809","310332","32477"
"2009-07-24","Dualcore","289997","253054","36943"
"2009-07-25","Dualcore","257631","224338","33293"
"2009-07-26","Dualcore","234997","205075","29922"
"2009-07-27","Dualcore","195337","174001","21336"
"2009-07-28","Dualcore","337270","293857","43413"
"2009-07-29","Dualcore","474494","433212","41282"
"2009-07-30","Dualcore","481550","432863","48687"
"2009-07-31","Dualcore","304683","265000","39683"
"2009-08-01","Dualcore","346973","304628","42345"
"2009-08-02","Dualcore","210149","182827","27322"
"2009-08-03","Dualcore","293244","257728","35516"
"2009-08-04","Dualcore","289858","260063","29795"
"2009-08-05","Dualcore","328105","296319","31786"
"2009-08-06","Dualcore","322110","277827","44283"
"2009-08-07","Dualcore","373308","325511","47797"
"2009-08-08","Dualcore","272012","238559","33453"
"2009-08-09","Dualcore","257221","225425","31796"
"2009-08-10","Dualcore","302371","275366","27005"
"2009-08-11","Dualcore","445285","403863","41422"
"2009-08-12","Dualcore","238850","221172","17678"
"2009-08-13","Dualcore","195170","170946","24224"
"2009-08-14","Dualcore","309527","275271","34256"
"2009-08-15","Dualcore","347334","310953","36381"
"2009-08-16","Dualcore","195189","166814","28375"
"2009-08-17","Dualcore","253427","222897","30530"
"2009-08-18","Dualcore","293879","251871","42008"
"2009-08-19","Dualcore","331161","291751","39410"
"2009-08-20","Dualcore","337254","294032","43222"
"2009-08-21","Dualcore","382069","339247","42822"
"2009-08-22","Dualcore","340880","311891","28989"
"2009-08-23","Dualcore","183832","158421","25411"
"2009-08-24","Dualcore","386007","344033","41974"
"2009-08-25","Dualcore","351206","306606","44600"
"2009-08-26","Dualcore","306949","273088","33861"
"2009-08-27","Dualcore","344038","306474","37564"
"2009-08-28","Dualcore","401929","363786","38143"
"2009-08-29","Dualcore","446059","393641","52418"
"2009-08-30","Dualcore","266090","235171","30919"
"2009-08-31","Dualcore","248231","216369","31862"
"2009-09-01","Dualcore","295202","264595","30607"
"2009-09-02","Dualcore","248181","224630","23551"
"2009-09-03","Dualcore","356252","318950","37302"
"2009-09-04","Dualcore","253979","222780","31199"
"2009-09-05","Dualcore","349439","303454","45985"
"2009-09-06","Dualcore","186696","166193","20503"
"2009-09-07","Dualcore","265901","236621","29280"
"2009-09-08","Dualcore","434857","383721","51136"
"2009-09-09","Dualcore","383250","340682","42568"
"2009-09-10","Dualcore","330643","292772","37871"
"2009-09-11","Dualcore","482287","437261","45026"
"2009-09-12","Dualcore","274780","247713","27067"
"2009-09-13","Dualcore","419001","367757","51244"
"2009-09-14","Dualcore","399467","361958","37509"
"2009-09-15","Dualcore","406815","365722","41093"
"2009-09-16","Dualcore","286521","259709","26812"
"2009-09-17","Dualcore","263968","233476","30492"
"2009-09-18","Dualcore","263929","225341","38588"
"2009-09-19","Dualcore","427645","374438","53207"
"2009-09-20","Dualcore","174084","146000","28084"
"2009-09-21","Dualcore","430894","383184","47710"
"2009-09-22","Dualcore","328466","301510","26956"
"2009-09-23","Dualcore","378037","339354","38683"
"2009-09-24","Dualcore","217284","190604","26680"
"2009-09-25","Dualcore","273109","248909","24200"
"2009-09-26","Dualcore","233755","204766","28989"
"2009-09-27","Dualcore","241151","209882","31269"
"2009-09-28","Dualcore","300135","263642","36493"
"2009-09-29","Dualcore","326471","297944","28527"
"2009-09-30","Dualcore","322928","282957","39971"
"2009-10-01","Dualcore","265968","237105","28863"
"2009-10-02","Dualcore","221273","192422","28851"
"2009-10-03","Dualcore","437649","389520","48129"
"2009-10-04","Dualcore","342405","308975","33430"
"2009-10-05","Dualcore","344446","298364","46082"
"2009-10-06","Dualcore","265243","236933","28310"
"2009-10-07","Dualcore","392120","340740","51380"
"2009-10-08","Dualcore","151553","126441","25112"
"2009-10-09","Dualcore","349324","317299","32025"
"2009-10-10","Dualcore","377186","337215","39971"
"2009-10-11","Dualcore","280077","249541","30536"
"2009-10-12","Dualcore","254691","212971","41720"
"2009-10-13","Dualcore","318585","279780","38805"
"2009-10-14","Dualcore","257073","219308","37765"
"2009-10-15","Dualcore","316982","281372","35610"
"2009-10-16","Dualcore","308837","270174","38663"
"2009-10-17","Dualcore","301713","264736","36977"
"2009-10-18","Dualcore","371301","337249","34052"
"2009-10-19","Dualcore","288610","248083","40527"
"2009-10-20","Dualcore","306399","261077","45322"
"2009-10-21","Dualcore","244466","213644","30822"
"2009-10-22","Dualcore","414751","374165","40586"
"2009-10-23","Dualcore","220599","194065","26534"
"2009-10-24","Dualcore","277061","252132","24929"
"2009-10-25","Dualcore","243078","213440","29638"
"2009-10-26","Dualcore","376360","339361","36999"
"2009-10-27","Dualcore","308837","272851","35986"
"2009-10-28","Dualcore","343367","304954","38413"
"2009-10-29","Dualcore","275494","231765","43729"
"2009-10-30","Dualcore","244109","206415","37694"
"2009-10-31","Dualcore","362791","318706","44085"
"2009-11-01","Dualcore","293153","259459","33694"
"2009-11-02","Dualcore","234577","210591","23986"
"2009-11-03","Dualcore","404086","364590","39496"
"2009-11-04","Dualcore","398139","356751","41388"
"2009-11-05","Dualcore","509862","470044","39818"
"2009-11-06","Dualcore","286695","251087","35608"
"2009-11-07","Dualcore","251749","216881","34868"
"2009-11-08","Dualcore","240542","203377","37165"
"2009-11-09","Dualcore","267671","244950","22721"
"2009-11-10","Dualcore","437462","398276","39186"
"2009-11-11","Dualcore","248630","218671","29959"
"2009-11-12","Dualcore","253817","226923","26894"
"2009-11-13","Dualcore","324394","283533","40861"
"2009-11-14","Dualcore","354860","306788","48072"
"2009-11-15","Dualcore","425490","368100","57390"
"2009-11-16","Dualcore","366876","314134","52742"
"2009-11-17","Dualcore","229414","201487","27927"
"2009-11-18","Dualcore","241547","216190","25357"
"2009-11-19","Dualcore","242414","210563","31851"
"2009-11-20","Dualcore","304191","263830","40361"
"2009-11-21","Dualcore","237651","212582","25069"
"2009-11-22","Dualcore","467925","422433","45492"
"2009-11-23","Dualcore","367730","320457","47273"
"2009-11-24","Dualcore","253546","219558","33988"
"2009-11-25","Dualcore","279952","247716","32236"
"2009-11-26","Dualcore","342018","315097","26921"
"2009-11-27","Dualcore","253382","221123","32259"
"2009-11-28","Dualcore","311356","274867","36489"
"2009-11-29","Dualcore","356992","322449","34543"
"2009-11-30","Dualcore","357105","312835","44270"
"2009-12-01","Dualcore","354314","324324","29990"
"2009-12-02","Dualcore","324298","284986","39312"
"2009-12-03","Dualcore","276448","235151","41297"
"2009-12-04","Dualcore","271136","234796","36340"
"2009-12-05","Dualcore","294485","263126","31359"
"2009-12-06","Dualcore","287753","255151","32602"
"2009-12-07","Dualcore","299589","268465","31124"
"2009-12-08","Dualcore","277299","244637","32662"
"2009-12-09","Dualcore","431584","382889","48695"
"2009-12-10","Dualcore","285839","245498","40341"
"2009-12-11","Dualcore","402879","359333","43546"
"2009-12-12","Dualcore","180902","151034","29868"
"2009-12-13","Dualcore","268350","230997","37353"
"2009-12-14","Dualcore","388140","348397","39743"
"2009-12-15","Dualcore","241157","213475","27682"
"2009-12-16","Dualcore","111491","85742","25749"
"2009-12-17","Dualcore","364876","319550","45326"
"2009-12-18","Dualcore","423239","383737","39502"
"2009-12-19","Dualcore","388356","352213","36143"
"2009-12-20","Dualcore","235631","212841","22790"
"2009-12-21","Dualcore","276416","235807","40609"
"2009-12-22","Dualcore","274092","244867","29225"
"2009-12-23","Dualcore","289388","252169","37219"
"2009-12-24","Dualcore","309106","271947","37159"
"2009-12-25","Dualcore","300578","271946","28632"
"2009-12-26","Dualcore","214856","187373","27483"
"2009-12-27","Dualcore","273565","250037","23528"
"2009-12-28","Dualcore","304065","264537","39528"
"2009-12-29","Dualcore","305836","264486","41350"
"2009-12-30","Dualcore","269821","232092","37729"
"2009-12-31","Dualcore","430123","379011","51112"
"2010-01-01","Dualcore","564554","502238","62316"
"2010-01-02","Dualcore","536481","466718","69763"
"2010-01-03","Dualcore","599400","540146","59254"
"2010-01-04","Dualcore","670135","605834","64301"
"2010-01-05","Dualcore","406884","359400","47484"
"2010-01-06","Dualcore","298366","261407","36959"
"2010-01-07","Dualcore","401878","352230","49648"
"2010-01-08","Dualcore","343489","314727","28762"
"2010-01-09","Dualcore","584546","533682","50864"
"2010-01-10","Dualcore","505766","448027","57739"
"2010-01-11","Dualcore","536831","484381","52450"
"2010-01-12","Dualcore","422868","381129","41739"
"2010-01-13","Dualcore","604314","544040","60274"
"2010-01-14","Dualcore","514248","447018","67230"
"2010-01-15","Dualcore","509617","446232","63385"
"2010-01-16","Dualcore","540019","466107","73912"
"2010-01-17","Dualcore","448736","395069","53667"
"2010-01-18","Dualcore","521060","453789","67271"
"2010-01-19","Dualcore","405488","364735","40753"
"2010-01-20","Dualcore","479564","431810","47754"
"2010-01-21","Dualcore","499742","444838","54904"
"2010-01-22","Dualcore","435830","395617","40213"
"2010-01-23","Dualcore","532395","473986","58409"
"2010-01-24","Dualcore","664082","594049","70033"
"2010-01-25","Dualcore","321556","283953","37603"
"2010-01-26","Dualcore","457717","404155","53562"
"2010-01-27","Dualcore","436261","380717","55544"
"2010-01-28","Dualcore","478905","430791","48114"
"2010-01-29","Dualcore","639275","567008","72267"
"2010-01-30","Dualcore","565113","507146","57967"
"2010-01-31","Dualcore","328204","283121","45083"
"2010-02-01","Dualcore","518397","469510","48887"
"2010-02-02","Dualcore","496171","447905","48266"
"2010-02-03","Dualcore","401119","350951","50168"
"2010-02-04","Dualcore","374796","329192","45604"
"2010-02-05","Dualcore","430109","374802","55307"
"2010-02-06","Dualcore","426086","376262","49824"
"2010-02-07","Dualcore","677535","618668","58867"
"2010-02-08","Dualcore","362601","312647","49954"
"2010-02-09","Dualcore","311333","273150","38183"
"2010-02-10","Dualcore","478775","414966","63809"
"2010-02-11","Dualcore","432278","386578","45700"
"2010-02-12","Dualcore","754954","690414","64540"
"2010-02-13","Dualcore","388009","340015","47994"
"2010-02-14","Dualcore","435020","383878","51142"
"2010-02-15","Dualcore","586627","519029","67598"
"2010-02-16","Dualcore","542640","485272","57368"
"2010-02-17","Dualcore","613439","557371","56068"
"2010-02-18","Dualcore","494696","440315","54381"
"2010-02-19","Dualcore","345114","301399","43715"
"2010-02-20","Dualcore","452325","407486","44839"
"2010-02-21","Dualcore","501240","443631","57609"
"2010-02-22","Dualcore","689480","613773","75707"
"2010-02-23","Dualcore","546205","481950","64255"
"2010-02-24","Dualcore","383330","341693","41637"
"2010-02-25","Dualcore","514210","447873","66337"
"2010-02-26","Dualcore","448026","402073","45953"
"2010-02-27","Dualcore","381578","324693","56885"
"2010-02-28","Dualcore","616145","563064","53081"
"2010-03-01","Dualcore","466806","419890","46916"
"2010-03-02","Dualcore","486996","434897","52099"
"2010-03-03","Dualcore","393861","356791","37070"
"2010-03-04","Dualcore","450936","399755","51181"
"2010-03-05","Dualcore","518013","462275","55738"
"2010-03-06","Dualcore","355691","307171","48520"
"2010-03-07","Dualcore","364212","317349","46863"
"2010-03-08","Dualcore","580060","519496","60564"
"2010-03-09","Dualcore","400088","355166","44922"
"2010-03-10","Dualcore","440513","383081","57432"
"2010-03-11","Dualcore","476811","426647","50164"
"2010-03-12","Dualcore","553149","493806","59343"
"2010-03-13","Dualcore","568863","502739","66124"
"2010-03-14","Dualcore","561121","514423","46698"
"2010-03-15","Dualcore","381425","335180","46245"
"2010-03-16","Dualcore","453697","400269","53428"
"2010-03-17","Dualcore","395074","337647","57427"
"2010-03-18","Dualcore","455905","397254","58651"
"2010-03-19","Dualcore","342296","306354","35942"
"2010-03-20","Dualcore","300630","259046","41584"
"2010-03-21","Dualcore","672988","602948","70040"
"2010-03-22","Dualcore","421097","360501","60596"
"2010-03-23","Dualcore","305792","268147","37645"
"2010-03-24","Dualcore","516005","470402","45603"
"2010-03-25","Dualcore","387355","343349","44006"
"2010-03-26","Dualcore","712303","647598","64705"
"2010-03-27","Dualcore","420402","372824","47578"
"2010-03-28","Dualcore","451769","401750","50019"
"2010-03-29","Dualcore","383442","343960","39482"
"2010-03-30","Dualcore","628532","559021","69511"
"2010-03-31","Dualcore","410000","361635","48365"
"2010-04-01","Dualcore","441753","388930","52823"
"2010-04-02","Dualcore","354139","300891","53248"
"2010-04-03","Dualcore","448512","393132","55380"
"2010-04-04","Dualcore","539276","474141","65135"
"2010-04-05","Dualcore","410499","360216","50283"
"2010-04-06","Dualcore","424370","375203","49167"
"2010-04-07","Dualcore","558839","500343","58496"
"2010-04-08","Dualcore","502004","445066","56938"
"2010-04-09","Dualcore","533656","476146","57510"
"2010-04-10","Dualcore","440706","384777","55929"
"2010-04-11","Dualcore","428026","377374","50652"
"2010-04-12","Dualcore","549746","488881","60865"
"2010-04-13","Dualcore","356905","321929","34976"
"2010-04-14","Dualcore","548158","490951","57207"
"2010-04-15","Dualcore","534363","482661","51702"
"2010-04-16","Dualcore","566634","506675","59959"
"2010-04-17","Dualcore","535594","482480","53114"
"2010-04-18","Dualcore","495494","442673","52821"
"2010-04-19","Dualcore","601169","544836","56333"
"2010-04-20","Dualcore","519027","456791","62236"
"2010-04-21","Dualcore","403762","361737","42025"
"2010-04-22","Dualcore","371422","315912","55510"
"2010-04-23","Dualcore","554333","501214","53119"
"2010-04-24","Dualcore","457854","403038","54816"
"2010-04-25","Dualcore","378698","335163","43535"
"2010-04-26","Dualcore","404870","359914","44956"
"2010-04-27","Dualcore","411390","364957","46433"
"2010-04-28","Dualcore","390895","340949","49946"
"2010-04-29","Dualcore","503445","446685","56760"
"2010-04-30","Dualcore","377184","336407","40777"
"2010-05-01","Dualcore","387625","347252","40373"
"2010-05-02","Dualcore","497337","438863","58474"
"2010-05-03","Dualcore","550448","486658","63790"
"2010-05-04","Dualcore","469541","424975","44566"
"2010-05-05","Dualcore","446142","393612","52530"
"2010-05-06","Dualcore","409036","355551","53485"
"2010-05-07","Dualcore","603507","548522","54985"
"2010-05-08","Dualcore","472508","417692","54816"
"2010-05-09","Dualcore","534088","481236","52852"
"2010-05-10","Dualcore","618420","550147","68273"
"2010-05-11","Dualcore","354364","302575","51789"
"2010-05-12","Dualcore","589883","538663","51220"
"2010-05-13","Dualcore","560314","497915","62399"
"2010-05-14","Dualcore","392654","352537","40117"
"2010-05-15","Dualcore","640329","569681","70648"
"2010-05-16","Dualcore","467760","400845","66915"
"2010-05-17","Dualcore","490032","430288","59744"
"2010-05-18","Dualcore","747590","675644","71946"
"2010-05-19","Dualcore","448448","402009","46439"
"2010-05-20","Dualcore","424983","376036","48947"
"2010-05-21","Dualcore","549656","495423","54233"
"2010-05-22","Dualcore","436252","384786","51466"
"2010-05-23","Dualcore","445211","398459","46752"
"2010-05-24","Dualcore","480263","435755","44508"
"2010-05-25","Dualcore","397900","355647","42253"
"2010-05-26","Dualcore","279222","250909","28313"
"2010-05-27","Dualcore","627740","572959","54781"
"2010-05-28","Dualcore","319568","275753","43815"
"2010-05-29","Dualcore","646369","580584","65785"
"2010-05-30","Dualcore","452963","406325","46638"
"2010-05-31","Dualcore","359339","317711","41628"
"2010-06-01","Dualcore","598843","532090","66753"
"2010-06-02","Dualcore","807779","700902","106877"
"2010-06-03","Dualcore","772417","684778","87639"
"2010-06-04","Dualcore","897548","799294","98254"
"2010-06-05","Dualcore","841657","750293","91364"
"2010-06-06","Dualcore","1104909","1009491","95418"
"2010-06-07","Dualcore","899743","806878","92865"
"2010-06-08","Dualcore","803112","711200","91912"
"2010-06-09","Dualcore","904298","799906","104392"
"2010-06-10","Dualcore","775920","682125","93795"
"2010-06-11","Dualcore","818227","717171","101056"
"2010-06-12","Dualcore","1013168","905828","107340"
"2010-06-13","Dualcore","840732","735246","105486"
"2010-06-14","Dualcore","921142","825013","96129"
"2010-06-15","Dualcore","1108152","1000550","107602"
"2010-06-16","Dualcore","785102","689911","95191"
"2010-06-17","Dualcore","733644","642263","91381"
"2010-06-18","Dualcore","649706","574755","74951"
"2010-06-19","Dualcore","750163","647415","102748"
"2010-06-20","Dualcore","724557","640964","83593"
"2010-06-21","Dualcore","790619","705156","85463"
"2010-06-22","Dualcore","804732","718066","86666"
"2010-06-23","Dualcore","775423","683701","91722"
"2010-06-24","Dualcore","872485","758848","113637"
"2010-06-25","Dualcore","798481","698177","100304"
"2010-06-26","Dualcore","915648","811410","104238"
"2010-06-27","Dualcore","991349","883713","107636"
"2010-06-28","Dualcore","808792","723720","85072"
"2010-06-29","Dualcore","877925","758375","119550"
"2010-06-30","Dualcore","775616","680767","94849"
"2010-07-01","Dualcore","991307","889504","101803"
"2010-07-02","Dualcore","1127068","1005857","121211"
"2010-07-03","Dualcore","698249","596488","101761"
"2010-07-04","Dualcore","937472","841421","96051"
"2010-07-05","Dualcore","825974","735421","90553"
"2010-07-06","Dualcore","719896","638341","81555"
"2010-07-07","Dualcore","1229657","1118338","111319"
"2010-07-08","Dualcore","846357","761015","85342"
"2010-07-09","Dualcore","1161928","1048134","113794"
"2010-07-10","Dualcore","940198","823597","116601"
"2010-07-11","Dualcore","621940","549487","72453"
"2010-07-12","Dualcore","762830","661581","101249"
"2010-07-13","Dualcore","821031","745211","75820"
"2010-07-14","Dualcore","1001177","900467","100710"
"2010-07-15","Dualcore","811061","724259","86802"
"2010-07-16","Dualcore","715796","621423","94373"
"2010-07-17","Dualcore","813133","733821","79312"
"2010-07-18","Dualcore","777676","688851","88825"
"2010-07-19","Dualcore","791427","706776","84651"
"2010-07-20","Dualcore","1045438","928722","116716"
"2010-07-21","Dualcore","704816","609510","95306"
"2010-07-22","Dualcore","617012","539019","77993"
"2010-07-23","Dualcore","755319","668019","87300"
"2010-07-24","Dualcore","838247","743849","94398"
"2010-07-25","Dualcore","609018","528722","80296"
"2010-07-26","Dualcore","765047","677686","87361"
"2010-07-27","Dualcore","572235","500099","72136"
"2010-07-28","Dualcore","663055","569265","93790"
"2010-07-29","Dualcore","636327","564036","72291"
"2010-07-30","Dualcore","880584","788630","91954"
"2010-07-31","Dualcore","951182","857035","94147"
"2010-08-01","Dualcore","815716","737782","77934"
"2010-08-02","Dualcore","895949","776036","119913"
"2010-08-03","Dualcore","891774","787385","104389"
"2010-08-04","Dualcore","729392","638740","90652"
"2010-08-05","Dualcore","756912","676721","80191"
"2010-08-06","Dualcore","1015796","911241","104555"
"2010-08-07","Dualcore","688406","588431","99975"
"2010-08-08","Dualcore","742962","660824","82138"
"2010-08-09","Dualcore","709462","620940","88522"
"2010-08-10","Dualcore","896990","804823","92167"
"2010-08-11","Dualcore","922071","805531","116540"
"2010-08-12","Dualcore","965629","855864","109765"
"2010-08-13","Dualcore","950348","847478","102870"
"2010-08-14","Dualcore","925798","831703","94095"
"2010-08-15","Dualcore","811886","736584","75302"
"2010-08-16","Dualcore","718227","638541","79686"
"2010-08-17","Dualcore","847987","753924","94063"
"2010-08-18","Dualcore","987887","881155","106732"
"2010-08-19","Dualcore","915148","828135","87013"
"2010-08-20","Dualcore","905542","806040","99502"
"2010-08-21","Dualcore","723354","643526","79828"
"2010-08-22","Dualcore","831244","719324","111920"
"2010-08-23","Dualcore","875988","776512","99476"
"2010-08-24","Dualcore","961668","859075","102593"
"2010-08-25","Dualcore","835635","736916","98719"
"2010-08-26","Dualcore","866276","768348","97928"
"2010-08-27","Dualcore","619463","539076","80387"
"2010-08-28","Dualcore","703049","614854","88195"
"2010-08-29","Dualcore","856668","762825","93843"
"2010-08-30","Dualcore","809812","705864","103948"
"2010-08-31","Dualcore","983123","881471","101652"
"2010-09-01","Dualcore","676793","582031","94762"
"2010-09-02","Dualcore","885670","785795","99875"
"2010-09-03","Dualcore","1079660","961282","118378"
"2010-09-04","Dualcore","836891","731847","105044"
"2010-09-05","Dualcore","931159","831368","99791"
"2010-09-06","Dualcore","890525","792497","98028"
"2010-09-07","Dualcore","1044635","940351","104284"
"2010-09-08","Dualcore","662032","581070","80962"
"2010-09-09","Dualcore","854787","745203","109584"
"2010-09-10","Dualcore","612487","553948","58539"
"2010-09-11","Dualcore","704799","621270","83529"
"2010-09-12","Dualcore","1011939","904690","107249"
"2010-09-13","Dualcore","877987","770282","107705"
"2010-09-14","Dualcore","929616","807489","122127"
"2010-09-15","Dualcore","745427","666746","78681"
"2010-09-16","Dualcore","706733","637901","68832"
"2010-09-17","Dualcore","909154","821896","87258"
"2010-09-18","Dualcore","839131","757449","81682"
"2010-09-19","Dualcore","702518","621867","80651"
"2010-09-20","Dualcore","775222","684563","90659"
"2010-09-21","Dualcore","1017917","913440","104477"
"2010-09-22","Dualcore","878946","780015","98931"
"2010-09-23","Dualcore","914081","828350","85731"
"2010-09-24","Dualcore","1044463","950773","93690"
"2010-09-25","Dualcore","827050","736618","90432"
"2010-09-26","Dualcore","993942","898189","95753"
"2010-09-27","Dualcore","930743","828050","102693"
"2010-09-28","Dualcore","941352","844917","96435"
"2010-09-29","Dualcore","713496","641853","71643"
"2010-09-30","Dualcore","919029","817174","101855"
"2010-10-01","Dualcore","838706","743446","95260"
"2010-10-02","Dualcore","692492","610073","82419"
"2010-10-03","Dualcore","862715","769222","93493"
"2010-10-04","Dualcore","923886","822113","101773"
"2010-10-05","Dualcore","825217","717006","108211"
"2010-10-06","Dualcore","917120","808315","108805"
"2010-10-07","Dualcore","962122","858401","103721"
"2010-10-08","Dualcore","955722","858613","97109"
"2010-10-09","Dualcore","1048505","926127","122378"
"2010-10-10","Dualcore","929320","831769","97551"
"2010-10-11","Dualcore","870159","771896","98263"
"2010-10-12","Dualcore","749567","673703","75864"
"2010-10-13","Dualcore","809325","717103","92222"
"2010-10-14","Dualcore","1024774","904282","120492"
"2010-10-15","Dualcore","813557","720195","93362"
"2010-10-16","Dualcore","875644","768838","106806"
"2010-10-17","Dualcore","722909","636738","86171"
"2010-10-18","Dualcore","849508","756494","93014"
"2010-10-19","Dualcore","753910","659935","93975"
"2010-10-20","Dualcore","845600","749749","95851"
"2010-10-21","Dualcore","1014930","908626","106304"
"2010-10-22","Dualcore","662929","562199","100730"
"2010-10-23","Dualcore","974568","883760","90808"
"2010-10-24","Dualcore","668882","572187","96695"
"2010-10-25","Dualcore","801787","716310","85477"
"2010-10-26","Dualcore","771770","699265","72505"
"2010-10-27","Dualcore","817323","729592","87731"
"2010-10-28","Dualcore","858260","760181","98079"
"2010-10-29","Dualcore","916185","821880","94305"
"2010-10-30","Dualcore","820710","723261","97449"
"2010-10-31","Dualcore","662069","585133","76936"
"2010-11-01","Dualcore","889755","788432","101323"
"2010-11-02","Dualcore","703907","617055","86852"
"2010-11-03","Dualcore","873022","782210","90812"
"2010-11-04","Dualcore","865646","760824","104822"
"2010-11-05","Dualcore","734774","642425","92349"
"2010-11-06","Dualcore","684847","602804","82043"
"2010-11-07","Dualcore","1046513","929026","117487"
"2010-11-08","Dualcore","962391","861043","101348"
"2010-11-09","Dualcore","673360","592550","80810"
"2010-11-10","Dualcore","995281","883415","111866"
"2010-11-11","Dualcore","807052","715248","91804"
"2010-11-12","Dualcore","890615","777636","112979"
"2010-11-13","Dualcore","1158991","1057290","101701"
"2010-11-14","Dualcore","787221","693146","94075"
"2010-11-15","Dualcore","1018699","903534","115165"
"2010-11-16","Dualcore","838951","732875","106076"
"2010-11-17","Dualcore","851520","731114","120406"
"2010-11-18","Dualcore","673983","597913","76070"
"2010-11-19","Dualcore","750393","670490","79903"
"2010-11-20","Dualcore","757222","650552","106670"
"2010-11-21","Dualcore","799466","697793","101673"
"2010-11-22","Dualcore","873748","781110","92638"
"2010-11-23","Dualcore","720207","635542","84665"
"2010-11-24","Dualcore","814346","713276","101070"
"2010-11-25","Dualcore","940083","842842","97241"
"2010-11-26","Dualcore","1208059","1096307","111752"
"2010-11-27","Dualcore","773848","673184","100664"
"2010-11-28","Dualcore","836095","745756","90339"
"2010-11-29","Dualcore","943103","842222","100881"
"2010-11-30","Dualcore","1020646","913753","106893"
"2010-12-01","Dualcore","1017548","919471","98077"
"2010-12-02","Dualcore","740431","654344","86087"
"2010-12-03","Dualcore","885326","789831","95495"
"2010-12-04","Dualcore","814707","730040","84667"
"2010-12-05","Dualcore","733767","646190","87577"
"2010-12-06","Dualcore","871641","760643","110998"
"2010-12-07","Dualcore","844250","752928","91322"
"2010-12-08","Dualcore","871895","781304","90591"
"2010-12-09","Dualcore","776013","683420","92593"
"2010-12-10","Dualcore","832067","744564","87503"
"2010-12-11","Dualcore","785613","703763","81850"
"2010-12-12","Dualcore","899530","810595","88935"
"2010-12-13","Dualcore","807972","717410","90562"
"2010-12-14","Dualcore","978275","863857","114418"
"2010-12-15","Dualcore","711883","630782","81101"
"2010-12-16","Dualcore","638513","556294","82219"
"2010-12-17","Dualcore","870309","769717","100592"
"2010-12-18","Dualcore","1014953","904821","110132"
"2010-12-19","Dualcore","1045215","926490","118725"
"2010-12-20","Dualcore","616349","541602","74747"
"2010-12-21","Dualcore","1124352","1018768","105584"
"2010-12-22","Dualcore","764930","665007","99923"
"2010-12-23","Dualcore","740854","658487","82367"
"2010-12-24","Dualcore","807944","726731","81213"
"2010-12-25","Dualcore","904958","811267","93691"
"2010-12-26","Dualcore","1036437","946618","89819"
"2010-12-27","Dualcore","814502","716358","98144"
"2010-12-28","Dualcore","648022","568548","79474"
"2010-12-29","Dualcore","896209","808097","88112"
"2010-12-30","Dualcore","808548","718560","89988"
"2010-12-31","Dualcore","890653","787045","103608"
"2011-01-01","Dualcore","1106154","987730","118424"
"2011-01-02","Dualcore","1104942","1005162","99780"
"2011-01-03","Dualcore","1010089","915467","94622"
"2011-01-04","Dualcore","1000557","891786","108771"
"2011-01-05","Dualcore","890152","799600","90552"
"2011-01-06","Dualcore","1010407","885785","124622"
"2011-01-07","Dualcore","1015788","898059","117729"
"2011-01-08","Dualcore","1033983","928430","105553"
"2011-01-09","Dualcore","949763","847354","102409"
"2011-01-10","Dualcore","903762","800547","103215"
"2011-01-11","Dualcore","998221","888472","109749"
"2011-01-12","Dualcore","875140","785423","89717"
"2011-01-13","Dualcore","1021379","898201","123178"
"2011-01-14","Dualcore","951834","851657","100177"
"2011-01-15","Dualcore","1156760","1047525","109235"
"2011-01-16","Dualcore","968707","871484","97223"
"2011-01-17","Dualcore","1053492","924603","128889"
"2011-01-18","Dualcore","1100251","968783","131468"
"2011-01-19","Dualcore","1157029","1039473","117556"
"2011-01-20","Dualcore","1066939","963241","103698"
"2011-01-21","Dualcore","1177593","1052892","124701"
"2011-01-22","Dualcore","1116627","1008788","107839"
"2011-01-23","Dualcore","1082019","974283","107736"
"2011-01-24","Dualcore","911650","820536","91114"
"2011-01-25","Dualcore","931899","813786","118113"
"2011-01-26","Dualcore","962384","863357","99027"
"2011-01-27","Dualcore","900335","802614","97721"
"2011-01-28","Dualcore","997057","876912","120145"
"2011-01-29","Dualcore","768511","683332","85179"
"2011-01-30","Dualcore","1017776","917199","100577"
"2011-01-31","Dualcore","1091057","970683","120374"
"2011-02-01","Dualcore","907903","800730","107173"
"2011-02-02","Dualcore","936646","841157","95489"
"2011-02-03","Dualcore","902077","802889","99188"
"2011-02-04","Dualcore","851586","760968","90618"
"2011-02-05","Dualcore","914203","801566","112637"
"2011-02-06","Dualcore","954898","837827","117071"
"2011-02-07","Dualcore","1055216","930361","124855"
"2011-02-08","Dualcore","1041127","916673","124454"
"2011-02-09","Dualcore","773530","666370","107160"
"2011-02-10","Dualcore","934635","836244","98391"
"2011-02-11","Dualcore","917514","827513","90001"
"2011-02-12","Dualcore","969445","863768","105677"
"2011-02-13","Dualcore","964158","849089","115069"
"2011-02-14","Dualcore","967596","865428","102168"
"2011-02-15","Dualcore","855745","757322","98423"
"2011-02-16","Dualcore","888339","776077","112262"
"2011-02-17","Dualcore","779144","691050","88094"
"2011-02-18","Dualcore","1058887","934704","124183"
"2011-02-19","Dualcore","989882","879565","110317"
"2011-02-20","Dualcore","1357535","1207280","150255"
"2011-02-21","Dualcore","985475","866222","119253"
"2011-02-22","Dualcore","889579","778483","111096"
"2011-02-23","Dualcore","812926","708535","104391"
"2011-02-24","Dualcore","796514","715511","81003"
"2011-02-25","Dualcore","1129057","1021640","107417"
"2011-02-26","Dualcore","1520342","1354691","165651"
"2011-02-27","Dualcore","870825","775662","95163"
"2011-02-28","Dualcore","956788","858525","98263"
"2011-03-01","Dualcore","1242910","1114766","128144"
"2011-03-02","Dualcore","919888","819702","100186"
"2011-03-03","Dualcore","1114084","995241","118843"
"2011-03-04","Dualcore","954629","844674","109955"
"2011-03-05","Dualcore","1107909","987698","120211"
"2011-03-06","Dualcore","847597","731341","116256"
"2011-03-07","Dualcore","1078863","958504","120359"
"2011-03-08","Dualcore","927664","814245","113419"
"2011-03-09","Dualcore","785860","699236","86624"
"2011-03-10","Dualcore","854911","733488","121423"
"2011-03-11","Dualcore","930399","832266","98133"
"2011-03-12","Dualcore","833764","736854","96910"
"2011-03-13","Dualcore","969756","872694","97062"
"2011-03-14","Dualcore","769969","678777","91192"
"2011-03-15","Dualcore","800284","700688","99596"
"2011-03-16","Dualcore","705503","619075","86428"
"2011-03-17","Dualcore","1031863","915910","115953"
"2011-03-18","Dualcore","934536","821842","112694"
"2011-03-19","Dualcore","1174463","1029775","144688"
"2011-03-20","Dualcore","1014108","891132","122976"
"2011-03-21","Dualcore","857764","761607","96157"
"2011-03-22","Dualcore","985567","877987","107580"
"2011-03-23","Dualcore","1013676","892469","121207"
"2011-03-24","Dualcore","1050924","937892","113032"
"2011-03-25","Dualcore","1080694","949880","130814"
"2011-03-26","Dualcore","1070115","956062","114053"
"2011-03-27","Dualcore","1032897","928673","104224"
"2011-03-28","Dualcore","871848","778403","93445"
"2011-03-29","Dualcore","885262","782591","102671"
"2011-03-30","Dualcore","841498","715821","125677"
"2011-03-31","Dualcore","804960","696246","108714"
"2011-04-01","Dualcore","947954","842342","105612"
"2011-04-02","Dualcore","1149498","1018556","130942"
"2011-04-03","Dualcore","880892","788678","92214"
"2011-04-04","Dualcore","868136","761181","106955"
"2011-04-05","Dualcore","1006107","900596","105511"
"2011-04-06","Dualcore","1101382","967675","133707"
"2011-04-07","Dualcore","835923","712747","123176"
"2011-04-08","Dualcore","850853","744651","106202"
"2011-04-09","Dualcore","810415","723998","86417"
"2011-04-10","Dualcore","746678","650698","95980"
"2011-04-11","Dualcore","1064202","951036","113166"
"2011-04-12","Dualcore","952283","853303","98980"
"2011-04-13","Dualcore","901794","793122","108672"
"2011-04-14","Dualcore","882558","777169","105389"
"2011-04-15","Dualcore","980967","873843","107124"
"2011-04-16","Dualcore","1111992","976440","135552"
"2011-04-17","Dualcore","1021015","906116","114899"
"2011-04-18","Dualcore","1095800","998160","97640"
"2011-04-19","Dualcore","817067","726933","90134"
"2011-04-20","Dualcore","1172269","1049996","122273"
"2011-04-21","Dualcore","993903","894492","99411"
"2011-04-22","Dualcore","744241","667973","76268"
"2011-04-23","Dualcore","824184","738258","85926"
"2011-04-24","Dualcore","965916","869766","96150"
"2011-04-25","Dualcore","883386","783907","99479"
"2011-04-26","Dualcore","925000","826680","98320"
"2011-04-27","Dualcore","793748","699815","93933"
"2011-04-28","Dualcore","1175065","1053235","121830"
"2011-04-29","Dualcore","950727","840360","110367"
"2011-04-30","Dualcore","1015138","899057","116081"
"2011-05-01","Dualcore","1181136","1042552","138584"
"2011-05-02","Dualcore","813421","722460","90961"
"2011-05-03","Dualcore","1172461","1038245","134216"
"2011-05-04","Dualcore","1074920","955528","119392"
"2011-05-05","Dualcore","1008571","897587","110984"
"2011-05-06","Dualcore","891267","794421","96846"
"2011-05-07","Dualcore","973172","862480","110692"
"2011-05-08","Dualcore","930847","826225","104622"
"2011-05-09","Dualcore","790974","695790","95184"
"2011-05-10","Dualcore","751787","659902","91885"
"2011-05-11","Dualcore","845857","735556","110301"
"2011-05-12","Dualcore","1088354","968866","119488"
"2011-05-13","Dualcore","819259","718053","101206"
"2011-05-14","Dualcore","803306","697158","106148"
"2011-05-15","Dualcore","977261","885489","91772"
"2011-05-16","Dualcore","963144","865361","97783"
"2011-05-17","Dualcore","1243886","1117101","126785"
"2011-05-18","Dualcore","1212644","1096651","115993"
"2011-05-19","Dualcore","1291510","1159112","132398"
"2011-05-20","Dualcore","816051","708193","107858"
"2011-05-21","Dualcore","1032323","926476","105847"
"2011-05-22","Dualcore","764884","683394","81490"
"2011-05-23","Dualcore","1116394","996701","119693"
"2011-05-24","Dualcore","943600","832040","111560"
"2011-05-25","Dualcore","802253","721810","80443"
"2011-05-26","Dualcore","792908","698435","94473"
"2011-05-27","Dualcore","870035","766120","103915"
"2011-05-28","Dualcore","1173910","1057968","115942"
"2011-05-29","Dualcore","1061621","960629","100992"
"2011-05-30","Dualcore","879807","774924","104883"
"2011-05-31","Dualcore","1028125","923310","104815"
"2011-06-01","Dualcore","848570","731605","116965"
"2011-06-02","Dualcore","1285609","1134816","150793"
"2011-06-03","Dualcore","1267246","1128205","139041"
"2011-06-04","Dualcore","1153827","1038100","115727"
"2011-06-05","Dualcore","1064287","933327","130960"
"2011-06-06","Dualcore","1159714","1038621","121093"
"2011-06-07","Dualcore","1009440","899074","110366"
"2011-06-08","Dualcore","1138143","988335","149808"
"2011-06-09","Dualcore","1070694","937845","132849"
"2011-06-10","Dualcore","1101932","972022","129910"
"2011-06-11","Dualcore","1087283","968866","118417"
"2011-06-12","Dualcore","1163351","1037115","126236"
"2011-06-13","Dualcore","1097477","981226","116251"
"2011-06-14","Dualcore","938511","831963","106548"
"2011-06-15","Dualcore","1045945","893221","152724"
"2011-06-16","Dualcore","1079416","965917","113499"
"2011-06-17","Dualcore","1232222","1106571","125651"
"2011-06-18","Dualcore","1247207","1102903","144304"
"2011-06-19","Dualcore","876756","763325","113431"
"2011-06-20","Dualcore","897832","788496","109336"
"2011-06-21","Dualcore","1207375","1075666","131709"
"2011-06-22","Dualcore","1177211","1042322","134889"
"2011-06-23","Dualcore","1163028","1023395","139633"
"2011-06-24","Dualcore","1202333","1070244","132089"
"2011-06-25","Dualcore","1393213","1237875","155338"
"2011-06-26","Dualcore","1102884","981304","121580"
"2011-06-27","Dualcore","937023","817848","119175"
"2011-06-28","Dualcore","1270761","1120711","150050"
"2011-06-29","Dualcore","867692","765335","102357"
"2011-06-30","Dualcore","843081","747115","95966"
"2011-07-01","Dualcore","1293904","1156739","137165"
"2011-07-02","Dualcore","1353832","1205764","148068"
"2011-07-03","Dualcore","1056092","940319","115773"
"2011-07-04","Dualcore","1146296","1027024","119272"
"2011-07-05","Dualcore","1097493","973545","123948"
"2011-07-06","Dualcore","1114650","976669","137981"
"2011-07-07","Dualcore","1238479","1091812","146667"
"2011-07-08","Dualcore","1340498","1182893","157605"
"2011-07-09","Dualcore","1021728","897568","124160"
"2011-07-10","Dualcore","1171231","1042093","129138"
"2011-07-11","Dualcore","1049636","922145","127491"
"2011-07-12","Dualcore","951433","837234","114199"
"2011-07-13","Dualcore","1150873","1022355","128518"
"2011-07-14","Dualcore","1210586","1074641","135945"
"2011-07-15","Dualcore","1077427","947775","129652"
"2011-07-16","Dualcore","1092350","956250","136100"
"2011-07-17","Dualcore","1201585","1066137","135448"
"2011-07-18","Dualcore","979267","865082","114185"
"2011-07-19","Dualcore","1340948","1202700","138248"
"2011-07-20","Dualcore","1125180","989946","135234"
"2011-07-21","Dualcore","1098421","968699","129722"
"2011-07-22","Dualcore","1183734","1034891","148843"
"2011-07-23","Dualcore","1189778","1054540","135238"
"2011-07-24","Dualcore","1165317","1033644","131673"
"2011-07-25","Dualcore","1248479","1102743","145736"
"2011-07-26","Dualcore","1058900","938759","120141"
"2011-07-27","Dualcore","1205228","1060203","145025"
"2011-07-28","Dualcore","1141467","1018716","122751"
"2011-07-29","Dualcore","1175096","1051316","123780"
"2011-07-30","Dualcore","1061932","957279","104653"
"2011-07-31","Dualcore","985023","886957","98066"
"2011-08-01","Dualcore","1255120","1095382","159738"
"2011-08-02","Dualcore","1227745","1095416","132329"
"2011-08-03","Dualcore","1059184","924301","134883"
"2011-08-04","Dualcore","1237317","1080308","157009"
"2011-08-05","Dualcore","1106125","986447","119678"
"2011-08-06","Dualcore","1264509","1126116","138393"
"2011-08-07","Dualcore","1019515","905995","113520"
"2011-08-08","Dualcore","1053780","925829","127951"
"2011-08-09","Dualcore","1089702","976025","113677"
"2011-08-10","Dualcore","1237628","1085099","152529"
"2011-08-11","Dualcore","1265758","1137109","128649"
"2011-08-12","Dualcore","1027479","897166","130313"
"2011-08-13","Dualcore","1184068","1053447","130621"
"2011-08-14","Dualcore","1368670","1223715","144955"
"2011-08-15","Dualcore","1143098","1014155","128943"
"2011-08-16","Dualcore","1110343","991577","118766"
"2011-08-17","Dualcore","1118691","979266","139425"
"2011-08-18","Dualcore","1150807","1021087","129720"
"2011-08-19","Dualcore","1222535","1086548","135987"
"2011-08-20","Dualcore","997734","860197","137537"
"2011-08-21","Dualcore","1298248","1159114","139134"
"2011-08-22","Dualcore","1129472","987514","141958"
"2011-08-23","Dualcore","1316027","1170509","145518"
"2011-08-24","Dualcore","969201","848888","120313"
"2011-08-25","Dualcore","1279717","1141748","137969"
"2011-08-26","Dualcore","1045893","916311","129582"
"2011-08-27","Dualcore","1023652","894991","128661"
"2011-08-28","Dualcore","904425","802207","102218"
"2011-08-29","Dualcore","1438174","1291155","147019"
"2011-08-30","Dualcore","989472","884404","105068"
"2011-08-31","Dualcore","1365580","1218056","147524"
"2011-09-01","Dualcore","1340215","1204313","135902"
"2011-09-02","Dualcore","1037817","902891","134926"
"2011-09-03","Dualcore","949498","819196","130302"
"2011-09-04","Dualcore","1232949","1115237","117712"
"2011-09-05","Dualcore","1231239","1107717","123522"
"2011-09-06","Dualcore","979431","873349","106082"
"2011-09-07","Dualcore","1152879","1024596","128283"
"2011-09-08","Dualcore","911321","808219","103102"
"2011-09-09","Dualcore","1104687","983257","121430"
"2011-09-10","Dualcore","1073615","959043","114572"
"2011-09-11","Dualcore","1210008","1072067","137941"
"2011-09-12","Dualcore","1269545","1124197","145348"
"2011-09-13","Dualcore","1032238","926591","105647"
"2011-09-14","Dualcore","1210808","1070853","139955"
"2011-09-15","Dualcore","1049083","917782","131301"
"2011-09-16","Dualcore","1025751","896542","129209"
"2011-09-17","Dualcore","900373","792499","107874"
"2011-09-18","Dualcore","1121578","996181","125397"
"2011-09-19","Dualcore","1229448","1111088","118360"
"2011-09-20","Dualcore","1046289","913786","132503"
"2011-09-21","Dualcore","876779","768756","108023"
"2011-09-22","Dualcore","1256817","1122886","133931"
"2011-09-23","Dualcore","1197292","1068128","129164"
"2011-09-24","Dualcore","1106679","992680","113999"
"2011-09-25","Dualcore","1199561","1072678","126883"
"2011-09-26","Dualcore","1217680","1105452","112228"
"2011-09-27","Dualcore","1354412","1217093","137319"
"2011-09-28","Dualcore","1251801","1108486","143315"
"2011-09-29","Dualcore","989851","862303","127548"
"2011-09-30","Dualcore","1190131","1047495","142636"
"2011-10-01","Dualcore","1191661","1046582","145079"
"2011-10-02","Dualcore","1315029","1160751","154278"
"2011-10-03","Dualcore","984262","878449","105813"
"2011-10-04","Dualcore","1315836","1191319","124517"
"2011-10-05","Dualcore","874794","768500","106294"
"2011-10-06","Dualcore","1278644","1143866","134778"
"2011-10-07","Dualcore","975130","876719","98411"
"2011-10-08","Dualcore","1156739","1031498","125241"
"2011-10-09","Dualcore","1174862","1041085","133777"
"2011-10-10","Dualcore","1151731","1017753","133978"
"2011-10-11","Dualcore","1150112","1005015","145097"
"2011-10-12","Dualcore","961568","859179","102389"
"2011-10-13","Dualcore","1127933","983535","144398"
"2011-10-14","Dualcore","1153680","1009325","144355"
"2011-10-15","Dualcore","1311517","1166347","145170"
"2011-10-16","Dualcore","931865","813244","118621"
"2011-10-17","Dualcore","1051426","934052","117374"
"2011-10-18","Dualcore","1208764","1071083","137681"
"2011-10-19","Dualcore","1159524","1024012","135512"
"2011-10-20","Dualcore","1296880","1160100","136780"
"2011-10-21","Dualcore","1087357","957192","130165"
"2011-10-22","Dualcore","1093940","961541","132399"
"2011-10-23","Dualcore","1047674","928354","119320"
"2011-10-24","Dualcore","954346","842797","111549"
"2011-10-25","Dualcore","1076210","960350","115860"
"2011-10-26","Dualcore","1015756","893618","122138"
"2011-10-27","Dualcore","1049395","915941","133454"
"2011-10-28","Dualcore","1279969","1136875","143094"
"2011-10-29","Dualcore","1073372","954341","119031"
"2011-10-30","Dualcore","1256725","1118335","138390"
"2011-10-31","Dualcore","1162656","1029972","132684"
"2011-11-01","Dualcore","1053527","929417","124110"
"2011-11-02","Dualcore","1203704","1077070","126634"
"2011-11-03","Dualcore","1085069","971359","113710"
"2011-11-04","Dualcore","1305476","1152995","152481"
"2011-11-05","Dualcore","1588779","1438096","150683"
"2011-11-06","Dualcore","1616145","1451813","164332"
"2011-11-07","Dualcore","1223286","1091183","132103"
"2011-11-08","Dualcore","1236206","1092081","144125"
"2011-11-09","Dualcore","854890","750020","104870"
"2011-11-10","Dualcore","1033726","924460","109266"
"2011-11-11","Dualcore","1021336","901062","120274"
"2011-11-12","Dualcore","1461602","1323492","138110"
"2011-11-13","Dualcore","1007516","875620","131896"
"2011-11-14","Dualcore","1479912","1339117","140795"
"2011-11-15","Dualcore","1080012","948037","131975"
"2011-11-16","Dualcore","1076031","942013","134018"
"2011-11-17","Dualcore","1126943","965932","161011"
"2011-11-18","Dualcore","893921","791366","102555"
"2011-11-19","Dualcore","1180913","1050461","130452"
"2011-11-20","Dualcore","1174152","1054271","119881"
"2011-11-21","Dualcore","1092844","958387","134457"
"2011-11-22","Dualcore","1261345","1124017","137328"
"2011-11-23","Dualcore","905881","792691","113190"
"2011-11-24","Dualcore","1170974","1034745","136229"
"2011-11-25","Dualcore","1373873","1228439","145434"
"2011-11-26","Dualcore","854913","749939","104974"
"2011-11-27","Dualcore","1212981","1059506","153475"
"2011-11-28","Dualcore","1494710","1349087","145623"
"2011-11-29","Dualcore","1101394","964827","136567"
"2011-11-30","Dualcore","988376","868343","120033"
"2011-12-01","Dualcore","1242526","1107403","135123"
"2011-12-02","Dualcore","1154657","1026369","128288"
"2011-12-03","Dualcore","1065141","944796","120345"
"2011-12-04","Dualcore","1031733","907033","124700"
"2011-12-05","Dualcore","1166464","1028989","137475"
"2011-12-06","Dualcore","1208705","1070132","138573"
"2011-12-07","Dualcore","1358680","1221837","136843"
"2011-12-08","Dualcore","1142853","1015384","127469"
"2011-12-09","Dualcore","1318044","1178292","139752"
"2011-12-10","Dualcore","1167786","1035972","131814"
"2011-12-11","Dualcore","1089765","982125","107640"
"2011-12-12","Dualcore","1209002","1069289","139713"
"2011-12-13","Dualcore","1238467","1100678","137789"
"2011-12-14","Dualcore","981569","865954","115615"
"2011-12-15","Dualcore","982992","859209","123783"
"2011-12-16","Dualcore","1005364","889762","115602"
"2011-12-17","Dualcore","1085504","975318","110186"
"2011-12-18","Dualcore","1299735","1164546","135189"
"2011-12-19","Dualcore","1346642","1205944","140698"
"2011-12-20","Dualcore","1121510","992990","128520"
"2011-12-21","Dualcore","1102866","970608","132258"
"2011-12-22","Dualcore","1032896","906945","125951"
"2011-12-23","Dualcore","941521","839491","102030"
"2011-12-24","Dualcore","1052127","938653","113474"
"2011-12-25","Dualcore","1117290","1000554","116736"
"2011-12-26","Dualcore","1098009","957272","140737"
"2011-12-27","Dualcore","1043736","930245","113491"
"2011-12-28","Dualcore","1470626","1310234","160392"
"2011-12-29","Dualcore","1195121","1079484","115637"
"2011-12-30","Dualcore","1322799","1188415","134384"
"2011-12-31","Dualcore","1159425","1028666","130759"
"2012-01-01","Dualcore","1820960","1615614","205346"
"2012-01-02","Dualcore","1620556","1427754","192802"
"2012-01-03","Dualcore","1470298","1325014","145284"
"2012-01-04","Dualcore","1495105","1308003","187102"
"2012-01-05","Dualcore","1625508","1444973","180535"
"2012-01-06","Dualcore","1704360","1507506","196854"
"2012-01-07","Dualcore","1622724","1445454","177270"
"2012-01-08","Dualcore","1851981","1634501","217480"
"2012-01-09","Dualcore","1433984","1278661","155323"
"2012-01-10","Dualcore","1637317","1453708","183609"
"2012-01-11","Dualcore","1763021","1590528","172493"
"2012-01-12","Dualcore","1375712","1192660","183052"
"2012-01-13","Dualcore","1794803","1602795","192008"
"2012-01-14","Dualcore","1559556","1375672","183884"
"2012-01-15","Dualcore","1641370","1479996","161374"
"2012-01-16","Dualcore","1475622","1306884","168738"
"2012-01-17","Dualcore","1373128","1223345","149783"
"2012-01-18","Dualcore","1398990","1235486","163504"
"2012-01-19","Dualcore","1542761","1381378","161383"
"2012-01-20","Dualcore","1876534","1677146","199388"
"2012-01-21","Dualcore","1490513","1325032","165481"
"2012-01-22","Dualcore","1642649","1424929","217720"
"2012-01-23","Dualcore","1494614","1330741","163873"
"2012-01-24","Dualcore","1780749","1576107","204642"
"2012-01-25","Dualcore","1613038","1419912","193126"
"2012-01-26","Dualcore","1650060","1466604","183456"
"2012-01-27","Dualcore","1677676","1483477","194199"
"2012-01-28","Dualcore","1819791","1634776","185015"
"2012-01-29","Dualcore","1740880","1525677","215203"
"2012-01-30","Dualcore","1746539","1544514","202025"
"2012-01-31","Dualcore","1203679","1051241","152438"
"2012-02-01","Dualcore","1650429","1464041","186388"
"2012-02-02","Dualcore","1557425","1373069","184356"
"2012-02-03","Dualcore","1800624","1622609","178015"
"2012-02-04","Dualcore","1739785","1541437","198348"
"2012-02-05","Dualcore","1922509","1737897","184612"
"2012-02-06","Dualcore","1495583","1323451","172132"
"2012-02-07","Dualcore","1741286","1558213","183073"
"2012-02-08","Dualcore","1362787","1178128","184659"
"2012-02-09","Dualcore","2297370","2074845","222525"
"2012-02-10","Dualcore","1796812","1574590","222222"
"2012-02-11","Dualcore","1477966","1321054","156912"
"2012-02-12","Dualcore","1956368","1746926","209442"
"2012-02-13","Dualcore","1389406","1226147","163259"
"2012-02-14","Dualcore","1739439","1534462","204977"
"2012-02-15","Dualcore","2147992","1942927","205065"
"2012-02-16","Dualcore","1993300","1792946","200354"
"2012-02-17","Dualcore","1422047","1265380","156667"
"2012-02-18","Dualcore","1594131","1420985","173146"
"2012-02-19","Dualcore","1830371","1629470","200901"
"2012-02-20","Dualcore","1739375","1542051","197324"
"2012-02-21","Dualcore","2036752","1826935","209817"
"2012-02-22","Dualcore","1813580","1625532","188048"
"2012-02-23","Dualcore","1720736","1539998","180738"
"2012-02-24","Dualcore","2023025","1818228","204797"
"2012-02-25","Dualcore","1892661","1692437","200224"
"2012-02-26","Dualcore","1887720","1720569","167151"
"2012-02-27","Dualcore","1668519","1466869","201650"
"2012-02-28","Dualcore","1721581","1522114","199467"
"2012-02-29","Dualcore","1326552","1193090","133462"
"2012-03-01","Dualcore","2021132","1817340","203792"
"2012-03-02","Dualcore","1648379","1457262","191117"
"2012-03-03","Dualcore","1736948","1548288","188660"
"2012-03-04","Dualcore","1689297","1499842","189455"
"2012-03-05","Dualcore","1690252","1490872","199380"
"2012-03-06","Dualcore","1652914","1471541","181373"
"2012-03-07","Dualcore","2021735","1820655","201080"
"2012-03-08","Dualcore","1740845","1556474","184371"
"2012-03-09","Dualcore","1744272","1539005","205267"
"2012-03-10","Dualcore","1672721","1504101","168620"
"2012-03-11","Dualcore","1395788","1229316","166472"
"2012-03-12","Dualcore","1752755","1574802","177953"
"2012-03-13","Dualcore","1481877","1307135","174742"
"2012-03-14","Dualcore","1475459","1310827","164632"
"2012-03-15","Dualcore","1845826","1647117","198709"
"2012-03-16","Dualcore","1753839","1552787","201052"
"2012-03-17","Dualcore","1678500","1471327","207173"
"2012-03-18","Dualcore","1611448","1423601","187847"
"2012-03-19","Dualcore","1647087","1432994","214093"
"2012-03-20","Dualcore","1505936","1331524","174412"
"2012-03-21","Dualcore","1729503","1521375","208128"
"2012-03-22","Dualcore","1661680","1458808","202872"
"2012-03-23","Dualcore","1863786","1672007","191779"
"2012-03-24","Dualcore","1872012","1661486","210526"
"2012-03-25","Dualcore","1700187","1488148","212039"
"2012-03-26","Dualcore","1467188","1279407","187781"
"2012-03-27","Dualcore","1608233","1417557","190676"
"2012-03-28","Dualcore","1589218","1419050","170168"
"2012-03-29","Dualcore","1527028","1385305","141723"
"2012-03-30","Dualcore","1722523","1502570","219953"
"2012-03-31","Dualcore","1537269","1357581","179688"
"2012-04-01","Dualcore","1617576","1403697","213879"
"2012-04-02","Dualcore","2073623","1863695","209928"
"2012-04-03","Dualcore","1635537","1418596","216941"
"2012-04-04","Dualcore","1601053","1423622","177431"
"2012-04-05","Dualcore","1775765","1583119","192646"
"2012-04-06","Dualcore","1807422","1605068","202354"
"2012-04-07","Dualcore","1927285","1725302","201983"
"2012-04-08","Dualcore","2096830","1856258","240572"
"2012-04-09","Dualcore","1807937","1620407","187530"
"2012-04-10","Dualcore","1779266","1589473","189793"
"2012-04-11","Dualcore","1652934","1466944","185990"
"2012-04-12","Dualcore","1689162","1489453","199709"
"2012-04-13","Dualcore","1538899","1361439","177460"
"2012-04-14","Dualcore","1494355","1322515","171840"
"2012-04-15","Dualcore","1766961","1555516","211445"
"2012-04-16","Dualcore","1952402","1737845","214557"
"2012-04-17","Dualcore","1941679","1735912","205767"
"2012-04-18","Dualcore","1526342","1329413","196929"
"2012-04-19","Dualcore","1654090","1450291","203799"
"2012-04-20","Dualcore","1824133","1622872","201261"
"2012-04-21","Dualcore","1967646","1760517","207129"
"2012-04-22","Dualcore","1757806","1559252","198554"
"2012-04-23","Dualcore","1744068","1563164","180904"
"2012-04-24","Dualcore","1797821","1598564","199257"
"2012-04-25","Dualcore","1807311","1600838","206473"
"2012-04-26","Dualcore","1970927","1773070","197857"
"2012-04-27","Dualcore","1879506","1663626","215880"
"2012-04-28","Dualcore","1924434","1724198","200236"
"2012-04-29","Dualcore","1769535","1573539","195996"
"2012-04-30","Dualcore","1369754","1175564","194190"
"2012-05-01","Dualcore","1837483","1642507","194976"
"2012-05-02","Dualcore","1624249","1435993","188256"
"2012-05-03","Dualcore","1742563","1555816","186747"
"2012-05-04","Dualcore","1941548","1733280","208268"
"2012-05-05","Dualcore","1834351","1644565","189786"
"2012-05-06","Dualcore","1673056","1480557","192499"
"2012-05-07","Dualcore","1649918","1454162","195756"
"2012-05-08","Dualcore","1803864","1610569","193295"
"2012-05-09","Dualcore","1772110","1570054","202056"
"2012-05-10","Dualcore","1651277","1438416","212861"
"2012-05-11","Dualcore","1980905","1747439","233466"
"2012-05-12","Dualcore","2101858","1856000","245858"
"2012-05-13","Dualcore","1663704","1455977","207727"
"2012-05-14","Dualcore","1813452","1605418","208034"
"2012-05-15","Dualcore","2002861","1770803","232058"
"2012-05-16","Dualcore","1606711","1392765","213946"
"2012-05-17","Dualcore","2081999","1840156","241843"
"2012-05-18","Dualcore","1812113","1620602","191511"
"2012-05-19","Dualcore","1820422","1621478","198944"
"2012-05-20","Dualcore","1808397","1600909","207488"
"2012-05-21","Dualcore","1606846","1431179","175667"
"2012-05-22","Dualcore","1904212","1683483","220729"
"2012-05-23","Dualcore","1952098","1730773","221325"
"2012-05-24","Dualcore","1916474","1699625","216849"
"2012-05-25","Dualcore","2049270","1822715","226555"
"2012-05-26","Dualcore","1936163","1703853","232310"
"2012-05-27","Dualcore","1829896","1595144","234752"
"2012-05-28","Dualcore","1938317","1728620","209697"
"2012-05-29","Dualcore","1648006","1475772","172234"
"2012-05-30","Dualcore","1778995","1575007","203988"
"2012-05-31","Dualcore","1816137","1610724","205413"
"2012-06-01","Dualcore","486231","437815","48416"
"2012-06-02","Dualcore","707420","630032","77388"
"2012-06-03","Dualcore","651857","577268","74589"
"2012-06-04","Dualcore","804410","720653","83757"
"2012-06-05","Dualcore","758172","667134","91038"
"2012-06-06","Dualcore","813349","724712","88637"
"2012-06-07","Dualcore","615143","523855","91288"
"2012-06-08","Dualcore","926792","827010","99782"
"2012-06-09","Dualcore","793331","691982","101349"
"2012-06-10","Dualcore","1021972","918590","103382"
"2012-06-11","Dualcore","867852","768962","98890"
"2012-06-12","Dualcore","844364","760636","83728"
"2012-06-13","Dualcore","918395","818082","100313"
"2012-06-14","Dualcore","898113","794263","103850"
"2012-06-15","Dualcore","834002","736932","97070"
"2012-06-16","Dualcore","553374","480671","72703"
"2012-06-17","Dualcore","738413","660192","78221"
"2012-06-18","Dualcore","753855","662605","91250"
"2012-06-19","Dualcore","843760","748563","95197"
"2012-06-20","Dualcore","1023488","911577","111911"
"2012-06-21","Dualcore","833989","744073","89916"
"2012-06-22","Dualcore","1070742","955564","115178"
"2012-06-23","Dualcore","1095893","974699","121194"
"2012-06-24","Dualcore","824644","719094","105550"
"2012-06-25","Dualcore","771398","687674","83724"
"2012-06-26","Dualcore","664716","583065","81651"
"2012-06-27","Dualcore","699557","619135","80422"
"2012-06-28","Dualcore","896129","814686","81443"
"2012-06-29","Dualcore","688720","623097","65623"
"2012-06-30","Dualcore","601111","532265","68846"
"2012-07-01","Dualcore","982932","873644","109288"
"2012-07-02","Dualcore","740707","657486","83221"
"2012-07-03","Dualcore","995658","898758","96900"
"2012-07-04","Dualcore","709425","620559","88866"
"2012-07-05","Dualcore","668972","593849","75123"
"2012-07-06","Dualcore","669199","590422","78777"
"2012-07-07","Dualcore","968396","863820","104576"
"2012-07-08","Dualcore","990471","884570","105901"
"2012-07-09","Dualcore","941859","833474","108385"
"2012-07-10","Dualcore","959644","867818","91826"
"2012-07-11","Dualcore","799176","705520","93656"
"2012-07-12","Dualcore","790730","692930","97800"
"2012-07-13","Dualcore","586516","500990","85526"
"2012-07-14","Dualcore","625085","526292","98793"
"2012-07-15","Dualcore","761779","672266","89513"
"2012-07-16","Dualcore","929993","841029","88964"
"2012-07-17","Dualcore","864372","769975","94397"
"2012-07-18","Dualcore","699152","616467","82685"
"2012-07-19","Dualcore","613240","537147","76093"
"2012-07-20","Dualcore","740836","659374","81462"
"2012-07-21","Dualcore","862723","778801","83922"
"2012-07-22","Dualcore","1116300","1009789","106511"
"2012-07-23","Dualcore","857632","762219","95413"
"2012-07-24","Dualcore","752244","665667","86577"
"2012-07-25","Dualcore","851463","755420","96043"
"2012-07-26","Dualcore","851378","756900","94478"
"2012-07-27","Dualcore","640298","564558","75740"
"2012-07-28","Dualcore","636777","562147","74630"
"2012-07-29","Dualcore","797855","707292","90563"
"2012-07-30","Dualcore","932245","836781","95464"
"2012-07-31","Dualcore","707087","609385","97702"
"2012-08-01","Dualcore","886258","784063","102195"
"2012-08-02","Dualcore","743124","646015","97109"
"2012-08-03","Dualcore","776945","685006","91939"
"2012-08-04","Dualcore","855182","744627","110555"
"2012-08-05","Dualcore","746874","658095","88779"
"2012-08-06","Dualcore","672218","589700","82518"
"2012-08-07","Dualcore","817745","725508","92237"
"2012-08-08","Dualcore","669134","587695","81439"
"2012-08-09","Dualcore","639638","563404","76234"
"2012-08-10","Dualcore","732806","632352","100454"
"2012-08-11","Dualcore","822319","735264","87055"
"2012-08-12","Dualcore","883118","779185","103933"
"2012-08-13","Dualcore","939938","841721","98217"
"2012-08-14","Dualcore","636954","574425","62529"
"2012-08-15","Dualcore","733285","642154","91131"
"2012-08-16","Dualcore","773019","691298","81721"
"2012-08-17","Dualcore","880624","789396","91228"
"2012-08-18","Dualcore","693227","597749","95478"
"2012-08-19","Dualcore","914266","814137","100129"
"2012-08-20","Dualcore","714288","627755","86533"
"2012-08-21","Dualcore","878357","775212","103145"
"2012-08-22","Dualcore","615940","525130","90810"
"2012-08-23","Dualcore","941298","849997","91301"
"2012-08-24","Dualcore","847249","738139","109110"
"2012-08-25","Dualcore","828740","739340","89400"
"2012-08-26","Dualcore","831773","742834","88939"
"2012-08-27","Dualcore","610322","545367","64955"
"2012-08-28","Dualcore","1153944","1050508","103436"
"2012-08-29","Dualcore","987979","873937","114042"
"2012-08-30","Dualcore","583292","517666","65626"
"2012-08-31","Dualcore","898513","784368","114145"
"2012-09-01","Dualcore","741905","656955","84950"
"2012-09-02","Dualcore","999355","896175","103180"
"2012-09-03","Dualcore","849048","755210","93838"
"2012-09-04","Dualcore","860265","769400","90865"
"2012-09-05","Dualcore","666522","586775","79747"
"2012-09-06","Dualcore","692954","603118","89836"
"2012-09-07","Dualcore","689466","616237","73229"
"2012-09-08","Dualcore","777276","689843","87433"
"2012-09-09","Dualcore","734706","643158","91548"
"2012-09-10","Dualcore","774695","693264","81431"
"2012-09-11","Dualcore","608151","532057","76094"
"2012-09-12","Dualcore","1067226","958880","108346"
"2012-09-13","Dualcore","668907","588671","80236"
"2012-09-14","Dualcore","752315","672219","80096"
"2012-09-15","Dualcore","885265","781948","103317"
"2012-09-16","Dualcore","982420","864467","117953"
"2012-09-17","Dualcore","775522","685679","89843"
"2012-09-18","Dualcore","894278","810956","83322"
"2012-09-19","Dualcore","805884","704831","101053"
"2012-09-20","Dualcore","806715","709859","96856"
"2012-09-21","Dualcore","824581","737911","86670"
"2012-09-22","Dualcore","821201","730942","90259"
"2012-09-23","Dualcore","938183","852581","85602"
"2012-09-24","Dualcore","852369","747009","105360"
"2012-09-25","Dualcore","973751","861773","111978"
"2012-09-26","Dualcore","662867","571633","91234"
"2012-09-27","Dualcore","737248","651034","86214"
"2012-09-28","Dualcore","901841","805584","96257"
"2012-09-29","Dualcore","736013","645438","90575"
"2012-09-30","Dualcore","781100","686381","94719"
"2012-10-01","Dualcore","1083886","970337","113549"
"2012-10-02","Dualcore","965995","851296","114699"
"2012-10-03","Dualcore","805358","705484","99874"
"2012-10-04","Dualcore","943225","846010","97215"
"2012-10-05","Dualcore","663117","587791","75326"
"2012-10-06","Dualcore","791245","699329","91916"
"2012-10-07","Dualcore","773261","677987","95274"
"2012-10-08","Dualcore","938711","837841","100870"
"2012-10-09","Dualcore","1036839","917599","119240"
"2012-10-10","Dualcore","895104","794621","100483"
"2012-10-11","Dualcore","847133","742882","104251"
"2012-10-12","Dualcore","746608","663374","83234"
"2012-10-13","Dualcore","948314","838378","109936"
"2012-10-14","Dualcore","1147720","1017991","129729"
"2012-10-15","Dualcore","1161007","1050519","110488"
"2012-10-16","Dualcore","1240511","1110936","129575"
"2012-10-17","Dualcore","772683","675405","97278"
"2012-10-18","Dualcore","1153600","1041073","112527"
"2012-10-19","Dualcore","782529","688444","94085"
"2012-10-20","Dualcore","992310","884908","107402"
"2012-10-21","Dualcore","1096906","989553","107353"
"2012-10-22","Dualcore","907657","799269","108388"
"2012-10-23","Dualcore","951733","838358","113375"
"2012-10-24","Dualcore","1077187","964939","112248"
"2012-10-25","Dualcore","1083655","968498","115157"
"2012-10-26","Dualcore","745133","666118","79015"
"2012-10-27","Dualcore","1110499","980280","130219"
"2012-10-28","Dualcore","993490","889470","104020"
"2012-10-29","Dualcore","869558","778335","91223"
"2012-10-30","Dualcore","741938","658147","83791"
"2012-10-31","Dualcore","972946","875128","97818"
"2012-11-01","Dualcore","794913","703204","91709"
"2012-11-02","Dualcore","1047359","924696","122663"
"2012-11-03","Dualcore","880308","779733","100575"
"2012-11-04","Dualcore","981076","871914","109162"
"2012-11-05","Dualcore","1069447","958038","111409"
"2012-11-06","Dualcore","992366","884389","107977"
"2012-11-07","Dualcore","1175220","1055677","119543"
"2012-11-08","Dualcore","1039694","910665","129029"
"2012-11-09","Dualcore","1061582","939498","122084"
"2012-11-10","Dualcore","987277","865416","121861"
"2012-11-11","Dualcore","974940","857182","117758"
"2012-11-12","Dualcore","859192","765703","93489"
"2012-11-13","Dualcore","1185691","1074544","111147"
"2012-11-14","Dualcore","975935","862585","113350"
"2012-11-15","Dualcore","783363","689542","93821"
"2012-11-16","Dualcore","923195","822663","100532"
"2012-11-17","Dualcore","897695","797201","100494"
"2012-11-18","Dualcore","967634","863674","103960"
"2012-11-19","Dualcore","875001","777927","97074"
"2012-11-20","Dualcore","943439","837584","105855"
"2012-11-21","Dualcore","1147246","1028757","118489"
"2012-11-22","Dualcore","820755","725001","95754"
"2012-11-23","Dualcore","796963","693697","103266"
"2012-11-24","Dualcore","954559","851813","102746"
"2012-11-25","Dualcore","1110629","993429","117200"
"2012-11-26","Dualcore","874540","790356","84184"
"2012-11-27","Dualcore","1081635","977026","104609"
"2012-11-28","Dualcore","850349","750113","100236"
"2012-11-29","Dualcore","976011","860125","115886"
"2012-11-30","Dualcore","884450","779413","105037"
"2012-12-01","Dualcore","1130333","1009553","120780"
"2012-12-02","Dualcore","971619","870708","100911"
"2012-12-03","Dualcore","715513","633621","81892"
"2012-12-04","Dualcore","1124918","1007993","116925"
"2012-12-05","Dualcore","1145516","1033835","111681"
"2012-12-06","Dualcore","1097657","963404","134253"
"2012-12-07","Dualcore","962886","856547","106339"
"2012-12-08","Dualcore","1202366","1074875","127491"
"2012-12-09","Dualcore","1009517","893751","115766"
"2012-12-10","Dualcore","988892","882154","106738"
"2012-12-11","Dualcore","1041415","924937","116478"
"2012-12-12","Dualcore","1096226","955346","140880"
"2012-12-13","Dualcore","1069941","947884","122057"
"2012-12-14","Dualcore","1108795","999397","109398"
"2012-12-15","Dualcore","1183074","1052606","130468"
"2012-12-16","Dualcore","1045808","929494","116314"
"2012-12-17","Dualcore","929140","808783","120357"
"2012-12-18","Dualcore","1102261","989942","112319"
"2012-12-19","Dualcore","935718","839816","95902"
"2012-12-20","Dualcore","915860","812904","102956"
"2012-12-21","Dualcore","907466","815175","92291"
"2012-12-22","Dualcore","840133","750974","89159"
"2012-12-23","Dualcore","988254","876097","112157"
"2012-12-24","Dualcore","952276","828848","123428"
"2012-12-25","Dualcore","939486","840133","99353"
"2012-12-26","Dualcore","1103039","962752","140287"
"2012-12-27","Dualcore","862557","768067","94490"
"2012-12-28","Dualcore","1096246","984107","112139"
"2012-12-29","Dualcore","1127052","996288","130764"
"2012-12-30","Dualcore","1168306","1040474","127832"
"2012-12-31","Dualcore","1000682","887269","113413"
"2013-01-01","Dualcore","659925","578125","81800"
"2013-01-02","Dualcore","2348015","2071199","276816"
"2013-01-03","Dualcore","2367630","2071810","295820"
"2013-01-04","Dualcore","2940574","2623590","316984"
"2013-01-05","Dualcore","2320169","2048356","271813"
"2013-01-06","Dualcore","2691392","2397131","294261"
"2013-01-07","Dualcore","2801551","2480256","321295"
"2013-01-08","Dualcore","3193842","2854844","338998"
"2013-01-09","Dualcore","2781842","2451878","329964"
"2013-01-10","Dualcore","2949869","2637553","312316"
"2013-01-11","Dualcore","2787937","2487221","300716"
"2013-01-12","Dualcore","2740695","2446361","294334"
"2013-01-13","Dualcore","2595755","2288149","307606"
"2013-01-14","Dualcore","2254328","1988663","265665"
"2013-01-15","Dualcore","2336006","2058997","277009"
"2013-01-16","Dualcore","2358497","2079454","279043"
"2013-01-17","Dualcore","2551220","2252716","298504"
"2013-01-18","Dualcore","2756028","2466172","289856"
"2013-01-19","Dualcore","2359045","2071039","288006"
"2013-01-20","Dualcore","2844717","2517406","327311"
"2013-01-21","Dualcore","3119177","2759365","359812"
"2013-01-22","Dualcore","2359454","2075923","283531"
"2013-01-23","Dualcore","2722676","2437821","284855"
"2013-01-24","Dualcore","2416339","2127950","288389"
"2013-01-25","Dualcore","2819725","2506944","312781"
"2013-01-26","Dualcore","2504188","2207418","296770"
"2013-01-27","Dualcore","2466754","2187503","279251"
"2013-01-28","Dualcore","2470722","2150410","320312"
"2013-01-29","Dualcore","2476954","2166610","310344"
"2013-01-30","Dualcore","2708105","2393902","314203"
"2013-01-31","Dualcore","2648233","2344899","303334"
"2013-02-01","Dualcore","2610248","2306138","304110"
"2013-02-02","Dualcore","3059196","2733994","325202"
"2013-02-03","Dualcore","3007190","2683187","324003"
"2013-02-04","Dualcore","3153903","2804196","349707"
"2013-02-05","Dualcore","2835768","2495356","340412"
"2013-02-06","Dualcore","2471726","2184393","287333"
"2013-02-07","Dualcore","2615233","2314103","301130"
"2013-02-08","Dualcore","2957454","2652250","305204"
"2013-02-09","Dualcore","3058820","2709911","348909"
"2013-02-10","Dualcore","2456644","2145853","310791"
"2013-02-11","Dualcore","2388401","2094900","293501"
"2013-02-12","Dualcore","2741743","2420980","320763"
"2013-02-13","Dualcore","3011258","2651784","359474"
"2013-02-14","Dualcore","3233595","2844911","388684"
"2013-02-15","Dualcore","3099491","2727194","372297"
"2013-02-16","Dualcore","2703615","2360484","343131"
"2013-02-17","Dualcore","2744103","2412682","331421"
"2013-02-18","Dualcore","2509099","2201374","307725"
"2013-02-19","Dualcore","3032915","2716205","316710"
"2013-02-20","Dualcore","2779260","2458404","320856"
"2013-02-21","Dualcore","3108536","2773123","335413"
"2013-02-22","Dualcore","2949697","2607068","342629"
"2013-02-23","Dualcore","3123046","2782297","340749"
"2013-02-24","Dualcore","3144533","2787262","357271"
"2013-02-25","Dualcore","2697336","2381138","316198"
"2013-02-26","Dualcore","2902273","2592784","309489"
"2013-02-27","Dualcore","2645513","2332900","312613"
"2013-02-28","Dualcore","2954052","2620316","333736"
"2013-03-01","Dualcore","1153556","1028250","125306"
"2013-03-02","Dualcore","1556861","1359694","197167"
"2013-03-03","Dualcore","3102347","2771644","330703"
"2013-03-04","Dualcore","3122778","2763984","358794"
"2013-03-05","Dualcore","3685491","3299929","385562"
"2013-03-06","Dualcore","2986130","2638928","347202"
"2013-03-07","Dualcore","2580337","2274759","305578"
"2013-03-08","Dualcore","2867524","2524407","343117"
"2013-03-09","Dualcore","3020524","2674264","346260"
"2013-03-10","Dualcore","3011775","2653051","358724"
"2013-03-11","Dualcore","3028031","2687277","340754"
"2013-03-12","Dualcore","3056889","2691420","365469"
"2013-03-13","Dualcore","2765229","2442565","322664"
"2013-03-14","Dualcore","2727905","2392967","334938"
"2013-03-15","Dualcore","2858364","2491581","366783"
"2013-03-16","Dualcore","3047107","2712619","334488"
"2013-03-17","Dualcore","2856310","2513145","343165"
"2013-03-18","Dualcore","2736774","2406012","330762"
"2013-03-19","Dualcore","2889167","2547822","341345"
"2013-03-20","Dualcore","2625525","2302194","323331"
"2013-03-21","Dualcore","2795515","2464519","330996"
"2013-03-22","Dualcore","2682377","2331518","350859"
"2013-03-23","Dualcore","3171217","2802199","369018"
"2013-03-24","Dualcore","2619107","2275181","343926"
"2013-03-25","Dualcore","3096315","2749104","347211"
"2013-03-26","Dualcore","3461789","3057072","404717"
"2013-03-27","Dualcore","3002955","2643303","359652"
"2013-03-28","Dualcore","3461385","3080863","380522"
"2013-03-29","Dualcore","2749650","2426329","323321"
"2013-03-30","Dualcore","2903853","2542059","361794"
"2013-03-31","Dualcore","2956624","2594546","362078"
"2013-04-01","Dualcore","2914600","2582411","332189"
"2013-04-02","Dualcore","2759856","2405272","354584"
"2013-04-03","Dualcore","2902683","2549384","353299"
"2013-04-04","Dualcore","3084109","2735301","348808"
"2013-04-05","Dualcore","3420182","3040986","379196"
"2013-04-06","Dualcore","3020323","2673397","346926"
"2013-04-07","Dualcore","3188876","2798262","390614"
"2013-04-08","Dualcore","3266139","2887711","378428"
"2013-04-09","Dualcore","3164084","2805545","358539"
"2013-04-10","Dualcore","3199093","2823491","375602"
"2013-04-11","Dualcore","3286184","2896162","390022"
"2013-04-12","Dualcore","3254090","2877000","377090"
"2013-04-13","Dualcore","3280841","2910406","370435"
"2013-04-14","Dualcore","3285846","2930551","355295"
"2013-04-15","Dualcore","3154075","2800586","353489"
"2013-04-16","Dualcore","2929071","2561849","367222"
"2013-04-17","Dualcore","2945402","2609010","336392"
"2013-04-18","Dualcore","3104794","2744709","360085"
"2013-04-19","Dualcore","2873685","2544640","329045"
"2013-04-20","Dualcore","3542165","3157319","384846"
"2013-04-21","Dualcore","2570083","2239616","330467"
"2013-04-22","Dualcore","2866787","2491775","375012"
"2013-04-23","Dualcore","3311597","2940828","370769"
"2013-04-24","Dualcore","3236140","2855008","381132"
"2013-04-25","Dualcore","3201403","2841440","359963"
"2013-04-26","Dualcore","3363030","2994789","368241"
"2013-04-27","Dualcore","2783640","2438662","344978"
"2013-04-28","Dualcore","3133429","2780176","353253"
"2013-04-29","Dualcore","3363584","2976132","387452"
"2013-04-30","Dualcore","3083338","2731096","352242"
"2013-05-01","Dualcore","1074624","929092","145532"
"2013-05-02","Dualcore","2998286","2600188","398098"
"2013-05-03","Dualcore","3305402","2872514","432888"
"2013-05-04","Dualcore","3205543","2778171","427372"
"2013-05-05","Dualcore","2968125","2603891","364234"
"2013-05-06","Dualcore","3197930","2785069","412861"
"2013-05-07","Dualcore","3097928","2698839","399089"
"2013-05-08","Dualcore","3496319","3078918","417401"
"2013-05-09","Dualcore","3152014","2752505","399509"
"2013-05-10","Dualcore","2670092","2317711","352381"
"2013-05-11","Dualcore","3158095","2764183","393912"
"2013-05-12","Dualcore","2971110","2565743","405367"
"2013-05-13","Dualcore","3308964","2923398","385566"
"2013-05-14","Dualcore","2895046","2520897","374149"
"2013-05-15","Dualcore","3089085","2681127","407958"
"2013-05-16","Dualcore","2762674","2395165","367509"
"2013-05-17","Dualcore","3215090","2808337","406753"
"2013-05-18","Dualcore","2634529","2279394","355135"
"2013-05-19","Dualcore","3268160","2826093","442067"
"2013-05-20","Dualcore","2514127","2162454","351673"
"2013-05-21","Dualcore","3256517","2858192","398325"
"2013-05-22","Dualcore","2677812","2333164","344648"
"2013-05-23","Dualcore","3009107","2631665","377442"
"2013-05-24","Dualcore","2674207","2310786","363421"
"2013-05-25","Dualcore","2752878","2374700","378178"
"2013-05-26","Dualcore","2904237","2521185","383052"
"2013-05-27","Dualcore","2888776","2497487","391289"
"2013-05-28","Dualcore","3029589","2639103","390486"
"2013-05-29","Dualcore","2856194","2507115","349079"
"2013-05-30","Dualcore","3247444","2841853","405591"
"2013-05-31","Dualcore","2469970","2141130","328840"
"2008-06-01","Duff","10204","6476","3728"
"2008-06-02","Duff","90837","79301","11536"
"2008-06-03","Duff","21431","12463","8968"
"2008-06-04","Duff","29757","17280","12477"
"2008-06-05","Duff","91359","81058","10301"
"2008-06-06","Duff","34049","27258","6791"
"2008-06-07","Duff","31406","26017","5389"
"2008-06-08","Duff","68511","60239","8272"
"2008-06-09","Duff","18751","11315","7436"
"2008-06-10","Duff","87431","70401","17030"
"2008-06-11","Duff","95903","84813","11090"
"2008-06-12","Duff","41579","29811","11768"
"2008-06-13","Duff","49488","29449","20039"
"2008-06-14","Duff","35306","23524","11782"
"2008-06-15","Duff","75418","64457","10961"
"2008-06-16","Duff","23139","14689","8450"
"2008-06-17","Duff","51919","36400","15519"
"2008-06-18","Duff","65530","54107","11423"
"2008-06-19","Duff","36933","20491","16442"
"2008-06-20","Duff","31665","22329","9336"
"2008-06-21","Duff","32277","23140","9137"
"2008-06-22","Duff","74699","65709","8990"
"2008-06-23","Duff","62252","53251","9001"
"2008-06-24","Duff","69627","58229","11398"
"2008-06-25","Duff","87048","78353","8695"
"2008-06-26","Duff","160419","145503","14916"
"2008-06-27","Duff","14589","9487","5102"
"2008-06-28","Duff","57331","39752","17579"
"2008-06-29","Duff","35227","26254","8973"
"2008-06-30","Duff","100373","86635","13738"
"2008-07-01","Duff","94998","84629","10369"
"2008-07-02","Duff","122378","105235","17143"
"2008-07-03","Duff","114865","91722","23143"
"2008-07-04","Duff","25268","17830","7438"
"2008-07-05","Duff","64149","57223","6926"
"2008-07-06","Duff","134138","119865","14273"
"2008-07-07","Duff","134892","117487","17405"
"2008-07-08","Duff","78902","69916","8986"
"2008-07-09","Duff","25031","18092","6939"
"2008-07-10","Duff","28708","20122","8586"
"2008-07-11","Duff","28559","20490","8069"
"2008-07-12","Duff","26558","20787","5771"
"2008-07-13","Duff","19024","12792","6232"
"2008-07-14","Duff","21858","15812","6046"
"2008-07-15","Duff","37114","25831","11283"
"2008-07-16","Duff","34918","27922","6996"
"2008-07-17","Duff","74977","59235","15742"
"2008-07-18","Duff","84724","72504","12220"
"2008-07-19","Duff","33888","21936","11952"
"2008-07-20","Duff","159874","141756","18118"
"2008-07-21","Duff","18281","10102","8179"
"2008-07-22","Duff","29167","20453","8714"
"2008-07-23","Duff","34508","23977","10531"
"2008-07-24","Duff","120884","106622","14262"
"2008-07-25","Duff","126724","108058","18666"
"2008-07-26","Duff","43356","27794","15562"
"2008-07-27","Duff","83917","71222","12695"
"2008-07-28","Duff","25337","13677","11660"
"2008-07-29","Duff","57725","51133","6592"
"2008-07-30","Duff","59959","48499","11460"
"2008-07-31","Duff","129738","117658","12080"
"2008-08-01","Duff","30396","26306","4090"
"2008-08-02","Duff","75446","64654","10792"
"2008-08-03","Duff","111593","91107","20486"
"2008-08-04","Duff","122618","109096","13522"
"2008-08-05","Duff","62624","52659","9965"
"2008-08-06","Duff","26682","21296","5386"
"2008-08-07","Duff","62880","54357","8523"
"2008-08-08","Duff","38172","30349","7823"
"2008-08-09","Duff","34954","23429","11525"
"2008-08-10","Duff","115738","102803","12935"
"2008-08-11","Duff","87042","74958","12084"
"2008-08-12","Duff","25560","14353","11207"
"2008-08-13","Duff","60812","52329","8483"
"2008-08-14","Duff","32163","21052","11111"
"2008-08-15","Duff","80942","64600","16342"
"2008-08-16","Duff","21200","14840","6360"
"2008-08-17","Duff","19498","11301","8197"
"2008-08-18","Duff","18809","13506","5303"
"2008-08-19","Duff","74983","64560","10423"
"2008-08-20","Duff","17707","11469","6238"
"2008-08-21","Duff","126907","107860","19047"
"2008-08-22","Duff","56613","41055","15558"
"2008-08-23","Duff","27496","16508","10988"
"2008-08-24","Duff","147677","130180","17497"
"2008-08-25","Duff","110054","97216","12838"
"2008-08-26","Duff","18672","9280","9392"
"2008-08-27","Duff","17634","9626","8008"
"2008-08-28","Duff","62832","49731","13101"
"2008-08-29","Duff","52272","36813","15459"
"2008-08-30","Duff","78726","64025","14701"
"2008-08-31","Duff","46392","37894","8498"
"2008-09-01","Duff","185118","166538","18580"
"2008-09-02","Duff","30797","19913","10884"
"2008-09-03","Duff","106567","92787","13780"
"2008-09-04","Duff","27928","14793","13135"
"2008-09-05","Duff","67839","55851","11988"
"2008-09-06","Duff","90635","70911","19724"
"2008-09-07","Duff","67851","56218","11633"
"2008-09-08","Duff","44177","33208","10969"
"2008-09-09","Duff","69810","60396","9414"
"2008-09-10","Duff","83864","71053","12811"
"2008-09-11","Duff","63840","48106","15734"
"2008-09-12","Duff","49469","40410","9059"
"2008-09-13","Duff","23930","11804","12126"
"2008-09-14","Duff","19450","12394","7056"
"2008-09-15","Duff","12882","8259","4623"
"2008-09-16","Duff","174052","150612","23440"
"2008-09-17","Duff","88286","72477","15809"
"2008-09-18","Duff","45677","37380","8297"
"2008-09-19","Duff","140665","122497","18168"
"2008-09-20","Duff","75688","67821","7867"
"2008-09-21","Duff","21257","13276","7981"
"2008-09-22","Duff","50303","35850","14453"
"2008-09-23","Duff","78352","64197","14155"
"2008-09-24","Duff","89833","70593","19240"
"2008-09-25","Duff","120548","104392","16156"
"2008-09-26","Duff","37367","27525","9842"
"2008-09-27","Duff","72724","64637","8087"
"2008-09-28","Duff","79069","66001","13068"
"2008-09-29","Duff","172728","156762","15966"
"2008-09-30","Duff","30667","20036","10631"
"2008-10-01","Duff","24256","17117","7139"
"2008-10-02","Duff","111733","89050","22683"
"2008-10-03","Duff","44906","31946","12960"
"2008-10-04","Duff","11531","6621","4910"
"2008-10-05","Duff","40490","23927","16563"
"2008-10-06","Duff","183586","165374","18212"
"2008-10-07","Duff","82067","65621","16446"
"2008-10-08","Duff","59026","47495","11531"
"2008-10-09","Duff","35270","27823","7447"
"2008-10-10","Duff","19859","14026","5833"
"2008-10-11","Duff","8571","6518","2053"
"2008-10-12","Duff","33792","28132","5660"
"2008-10-13","Duff","29888","18353","11535"
"2008-10-14","Duff","204683","186034","18649"
"2008-10-15","Duff","6385","3975","2410"
"2008-10-16","Duff","36835","24254","12581"
"2008-10-17","Duff","53034","39680","13354"
"2008-10-18","Duff","84744","68746","15998"
"2008-10-19","Duff","96541","83636","12905"
"2008-10-20","Duff","66992","58346","8646"
"2008-10-21","Duff","27687","19069","8618"
"2008-10-22","Duff","33884","22540","11344"
"2008-10-23","Duff","83485","68913","14572"
"2008-10-24","Duff","18109","10272","7837"
"2008-10-25","Duff","44818","31690","13128"
"2008-10-26","Duff","60051","52862","7189"
"2008-10-27","Duff","31057","18782","12275"
"2008-10-28","Duff","14749","9453","5296"
"2008-10-29","Duff","71759","59011","12748"
"2008-10-30","Duff","35119","22588","12531"
"2008-10-31","Duff","48012","37661","10351"
"2008-11-01","Duff","75910","62116","13794"
"2008-11-02","Duff","13054","6757","6297"
"2008-11-03","Duff","32881","22543","10338"
"2008-11-04","Duff","93997","70943","23054"
"2008-11-05","Duff","77020","69522","7498"
"2008-11-06","Duff","9549","7463","2086"
"2008-11-07","Duff","30338","22195","8143"
"2008-11-08","Duff","117139","105637","11502"
"2008-11-09","Duff","158065","136688","21377"
"2008-11-10","Duff","26324","16820","9504"
"2008-11-11","Duff","34355","23941","10414"
"2008-11-12","Duff","24105","17699","6406"
"2008-11-13","Duff","12803","8876","3927"
"2008-11-14","Duff","16661","10060","6601"
"2008-11-15","Duff","173636","156329","17307"
"2008-11-16","Duff","91843","77766","14077"
"2008-11-17","Duff","70502","59699","10803"
"2008-11-18","Duff","76575","62706","13869"
"2008-11-19","Duff","78160","68923","9237"
"2008-11-20","Duff","68300","62221","6079"
"2008-11-21","Duff","38628","29035","9593"
"2008-11-22","Duff","68002","58600","9402"
"2008-11-23","Duff","41293","34360","6933"
"2008-11-24","Duff","46765","35618","11147"
"2008-11-25","Duff","21270","13691","7579"
"2008-11-26","Duff","73821","63005","10816"
"2008-11-27","Duff","17722","13105","4617"
"2008-11-28","Duff","14412","9600","4812"
"2008-11-29","Duff","26923","18177","8746"
"2008-11-30","Duff","64855","56824","8031"
"2008-12-01","Duff","21841","13622","8219"
"2008-12-02","Duff","22121","11429","10692"
"2008-12-03","Duff","136247","118851","17396"
"2008-12-04","Duff","83606","70817","12789"
"2008-12-05","Duff","39407","27692","11715"
"2008-12-06","Duff","32187","20513","11674"
"2008-12-07","Duff","67989","57626","10363"
"2008-12-08","Duff","30068","23089","6979"
"2008-12-09","Duff","44203","27462","16741"
"2008-12-10","Duff","34654","22568","12086"
"2008-12-11","Duff","36296","27707","8589"
"2008-12-12","Duff","75919","66915","9004"
"2008-12-13","Duff","38189","30736","7453"
"2008-12-14","Duff","24930","17987","6943"
"2008-12-15","Duff","128757","115453","13304"
"2008-12-16","Duff","61940","53984","7956"
"2008-12-17","Duff","54522","39823","14699"
"2008-12-18","Duff","69739","59873","9866"
"2008-12-19","Duff","28846","20312","8534"
"2008-12-20","Duff","113129","100847","12282"
"2008-12-21","Duff","84066","73301","10765"
"2008-12-22","Duff","19990","15205","4785"
"2008-12-23","Duff","34567","25017","9550"
"2008-12-24","Duff","24989","19066","5923"
"2008-12-25","Duff","21849","14814","7035"
"2008-12-26","Duff","128527","111029","17498"
"2008-12-27","Duff","86127","77065","9062"
"2008-12-28","Duff","130454","111242","19212"
"2008-12-29","Duff","30700","23114","7586"
"2008-12-30","Duff","26676","20167","6509"
"2008-12-31","Duff","80220","69340","10880"
"2009-01-01","Duff","41411","26423","14988"
"2009-01-02","Duff","166813","142247","24566"
"2009-01-03","Duff","122198","107453","14745"
"2009-01-04","Duff","112918","93724","19194"
"2009-01-05","Duff","84270","62466","21804"
"2009-01-06","Duff","48460","30609","17851"
"2009-01-07","Duff","42898","29327","13571"
"2009-01-08","Duff","138407","117747","20660"
"2009-01-09","Duff","72678","49543","23135"
"2009-01-10","Duff","121377","98718","22659"
"2009-01-11","Duff","53788","39461","14327"
"2009-01-12","Duff","141239","123806","17433"
"2009-01-13","Duff","136681","107010","29671"
"2009-01-14","Duff","47565","35735","11830"
"2009-01-15","Duff","210352","176239","34113"
"2009-01-16","Duff","213644","187164","26480"
"2009-01-17","Duff","94698","76110","18588"
"2009-01-18","Duff","188858","160587","28271"
"2009-01-19","Duff","86045","69990","16055"
"2009-01-20","Duff","171786","144267","27519"
"2009-01-21","Duff","75734","54543","21191"
"2009-01-22","Duff","114365","86167","28198"
"2009-01-23","Duff","61832","46937","14895"
"2009-01-24","Duff","88311","73575","14736"
"2009-01-25","Duff","159095","134225","24870"
"2009-01-26","Duff","191129","168709","22420"
"2009-01-27","Duff","114935","92974","21961"
"2009-01-28","Duff","35003","22330","12673"
"2009-01-29","Duff","155936","123065","32871"
"2009-01-30","Duff","79547","60303","19244"
"2009-01-31","Duff","69653","55416","14237"
"2009-02-01","Duff","158758","133604","25154"
"2009-02-02","Duff","96855","76588","20267"
"2009-02-03","Duff","106079","90492","15587"
"2009-02-04","Duff","103017","85128","17889"
"2009-02-05","Duff","143971","117024","26947"
"2009-02-06","Duff","202736","175698","27038"
"2009-02-07","Duff","237441","204858","32583"
"2009-02-08","Duff","126187","99003","27184"
"2009-02-09","Duff","42611","37085","5526"
"2009-02-10","Duff","65582","50944","14638"
"2009-02-11","Duff","105122","83904","21218"
"2009-02-12","Duff","93317","82527","10790"
"2009-02-13","Duff","83853","60175","23678"
"2009-02-14","Duff","46343","37543","8800"
"2009-02-15","Duff","114036","96829","17207"
"2009-02-16","Duff","219692","192671","27021"
"2009-02-17","Duff","69297","56752","12545"
"2009-02-18","Duff","142816","122986","19830"
"2009-02-19","Duff","100386","78827","21559"
"2009-02-20","Duff","140664","118152","22512"
"2009-02-21","Duff","85689","68175","17514"
"2009-02-22","Duff","60442","39589","20853"
"2009-02-23","Duff","173634","153498","20136"
"2009-02-24","Duff","90466","69804","20662"
"2009-02-25","Duff","24858","15925","8933"
"2009-02-26","Duff","58737","44255","14482"
"2009-02-27","Duff","91571","69772","21799"
"2009-02-28","Duff","102935","80296","22639"
"2009-03-01","Duff","47917","33279","14638"
"2009-03-02","Duff","121833","94914","26919"
"2009-03-03","Duff","82460","57707","24753"
"2009-03-04","Duff","133140","116119","17021"
"2009-03-05","Duff","175555","152234","23321"
"2009-03-06","Duff","143613","122755","20858"
"2009-03-07","Duff","201763","164412","37351"
"2009-03-08","Duff","47179","34169","13010"
"2009-03-09","Duff","52360","32713","19647"
"2009-03-10","Duff","186390","168350","18040"
"2009-03-11","Duff","76378","61878","14500"
"2009-03-12","Duff","44409","32938","11471"
"2009-03-13","Duff","43916","34521","9395"
"2009-03-14","Duff","106955","87907","19048"
"2009-03-15","Duff","100387","81330","19057"
"2009-03-16","Duff","129499","112714","16785"
"2009-03-17","Duff","170386","148423","21963"
"2009-03-18","Duff","69576","56982","12594"
"2009-03-19","Duff","107069","91432","15637"
"2009-03-20","Duff","42239","30817","11422"
"2009-03-21","Duff","64559","47922","16637"
"2009-03-22","Duff","71024","49005","22019"
"2009-03-23","Duff","49148","31613","17535"
"2009-03-24","Duff","53644","39379","14265"
"2009-03-25","Duff","155136","129018","26118"
"2009-03-26","Duff","170192","142618","27574"
"2009-03-27","Duff","73698","56645","17053"
"2009-03-28","Duff","107359","91846","15513"
"2009-03-29","Duff","102558","80879","21679"
"2009-03-30","Duff","50944","37274","13670"
"2009-03-31","Duff","110476","89805","20671"
"2009-04-01","Duff","144856","116902","27954"
"2009-04-02","Duff","151760","133569","18191"
"2009-04-03","Duff","128401","102078","26323"
"2009-04-04","Duff","133385","109801","23584"
"2009-04-05","Duff","205927","177816","28111"
"2009-04-06","Duff","57866","40847","17019"
"2009-04-07","Duff","104184","86247","17937"
"2009-04-08","Duff","151998","130204","21794"
"2009-04-09","Duff","174243","148665","25578"
"2009-04-10","Duff","107152","90641","16511"
"2009-04-11","Duff","122759","95410","27349"
"2009-04-12","Duff","113278","90527","22751"
"2009-04-13","Duff","58102","41369","16733"
"2009-04-14","Duff","111536","92032","19504"
"2009-04-15","Duff","41481","28551","12930"
"2009-04-16","Duff","52370","44907","7463"
"2009-04-17","Duff","122997","105834","17163"
"2009-04-18","Duff","66459","51620","14839"
"2009-04-19","Duff","44548","29680","14868"
"2009-04-20","Duff","209369","182120","27249"
"2009-04-21","Duff","46514","27912","18602"
"2009-04-22","Duff","147868","127911","19957"
"2009-04-23","Duff","133021","117846","15175"
"2009-04-24","Duff","88803","57887","30916"
"2009-04-25","Duff","205713","179379","26334"
"2009-04-26","Duff","107865","88562","19303"
"2009-04-27","Duff","45000","28967","16033"
"2009-04-28","Duff","337975","292013","45962"
"2009-04-29","Duff","108842","85872","22970"
"2009-04-30","Duff","77345","58385","18960"
"2009-05-01","Duff","124406","101795","22611"
"2009-05-02","Duff","117897","89655","28242"
"2009-05-03","Duff","68108","52445","15663"
"2009-05-04","Duff","32816","22948","9868"
"2009-05-05","Duff","209021","172259","36762"
"2009-05-06","Duff","258295","225544","32751"
"2009-05-07","Duff","232974","206202","26772"
"2009-05-08","Duff","126720","102701","24019"
"2009-05-09","Duff","46320","24462","21858"
"2009-05-10","Duff","90451","71281","19170"
"2009-05-11","Duff","116623","100001","16622"
"2009-05-12","Duff","121251","105230","16021"
"2009-05-13","Duff","271820","241303","30517"
"2009-05-14","Duff","39523","31342","8181"
"2009-05-15","Duff","87440","69024","18416"
"2009-05-16","Duff","78945","62017","16928"
"2009-05-17","Duff","146816","126197","20619"
"2009-05-18","Duff","214717","181414","33303"
"2009-05-19","Duff","62577","48842","13735"
"2009-05-20","Duff","56362","42611","13751"
"2009-05-21","Duff","112386","91226","21160"
"2009-05-22","Duff","184609","158509","26100"
"2009-05-23","Duff","62669","46571","16098"
"2009-05-24","Duff","103592","83862","19730"
"2009-05-25","Duff","78376","64425","13951"
"2009-05-26","Duff","193828","171114","22714"
"2009-05-27","Duff","62727","44096","18631"
"2009-05-28","Duff","40875","30401","10474"
"2009-05-29","Duff","180774","156410","24364"
"2009-05-30","Duff","62324","48178","14146"
"2009-05-31","Duff","55215","41402","13813"
"2009-06-01","Duff","103999","87819","16180"
"2009-06-02","Duff","76676","52890","23786"
"2009-06-03","Duff","187698","159987","27711"
"2009-06-04","Duff","220150","184241","35909"
"2009-06-05","Duff","191986","168569","23417"
"2009-06-06","Duff","107635","76835","30800"
"2009-06-07","Duff","79889","60978","18911"
"2009-06-08","Duff","69014","49774","19240"
"2009-06-09","Duff","71348","49971","21377"
"2009-06-10","Duff","262695","226333","36362"
"2009-06-11","Duff","94004","78199","15805"
"2009-06-12","Duff","67329","49025","18304"
"2009-06-13","Duff","77476","51039","26437"
"2009-06-14","Duff","241634","210305","31329"
"2009-06-15","Duff","87084","65861","21223"
"2009-06-16","Duff","139800","109013","30787"
"2009-06-17","Duff","171306","149346","21960"
"2009-06-18","Duff","127507","99811","27696"
"2009-06-19","Duff","198855","170355","28500"
"2009-06-20","Duff","238640","200424","38216"
"2009-06-21","Duff","59557","41136","18421"
"2009-06-22","Duff","173729","152033","21696"
"2009-06-23","Duff","133285","101073","32212"
"2009-06-24","Duff","131710","108681","23029"
"2009-06-25","Duff","209874","174086","35788"
"2009-06-26","Duff","205937","166578","39359"
"2009-06-27","Duff","223023","191634","31389"
"2009-06-28","Duff","72485","57264","15221"
"2009-06-29","Duff","68088","50821","17267"
"2009-06-30","Duff","166923","139337","27586"
"2009-07-01","Duff","110873","91649","19224"
"2009-07-02","Duff","178332","154905","23427"
"2009-07-03","Duff","188521","161705","26816"
"2009-07-04","Duff","73413","61948","11465"
"2009-07-05","Duff","69167","46746","22421"
"2009-07-06","Duff","178829","142372","36457"
"2009-07-07","Duff","301977","270870","31107"
"2009-07-08","Duff","106877","89651","17226"
"2009-07-09","Duff","89353","60711","28642"
"2009-07-10","Duff","142614","115946","26668"
"2009-07-11","Duff","125519","90461","35058"
"2009-07-12","Duff","151268","120161","31107"
"2009-07-13","Duff","77647","54142","23505"
"2009-07-14","Duff","95895","83008","12887"
"2009-07-15","Duff","94939","74614","20325"
"2009-07-16","Duff","54665","38933","15732"
"2009-07-17","Duff","81149","61418","19731"
"2009-07-18","Duff","113991","95752","18239"
"2009-07-19","Duff","106605","80028","26577"
"2009-07-20","Duff","204133","176489","27644"
"2009-07-21","Duff","81254","66422","14832"
"2009-07-22","Duff","138416","112905","25511"
"2009-07-23","Duff","121520","103653","17867"
"2009-07-24","Duff","303299","266077","37222"
"2009-07-25","Duff","109365","86130","23235"
"2009-07-26","Duff","125180","105296","19884"
"2009-07-27","Duff","99286","72238","27048"
"2009-07-28","Duff","206510","183564","22946"
"2009-07-29","Duff","191461","163538","27923"
"2009-07-30","Duff","85644","68417","17227"
"2009-07-31","Duff","89278","62021","27257"
"2009-08-01","Duff","103547","70815","32732"
"2009-08-02","Duff","146544","124078","22466"
"2009-08-03","Duff","47474","32679","14795"
"2009-08-04","Duff","122487","97441","25046"
"2009-08-05","Duff","148926","118180","30746"
"2009-08-06","Duff","144801","119437","25364"
"2009-08-07","Duff","91729","74650","17079"
"2009-08-08","Duff","155163","131898","23265"
"2009-08-09","Duff","245666","204339","41327"
"2009-08-10","Duff","63265","42117","21148"
"2009-08-11","Duff","136677","115881","20796"
"2009-08-12","Duff","207325","180941","26384"
"2009-08-13","Duff","110779","80496","30283"
"2009-08-14","Duff","212119","185264","26855"
"2009-08-15","Duff","65973","51797","14176"
"2009-08-16","Duff","100263","77431","22832"
"2009-08-17","Duff","147488","113455","34033"
"2009-08-18","Duff","288938","250723","38215"
"2009-08-19","Duff","123016","94076","28940"
"2009-08-20","Duff","92462","64012","28450"
"2009-08-21","Duff","149565","117863","31702"
"2009-08-22","Duff","101978","84250","17728"
"2009-08-23","Duff","69010","49601","19409"
"2009-08-24","Duff","159158","137794","21364"
"2009-08-25","Duff","95185","78660","16525"
"2009-08-26","Duff","182331","153047","29284"
"2009-08-27","Duff","87893","67802","20091"
"2009-08-28","Duff","112197","85568","26629"
"2009-08-29","Duff","192360","157428","34932"
"2009-08-30","Duff","133881","103005","30876"
"2009-08-31","Duff","188935","161077","27858"
"2009-09-01","Duff","237864","191675","46189"
"2009-09-02","Duff","80710","58082","22628"
"2009-09-03","Duff","92622","66117","26505"
"2009-09-04","Duff","249819","216428","33391"
"2009-09-05","Duff","132082","108876","23206"
"2009-09-06","Duff","127275","102798","24477"
"2009-09-07","Duff","130372","105345","25027"
"2009-09-08","Duff","57050","36921","20129"
"2009-09-09","Duff","169476","144752","24724"
"2009-09-10","Duff","85991","62816","23175"
"2009-09-11","Duff","120696","95032","25664"
"2009-09-12","Duff","244691","200785","43906"
"2009-09-13","Duff","119492","98192","21300"
"2009-09-14","Duff","203126","179072","24054"
"2009-09-15","Duff","107744","75162","32582"
"2009-09-16","Duff","307576","273519","34057"
"2009-09-17","Duff","147257","126255","21002"
"2009-09-18","Duff","181485","153353","28132"
"2009-09-19","Duff","148122","120132","27990"
"2009-09-20","Duff","162641","128347","34294"
"2009-09-21","Duff","136764","100952","35812"
"2009-09-22","Duff","113071","94988","18083"
"2009-09-23","Duff","163721","137371","26350"
"2009-09-24","Duff","123636","103648","19988"
"2009-09-25","Duff","75654","53244","22410"
"2009-09-26","Duff","85070","62996","22074"
"2009-09-27","Duff","48728","42049","6679"
"2009-09-28","Duff","78052","56915","21137"
"2009-09-29","Duff","285933","244104","41829"
"2009-09-30","Duff","219467","186578","32889"
"2009-10-01","Duff","166960","131551","35409"
"2009-10-02","Duff","118219","92690","25529"
"2009-10-03","Duff","161270","132647","28623"
"2009-10-04","Duff","122013","106464","15549"
"2009-10-05","Duff","86015","61388","24627"
"2009-10-06","Duff","93605","73305","20300"
"2009-10-07","Duff","94649","73772","20877"
"2009-10-08","Duff","253341","213777","39564"
"2009-10-09","Duff","108485","83634","24851"
"2009-10-10","Duff","129507","100810","28697"
"2009-10-11","Duff","99317","72690","26627"
"2009-10-12","Duff","164515","125535","38980"
"2009-10-13","Duff","221725","187096","34629"
"2009-10-14","Duff","286810","247122","39688"
"2009-10-15","Duff","144307","108949","35358"
"2009-10-16","Duff","85593","60044","25549"
"2009-10-17","Duff","106626","79823","26803"
"2009-10-18","Duff","145153","113855","31298"
"2009-10-19","Duff","199808","169266","30542"
"2009-10-20","Duff","169144","137343","31801"
"2009-10-21","Duff","158176","132656","25520"
"2009-10-22","Duff","177215","152021","25194"
"2009-10-23","Duff","130942","107843","23099"
"2009-10-24","Duff","60815","46267","14548"
"2009-10-25","Duff","188391","159570","28821"
"2009-10-26","Duff","131619","111870","19749"
"2009-10-27","Duff","183640","155003","28637"
"2009-10-28","Duff","104463","71769","32694"
"2009-10-29","Duff","170379","147048","23331"
"2009-10-30","Duff","60315","45709","14606"
"2009-10-31","Duff","70841","46682","24159"
"2009-11-01","Duff","105967","86989","18978"
"2009-11-02","Duff","135985","109872","26113"
"2009-11-03","Duff","84525","58538","25987"
"2009-11-04","Duff","77892","60844","17048"
"2009-11-05","Duff","130380","101772","28608"
"2009-11-06","Duff","64947","39633","25314"
"2009-11-07","Duff","96991","79073","17918"
"2009-11-08","Duff","225084","189564","35520"
"2009-11-09","Duff","155384","126817","28567"
"2009-11-10","Duff","177540","143675","33865"
"2009-11-11","Duff","126642","100900","25742"
"2009-11-12","Duff","115783","89924","25859"
"2009-11-13","Duff","178779","152150","26629"
"2009-11-14","Duff","42942","34765","8177"
"2009-11-15","Duff","161656","140193","21463"
"2009-11-16","Duff","87369","62321","25048"
"2009-11-17","Duff","87472","67873","19599"
"2009-11-18","Duff","163522","138516","25006"
"2009-11-19","Duff","115120","87175","27945"
"2009-11-20","Duff","172903","135324","37579"
"2009-11-21","Duff","122513","97704","24809"
"2009-11-22","Duff","130559","104603","25956"
"2009-11-23","Duff","77513","47162","30351"
"2009-11-24","Duff","95631","76416","19215"
"2009-11-25","Duff","217445","184610","32835"
"2009-11-26","Duff","145927","115496","30431"
"2009-11-27","Duff","197857","165560","32297"
"2009-11-28","Duff","140535","102184","38351"
"2009-11-29","Duff","245162","210275","34887"
"2009-11-30","Duff","234044","199282","34762"
"2009-12-01","Duff","53027","40128","12899"
"2009-12-02","Duff","147021","116558","30463"
"2009-12-03","Duff","69931","55891","14040"
"2009-12-04","Duff","221835","189570","32265"
"2009-12-05","Duff","49429","34991","14438"
"2009-12-06","Duff","175280","144130","31150"
"2009-12-07","Duff","189707","152946","36761"
"2009-12-08","Duff","145743","119444","26299"
"2009-12-09","Duff","132578","105124","27454"
"2009-12-10","Duff","48074","33965","14109"
"2009-12-11","Duff","176712","149808","26904"
"2009-12-12","Duff","147442","124617","22825"
"2009-12-13","Duff","117731","90333","27398"
"2009-12-14","Duff","102396","73002","29394"
"2009-12-15","Duff","83395","62833","20562"
"2009-12-16","Duff","119031","98977","20054"
"2009-12-17","Duff","172081","148704","23377"
"2009-12-18","Duff","76831","56921","19910"
"2009-12-19","Duff","325459","284988","40471"
"2009-12-20","Duff","83984","67747","16237"
"2009-12-21","Duff","127636","99583","28053"
"2009-12-22","Duff","114086","89571","24515"
"2009-12-23","Duff","328566","288097","40469"
"2009-12-24","Duff","183623","150300","33323"
"2009-12-25","Duff","182794","155711","27083"
"2009-12-26","Duff","164826","138806","26020"
"2009-12-27","Duff","271020","232842","38178"
"2009-12-28","Duff","99305","80770","18535"
"2009-12-29","Duff","293323","254997","38326"
"2009-12-30","Duff","116334","94413","21921"
"2009-12-31","Duff","141640","113873","27767"
"2010-01-01","Duff","232047","193780","38267"
"2010-01-02","Duff","204860","169147","35713"
"2010-01-03","Duff","199454","162879","36575"
"2010-01-04","Duff","204896","165316","39580"
"2010-01-05","Duff","302450","251393","51057"
"2010-01-06","Duff","112213","84434","27779"
"2010-01-07","Duff","247153","196542","50611"
"2010-01-08","Duff","247431","206098","41333"
"2010-01-09","Duff","228105","181728","46377"
"2010-01-10","Duff","436329","374959","61370"
"2010-01-11","Duff","148614","118329","30285"
"2010-01-12","Duff","209216","160392","48824"
"2010-01-13","Duff","222670","191834","30836"
"2010-01-14","Duff","90671","63020","27651"
"2010-01-15","Duff","111334","82342","28992"
"2010-01-16","Duff","208682","165799","42883"
"2010-01-17","Duff","341875","296178","45697"
"2010-01-18","Duff","342626","288949","53677"
"2010-01-19","Duff","246424","203306","43118"
"2010-01-20","Duff","273023","234952","38071"
"2010-01-21","Duff","233079","186488","46591"
"2010-01-22","Duff","192996","159418","33578"
"2010-01-23","Duff","184444","141730","42714"
"2010-01-24","Duff","115366","79049","36317"
"2010-01-25","Duff","250161","207077","43084"
"2010-01-26","Duff","343671","278193","65478"
"2010-01-27","Duff","237520","203932","33588"
"2010-01-28","Duff","98774","74450","24324"
"2010-01-29","Duff","137515","106507","31008"
"2010-01-30","Duff","195182","150757","44425"
"2010-01-31","Duff","275219","227954","47265"
"2010-02-01","Duff","184636","151952","32684"
"2010-02-02","Duff","143334","109253","34081"
"2010-02-03","Duff","300320","245825","54495"
"2010-02-04","Duff","134095","105149","28946"
"2010-02-05","Duff","371162","315483","55679"
"2010-02-06","Duff","129369","100293","29076"
"2010-02-07","Duff","93445","58305","35140"
"2010-02-08","Duff","120901","90297","30604"
"2010-02-09","Duff","193780","158858","34922"
"2010-02-10","Duff","69185","49271","19914"
"2010-02-11","Duff","505358","446721","58637"
"2010-02-12","Duff","124781","89477","35304"
"2010-02-13","Duff","131001","94333","36668"
"2010-02-14","Duff","161151","126483","34668"
"2010-02-15","Duff","220525","173624","46901"
"2010-02-16","Duff","153204","115437","37767"
"2010-02-17","Duff","125972","83286","42686"
"2010-02-18","Duff","219839","184868","34971"
"2010-02-19","Duff","164957","136657","28300"
"2010-02-20","Duff","209579","169837","39742"
"2010-02-21","Duff","160108","122131","37977"
"2010-02-22","Duff","168131","132597","35534"
"2010-02-23","Duff","258284","219136","39148"
"2010-02-24","Duff","272910","229792","43118"
"2010-02-25","Duff","183781","146380","37401"
"2010-02-26","Duff","211262","165656","45606"
"2010-02-27","Duff","191580","156652","34928"
"2010-02-28","Duff","286350","239645","46705"
"2010-03-01","Duff","122992","86748","36244"
"2010-03-02","Duff","236754","193637","43117"
"2010-03-03","Duff","248418","211229","37189"
"2010-03-04","Duff","224650","185997","38653"
"2010-03-05","Duff","268858","227374","41484"
"2010-03-06","Duff","232265","194033","38232"
"2010-03-07","Duff","168751","137929","30822"
"2010-03-08","Duff","205444","162294","43150"
"2010-03-09","Duff","213814","173592","40222"
"2010-03-10","Duff","299075","251102","47973"
"2010-03-11","Duff","160233","135646","24587"
"2010-03-12","Duff","358500","303923","54577"
"2010-03-13","Duff","197266","151682","45584"
"2010-03-14","Duff","137107","106393","30714"
"2010-03-15","Duff","270544","218548","51996"
"2010-03-16","Duff","186209","148170","38039"
"2010-03-17","Duff","152850","118993","33857"
"2010-03-18","Duff","468615","404022","64593"
"2010-03-19","Duff","164676","137018","27658"
"2010-03-20","Duff","223950","183157","40793"
"2010-03-21","Duff","112037","75243","36794"
"2010-03-22","Duff","282042","234452","47590"
"2010-03-23","Duff","175482","133306","42176"
"2010-03-24","Duff","147929","114121","33808"
"2010-03-25","Duff","113964","79037","34927"
"2010-03-26","Duff","285462","229599","55863"
"2010-03-27","Duff","118140","80955","37185"
"2010-03-28","Duff","187897","150295","37602"
"2010-03-29","Duff","371519","326088","45431"
"2010-03-30","Duff","235949","202021","33928"
"2010-03-31","Duff","143933","116639","27294"
"2010-04-01","Duff","234220","185478","48742"
"2010-04-02","Duff","78808","47104","31704"
"2010-04-03","Duff","215842","174124","41718"
"2010-04-04","Duff","209939","170727","39212"
"2010-04-05","Duff","164504","131939","32565"
"2010-04-06","Duff","395824","339594","56230"
"2010-04-07","Duff","254055","213723","40332"
"2010-04-08","Duff","167080","128980","38100"
"2010-04-09","Duff","191828","148103","43725"
"2010-04-10","Duff","154375","125885","28490"
"2010-04-11","Duff","208250","161736","46514"
"2010-04-12","Duff","198529","158954","39575"
"2010-04-13","Duff","280655","242389","38266"
"2010-04-14","Duff","344935","295246","49689"
"2010-04-15","Duff","162667","130308","32359"
"2010-04-16","Duff","117175","82304","34871"
"2010-04-17","Duff","306423","254900","51523"
"2010-04-18","Duff","295682","257208","38474"
"2010-04-19","Duff","347940","292374","55566"
"2010-04-20","Duff","314866","262096","52770"
"2010-04-21","Duff","93970","64631","29339"
"2010-04-22","Duff","107540","73138","34402"
"2010-04-23","Duff","261877","220809","41068"
"2010-04-24","Duff","97699","73679","24020"
"2010-04-25","Duff","320857","261662","59195"
"2010-04-26","Duff","197267","165496","31771"
"2010-04-27","Duff","339183","293554","45629"
"2010-04-28","Duff","157848","122980","34868"
"2010-04-29","Duff","104062","74018","30044"
"2010-04-30","Duff","129547","94769","34778"
"2010-05-01","Duff","188317","148523","39794"
"2010-05-02","Duff","137981","111149","26832"
"2010-05-03","Duff","125039","87136","37903"
"2010-05-04","Duff","262752","214724","48028"
"2010-05-05","Duff","178582","151835","26747"
"2010-05-06","Duff","344376","289735","54641"
"2010-05-07","Duff","140815","108236","32579"
"2010-05-08","Duff","192318","142964","49354"
"2010-05-09","Duff","103577","78570","25007"
"2010-05-10","Duff","259501","213452","46049"
"2010-05-11","Duff","228765","183787","44978"
"2010-05-12","Duff","120811","86124","34687"
"2010-05-13","Duff","257718","221591","36127"
"2010-05-14","Duff","149911","124249","25662"
"2010-05-15","Duff","315939","269545","46394"
"2010-05-16","Duff","163436","126941","36495"
"2010-05-17","Duff","197817","165159","32658"
"2010-05-18","Duff","231929","191417","40512"
"2010-05-19","Duff","294043","253982","40061"
"2010-05-20","Duff","347217","290466","56751"
"2010-05-21","Duff","138326","104313","34013"
"2010-05-22","Duff","217756","177237","40519"
"2010-05-23","Duff","218574","181743","36831"
"2010-05-24","Duff","196233","156470","39763"
"2010-05-25","Duff","107967","75462","32505"
"2010-05-26","Duff","234531","194525","40006"
"2010-05-27","Duff","184382","146232","38150"
"2010-05-28","Duff","162050","129109","32941"
"2010-05-29","Duff","301178","252549","48629"
"2010-05-30","Duff","141526","104576","36950"
"2010-05-31","Duff","182287","139167","43120"
"2010-06-01","Duff","165993","119506","46487"
"2010-06-02","Duff","230273","180333","49940"
"2010-06-03","Duff","510589","416442","94147"
"2010-06-04","Duff","444096","370180","73916"
"2010-06-05","Duff","399234","320988","78246"
"2010-06-06","Duff","255576","201368","54208"
"2010-06-07","Duff","417536","343138","74398"
"2010-06-08","Duff","320867","249748","71119"
"2010-06-09","Duff","297954","233685","64269"
"2010-06-10","Duff","488139","402830","85309"
"2010-06-11","Duff","612830","531157","81673"
"2010-06-12","Duff","300055","247954","52101"
"2010-06-13","Duff","470157","393857","76300"
"2010-06-14","Duff","273089","215622","57467"
"2010-06-15","Duff","392003","336173","55830"
"2010-06-16","Duff","299975","243483","56492"
"2010-06-17","Duff","350869","291328","59541"
"2010-06-18","Duff","278325","215642","62683"
"2010-06-19","Duff","452893","368269","84624"
"2010-06-20","Duff","250690","197187","53503"
"2010-06-21","Duff","378976","315494","63482"
"2010-06-22","Duff","308463","247920","60543"
"2010-06-23","Duff","300984","235223","65761"
"2010-06-24","Duff","392834","327364","65470"
"2010-06-25","Duff","347930","289390","58540"
"2010-06-26","Duff","310790","236150","74640"
"2010-06-27","Duff","336657","268982","67675"
"2010-06-28","Duff","379399","312656","66743"
"2010-06-29","Duff","479987","397978","82009"
"2010-06-30","Duff","393096","321893","71203"
"2010-07-01","Duff","333409","260063","73346"
"2010-07-02","Duff","499581","425956","73625"
"2010-07-03","Duff","304348","242279","62069"
"2010-07-04","Duff","316326","245329","70997"
"2010-07-05","Duff","556095","473755","82340"
"2010-07-06","Duff","342516","268732","73784"
"2010-07-07","Duff","528605","429663","98942"
"2010-07-08","Duff","454693","375911","78782"
"2010-07-09","Duff","331557","255614","75943"
"2010-07-10","Duff","378625","313557","65068"
"2010-07-11","Duff","303965","246827","57138"
"2010-07-12","Duff","386620","320025","66595"
"2010-07-13","Duff","325053","259734","65319"
"2010-07-14","Duff","406370","328437","77933"
"2010-07-15","Duff","360127","298697","61430"
"2010-07-16","Duff","312080","246876","65204"
"2010-07-17","Duff","408418","348056","60362"
"2010-07-18","Duff","562924","470116","92808"
"2010-07-19","Duff","284890","215062","69828"
"2010-07-20","Duff","430664","365428","65236"
"2010-07-21","Duff","370939","300907","70032"
"2010-07-22","Duff","505045","428581","76464"
"2010-07-23","Duff","329959","260531","69428"
"2010-07-24","Duff","376373","304741","71632"
"2010-07-25","Duff","474751","394905","79846"
"2010-07-26","Duff","419609","354146","65463"
"2010-07-27","Duff","318401","252694","65707"
"2010-07-28","Duff","442177","368652","73525"
"2010-07-29","Duff","393704","317621","76083"
"2010-07-30","Duff","253015","188864","64151"
"2010-07-31","Duff","525580","431488","94092"
"2010-08-01","Duff","333232","258426","74806"
"2010-08-02","Duff","483497","395379","88118"
"2010-08-03","Duff","329795","252431","77364"
"2010-08-04","Duff","265992","195993","69999"
"2010-08-05","Duff","335520","265775","69745"
"2010-08-06","Duff","413904","355354","58550"
"2010-08-07","Duff","565110","466778","98332"
"2010-08-08","Duff","224934","178552","46382"
"2010-08-09","Duff","316673","248566","68107"
"2010-08-10","Duff","701543","601543","100000"
"2010-08-11","Duff","481490","411074","70416"
"2010-08-12","Duff","405755","328178","77577"
"2010-08-13","Duff","269197","222709","46488"
"2010-08-14","Duff","405220","339349","65871"
"2010-08-15","Duff","366320","293214","73106"
"2010-08-16","Duff","237320","172769","64551"
"2010-08-17","Duff","314605","251314","63291"
"2010-08-18","Duff","450783","368208","82575"
"2010-08-19","Duff","262375","211035","51340"
"2010-08-20","Duff","373740","306281","67459"
"2010-08-21","Duff","324243","258521","65722"
"2010-08-22","Duff","219928","152151","67777"
"2010-08-23","Duff","376208","300073","76135"
"2010-08-24","Duff","426609","355288","71321"
"2010-08-25","Duff","281967","236255","45712"
"2010-08-26","Duff","274826","207627","67199"
"2010-08-27","Duff","434353","345443","88910"
"2010-08-28","Duff","277840","216585","61255"
"2010-08-29","Duff","568426","474265","94161"
"2010-08-30","Duff","546088","459310","86778"
"2010-08-31","Duff","483594","398143","85451"
"2010-09-01","Duff","504167","431533","72634"
"2010-09-02","Duff","455692","381141","74551"
"2010-09-03","Duff","417167","338581","78586"
"2010-09-04","Duff","408518","344878","63640"
"2010-09-05","Duff","330284","259788","70496"
"2010-09-06","Duff","325816","257613","68203"
"2010-09-07","Duff","663016","555601","107415"
"2010-09-08","Duff","390210","319337","70873"
"2010-09-09","Duff","386214","305800","80414"
"2010-09-10","Duff","478586","401930","76656"
"2010-09-11","Duff","449980","376819","73161"
"2010-09-12","Duff","253525","196142","57383"
"2010-09-13","Duff","343185","273674","69511"
"2010-09-14","Duff","451246","363037","88209"
"2010-09-15","Duff","403806","320121","83685"
"2010-09-16","Duff","322471","256500","65971"
"2010-09-17","Duff","579139","491748","87391"
"2010-09-18","Duff","264708","204684","60024"
"2010-09-19","Duff","495846","427501","68345"
"2010-09-20","Duff","341326","272261","69065"
"2010-09-21","Duff","292730","230703","62027"
"2010-09-22","Duff","232681","174336","58345"
"2010-09-23","Duff","456403","382495","73908"
"2010-09-24","Duff","363034","300072","62962"
"2010-09-25","Duff","355254","307354","47900"
"2010-09-26","Duff","535082","441599","93483"
"2010-09-27","Duff","380461","313258","67203"
"2010-09-28","Duff","441688","367524","74164"
"2010-09-29","Duff","407723","340948","66775"
"2010-09-30","Duff","353678","282165","71513"
"2010-10-01","Duff","363883","300338","63545"
"2010-10-02","Duff","577719","485483","92236"
"2010-10-03","Duff","333039","268312","64727"
"2010-10-04","Duff","258071","205139","52932"
"2010-10-05","Duff","346765","271875","74890"
"2010-10-06","Duff","296419","229843","66576"
"2010-10-07","Duff","261942","212518","49424"
"2010-10-08","Duff","464146","387095","77051"
"2010-10-09","Duff","192309","144843","47466"
"2010-10-10","Duff","355548","286017","69531"
"2010-10-11","Duff","176058","115924","60134"
"2010-10-12","Duff","420302","352437","67865"
"2010-10-13","Duff","511029","440636","70393"
"2010-10-14","Duff","528923","444143","84780"
"2010-10-15","Duff","247634","184064","63570"
"2010-10-16","Duff","634198","540422","93776"
"2010-10-17","Duff","426755","354330","72425"
"2010-10-18","Duff","394523","314632","79891"
"2010-10-19","Duff","258050","211020","47030"
"2010-10-20","Duff","243472","191457","52015"
"2010-10-21","Duff","438219","355771","82448"
"2010-10-22","Duff","349644","292547","57097"
"2010-10-23","Duff","273479","220915","52564"
"2010-10-24","Duff","353830","296278","57552"
"2010-10-25","Duff","230941","180685","50256"
"2010-10-26","Duff","305007","241059","63948"
"2010-10-27","Duff","226701","156591","70110"
"2010-10-28","Duff","398568","315763","82805"
"2010-10-29","Duff","274789","223864","50925"
"2010-10-30","Duff","419551","351194","68357"
"2010-10-31","Duff","264632","205719","58913"
"2010-11-01","Duff","371913","307766","64147"
"2010-11-02","Duff","425969","345747","80222"
"2010-11-03","Duff","369693","293097","76596"
"2010-11-04","Duff","513428","428872","84556"
"2010-11-05","Duff","462158","373116","89042"
"2010-11-06","Duff","405909","338763","67146"
"2010-11-07","Duff","288074","217483","70591"
"2010-11-08","Duff","620893","515589","105304"
"2010-11-09","Duff","500277","426961","73316"
"2010-11-10","Duff","305217","234108","71109"
"2010-11-11","Duff","575491","481823","93668"
"2010-11-12","Duff","331228","266916","64312"
"2010-11-13","Duff","422525","349540","72985"
"2010-11-14","Duff","581939","487132","94807"
"2010-11-15","Duff","330695","266077","64618"
"2010-11-16","Duff","546094","465914","80180"
"2010-11-17","Duff","244429","196907","47522"
"2010-11-18","Duff","485091","413422","71669"
"2010-11-19","Duff","483864","399437","84427"
"2010-11-20","Duff","243111","184696","58415"
"2010-11-21","Duff","308171","240114","68057"
"2010-11-22","Duff","350113","280155","69958"
"2010-11-23","Duff","379951","303608","76343"
"2010-11-24","Duff","460363","383832","76531"
"2010-11-25","Duff","330210","252769","77441"
"2010-11-26","Duff","358004","293528","64476"
"2010-11-27","Duff","442158","358833","83325"
"2010-11-28","Duff","477455","400953","76502"
"2010-11-29","Duff","674998","564880","110118"
"2010-11-30","Duff","289162","228270","60892"
"2010-12-01","Duff","408042","324089","83953"
"2010-12-02","Duff","370226","310552","59674"
"2010-12-03","Duff","353464","286204","67260"
"2010-12-04","Duff","383696","305658","78038"
"2010-12-05","Duff","258483","199574","58909"
"2010-12-06","Duff","413230","336055","77175"
"2010-12-07","Duff","394715","319871","74844"
"2010-12-08","Duff","446244","367010","79234"
"2010-12-09","Duff","359474","280004","79470"
"2010-12-10","Duff","447616","365493","82123"
"2010-12-11","Duff","179013","134900","44113"
"2010-12-12","Duff","305076","247373","57703"
"2010-12-13","Duff","367348","285389","81959"
"2010-12-14","Duff","400649","323438","77211"
"2010-12-15","Duff","452948","377310","75638"
"2010-12-16","Duff","418902","348185","70717"
"2010-12-17","Duff","336353","267735","68618"
"2010-12-18","Duff","317393","247146","70247"
"2010-12-19","Duff","433149","366012","67137"
"2010-12-20","Duff","232630","176176","56454"
"2010-12-21","Duff","287592","231094","56498"
"2010-12-22","Duff","348238","291188","57050"
"2010-12-23","Duff","757744","658609","99135"
"2010-12-24","Duff","248962","192836","56126"
"2010-12-25","Duff","632762","554425","78337"
"2010-12-26","Duff","356558","284489","72069"
"2010-12-27","Duff","498463","417657","80806"
"2010-12-28","Duff","313054","256715","56339"
"2010-12-29","Duff","363566","310499","53067"
"2010-12-30","Duff","363378","289400","73978"
"2010-12-31","Duff","572140","477179","94961"
"2011-01-01","Duff","423013","344776","78237"
"2011-01-02","Duff","408321","317380","90941"
"2011-01-03","Duff","374149","292607","81542"
"2011-01-04","Duff","471423","380015","91408"
"2011-01-05","Duff","449352","376253","73099"
"2011-01-06","Duff","546684","462215","84469"
"2011-01-07","Duff","368140","290692","77448"
"2011-01-08","Duff","598297","509727","88570"
"2011-01-09","Duff","598991","497840","101151"
"2011-01-10","Duff","305994","247464","58530"
"2011-01-11","Duff","419145","335567","83578"
"2011-01-12","Duff","661326","576632","84694"
"2011-01-13","Duff","475438","381360","94078"
"2011-01-14","Duff","284389","228688","55701"
"2011-01-15","Duff","441675","368528","73147"
"2011-01-16","Duff","342727","256719","86008"
"2011-01-17","Duff","360755","295387","65368"
"2011-01-18","Duff","357321","277297","80024"
"2011-01-19","Duff","298008","228721","69287"
"2011-01-20","Duff","548026","456315","91711"
"2011-01-21","Duff","429648","334105","95543"
"2011-01-22","Duff","498519","411861","86658"
"2011-01-23","Duff","579606","490649","88957"
"2011-01-24","Duff","547836","448680","99156"
"2011-01-25","Duff","535273","441856","93417"
"2011-01-26","Duff","281820","227059","54761"
"2011-01-27","Duff","311212","238225","72987"
"2011-01-28","Duff","292526","225149","67377"
"2011-01-29","Duff","284975","227287","57688"
"2011-01-30","Duff","302322","240382","61940"
"2011-01-31","Duff","403514","323549","79965"
"2011-02-01","Duff","331078","256378","74700"
"2011-02-02","Duff","470552","395519","75033"
"2011-02-03","Duff","479944","410328","69616"
"2011-02-04","Duff","419719","332292","87427"
"2011-02-05","Duff","343780","278227","65553"
"2011-02-06","Duff","482433","400748","81685"
"2011-02-07","Duff","434906","358813","76093"
"2011-02-08","Duff","569632","464417","105215"
"2011-02-09","Duff","381854","321087","60767"
"2011-02-10","Duff","586617","496852","89765"
"2011-02-11","Duff","340273","274232","66041"
"2011-02-12","Duff","498102","397574","100528"
"2011-02-13","Duff","499674","424218","75456"
"2011-02-14","Duff","327524","271661","55863"
"2011-02-15","Duff","355702","297839","57863"
"2011-02-16","Duff","320022","258340","61682"
"2011-02-17","Duff","299225","240600","58625"
"2011-02-18","Duff","461243","388151","73092"
"2011-02-19","Duff","428195","337221","90974"
"2011-02-20","Duff","360021","291087","68934"
"2011-02-21","Duff","306286","245336","60950"
"2011-02-22","Duff","519183","434598","84585"
"2011-02-23","Duff","346107","281394","64713"
"2011-02-24","Duff","319573","256261","63312"
"2011-02-25","Duff","455856","381297","74559"
"2011-02-26","Duff","508957","432964","75993"
"2011-02-27","Duff","512551","441366","71185"
"2011-02-28","Duff","446042","360805","85237"
"2011-03-01","Duff","581038","495764","85274"
"2011-03-02","Duff","507345","424799","82546"
"2011-03-03","Duff","393704","300222","93482"
"2011-03-04","Duff","379777","310608","69169"
"2011-03-05","Duff","360748","278985","81763"
"2011-03-06","Duff","390888","306612","84276"
"2011-03-07","Duff","629807","519964","109843"
"2011-03-08","Duff","246588","180330","66258"
"2011-03-09","Duff","446532","357823","88709"
"2011-03-10","Duff","597567","517852","79715"
"2011-03-11","Duff","1017662","898524","119138"
"2011-03-12","Duff","411185","327240","83945"
"2011-03-13","Duff","428449","352535","75914"
"2011-03-14","Duff","388756","299087","89669"
"2011-03-15","Duff","295315","218139","77176"
"2011-03-16","Duff","281946","211638","70308"
"2011-03-17","Duff","423157","343915","79242"
"2011-03-18","Duff","473230","398082","75148"
"2011-03-19","Duff","451443","364434","87009"
"2011-03-20","Duff","367235","299803","67432"
"2011-03-21","Duff","492620","415563","77057"
"2011-03-22","Duff","590971","499574","91397"
"2011-03-23","Duff","384230","323006","61224"
"2011-03-24","Duff","376450","297753","78697"
"2011-03-25","Duff","585263","467149","118114"
"2011-03-26","Duff","536522","449222","87300"
"2011-03-27","Duff","606968","519915","87053"
"2011-03-28","Duff","420966","344482","76484"
"2011-03-29","Duff","286488","217467","69021"
"2011-03-30","Duff","540751","453623","87128"
"2011-03-31","Duff","289652","224091","65561"
"2011-04-01","Duff","596505","508636","87869"
"2011-04-02","Duff","399384","333762","65622"
"2011-04-03","Duff","492090","420363","71727"
"2011-04-04","Duff","418089","336967","81122"
"2011-04-05","Duff","339456","264124","75332"
"2011-04-06","Duff","252025","192152","59873"
"2011-04-07","Duff","372886","282904","89982"
"2011-04-08","Duff","460462","365448","95014"
"2011-04-09","Duff","426400","349624","76776"
"2011-04-10","Duff","364302","289776","74526"
"2011-04-11","Duff","417481","337474","80007"
"2011-04-12","Duff","387586","311619","75967"
"2011-04-13","Duff","552326","457827","94499"
"2011-04-14","Duff","519854","438700","81154"
"2011-04-15","Duff","525401","439708","85693"
"2011-04-16","Duff","470485","408578","61907"
"2011-04-17","Duff","384439","301997","82442"
"2011-04-18","Duff","328597","254193","74404"
"2011-04-19","Duff","299514","233585","65929"
"2011-04-20","Duff","438183","365819","72364"
"2011-04-21","Duff","489438","391386","98052"
"2011-04-22","Duff","235529","177732","57797"
"2011-04-23","Duff","277398","208671","68727"
"2011-04-24","Duff","325404","256984","68420"
"2011-04-25","Duff","513549","422601","90948"
"2011-04-26","Duff","550679","464451","86228"
"2011-04-27","Duff","442312","355008","87304"
"2011-04-28","Duff","537727","444442","93285"
"2011-04-29","Duff","583501","503742","79759"
"2011-04-30","Duff","447399","361669","85730"
"2011-05-01","Duff","484772","410269","74503"
"2011-05-02","Duff","420829","352233","68596"
"2011-05-03","Duff","493915","405536","88379"
"2011-05-04","Duff","438020","363655","74365"
"2011-05-05","Duff","406814","327483","79331"
"2011-05-06","Duff","370317","292262","78055"
"2011-05-07","Duff","636991","561597","75394"
"2011-05-08","Duff","502658","411503","91155"
"2011-05-09","Duff","335251","270149","65102"
"2011-05-10","Duff","533357","450724","82633"
"2011-05-11","Duff","631117","519142","111975"
"2011-05-12","Duff","439121","348019","91102"
"2011-05-13","Duff","364161","308061","56100"
"2011-05-14","Duff","470943","407376","63567"
"2011-05-15","Duff","575675","493507","82168"
"2011-05-16","Duff","319883","237819","82064"
"2011-05-17","Duff","539059","455031","84028"
"2011-05-18","Duff","268002","208302","59700"
"2011-05-19","Duff","410553","320725","89828"
"2011-05-20","Duff","474183","393288","80895"
"2011-05-21","Duff","361026","305024","56002"
"2011-05-22","Duff","739384","629526","109858"
"2011-05-23","Duff","383584","315152","68432"
"2011-05-24","Duff","277416","201551","75865"
"2011-05-25","Duff","539816","438334","101482"
"2011-05-26","Duff","413100","336248","76852"
"2011-05-27","Duff","604050","509508","94542"
"2011-05-28","Duff","291175","230623","60552"
"2011-05-29","Duff","464804","382395","82409"
"2011-05-30","Duff","303422","226541","76881"
"2011-05-31","Duff","321801","271514","50287"
"2011-06-01","Duff","323501","242547","80954"
"2011-06-02","Duff","660937","558817","102120"
"2011-06-03","Duff","486916","394515","92401"
"2011-06-04","Duff","725343","618903","106440"
"2011-06-05","Duff","415616","327624","87992"
"2011-06-06","Duff","544193","462652","81541"
"2011-06-07","Duff","348878","269649","79229"
"2011-06-08","Duff","460663","369169","91494"
"2011-06-09","Duff","532959","426656","106303"
"2011-06-10","Duff","468982","367688","101294"
"2011-06-11","Duff","398499","318799","79700"
"2011-06-12","Duff","517438","440106","77332"
"2011-06-13","Duff","570377","472193","98184"
"2011-06-14","Duff","575361","481216","94145"
"2011-06-15","Duff","789889","675146","114743"
"2011-06-16","Duff","302254","250308","51946"
"2011-06-17","Duff","871301","752261","119040"
"2011-06-18","Duff","517614","430174","87440"
"2011-06-19","Duff","443576","352029","91547"
"2011-06-20","Duff","606067","507068","98999"
"2011-06-21","Duff","652041","554900","97141"
"2011-06-22","Duff","536503","445243","91260"
"2011-06-23","Duff","638100","537786","100314"
"2011-06-24","Duff","473999","382222","91777"
"2011-06-25","Duff","471393","370610","100783"
"2011-06-26","Duff","352947","275482","77465"
"2011-06-27","Duff","439375","350883","88492"
"2011-06-28","Duff","443340","357122","86218"
"2011-06-29","Duff","499739","411060","88679"
"2011-06-30","Duff","495604","398112","97492"
"2011-07-01","Duff","349879","260325","89554"
"2011-07-02","Duff","575981","483525","92456"
"2011-07-03","Duff","426812","322671","104141"
"2011-07-04","Duff","471399","373345","98054"
"2011-07-05","Duff","655541","533807","121734"
"2011-07-06","Duff","530473","425199","105274"
"2011-07-07","Duff","486023","401850","84173"
"2011-07-08","Duff","759184","650643","108541"
"2011-07-09","Duff","403615","304402","99213"
"2011-07-10","Duff","536060","429018","107042"
"2011-07-11","Duff","420255","327373","92882"
"2011-07-12","Duff","700652","585594","115058"
"2011-07-13","Duff","624204","522909","101295"
"2011-07-14","Duff","676992","568261","108731"
"2011-07-15","Duff","472722","389344","83378"
"2011-07-16","Duff","627706","523296","104410"
"2011-07-17","Duff","494197","399308","94889"
"2011-07-18","Duff","541602","438738","102864"
"2011-07-19","Duff","421433","323236","98197"
"2011-07-20","Duff","631571","531440","100131"
"2011-07-21","Duff","350507","270798","79709"
"2011-07-22","Duff","555736","446858","108878"
"2011-07-23","Duff","561852","455807","106045"
"2011-07-24","Duff","588666","500016","88650"
"2011-07-25","Duff","728258","622483","105775"
"2011-07-26","Duff","649930","543147","106783"
"2011-07-27","Duff","620476","512645","107831"
"2011-07-28","Duff","570447","466180","104267"
"2011-07-29","Duff","495713","387909","107804"
"2011-07-30","Duff","752956","643307","109649"
"2011-07-31","Duff","359506","277053","82453"
"2011-08-01","Duff","454737","349606","105131"
"2011-08-02","Duff","695738","590896","104842"
"2011-08-03","Duff","681795","581206","100589"
"2011-08-04","Duff","589616","481131","108485"
"2011-08-05","Duff","625922","522201","103721"
"2011-08-06","Duff","425645","343054","82591"
"2011-08-07","Duff","709223","610632","98591"
"2011-08-08","Duff","423122","343998","79124"
"2011-08-09","Duff","530172","444339","85833"
"2011-08-10","Duff","478303","381246","97057"
"2011-08-11","Duff","443914","334552","109362"
"2011-08-12","Duff","743872","628457","115415"
"2011-08-13","Duff","724745","599651","125094"
"2011-08-14","Duff","528954","441910","87044"
"2011-08-15","Duff","700017","589036","110981"
"2011-08-16","Duff","549968","448295","101673"
"2011-08-17","Duff","772091","648117","123974"
"2011-08-18","Duff","649527","524837","124690"
"2011-08-19","Duff","470399","376584","93815"
"2011-08-20","Duff","598749","492676","106073"
"2011-08-21","Duff","537734","446981","90753"
"2011-08-22","Duff","432776","348820","83956"
"2011-08-23","Duff","734722","631538","103184"
"2011-08-24","Duff","643045","529443","113602"
"2011-08-25","Duff","597791","502560","95231"
"2011-08-26","Duff","635382","521758","113624"
"2011-08-27","Duff","491902","418448","73454"
"2011-08-28","Duff","407301","312646","94655"
"2011-08-29","Duff","387077","307232","79845"
"2011-08-30","Duff","552341","456998","95343"
"2011-08-31","Duff","457845","371921","85924"
"2011-09-01","Duff","355964","275731","80233"
"2011-09-02","Duff","443423","376379","67044"
"2011-09-03","Duff","403909","315417","88492"
"2011-09-04","Duff","704044","581853","122191"
"2011-09-05","Duff","604433","504764","99669"
"2011-09-06","Duff","523520","414641","108879"
"2011-09-07","Duff","501014","415075","85939"
"2011-09-08","Duff","498644","411005","87639"
"2011-09-09","Duff","496643","398581","98062"
"2011-09-10","Duff","382686","300783","81903"
"2011-09-11","Duff","467801","383798","84003"
"2011-09-12","Duff","496251","397804","98447"
"2011-09-13","Duff","610520","511769","98751"
"2011-09-14","Duff","495358","401414","93944"
"2011-09-15","Duff","695944","577991","117953"
"2011-09-16","Duff","779608","648538","131070"
"2011-09-17","Duff","509072","410410","98662"
"2011-09-18","Duff","486111","409532","76579"
"2011-09-19","Duff","572500","487427","85073"
"2011-09-20","Duff","764894","649653","115241"
"2011-09-21","Duff","537651","427882","109769"
"2011-09-22","Duff","693923","583707","110216"
"2011-09-23","Duff","607403","486240","121163"
"2011-09-24","Duff","526334","444095","82239"
"2011-09-25","Duff","907816","785762","122054"
"2011-09-26","Duff","623507","512111","111396"
"2011-09-27","Duff","379526","295996","83530"
"2011-09-28","Duff","413079","328800","84279"
"2011-09-29","Duff","481751","392539","89212"
"2011-09-30","Duff","338871","273638","65233"
"2011-10-01","Duff","433794","343888","89906"
"2011-10-02","Duff","604742","506854","97888"
"2011-10-03","Duff","708551","606262","102289"
"2011-10-04","Duff","575813","493770","82043"
"2011-10-05","Duff","456913","368000","88913"
"2011-10-06","Duff","445779","358706","87073"
"2011-10-07","Duff","756023","653342","102681"
"2011-10-08","Duff","624607","509288","115319"
"2011-10-09","Duff","549215","458461","90754"
"2011-10-10","Duff","433961","351491","82470"
"2011-10-11","Duff","585265","486918","98347"
"2011-10-12","Duff","434900","352316","82584"
"2011-10-13","Duff","385451","297044","88407"
"2011-10-14","Duff","359166","275844","83322"
"2011-10-15","Duff","271076","207880","63196"
"2011-10-16","Duff","522432","406942","115490"
"2011-10-17","Duff","446252","348371","97881"
"2011-10-18","Duff","513706","424298","89408"
"2011-10-19","Duff","633486","537159","96327"
"2011-10-20","Duff","646857","550577","96280"
"2011-10-21","Duff","515284","420599","94685"
"2011-10-22","Duff","462295","382889","79406"
"2011-10-23","Duff","288267","194281","93986"
"2011-10-24","Duff","433191","339361","93830"
"2011-10-25","Duff","700995","587412","113583"
"2011-10-26","Duff","378111","288410","89701"
"2011-10-27","Duff","553472","457458","96014"
"2011-10-28","Duff","460581","365298","95283"
"2011-10-29","Duff","638426","538180","100246"
"2011-10-30","Duff","452004","379499","72505"
"2011-10-31","Duff","411230","336907","74323"
"2011-11-01","Duff","423684","338817","84867"
"2011-11-02","Duff","456761","369222","87539"
"2011-11-03","Duff","399451","317051","82400"
"2011-11-04","Duff","687189","577658","109531"
"2011-11-05","Duff","590594","482590","108004"
"2011-11-06","Duff","529865","429499","100366"
"2011-11-07","Duff","399839","306053","93786"
"2011-11-08","Duff","732127","603392","128735"
"2011-11-09","Duff","418446","332774","85672"
"2011-11-10","Duff","512045","419802","92243"
"2011-11-11","Duff","688281","578386","109895"
"2011-11-12","Duff","752774","644222","108552"
"2011-11-13","Duff","667260","563524","103736"
"2011-11-14","Duff","393106","325016","68090"
"2011-11-15","Duff","485678","387433","98245"
"2011-11-16","Duff","528417","430613","97804"
"2011-11-17","Duff","496012","401744","94268"
"2011-11-18","Duff","806791","671993","134798"
"2011-11-19","Duff","448379","356229","92150"
"2011-11-20","Duff","495788","407142","88646"
"2011-11-21","Duff","678547","548202","130345"
"2011-11-22","Duff","420260","331141","89119"
"2011-11-23","Duff","471066","376462","94604"
"2011-11-24","Duff","510699","418027","92672"
"2011-11-25","Duff","523278","439234","84044"
"2011-11-26","Duff","556196","449126","107070"
"2011-11-27","Duff","539511","452929","86582"
"2011-11-28","Duff","389886","309267","80619"
"2011-11-29","Duff","550693","448829","101864"
"2011-11-30","Duff","651566","547218","104348"
"2011-12-01","Duff","384524","296997","87527"
"2011-12-02","Duff","554909","439706","115203"
"2011-12-03","Duff","386794","306749","80045"
"2011-12-04","Duff","635595","541069","94526"
"2011-12-05","Duff","540075","446945","93130"
"2011-12-06","Duff","341535","270546","70989"
"2011-12-07","Duff","523777","426279","97498"
"2011-12-08","Duff","378179","297827","80352"
"2011-12-09","Duff","611050","490257","120793"
"2011-12-10","Duff","638927","540835","98092"
"2011-12-11","Duff","360590","271113","89477"
"2011-12-12","Duff","379216","298775","80441"
"2011-12-13","Duff","466510","358411","108099"
"2011-12-14","Duff","414521","332163","82358"
"2011-12-15","Duff","528307","440967","87340"
"2011-12-16","Duff","461804","371417","90387"
"2011-12-17","Duff","550380","446563","103817"
"2011-12-18","Duff","626223","530755","95468"
"2011-12-19","Duff","570686","468866","101820"
"2011-12-20","Duff","507041","404779","102262"
"2011-12-21","Duff","424396","339985","84411"
"2011-12-22","Duff","455283","346920","108363"
"2011-12-23","Duff","639911","544052","95859"
"2011-12-24","Duff","560291","456899","103392"
"2011-12-25","Duff","371850","293387","78463"
"2011-12-26","Duff","511587","422485","89102"
"2011-12-27","Duff","445854","368868","76986"
"2011-12-28","Duff","390257","297458","92799"
"2011-12-29","Duff","409798","311982","97816"
"2011-12-30","Duff","454476","352915","101561"
"2011-12-31","Duff","424976","324522","100454"
"2012-01-01","Duff","846083","690162","155921"
"2012-01-02","Duff","735509","612700","122809"
"2012-01-03","Duff","802432","666298","136134"
"2012-01-04","Duff","832727","680090","152637"
"2012-01-05","Duff","568626","437346","131280"
"2012-01-06","Duff","661700","527609","134091"
"2012-01-07","Duff","657572","535897","121675"
"2012-01-08","Duff","893237","725565","167672"
"2012-01-09","Duff","534216","414142","120074"
"2012-01-10","Duff","590188","459416","130772"
"2012-01-11","Duff","637664","516858","120806"
"2012-01-12","Duff","759489","613537","145952"
"2012-01-13","Duff","667835","544013","123822"
"2012-01-14","Duff","639636","519608","120028"
"2012-01-15","Duff","719493","604781","114712"
"2012-01-16","Duff","953311","809709","143602"
"2012-01-17","Duff","862528","742109","120419"
"2012-01-18","Duff","915033","746056","168977"
"2012-01-19","Duff","658175","533018","125157"
"2012-01-20","Duff","679012","555864","123148"
"2012-01-21","Duff","697830","560920","136910"
"2012-01-22","Duff","641762","499013","142749"
"2012-01-23","Duff","724820","595679","129141"
"2012-01-24","Duff","638115","507364","130751"
"2012-01-25","Duff","633288","496879","136409"
"2012-01-26","Duff","640230","500712","139518"
"2012-01-27","Duff","1068194","913137","155057"
"2012-01-28","Duff","456600","354992","101608"
"2012-01-29","Duff","663114","541207","121907"
"2012-01-30","Duff","832855","690337","142518"
"2012-01-31","Duff","859806","702899","156907"
"2012-02-01","Duff","951663","804879","146784"
"2012-02-02","Duff","894567","732139","162428"
"2012-02-03","Duff","687253","558384","128869"
"2012-02-04","Duff","900768","743319","157449"
"2012-02-05","Duff","691909","561752","130157"
"2012-02-06","Duff","1041939","877952","163987"
"2012-02-07","Duff","731779","597269","134510"
"2012-02-08","Duff","776803","631649","145154"
"2012-02-09","Duff","907880","728261","179619"
"2012-02-10","Duff","810658","644898","165760"
"2012-02-11","Duff","760045","625466","134579"
"2012-02-12","Duff","1025731","864402","161329"
"2012-02-13","Duff","899521","757919","141602"
"2012-02-14","Duff","733629","612047","121582"
"2012-02-15","Duff","747790","613534","134256"
"2012-02-16","Duff","750391","618519","131872"
"2012-02-17","Duff","588413","461073","127340"
"2012-02-18","Duff","717231","598270","118961"
"2012-02-19","Duff","755593","632224","123369"
"2012-02-20","Duff","751911","621242","130669"
"2012-02-21","Duff","835910","700689","135221"
"2012-02-22","Duff","1112584","924385","188199"
"2012-02-23","Duff","687009","556468","130541"
"2012-02-24","Duff","1117744","955696","162048"
"2012-02-25","Duff","1013145","866489","146656"
"2012-02-26","Duff","844641","710032","134609"
"2012-02-27","Duff","699148","563293","135855"
"2012-02-28","Duff","660478","534490","125988"
"2012-02-29","Duff","605202","487232","117970"
"2012-03-01","Duff","836674","670834","165840"
"2012-03-02","Duff","815086","655878","159208"
"2012-03-03","Duff","947819","793767","154052"
"2012-03-04","Duff","667289","528955","138334"
"2012-03-05","Duff","977974","801541","176433"
"2012-03-06","Duff","682376","567901","114475"
"2012-03-07","Duff","841703","700451","141252"
"2012-03-08","Duff","678284","544055","134229"
"2012-03-09","Duff","809882","665976","143906"
"2012-03-10","Duff","853216","716648","136568"
"2012-03-11","Duff","830378","658627","171751"
"2012-03-12","Duff","533367","417148","116219"
"2012-03-13","Duff","891883","744206","147677"
"2012-03-14","Duff","794899","658577","136322"
"2012-03-15","Duff","662188","530348","131840"
"2012-03-16","Duff","642893","505339","137554"
"2012-03-17","Duff","994662","824550","170112"
"2012-03-18","Duff","911424","748044","163380"
"2012-03-19","Duff","863296","718969","144327"
"2012-03-20","Duff","745030","611521","133509"
"2012-03-21","Duff","781410","614922","166488"
"2012-03-22","Duff","861975","705828","156147"
"2012-03-23","Duff","617694","499511","118183"
"2012-03-24","Duff","528174","406089","122085"
"2012-03-25","Duff","954044","786168","167876"
"2012-03-26","Duff","770947","628064","142883"
"2012-03-27","Duff","588654","472733","115921"
"2012-03-28","Duff","752114","631061","121053"
"2012-03-29","Duff","500809","376617","124192"
"2012-03-30","Duff","602461","484965","117496"
"2012-03-31","Duff","1140690","969209","171481"
"2012-04-01","Duff","743755","617463","126292"
"2012-04-02","Duff","777819","639622","138197"
"2012-04-03","Duff","902233","749672","152561"
"2012-04-04","Duff","914423","762479","151944"
"2012-04-05","Duff","894079","703119","190960"
"2012-04-06","Duff","642884","504939","137945"
"2012-04-07","Duff","812502","665890","146612"
"2012-04-08","Duff","893421","722932","170489"
"2012-04-09","Duff","1087009","911844","175165"
"2012-04-10","Duff","874934","696819","178115"
"2012-04-11","Duff","1075829","890265","185564"
"2012-04-12","Duff","621314","489303","132011"
"2012-04-13","Duff","654883","516240","138643"
"2012-04-14","Duff","897256","734117","163139"
"2012-04-15","Duff","716955","575613","141342"
"2012-04-16","Duff","792221","634690","157531"
"2012-04-17","Duff","802415","660533","141882"
"2012-04-18","Duff","882139","720454","161685"
"2012-04-19","Duff","878569","710990","167579"
"2012-04-20","Duff","828798","657139","171659"
"2012-04-21","Duff","960704","820890","139814"
"2012-04-22","Duff","921969","762087","159882"
"2012-04-23","Duff","654422","516650","137772"
"2012-04-24","Duff","944944","787845","157099"
"2012-04-25","Duff","621754","478396","143358"
"2012-04-26","Duff","919130","759119","160011"
"2012-04-27","Duff","934314","777754","156560"
"2012-04-28","Duff","904403","755145","149258"
"2012-04-29","Duff","806205","671020","135185"
"2012-04-30","Duff","914751","752468","162283"
"2012-05-01","Duff","724273","572622","151651"
"2012-05-02","Duff","908641","762944","145697"
"2012-05-03","Duff","950668","812337","138331"
"2012-05-04","Duff","850985","706949","144036"
"2012-05-05","Duff","1234388","1042531","191857"
"2012-05-06","Duff","613653","490297","123356"
"2012-05-07","Duff","820060","653946","166114"
"2012-05-08","Duff","775935","622029","153906"
"2012-05-09","Duff","728410","595437","132973"
"2012-05-10","Duff","859113","722123","136990"
"2012-05-11","Duff","764192","617466","146726"
"2012-05-12","Duff","830032","683345","146687"
"2012-05-13","Duff","812908","671940","140968"
"2012-05-14","Duff","695020","550392","144628"
"2012-05-15","Duff","1191876","1005627","186249"
"2012-05-16","Duff","1039470","848488","190982"
"2012-05-17","Duff","660175","527164","133011"
"2012-05-18","Duff","861117","695513","165604"
"2012-05-19","Duff","543947","436038","107909"
"2012-05-20","Duff","827057","669987","157070"
"2012-05-21","Duff","967159","800155","167004"
"2012-05-22","Duff","703550","544108","159442"
"2012-05-23","Duff","759951","609245","150706"
"2012-05-24","Duff","667024","537418","129606"
"2012-05-25","Duff","636055","505822","130233"
"2012-05-26","Duff","638649","511843","126806"
"2012-05-27","Duff","884746","727660","157086"
"2012-05-28","Duff","865583","695120","170463"
"2012-05-29","Duff","782986","654355","128631"
"2012-05-30","Duff","736945","593452","143493"
"2012-05-31","Duff","857143","683495","173648"
"2012-06-01","Duff","252925","206078","46847"
"2012-06-02","Duff","421234","331520","89714"
"2012-06-03","Duff","450178","382564","67614"
"2012-06-04","Duff","403571","341350","62221"
"2012-06-05","Duff","340816","280262","60554"
"2012-06-06","Duff","185780","137177","48603"
"2012-06-07","Duff","593758","506153","87605"
"2012-06-08","Duff","517050","444376","72674"
"2012-06-09","Duff","373440","304622","68818"
"2012-06-10","Duff","277846","229942","47904"
"2012-06-11","Duff","488155","400684","87471"
"2012-06-12","Duff","389290","319010","70280"
"2012-06-13","Duff","200699","139114","61585"
"2012-06-14","Duff","547638","475400","72238"
"2012-06-15","Duff","450217","365738","84479"
"2012-06-16","Duff","241193","183839","57354"
"2012-06-17","Duff","268009","206179","61830"
"2012-06-18","Duff","376705","312697","64008"
"2012-06-19","Duff","545539","470519","75020"
"2012-06-20","Duff","287996","224412","63584"
"2012-06-21","Duff","322484","244747","77737"
"2012-06-22","Duff","237847","198356","39491"
"2012-06-23","Duff","373829","320667","53162"
"2012-06-24","Duff","242050","190417","51633"
"2012-06-25","Duff","456188","372099","84089"
"2012-06-26","Duff","238144","173327","64817"
"2012-06-27","Duff","364793","291880","72913"
"2012-06-28","Duff","461499","388352","73147"
"2012-06-29","Duff","417194","352970","64224"
"2012-06-30","Duff","448276","377620","70656"
"2012-07-01","Duff","299892","241263","58629"
"2012-07-02","Duff","379879","304821","75058"
"2012-07-03","Duff","264849","206927","57922"
"2012-07-04","Duff","281235","227640","53595"
"2012-07-05","Duff","558312","476475","81837"
"2012-07-06","Duff","393490","329040","64450"
"2012-07-07","Duff","370706","297845","72861"
"2012-07-08","Duff","370268","304199","66069"
"2012-07-09","Duff","296614","239233","57381"
"2012-07-10","Duff","602429","507910","94519"
"2012-07-11","Duff","283068","233383","49685"
"2012-07-12","Duff","507673","417689","89984"
"2012-07-13","Duff","413378","342979","70399"
"2012-07-14","Duff","401250","331072","70178"
"2012-07-15","Duff","529879","451753","78126"
"2012-07-16","Duff","399543","337247","62296"
"2012-07-17","Duff","436909","357142","79767"
"2012-07-18","Duff","355827","297094","58733"
"2012-07-19","Duff","400799","329938","70861"
"2012-07-20","Duff","392054","322983","69071"
"2012-07-21","Duff","336440","278505","57935"
"2012-07-22","Duff","306970","245487","61483"
"2012-07-23","Duff","435388","361659","73729"
"2012-07-24","Duff","234753","180624","54129"
"2012-07-25","Duff","349164","281896","67268"
"2012-07-26","Duff","513584","432359","81225"
"2012-07-27","Duff","174927","118461","56466"
"2012-07-28","Duff","456429","397838","58591"
"2012-07-29","Duff","333679","271834","61845"
"2012-07-30","Duff","553331","468588","84743"
"2012-07-31","Duff","494386","410060","84326"
"2012-08-01","Duff","423936","362106","61830"
"2012-08-02","Duff","359541","286905","72636"
"2012-08-03","Duff","377861","304856","73005"
"2012-08-04","Duff","425695","346705","78990"
"2012-08-05","Duff","542577","460492","82085"
"2012-08-06","Duff","223289","162966","60323"
"2012-08-07","Duff","438069","352917","85152"
"2012-08-08","Duff","232038","180033","52005"
"2012-08-09","Duff","430836","360990","69846"
"2012-08-10","Duff","327225","252846","74379"
"2012-08-11","Duff","405247","332602","72645"
"2012-08-12","Duff","372011","294421","77590"
"2012-08-13","Duff","314869","250895","63974"
"2012-08-14","Duff","371999","300366","71633"
"2012-08-15","Duff","329187","269823","59364"
"2012-08-16","Duff","386959","321074","65885"
"2012-08-17","Duff","253704","204773","48931"
"2012-08-18","Duff","386352","299846","86506"
"2012-08-19","Duff","475634","392014","83620"
"2012-08-20","Duff","383558","302159","81399"
"2012-08-21","Duff","521347","430623","90724"
"2012-08-22","Duff","414627","351183","63444"
"2012-08-23","Duff","236821","170577","66244"
"2012-08-24","Duff","446917","375996","70921"
"2012-08-25","Duff","308454","241964","66490"
"2012-08-26","Duff","410678","342675","68003"
"2012-08-27","Duff","427493","347874","79619"
"2012-08-28","Duff","338093","261192","76901"
"2012-08-29","Duff","470755","399068","71687"
"2012-08-30","Duff","529204","448672","80532"
"2012-08-31","Duff","343085","272619","70466"
"2012-09-01","Duff","209124","144640","64484"
"2012-09-02","Duff","515539","421856","93683"
"2012-09-03","Duff","690548","575125","115423"
"2012-09-04","Duff","353690","293440","60250"
"2012-09-05","Duff","440297","354418","85879"
"2012-09-06","Duff","335794","267616","68178"
"2012-09-07","Duff","455321","380138","75183"
"2012-09-08","Duff","396445","327806","68639"
"2012-09-09","Duff","425179","340126","85053"
"2012-09-10","Duff","351616","286826","64790"
"2012-09-11","Duff","362159","293776","68383"
"2012-09-12","Duff","547064","458303","88761"
"2012-09-13","Duff","418785","353693","65092"
"2012-09-14","Duff","377937","317911","60026"
"2012-09-15","Duff","226816","169054","57762"
"2012-09-16","Duff","435613","369178","66435"
"2012-09-17","Duff","506491","409958","96533"
"2012-09-18","Duff","456476","373780","82696"
"2012-09-19","Duff","239553","178701","60852"
"2012-09-20","Duff","530782","443920","86862"
"2012-09-21","Duff","369367","300255","69112"
"2012-09-22","Duff","551457","463045","88412"
"2012-09-23","Duff","179305","126584","52721"
"2012-09-24","Duff","375846","297513","78333"
"2012-09-25","Duff","364096","283353","80743"
"2012-09-26","Duff","484882","405069","79813"
"2012-09-27","Duff","427472","351968","75504"
"2012-09-28","Duff","351428","278428","73000"
"2012-09-29","Duff","260312","189823","70489"
"2012-09-30","Duff","522278","438968","83310"
"2012-10-01","Duff","368202","284318","83884"
"2012-10-02","Duff","576490","482851","93639"
"2012-10-03","Duff","483887","401036","82851"
"2012-10-04","Duff","546110","468763","77347"
"2012-10-05","Duff","353371","289732","63639"
"2012-10-06","Duff","436713","357342","79371"
"2012-10-07","Duff","579550","487370","92180"
"2012-10-08","Duff","429396","353417","75979"
"2012-10-09","Duff","352627","291369","61258"
"2012-10-10","Duff","625397","531548","93849"
"2012-10-11","Duff","689696","595156","94540"
"2012-10-12","Duff","468248","367640","100608"
"2012-10-13","Duff","616676","513162","103514"
"2012-10-14","Duff","415932","320545","95387"
"2012-10-15","Duff","381607","317024","64583"
"2012-10-16","Duff","344644","262401","82243"
"2012-10-17","Duff","302369","242296","60073"
"2012-10-18","Duff","469346","390212","79134"
"2012-10-19","Duff","477259","397432","79827"
"2012-10-20","Duff","608586","510635","97951"
"2012-10-21","Duff","318557","246401","72156"
"2012-10-22","Duff","352480","278995","73485"
"2012-10-23","Duff","594267","503439","90828"
"2012-10-24","Duff","563973","476884","87089"
"2012-10-25","Duff","508771","418784","89987"
"2012-10-26","Duff","354982","287589","67393"
"2012-10-27","Duff","586359","479676","106683"
"2012-10-28","Duff","279643","230285","49358"
"2012-10-29","Duff","370692","294640","76052"
"2012-10-30","Duff","403691","321568","82123"
"2012-10-31","Duff","291486","222573","68913"
"2012-11-01","Duff","480804","390470","90334"
"2012-11-02","Duff","328439","251535","76904"
"2012-11-03","Duff","281893","218160","63733"
"2012-11-04","Duff","518241","436186","82055"
"2012-11-05","Duff","524878","442325","82553"
"2012-11-06","Duff","500890","408634","92256"
"2012-11-07","Duff","432618","361460","71158"
"2012-11-08","Duff","338831","272520","66311"
"2012-11-09","Duff","266286","206137","60149"
"2012-11-10","Duff","397120","317743","79377"
"2012-11-11","Duff","292696","226565","66131"
"2012-11-12","Duff","400417","327127","73290"
"2012-11-13","Duff","398322","322332","75990"
"2012-11-14","Duff","695247","594053","101194"
"2012-11-15","Duff","506939","423508","83431"
"2012-11-16","Duff","386112","297980","88132"
"2012-11-17","Duff","573153","482787","90366"
"2012-11-18","Duff","488126","401998","86128"
"2012-11-19","Duff","570461","474094","96367"
"2012-11-20","Duff","314082","240587","73495"
"2012-11-21","Duff","505625","417354","88271"
"2012-11-22","Duff","386050","318010","68040"
"2012-11-23","Duff","282138","227608","54530"
"2012-11-24","Duff","411832","318626","93206"
"2012-11-25","Duff","423179","340700","82479"
"2012-11-26","Duff","585568","497914","87654"
"2012-11-27","Duff","413657","333142","80515"
"2012-11-28","Duff","448642","353286","95356"
"2012-11-29","Duff","326792","248000","78792"
"2012-11-30","Duff","296386","221659","74727"
"2012-12-01","Duff","398545","324948","73597"
"2012-12-02","Duff","415293","348456","66837"
"2012-12-03","Duff","334484","276779","57705"
"2012-12-04","Duff","338127","258410","79717"
"2012-12-05","Duff","692331","597332","94999"
"2012-12-06","Duff","415922","327269","88653"
"2012-12-07","Duff","472561","391823","80738"
"2012-12-08","Duff","378911","301541","77370"
"2012-12-09","Duff","593113","496392","96721"
"2012-12-10","Duff","388812","314648","74164"
"2012-12-11","Duff","507691","431715","75976"
"2012-12-12","Duff","501618","413220","88398"
"2012-12-13","Duff","354649","278178","76471"
"2012-12-14","Duff","509326","410873","98453"
"2012-12-15","Duff","487701","405726","81975"
"2012-12-16","Duff","313024","247796","65228"
"2012-12-17","Duff","535040","436768","98272"
"2012-12-18","Duff","317549","247070","70479"
"2012-12-19","Duff","281047","219925","61122"
"2012-12-20","Duff","538572","448625","89947"
"2012-12-21","Duff","412347","335498","76849"
"2012-12-22","Duff","475047","372721","102326"
"2012-12-23","Duff","472286","392079","80207"
"2012-12-24","Duff","561691","458077","103614"
"2012-12-25","Duff","433792","362389","71403"
"2012-12-26","Duff","303881","239765","64116"
"2012-12-27","Duff","506229","412392","93837"
"2012-12-28","Duff","388624","313024","75600"
"2012-12-29","Duff","407802","316407","91395"
"2012-12-30","Duff","598899","507467","91432"
"2012-12-31","Duff","331374","255282","76092"
"2013-01-01","Duff","232794","178564","54230"
"2013-01-02","Duff","1278915","1039488","239427"
"2013-01-03","Duff","1295898","1043812","252086"
"2013-01-04","Duff","1552468","1298238","254230"
"2013-01-05","Duff","1482957","1195877","287080"
"2013-01-06","Duff","1138954","914356","224598"
"2013-01-07","Duff","1398253","1146712","251541"
"2013-01-08","Duff","1366511","1138592","227919"
"2013-01-09","Duff","1207165","963660","243505"
"2013-01-10","Duff","1395466","1156242","239224"
"2013-01-11","Duff","1233981","987279","246702"
"2013-01-12","Duff","1121444","872493","248951"
"2013-01-13","Duff","1277131","1009475","267656"
"2013-01-14","Duff","1057330","840034","217296"
"2013-01-15","Duff","953166","758215","194951"
"2013-01-16","Duff","1291704","1049302","242402"
"2013-01-17","Duff","1186399","952860","233539"
"2013-01-18","Duff","1282103","1008781","273322"
"2013-01-19","Duff","1202324","959505","242819"
"2013-01-20","Duff","885148","705032","180116"
"2013-01-21","Duff","1209575","961848","247727"
"2013-01-22","Duff","1094775","873231","221544"
"2013-01-23","Duff","1251831","1008534","243297"
"2013-01-24","Duff","1113713","880987","232726"
"2013-01-25","Duff","1444350","1210903","233447"
"2013-01-26","Duff","1537757","1281136","256621"
"2013-01-27","Duff","945267","722127","223140"
"2013-01-28","Duff","1122571","889631","232940"
"2013-01-29","Duff","1012448","801145","211303"
"2013-01-30","Duff","1095645","870507","225138"
"2013-01-31","Duff","1309241","1073186","236055"
"2013-02-01","Duff","1570090","1277192","292898"
"2013-02-02","Duff","1383163","1126567","256596"
"2013-02-03","Duff","1434053","1154862","279191"
"2013-02-04","Duff","1168209","912332","255877"
"2013-02-05","Duff","1324717","1049849","274868"
"2013-02-06","Duff","1208543","966249","242294"
"2013-02-07","Duff","1344817","1076760","268057"
"2013-02-08","Duff","1297027","1029123","267904"
"2013-02-09","Duff","1475484","1187332","288152"
"2013-02-10","Duff","1365142","1106430","258712"
"2013-02-11","Duff","1109289","883213","226076"
"2013-02-12","Duff","1409103","1132792","276311"
"2013-02-13","Duff","1565772","1247119","318653"
"2013-02-14","Duff","1637338","1330058","307280"
"2013-02-15","Duff","1479652","1195896","283756"
"2013-02-16","Duff","1224504","953390","271114"
"2013-02-17","Duff","1282303","1039874","242429"
"2013-02-18","Duff","1530777","1260521","270256"
"2013-02-19","Duff","1483151","1231752","251399"
"2013-02-20","Duff","1175680","923376","252304"
"2013-02-21","Duff","1650438","1370126","280312"
"2013-02-22","Duff","1496141","1199893","296248"
"2013-02-23","Duff","1555183","1263251","291932"
"2013-02-24","Duff","1465450","1214131","251319"
"2013-02-25","Duff","1122938","884925","238013"
"2013-02-26","Duff","1567031","1263322","303709"
"2013-02-27","Duff","1419140","1161498","257642"
"2013-02-28","Duff","1151758","867396","284362"
"2013-03-01","Duff","497879","393966","103913"
"2013-03-02","Duff","532492","393584","138908"
"2013-03-03","Duff","1399885","1151172","248713"
"2013-03-04","Duff","1527433","1234834","292599"
"2013-03-05","Duff","1405685","1125792","279893"
"2013-03-06","Duff","1384097","1113364","270733"
"2013-03-07","Duff","1644713","1365560","279153"
"2013-03-08","Duff","1278206","1027149","251057"
"2013-03-09","Duff","1304326","1065469","238857"
"2013-03-10","Duff","1202354","964551","237803"
"2013-03-11","Duff","1156815","895826","260989"
"2013-03-12","Duff","1509433","1239781","269652"
"2013-03-13","Duff","1626994","1333614","293380"
"2013-03-14","Duff","1713714","1423236","290478"
"2013-03-15","Duff","1507051","1251387","255664"
"2013-03-16","Duff","1223115","979548","243567"
"2013-03-17","Duff","1439292","1176593","262699"
"2013-03-18","Duff","1431514","1171746","259768"
"2013-03-19","Duff","1430382","1148465","281917"
"2013-03-20","Duff","1421602","1166366","255236"
"2013-03-21","Duff","1298239","1038783","259456"
"2013-03-22","Duff","1404763","1108651","296112"
"2013-03-23","Duff","1324494","1048073","276421"
"2013-03-24","Duff","1300728","1034556","266172"
"2013-03-25","Duff","1482522","1188857","293665"
"2013-03-26","Duff","1249378","968143","281235"
"2013-03-27","Duff","1472051","1182315","289736"
"2013-03-28","Duff","1386724","1110377","276347"
"2013-03-29","Duff","1338404","1076569","261835"
"2013-03-30","Duff","1475113","1188291","286822"
"2013-03-31","Duff","1434622","1162631","271991"
"2013-04-01","Duff","1710712","1408986","301726"
"2013-04-02","Duff","1611162","1335648","275514"
"2013-04-03","Duff","1399563","1128400","271163"
"2013-04-04","Duff","1280716","1005140","275576"
"2013-04-05","Duff","1700721","1396862","303859"
"2013-04-06","Duff","1265459","1008147","257312"
"2013-04-07","Duff","1200944","962993","237951"
"2013-04-08","Duff","1543289","1231303","311986"
"2013-04-09","Duff","1819569","1499967","319602"
"2013-04-10","Duff","1564402","1278802","285600"
"2013-04-11","Duff","1660767","1350265","310502"
"2013-04-12","Duff","1797921","1497728","300193"
"2013-04-13","Duff","1537515","1251926","285589"
"2013-04-14","Duff","1493262","1200831","292431"
"2013-04-15","Duff","1592032","1302558","289474"
"2013-04-16","Duff","1654541","1365305","289236"
"2013-04-17","Duff","1719004","1447108","271896"
"2013-04-18","Duff","1323320","1054096","269224"
"2013-04-19","Duff","1511600","1217009","294591"
"2013-04-20","Duff","1483998","1188176","295822"
"2013-04-21","Duff","1440063","1147168","292895"
"2013-04-22","Duff","1254891","994354","260537"
"2013-04-23","Duff","1545555","1251639","293916"
"2013-04-24","Duff","1302285","1044432","257853"
"2013-04-25","Duff","1606197","1303612","302585"
"2013-04-26","Duff","1373920","1117563","256357"
"2013-04-27","Duff","1740279","1434269","306010"
"2013-04-28","Duff","1506731","1221099","285632"
"2013-04-29","Duff","1635069","1337888","297181"
"2013-04-30","Duff","1300445","1013754","286691"
"2013-05-01","Duff","541774","428477","113297"
"2013-05-02","Duff","1360078","1048144","311934"
"2013-05-03","Duff","1557447","1191880","365567"
"2013-05-04","Duff","1450948","1147912","303036"
"2013-05-05","Duff","1448543","1135059","313484"
"2013-05-06","Duff","1841461","1466404","375057"
"2013-05-07","Duff","1279570","952378","327192"
"2013-05-08","Duff","1387012","1067940","319072"
"2013-05-09","Duff","1547863","1198642","349221"
"2013-05-10","Duff","1636422","1325046","311376"
"2013-05-11","Duff","1608265","1256239","352026"
"2013-05-12","Duff","1409096","1080908","328188"
"2013-05-13","Duff","1272335","986710","285625"
"2013-05-14","Duff","1862686","1502630","360056"
"2013-05-15","Duff","1571395","1233229","338166"
"2013-05-16","Duff","1635476","1297096","338380"
"2013-05-17","Duff","1508116","1178635","329481"
"2013-05-18","Duff","1604130","1261049","343081"
"2013-05-19","Duff","1328363","1037586","290777"
"2013-05-20","Duff","1522544","1198824","323720"
"2013-05-21","Duff","1760685","1407738","352947"
"2013-05-22","Duff","1376220","1034678","341542"
"2013-05-23","Duff","1579307","1248355","330952"
"2013-05-24","Duff","1657485","1321407","336078"
"2013-05-25","Duff","1597544","1237463","360081"
"2013-05-26","Duff","1477367","1157156","320211"
"2013-05-27","Duff","1623704","1297612","326092"
"2013-05-28","Duff","1468242","1129767","338475"
"2013-05-29","Duff","1352378","1052857","299521"
"2013-05-30","Duff","1406637","1078662","327975"
"2013-05-31","Duff","1248582","976599","271983"
"2008-06-01","ElCheapo","90998","75845","15153"
"2008-06-02","ElCheapo","83372","70263","13109"
"2008-06-03","ElCheapo","49669","41917","7752"
"2008-06-04","ElCheapo","41192","33778","7414"
"2008-06-05","ElCheapo","113396","102111","11285"
"2008-06-06","ElCheapo","75694","67459","8235"
"2008-06-07","ElCheapo","56776","43523","13253"
"2008-06-08","ElCheapo","78727","67409","11318"
"2008-06-09","ElCheapo","97057","85248","11809"
"2008-06-10","ElCheapo","128326","111617","16709"
"2008-06-11","ElCheapo","74780","66010","8770"
"2008-06-12","ElCheapo","114875","98245","16630"
"2008-06-13","ElCheapo","130589","112664","17925"
"2008-06-14","ElCheapo","33522","30091","3431"
"2008-06-15","ElCheapo","52216","48314","3902"
"2008-06-16","ElCheapo","116282","100988","15294"
"2008-06-17","ElCheapo","108660","101912","6748"
"2008-06-18","ElCheapo","95602","81579","14023"
"2008-06-19","ElCheapo","109976","95140","14836"
"2008-06-20","ElCheapo","100062","83907","16155"
"2008-06-21","ElCheapo","84126","70558","13568"
"2008-06-22","ElCheapo","50651","44549","6102"
"2008-06-23","ElCheapo","198408","181342","17066"
"2008-06-24","ElCheapo","52178","45033","7145"
"2008-06-25","ElCheapo","91078","79424","11654"
"2008-06-26","ElCheapo","107225","98336","8889"
"2008-06-27","ElCheapo","98400","84234","14166"
"2008-06-28","ElCheapo","94763","76792","17971"
"2008-06-29","ElCheapo","121190","100748","20442"
"2008-06-30","ElCheapo","159843","140672","19171"
"2008-07-01","ElCheapo","72552","60009","12543"
"2008-07-02","ElCheapo","56705","44839","11866"
"2008-07-03","ElCheapo","135358","119880","15478"
"2008-07-04","ElCheapo","36417","30107","6310"
"2008-07-05","ElCheapo","102899","96344","6555"
"2008-07-06","ElCheapo","58618","50612","8006"
"2008-07-07","ElCheapo","46546","38689","7857"
"2008-07-08","ElCheapo","49945","38961","10984"
"2008-07-09","ElCheapo","24419","16781","7638"
"2008-07-10","ElCheapo","88063","70973","17090"
"2008-07-11","ElCheapo","63787","54532","9255"
"2008-07-12","ElCheapo","45818","36375","9443"
"2008-07-13","ElCheapo","152825","137195","15630"
"2008-07-14","ElCheapo","61074","48265","12809"
"2008-07-15","ElCheapo","41735","36752","4983"
"2008-07-16","ElCheapo","36362","30565","5797"
"2008-07-17","ElCheapo","92149","77173","14976"
"2008-07-18","ElCheapo","56236","48158","8078"
"2008-07-19","ElCheapo","27669","23845","3824"
"2008-07-20","ElCheapo","24805","22263","2542"
"2008-07-21","ElCheapo","74402","67963","6439"
"2008-07-22","ElCheapo","112017","99155","12862"
"2008-07-23","ElCheapo","109255","92549","16706"
"2008-07-24","ElCheapo","60945","55003","5942"
"2008-07-25","ElCheapo","94863","82932","11931"
"2008-07-26","ElCheapo","138572","122850","15722"
"2008-07-27","ElCheapo","95167","80627","14540"
"2008-07-28","ElCheapo","43617","39006","4611"
"2008-07-29","ElCheapo","75574","65506","10068"
"2008-07-30","ElCheapo","57109","52092","5017"
"2008-07-31","ElCheapo","81123","67600","13523"
"2008-08-01","ElCheapo","79436","68478","10958"
"2008-08-02","ElCheapo","96984","79748","17236"
"2008-08-03","ElCheapo","38696","29266","9430"
"2008-08-04","ElCheapo","99323","87911","11412"
"2008-08-05","ElCheapo","160121","140869","19252"
"2008-08-06","ElCheapo","86416","67503","18913"
"2008-08-07","ElCheapo","60666","48154","12512"
"2008-08-08","ElCheapo","69546","65434","4112"
"2008-08-09","ElCheapo","75212","65008","10204"
"2008-08-10","ElCheapo","119675","100285","19390"
"2008-08-11","ElCheapo","65405","59406","5999"
"2008-08-12","ElCheapo","31109","25693","5416"
"2008-08-13","ElCheapo","83458","72640","10818"
"2008-08-14","ElCheapo","90667","77086","13581"
"2008-08-15","ElCheapo","131917","119461","12456"
"2008-08-16","ElCheapo","44461","30092","14369"
"2008-08-17","ElCheapo","83578","70796","12782"
"2008-08-18","ElCheapo","110224","95802","14422"
"2008-08-19","ElCheapo","64551","55191","9360"
"2008-08-20","ElCheapo","126981","113732","13249"
"2008-08-21","ElCheapo","73568","63995","9573"
"2008-08-22","ElCheapo","82756","72254","10502"
"2008-08-23","ElCheapo","45143","36377","8766"
"2008-08-24","ElCheapo","40651","35297","5354"
"2008-08-25","ElCheapo","88372","76608","11764"
"2008-08-26","ElCheapo","101847","90763","11084"
"2008-08-27","ElCheapo","51750","48862","2888"
"2008-08-28","ElCheapo","58197","47959","10238"
"2008-08-29","ElCheapo","48439","41504","6935"
"2008-08-30","ElCheapo","10036","9135","901"
"2008-08-31","ElCheapo","9655","6240","3415"
"2008-09-01","ElCheapo","61904","51443","10461"
"2008-09-02","ElCheapo","66819","61195","5624"
"2008-09-03","ElCheapo","99626","91240","8386"
"2008-09-04","ElCheapo","59881","51318","8563"
"2008-09-05","ElCheapo","125229","119065","6164"
"2008-09-06","ElCheapo","97927","81979","15948"
"2008-09-07","ElCheapo","81078","74740","6338"
"2008-09-08","ElCheapo","90038","80314","9724"
"2008-09-09","ElCheapo","41641","35913","5728"
"2008-09-10","ElCheapo","101803","83523","18280"
"2008-09-11","ElCheapo","95867","81129","14738"
"2008-09-12","ElCheapo","56329","49774","6555"
"2008-09-13","ElCheapo","46890","39274","7616"
"2008-09-14","ElCheapo","77401","68072","9329"
"2008-09-15","ElCheapo","97675","77900","19775"
"2008-09-16","ElCheapo","41880","38637","3243"
"2008-09-17","ElCheapo","54188","46516","7672"
"2008-09-18","ElCheapo","54617","47179","7438"
"2008-09-19","ElCheapo","100656","88392","12264"
"2008-09-20","ElCheapo","34356","27127","7229"
"2008-09-21","ElCheapo","100476","85495","14981"
"2008-09-22","ElCheapo","93008","77442","15566"
"2008-09-23","ElCheapo","151176","126677","24499"
"2008-09-24","ElCheapo","28017","21150","6867"
"2008-09-25","ElCheapo","65066","51355","13711"
"2008-09-26","ElCheapo","20101","15528","4573"
"2008-09-27","ElCheapo","34211","25398","8813"
"2008-09-28","ElCheapo","123341","108834","14507"
"2008-09-29","ElCheapo","130552","107703","22849"
"2008-09-30","ElCheapo","84555","67688","16867"
"2008-10-01","ElCheapo","65095","53709","11386"
"2008-10-02","ElCheapo","118391","107158","11233"
"2008-10-03","ElCheapo","95267","83298","11969"
"2008-10-04","ElCheapo","39382","35023","4359"
"2008-10-05","ElCheapo","34911","30755","4156"
"2008-10-06","ElCheapo","75678","61774","13904"
"2008-10-07","ElCheapo","95902","89039","6863"
"2008-10-08","ElCheapo","89052","70589","18463"
"2008-10-09","ElCheapo","32700","29946","2754"
"2008-10-10","ElCheapo","63093","52011","11082"
"2008-10-11","ElCheapo","131225","113692","17533"
"2008-10-12","ElCheapo","72199","58617","13582"
"2008-10-13","ElCheapo","89769","74596","15173"
"2008-10-14","ElCheapo","95157","84214","10943"
"2008-10-15","ElCheapo","74024","67839","6185"
"2008-10-16","ElCheapo","45982","38959","7023"
"2008-10-17","ElCheapo","83213","73986","9227"
"2008-10-18","ElCheapo","46101","37526","8575"
"2008-10-19","ElCheapo","97996","85545","12451"
"2008-10-20","ElCheapo","22204","19510","2694"
"2008-10-21","ElCheapo","43598","39089","4509"
"2008-10-22","ElCheapo","96081","86312","9769"
"2008-10-23","ElCheapo","134741","119909","14832"
"2008-10-24","ElCheapo","88866","75361","13505"
"2008-10-25","ElCheapo","131770","113234","18536"
"2008-10-26","ElCheapo","39670","36082","3588"
"2008-10-27","ElCheapo","47806","37272","10534"
"2008-10-28","ElCheapo","80346","64210","16136"
"2008-10-29","ElCheapo","141215","123289","17926"
"2008-10-30","ElCheapo","84585","76645","7940"
"2008-10-31","ElCheapo","168928","141743","27185"
"2008-11-01","ElCheapo","133343","120714","12629"
"2008-11-02","ElCheapo","73767","68226","5541"
"2008-11-03","ElCheapo","47790","38350","9440"
"2008-11-04","ElCheapo","181882","161914","19968"
"2008-11-05","ElCheapo","187084","171753","15331"
"2008-11-06","ElCheapo","59528","52154","7374"
"2008-11-07","ElCheapo","35783","31916","3867"
"2008-11-08","ElCheapo","57098","46799","10299"
"2008-11-09","ElCheapo","73307","69234","4073"
"2008-11-10","ElCheapo","88291","78981","9310"
"2008-11-11","ElCheapo","74847","68331","6516"
"2008-11-12","ElCheapo","101676","88488","13188"
"2008-11-13","ElCheapo","81991","70978","11013"
"2008-11-14","ElCheapo","75071","64266","10805"
"2008-11-15","ElCheapo","82641","67717","14924"
"2008-11-16","ElCheapo","81337","71234","10103"
"2008-11-17","ElCheapo","73002","65064","7938"
"2008-11-18","ElCheapo","98903","76235","22668"
"2008-11-19","ElCheapo","33600","28936","4664"
"2008-11-20","ElCheapo","83747","68293","15454"
"2008-11-21","ElCheapo","89192","82104","7088"
"2008-11-22","ElCheapo","62601","50615","11986"
"2008-11-23","ElCheapo","119357","105951","13406"
"2008-11-24","ElCheapo","79669","67608","12061"
"2008-11-25","ElCheapo","92532","83401","9131"
"2008-11-26","ElCheapo","96172","84715","11457"
"2008-11-27","ElCheapo","54703","45134","9569"
"2008-11-28","ElCheapo","102777","85965","16812"
"2008-11-29","ElCheapo","75720","67389","8331"
"2008-11-30","ElCheapo","36650","32173","4477"
"2008-12-01","ElCheapo","64369","52185","12184"
"2008-12-02","ElCheapo","70043","61561","8482"
"2008-12-03","ElCheapo","40763","35701","5062"
"2008-12-04","ElCheapo","79811","72184","7627"
"2008-12-05","ElCheapo","138896","122319","16577"
"2008-12-06","ElCheapo","46021","34769","11252"
"2008-12-07","ElCheapo","153575","134302","19273"
"2008-12-08","ElCheapo","80578","76977","3601"
"2008-12-09","ElCheapo","120984","105358","15626"
"2008-12-10","ElCheapo","105276","92593","12683"
"2008-12-11","ElCheapo","70587","61277","9310"
"2008-12-12","ElCheapo","149723","124786","24937"
"2008-12-13","ElCheapo","58547","45093","13454"
"2008-12-14","ElCheapo","177843","161235","16608"
"2008-12-15","ElCheapo","27244","24065","3179"
"2008-12-16","ElCheapo","99089","86126","12963"
"2008-12-17","ElCheapo","92859","86249","6610"
"2008-12-18","ElCheapo","96537","82888","13649"
"2008-12-19","ElCheapo","117129","111442","5687"
"2008-12-20","ElCheapo","61306","50151","11155"
"2008-12-21","ElCheapo","102539","91817","10722"
"2008-12-22","ElCheapo","63769","53009","10760"
"2008-12-23","ElCheapo","95747","79578","16169"
"2008-12-24","ElCheapo","86857","79963","6894"
"2008-12-25","ElCheapo","86056","73760","12296"
"2008-12-26","ElCheapo","71841","59754","12087"
"2008-12-27","ElCheapo","58503","54064","4439"
"2008-12-28","ElCheapo","48434","41455","6979"
"2008-12-29","ElCheapo","40240","33659","6581"
"2008-12-30","ElCheapo","89837","76815","13022"
"2008-12-31","ElCheapo","123704","104646","19058"
"2009-01-01","ElCheapo","108837","92789","16048"
"2009-01-02","ElCheapo","90506","79441","11065"
"2009-01-03","ElCheapo","151600","130676","20924"
"2009-01-04","ElCheapo","144843","124979","19864"
"2009-01-05","ElCheapo","137353","115014","22339"
"2009-01-06","ElCheapo","128431","108386","20045"
"2009-01-07","ElCheapo","200010","174611","25399"
"2009-01-08","ElCheapo","158957","139924","19033"
"2009-01-09","ElCheapo","131676","113143","18533"
"2009-01-10","ElCheapo","138696","115962","22734"
"2009-01-11","ElCheapo","118107","100676","17431"
"2009-01-12","ElCheapo","222803","195949","26854"
"2009-01-13","ElCheapo","171155","149491","21664"
"2009-01-14","ElCheapo","146946","134526","12420"
"2009-01-15","ElCheapo","188920","157747","31173"
"2009-01-16","ElCheapo","166021","142818","23203"
"2009-01-17","ElCheapo","129796","107086","22710"
"2009-01-18","ElCheapo","253578","231046","22532"
"2009-01-19","ElCheapo","93549","81278","12271"
"2009-01-20","ElCheapo","97803","78526","19277"
"2009-01-21","ElCheapo","114489","96998","17491"
"2009-01-22","ElCheapo","226483","198444","28039"
"2009-01-23","ElCheapo","153507","127556","25951"
"2009-01-24","ElCheapo","152537","126351","26186"
"2009-01-25","ElCheapo","162242","139111","23131"
"2009-01-26","ElCheapo","99108","83370","15738"
"2009-01-27","ElCheapo","105584","90145","15439"
"2009-01-28","ElCheapo","219636","181608","38028"
"2009-01-29","ElCheapo","118022","99253","18769"
"2009-01-30","ElCheapo","79490","63604","15886"
"2009-01-31","ElCheapo","142354","124829","17525"
"2009-02-01","ElCheapo","213860","186919","26941"
"2009-02-02","ElCheapo","103004","94103","8901"
"2009-02-03","ElCheapo","147679","124626","23053"
"2009-02-04","ElCheapo","123261","108407","14854"
"2009-02-05","ElCheapo","147420","127108","20312"
"2009-02-06","ElCheapo","86073","78045","8028"
"2009-02-07","ElCheapo","236094","209202","26892"
"2009-02-08","ElCheapo","187833","155037","32796"
"2009-02-09","ElCheapo","151941","135469","16472"
"2009-02-10","ElCheapo","216590","191666","24924"
"2009-02-11","ElCheapo","165313","141741","23572"
"2009-02-12","ElCheapo","179874","149208","30666"
"2009-02-13","ElCheapo","195391","169996","25395"
"2009-02-14","ElCheapo","167923","137317","30606"
"2009-02-15","ElCheapo","204547","171997","32550"
"2009-02-16","ElCheapo","158116","139418","18698"
"2009-02-17","ElCheapo","157932","140409","17523"
"2009-02-18","ElCheapo","197601","173346","24255"
"2009-02-19","ElCheapo","183716","160315","23401"
"2009-02-20","ElCheapo","129306","113401","15905"
"2009-02-21","ElCheapo","274949","243536","31413"
"2009-02-22","ElCheapo","193108","175105","18003"
"2009-02-23","ElCheapo","99342","83655","15687"
"2009-02-24","ElCheapo","145680","121733","23947"
"2009-02-25","ElCheapo","196393","161533","34860"
"2009-02-26","ElCheapo","144076","128709","15367"
"2009-02-27","ElCheapo","212362","184045","28317"
"2009-02-28","ElCheapo","97912","82075","15837"
"2009-03-01","ElCheapo","324667","305775","18892"
"2009-03-02","ElCheapo","226658","200437","26221"
"2009-03-03","ElCheapo","154986","133232","21754"
"2009-03-04","ElCheapo","183475","157983","25492"
"2009-03-05","ElCheapo","202802","172899","29903"
"2009-03-06","ElCheapo","188663","162667","25996"
"2009-03-07","ElCheapo","160208","143089","17119"
"2009-03-08","ElCheapo","109879","100844","9035"
"2009-03-09","ElCheapo","219794","195813","23981"
"2009-03-10","ElCheapo","102202","83595","18607"
"2009-03-11","ElCheapo","113376","97461","15915"
"2009-03-12","ElCheapo","125589","104512","21077"
"2009-03-13","ElCheapo","137189","121373","15816"
"2009-03-14","ElCheapo","158139","136669","21470"
"2009-03-15","ElCheapo","117436","94994","22442"
"2009-03-16","ElCheapo","93308","77709","15599"
"2009-03-17","ElCheapo","139177","124322","14855"
"2009-03-18","ElCheapo","230083","205254","24829"
"2009-03-19","ElCheapo","165878","140728","25150"
"2009-03-20","ElCheapo","108704","93996","14708"
"2009-03-21","ElCheapo","149102","119828","29274"
"2009-03-22","ElCheapo","112349","97905","14444"
"2009-03-23","ElCheapo","106522","89174","17348"
"2009-03-24","ElCheapo","106373","90446","15927"
"2009-03-25","ElCheapo","369809","325630","44179"
"2009-03-26","ElCheapo","77509","64318","13191"
"2009-03-27","ElCheapo","182888","155887","27001"
"2009-03-28","ElCheapo","102035","85659","16376"
"2009-03-29","ElCheapo","116012","98539","17473"
"2009-03-30","ElCheapo","195836","170259","25577"
"2009-03-31","ElCheapo","88592","74671","13921"
"2009-04-01","ElCheapo","152530","129271","23259"
"2009-04-02","ElCheapo","148944","122216","26728"
"2009-04-03","ElCheapo","80631","70616","10015"
"2009-04-04","ElCheapo","102551","81621","20930"
"2009-04-05","ElCheapo","165231","145565","19666"
"2009-04-06","ElCheapo","142703","122292","20411"
"2009-04-07","ElCheapo","232646","203371","29275"
"2009-04-08","ElCheapo","121761","103029","18732"
"2009-04-09","ElCheapo","176484","152401","24083"
"2009-04-10","ElCheapo","136224","116805","19419"
"2009-04-11","ElCheapo","138662","114632","24030"
"2009-04-12","ElCheapo","104534","88195","16339"
"2009-04-13","ElCheapo","106892","88974","17918"
"2009-04-14","ElCheapo","157981","138311","19670"
"2009-04-15","ElCheapo","141675","126354","15321"
"2009-04-16","ElCheapo","103554","91530","12024"
"2009-04-17","ElCheapo","166340","140201","26139"
"2009-04-18","ElCheapo","144916","132600","12316"
"2009-04-19","ElCheapo","211983","190140","21843"
"2009-04-20","ElCheapo","176971","152624","24347"
"2009-04-21","ElCheapo","141307","116076","25231"
"2009-04-22","ElCheapo","142462","121787","20675"
"2009-04-23","ElCheapo","124483","107180","17303"
"2009-04-24","ElCheapo","205410","180135","25275"
"2009-04-25","ElCheapo","130738","113972","16766"
"2009-04-26","ElCheapo","129883","115366","14517"
"2009-04-27","ElCheapo","182020","156269","25751"
"2009-04-28","ElCheapo","173748","148734","25014"
"2009-04-29","ElCheapo","201734","169400","32334"
"2009-04-30","ElCheapo","148747","134688","14059"
"2009-05-01","ElCheapo","92274","77505","14769"
"2009-05-02","ElCheapo","157131","137710","19421"
"2009-05-03","ElCheapo","226929","205789","21140"
"2009-05-04","ElCheapo","226835","203980","22855"
"2009-05-05","ElCheapo","204499","182572","21927"
"2009-05-06","ElCheapo","128825","107874","20951"
"2009-05-07","ElCheapo","334896","290393","44503"
"2009-05-08","ElCheapo","126295","101759","24536"
"2009-05-09","ElCheapo","238419","204518","33901"
"2009-05-10","ElCheapo","209962","188300","21662"
"2009-05-11","ElCheapo","74910","60139","14771"
"2009-05-12","ElCheapo","174554","148709","25845"
"2009-05-13","ElCheapo","151609","126038","25571"
"2009-05-14","ElCheapo","179777","161463","18314"
"2009-05-15","ElCheapo","170394","153029","17365"
"2009-05-16","ElCheapo","227574","198668","28906"
"2009-05-17","ElCheapo","153977","131706","22271"
"2009-05-18","ElCheapo","156424","145124","11300"
"2009-05-19","ElCheapo","224738","197097","27641"
"2009-05-20","ElCheapo","102559","90901","11658"
"2009-05-21","ElCheapo","61882","53427","8455"
"2009-05-22","ElCheapo","164538","139200","25338"
"2009-05-23","ElCheapo","99220","86301","12919"
"2009-05-24","ElCheapo","90256","77960","12296"
"2009-05-25","ElCheapo","266450","225719","40731"
"2009-05-26","ElCheapo","178326","153951","24375"
"2009-05-27","ElCheapo","61004","51086","9918"
"2009-05-28","ElCheapo","142210","126967","15243"
"2009-05-29","ElCheapo","166025","150842","15183"
"2009-05-30","ElCheapo","143215","122133","21082"
"2009-05-31","ElCheapo","130405","110338","20067"
"2009-06-01","ElCheapo","266090","230635","35455"
"2009-06-02","ElCheapo","241922","207609","34313"
"2009-06-03","ElCheapo","231840","204949","26891"
"2009-06-04","ElCheapo","269509","230595","38914"
"2009-06-05","ElCheapo","177313","154058","23255"
"2009-06-06","ElCheapo","135331","115282","20049"
"2009-06-07","ElCheapo","247137","212634","34503"
"2009-06-08","ElCheapo","228024","203885","24139"
"2009-06-09","ElCheapo","242951","213609","29342"
"2009-06-10","ElCheapo","156778","138379","18399"
"2009-06-11","ElCheapo","151862","132063","19799"
"2009-06-12","ElCheapo","128751","102596","26155"
"2009-06-13","ElCheapo","149329","127163","22166"
"2009-06-14","ElCheapo","265218","230036","35182"
"2009-06-15","ElCheapo","170729","146002","24727"
"2009-06-16","ElCheapo","223351","193536","29815"
"2009-06-17","ElCheapo","288059","250425","37634"
"2009-06-18","ElCheapo","179498","152098","27400"
"2009-06-19","ElCheapo","196946","173235","23711"
"2009-06-20","ElCheapo","149593","124951","24642"
"2009-06-21","ElCheapo","147523","129339","18184"
"2009-06-22","ElCheapo","236644","208465","28179"
"2009-06-23","ElCheapo","223786","199678","24108"
"2009-06-24","ElCheapo","282972","246089","36883"
"2009-06-25","ElCheapo","148996","128314","20682"
"2009-06-26","ElCheapo","267670","237326","30344"
"2009-06-27","ElCheapo","231528","198397","33131"
"2009-06-28","ElCheapo","198554","171686","26868"
"2009-06-29","ElCheapo","195456","162169","33287"
"2009-06-30","ElCheapo","172695","146010","26685"
"2009-07-01","ElCheapo","205657","183391","22266"
"2009-07-02","ElCheapo","133824","117923","15901"
"2009-07-03","ElCheapo","291390","259335","32055"
"2009-07-04","ElCheapo","244036","214545","29491"
"2009-07-05","ElCheapo","147423","123875","23548"
"2009-07-06","ElCheapo","223925","194438","29487"
"2009-07-07","ElCheapo","284556","241153","43403"
"2009-07-08","ElCheapo","176192","155192","21000"
"2009-07-09","ElCheapo","66487","56061","10426"
"2009-07-10","ElCheapo","217356","178265","39091"
"2009-07-11","ElCheapo","252074","217261","34813"
"2009-07-12","ElCheapo","140652","120585","20067"
"2009-07-13","ElCheapo","118609","99876","18733"
"2009-07-14","ElCheapo","169086","149431","19655"
"2009-07-15","ElCheapo","320510","281648","38862"
"2009-07-16","ElCheapo","163982","149284","14698"
"2009-07-17","ElCheapo","191748","164981","26767"
"2009-07-18","ElCheapo","181386","151474","29912"
"2009-07-19","ElCheapo","84739","71177","13562"
"2009-07-20","ElCheapo","201338","176359","24979"
"2009-07-21","ElCheapo","234881","208531","26350"
"2009-07-22","ElCheapo","139865","117947","21918"
"2009-07-23","ElCheapo","283254","255510","27744"
"2009-07-24","ElCheapo","272247","238929","33318"
"2009-07-25","ElCheapo","147533","125338","22195"
"2009-07-26","ElCheapo","279563","237251","42312"
"2009-07-27","ElCheapo","185179","162304","22875"
"2009-07-28","ElCheapo","184874","167796","17078"
"2009-07-29","ElCheapo","144881","125469","19412"
"2009-07-30","ElCheapo","188263","159342","28921"
"2009-07-31","ElCheapo","140020","120868","19152"
"2009-08-01","ElCheapo","261350","230850","30500"
"2009-08-02","ElCheapo","191709","164947","26762"
"2009-08-03","ElCheapo","293540","267332","26208"
"2009-08-04","ElCheapo","205986","178880","27106"
"2009-08-05","ElCheapo","281378","250973","30405"
"2009-08-06","ElCheapo","256105","219492","36613"
"2009-08-07","ElCheapo","194023","169597","24426"
"2009-08-08","ElCheapo","235416","199741","35675"
"2009-08-09","ElCheapo","121008","96396","24612"
"2009-08-10","ElCheapo","254996","223997","30999"
"2009-08-11","ElCheapo","173141","146067","27074"
"2009-08-12","ElCheapo","185870","157740","28130"
"2009-08-13","ElCheapo","249675","223221","26454"
"2009-08-14","ElCheapo","142256","121116","21140"
"2009-08-15","ElCheapo","217429","201524","15905"
"2009-08-16","ElCheapo","184745","148236","36509"
"2009-08-17","ElCheapo","258743","217903","40840"
"2009-08-18","ElCheapo","225951","187698","38253"
"2009-08-19","ElCheapo","194336","170805","23531"
"2009-08-20","ElCheapo","225438","191998","33440"
"2009-08-21","ElCheapo","222528","193557","28971"
"2009-08-22","ElCheapo","157417","136648","20769"
"2009-08-23","ElCheapo","192094","161439","30655"
"2009-08-24","ElCheapo","286503","252154","34349"
"2009-08-25","ElCheapo","241304","215506","25798"
"2009-08-26","ElCheapo","254916","229812","25104"
"2009-08-27","ElCheapo","303881","267573","36308"
"2009-08-28","ElCheapo","212283","190908","21375"
"2009-08-29","ElCheapo","214659","183125","31534"
"2009-08-30","ElCheapo","142348","124058","18290"
"2009-08-31","ElCheapo","181126","154115","27011"
"2009-09-01","ElCheapo","208295","176089","32206"
"2009-09-02","ElCheapo","217827","189749","28078"
"2009-09-03","ElCheapo","132770","113056","19714"
"2009-09-04","ElCheapo","203018","172172","30846"
"2009-09-05","ElCheapo","261599","235969","25630"
"2009-09-06","ElCheapo","154561","136589","17972"
"2009-09-07","ElCheapo","183446","159474","23972"
"2009-09-08","ElCheapo","204542","181718","22824"
"2009-09-09","ElCheapo","127885","109706","18179"
"2009-09-10","ElCheapo","175674","151319","24355"
"2009-09-11","ElCheapo","321624","283218","38406"
"2009-09-12","ElCheapo","258308","222811","35497"
"2009-09-13","ElCheapo","241428","214145","27283"
"2009-09-14","ElCheapo","288419","248037","40382"
"2009-09-15","ElCheapo","217749","183048","34701"
"2009-09-16","ElCheapo","217027","186776","30251"
"2009-09-17","ElCheapo","191339","162916","28423"
"2009-09-18","ElCheapo","275413","247877","27536"
"2009-09-19","ElCheapo","165029","135450","29579"
"2009-09-20","ElCheapo","150729","130680","20049"
"2009-09-21","ElCheapo","241989","205981","36008"
"2009-09-22","ElCheapo","194492","162622","31870"
"2009-09-23","ElCheapo","218517","194528","23989"
"2009-09-24","ElCheapo","203134","182556","20578"
"2009-09-25","ElCheapo","141073","120957","20116"
"2009-09-26","ElCheapo","178891","152958","25933"
"2009-09-27","ElCheapo","255886","226626","29260"
"2009-09-28","ElCheapo","240705","210855","29850"
"2009-09-29","ElCheapo","228615","189827","38788"
"2009-09-30","ElCheapo","247674","208468","39206"
"2009-10-01","ElCheapo","292923","257098","35825"
"2009-10-02","ElCheapo","134658","107207","27451"
"2009-10-03","ElCheapo","311647","270429","41218"
"2009-10-04","ElCheapo","232372","195163","37209"
"2009-10-05","ElCheapo","276566","231177","45389"
"2009-10-06","ElCheapo","299051","259438","39613"
"2009-10-07","ElCheapo","284522","253569","30953"
"2009-10-08","ElCheapo","85086","74071","11015"
"2009-10-09","ElCheapo","183832","158790","25042"
"2009-10-10","ElCheapo","255590","224880","30710"
"2009-10-11","ElCheapo","284326","251479","32847"
"2009-10-12","ElCheapo","227322","196695","30627"
"2009-10-13","ElCheapo","167729","154906","12823"
"2009-10-14","ElCheapo","249122","206167","42955"
"2009-10-15","ElCheapo","211265","185330","25935"
"2009-10-16","ElCheapo","272035","228913","43122"
"2009-10-17","ElCheapo","191000","170907","20093"
"2009-10-18","ElCheapo","354944","305226","49718"
"2009-10-19","ElCheapo","184083","167946","16137"
"2009-10-20","ElCheapo","154816","131645","23171"
"2009-10-21","ElCheapo","200814","168090","32724"
"2009-10-22","ElCheapo","199175","168572","30603"
"2009-10-23","ElCheapo","146073","122955","23118"
"2009-10-24","ElCheapo","188954","163024","25930"
"2009-10-25","ElCheapo","157661","130725","26936"
"2009-10-26","ElCheapo","131890","110599","21291"
"2009-10-27","ElCheapo","316911","270986","45925"
"2009-10-28","ElCheapo","277734","251143","26591"
"2009-10-29","ElCheapo","174092","145792","28300"
"2009-10-30","ElCheapo","192600","172557","20043"
"2009-10-31","ElCheapo","227835","199490","28345"
"2009-11-01","ElCheapo","242006","206252","35754"
"2009-11-02","ElCheapo","123765","112169","11596"
"2009-11-03","ElCheapo","235794","211506","24288"
"2009-11-04","ElCheapo","177041","149654","27387"
"2009-11-05","ElCheapo","342483","287052","55431"
"2009-11-06","ElCheapo","214602","179245","35357"
"2009-11-07","ElCheapo","225148","192369","32779"
"2009-11-08","ElCheapo","144193","125863","18330"
"2009-11-09","ElCheapo","161055","138325","22730"
"2009-11-10","ElCheapo","294955","257381","37574"
"2009-11-11","ElCheapo","194888","166352","28536"
"2009-11-12","ElCheapo","280144","239696","40448"
"2009-11-13","ElCheapo","220303","193415","26888"
"2009-11-14","ElCheapo","137483","116407","21076"
"2009-11-15","ElCheapo","276929","247830","29099"
"2009-11-16","ElCheapo","157477","138313","19164"
"2009-11-17","ElCheapo","288373","246700","41673"
"2009-11-18","ElCheapo","236728","203562","33166"
"2009-11-19","ElCheapo","148366","128068","20298"
"2009-11-20","ElCheapo","260352","230491","29861"
"2009-11-21","ElCheapo","205557","186091","19466"
"2009-11-22","ElCheapo","327872","289984","37888"
"2009-11-23","ElCheapo","189426","165476","23950"
"2009-11-24","ElCheapo","261098","226411","34687"
"2009-11-25","ElCheapo","198125","164666","33459"
"2009-11-26","ElCheapo","265242","221096","44146"
"2009-11-27","ElCheapo","255020","233375","21645"
"2009-11-28","ElCheapo","256669","229882","26787"
"2009-11-29","ElCheapo","195700","174927","20773"
"2009-11-30","ElCheapo","225797","194832","30965"
"2009-12-01","ElCheapo","264592","226247","38345"
"2009-12-02","ElCheapo","276986","247778","29208"
"2009-12-03","ElCheapo","198308","176531","21777"
"2009-12-04","ElCheapo","189999","156583","33416"
"2009-12-05","ElCheapo","302245","267243","35002"
"2009-12-06","ElCheapo","165507","139228","26279"
"2009-12-07","ElCheapo","182059","154705","27354"
"2009-12-08","ElCheapo","293135","257444","35691"
"2009-12-09","ElCheapo","141412","123290","18122"
"2009-12-10","ElCheapo","142112","115714","26398"
"2009-12-11","ElCheapo","280698","246136","34562"
"2009-12-12","ElCheapo","123569","109732","13837"
"2009-12-13","ElCheapo","249646","216392","33254"
"2009-12-14","ElCheapo","195609","168550","27059"
"2009-12-15","ElCheapo","191699","164904","26795"
"2009-12-16","ElCheapo","305118","267113","38005"
"2009-12-17","ElCheapo","210241","180620","29621"
"2009-12-18","ElCheapo","154975","136767","18208"
"2009-12-19","ElCheapo","250533","217982","32551"
"2009-12-20","ElCheapo","198427","173519","24908"
"2009-12-21","ElCheapo","233788","200115","33673"
"2009-12-22","ElCheapo","189987","170312","19675"
"2009-12-23","ElCheapo","200481","175230","25251"
"2009-12-24","ElCheapo","198190","165389","32801"
"2009-12-25","ElCheapo","171288","150317","20971"
"2009-12-26","ElCheapo","154674","135257","19417"
"2009-12-27","ElCheapo","350120","306253","43867"
"2009-12-28","ElCheapo","201943","167486","34457"
"2009-12-29","ElCheapo","152361","134583","17778"
"2009-12-30","ElCheapo","259965","230448","29517"
"2009-12-31","ElCheapo","194417","169005","25412"
"2010-01-01","ElCheapo","159704","128706","30998"
"2010-01-02","ElCheapo","287578","253464","34114"
"2010-01-03","ElCheapo","386203","346633","39570"
"2010-01-04","ElCheapo","293268","253790","39478"
"2010-01-05","ElCheapo","236049","201034","35015"
"2010-01-06","ElCheapo","253256","222772","30484"
"2010-01-07","ElCheapo","315164","283122","32042"
"2010-01-08","ElCheapo","358486","306565","51921"
"2010-01-09","ElCheapo","271931","249185","22746"
"2010-01-10","ElCheapo","327992","297098","30894"
"2010-01-11","ElCheapo","254119","215713","38406"
"2010-01-12","ElCheapo","229943","191852","38091"
"2010-01-13","ElCheapo","249270","204944","44326"
"2010-01-14","ElCheapo","390682","348243","42439"
"2010-01-15","ElCheapo","281541","239343","42198"
"2010-01-16","ElCheapo","228713","190209","38504"
"2010-01-17","ElCheapo","367864","311271","56593"
"2010-01-18","ElCheapo","355148","312736","42412"
"2010-01-19","ElCheapo","252535","211708","40827"
"2010-01-20","ElCheapo","234166","201877","32289"
"2010-01-21","ElCheapo","422463","377368","45095"
"2010-01-22","ElCheapo","196857","165243","31614"
"2010-01-23","ElCheapo","211687","183125","28562"
"2010-01-24","ElCheapo","277876","249690","28186"
"2010-01-25","ElCheapo","344411","298454","45957"
"2010-01-26","ElCheapo","331316","293952","37364"
"2010-01-27","ElCheapo","218029","184890","33139"
"2010-01-28","ElCheapo","207687","175405","32282"
"2010-01-29","ElCheapo","359974","310883","49091"
"2010-01-30","ElCheapo","315827","269613","46214"
"2010-01-31","ElCheapo","230248","195790","34458"
"2010-02-01","ElCheapo","226081","190581","35500"
"2010-02-02","ElCheapo","316252","279236","37016"
"2010-02-03","ElCheapo","257110","229279","27831"
"2010-02-04","ElCheapo","241373","211616","29757"
"2010-02-05","ElCheapo","277949","244619","33330"
"2010-02-06","ElCheapo","337327","287431","49896"
"2010-02-07","ElCheapo","371553","327489","44064"
"2010-02-08","ElCheapo","252644","220735","31909"
"2010-02-09","ElCheapo","463906","419208","44698"
"2010-02-10","ElCheapo","314759","253558","61201"
"2010-02-11","ElCheapo","293257","251105","42152"
"2010-02-12","ElCheapo","308603","275806","32797"
"2010-02-13","ElCheapo","306614","274474","32140"
"2010-02-14","ElCheapo","290529","243725","46804"
"2010-02-15","ElCheapo","349755","309159","40596"
"2010-02-16","ElCheapo","362923","313161","49762"
"2010-02-17","ElCheapo","283326","238268","45058"
"2010-02-18","ElCheapo","408886","355572","53314"
"2010-02-19","ElCheapo","428233","373694","54539"
"2010-02-20","ElCheapo","266133","225436","40697"
"2010-02-21","ElCheapo","189322","152438","36884"
"2010-02-22","ElCheapo","347498","302821","44677"
"2010-02-23","ElCheapo","502831","445791","57040"
"2010-02-24","ElCheapo","332427","274145","58282"
"2010-02-25","ElCheapo","253437","215119","38318"
"2010-02-26","ElCheapo","338557","289424","49133"
"2010-02-27","ElCheapo","318164","271628","46536"
"2010-02-28","ElCheapo","273782","236113","37669"
"2010-03-01","ElCheapo","217638","187106","30532"
"2010-03-02","ElCheapo","151330","122230","29100"
"2010-03-03","ElCheapo","346278","300981","45297"
"2010-03-04","ElCheapo","259327","214043","45284"
"2010-03-05","ElCheapo","284136","249987","34149"
"2010-03-06","ElCheapo","304579","271152","33427"
"2010-03-07","ElCheapo","300860","248461","52399"
"2010-03-08","ElCheapo","188898","159231","29667"
"2010-03-09","ElCheapo","254326","212644","41682"
"2010-03-10","ElCheapo","320736","277106","43630"
"2010-03-11","ElCheapo","358774","309567","49207"
"2010-03-12","ElCheapo","281737","239559","42178"
"2010-03-13","ElCheapo","296989","249740","47249"
"2010-03-14","ElCheapo","204556","179694","24862"
"2010-03-15","ElCheapo","355475","320985","34490"
"2010-03-16","ElCheapo","269812","237129","32683"
"2010-03-17","ElCheapo","346724","311750","34974"
"2010-03-18","ElCheapo","357734","306230","51504"
"2010-03-19","ElCheapo","349441","296338","53103"
"2010-03-20","ElCheapo","215830","190579","25251"
"2010-03-21","ElCheapo","351686","307454","44232"
"2010-03-22","ElCheapo","217938","192298","25640"
"2010-03-23","ElCheapo","269526","234276","35250"
"2010-03-24","ElCheapo","328881","287541","41340"
"2010-03-25","ElCheapo","333876","294632","39244"
"2010-03-26","ElCheapo","382693","331226","51467"
"2010-03-27","ElCheapo","306794","274964","31830"
"2010-03-28","ElCheapo","243317","199060","44257"
"2010-03-29","ElCheapo","407128","360681","46447"
"2010-03-30","ElCheapo","212992","182817","30175"
"2010-03-31","ElCheapo","286006","254880","31126"
"2010-04-01","ElCheapo","295797","252557","43240"
"2010-04-02","ElCheapo","327419","273537","53882"
"2010-04-03","ElCheapo","229049","189678","39371"
"2010-04-04","ElCheapo","314594","285638","28956"
"2010-04-05","ElCheapo","310938","271891","39047"
"2010-04-06","ElCheapo","359509","298313","61196"
"2010-04-07","ElCheapo","336726","283712","53014"
"2010-04-08","ElCheapo","332174","289250","42924"
"2010-04-09","ElCheapo","370939","328201","42738"
"2010-04-10","ElCheapo","279790","250206","29584"
"2010-04-11","ElCheapo","251597","213964","37633"
"2010-04-12","ElCheapo","284364","246944","37420"
"2010-04-13","ElCheapo","262987","219341","43646"
"2010-04-14","ElCheapo","363137","316774","46363"
"2010-04-15","ElCheapo","300149","268568","31581"
"2010-04-16","ElCheapo","246503","215144","31359"
"2010-04-17","ElCheapo","335893","300316","35577"
"2010-04-18","ElCheapo","296228","264411","31817"
"2010-04-19","ElCheapo","268673","222678","45995"
"2010-04-20","ElCheapo","328236","286785","41451"
"2010-04-21","ElCheapo","309634","268593","41041"
"2010-04-22","ElCheapo","322239","280010","42229"
"2010-04-23","ElCheapo","277972","239498","38474"
"2010-04-24","ElCheapo","298369","270058","28311"
"2010-04-25","ElCheapo","400473","345339","55134"
"2010-04-26","ElCheapo","365760","318276","47484"
"2010-04-27","ElCheapo","399940","358973","40967"
"2010-04-28","ElCheapo","349549","300626","48923"
"2010-04-29","ElCheapo","443191","378883","64308"
"2010-04-30","ElCheapo","348617","313244","35373"
"2010-05-01","ElCheapo","250783","217431","33352"
"2010-05-02","ElCheapo","273386","240019","33367"
"2010-05-03","ElCheapo","483595","417483","66112"
"2010-05-04","ElCheapo","256394","226084","30310"
"2010-05-05","ElCheapo","271693","233984","37709"
"2010-05-06","ElCheapo","263543","227141","36402"
"2010-05-07","ElCheapo","360640","309614","51026"
"2010-05-08","ElCheapo","258152","220649","37503"
"2010-05-09","ElCheapo","372947","335298","37649"
"2010-05-10","ElCheapo","338859","306191","32668"
"2010-05-11","ElCheapo","367565","329653","37912"
"2010-05-12","ElCheapo","320510","285141","35369"
"2010-05-13","ElCheapo","214632","182334","32298"
"2010-05-14","ElCheapo","246588","208471","38117"
"2010-05-15","ElCheapo","209027","177800","31227"
"2010-05-16","ElCheapo","272185","241168","31017"
"2010-05-17","ElCheapo","189568","161843","27725"
"2010-05-18","ElCheapo","324508","277845","46663"
"2010-05-19","ElCheapo","348342","290537","57805"
"2010-05-20","ElCheapo","361435","305887","55548"
"2010-05-21","ElCheapo","357483","307445","50038"
"2010-05-22","ElCheapo","240761","204534","36227"
"2010-05-23","ElCheapo","235663","204293","31370"
"2010-05-24","ElCheapo","338503","305843","32660"
"2010-05-25","ElCheapo","326640","280486","46154"
"2010-05-26","ElCheapo","177536","152955","24581"
"2010-05-27","ElCheapo","288993","260350","28643"
"2010-05-28","ElCheapo","257758","216921","40837"
"2010-05-29","ElCheapo","229379","198715","30664"
"2010-05-30","ElCheapo","312721","268032","44689"
"2010-05-31","ElCheapo","333331","286037","47294"
"2010-06-01","ElCheapo","321388","281125","40263"
"2010-06-02","ElCheapo","486118","426211","59907"
"2010-06-03","ElCheapo","667470","594067","73403"
"2010-06-04","ElCheapo","424766","376295","48471"
"2010-06-05","ElCheapo","475292","406012","69280"
"2010-06-06","ElCheapo","457685","393078","64607"
"2010-06-07","ElCheapo","338690","282036","56654"
"2010-06-08","ElCheapo","764190","681847","82343"
"2010-06-09","ElCheapo","558982","472972","86010"
"2010-06-10","ElCheapo","503986","424124","79862"
"2010-06-11","ElCheapo","580451","501985","78466"
"2010-06-12","ElCheapo","504841","445865","58976"
"2010-06-13","ElCheapo","675093","587047","88046"
"2010-06-14","ElCheapo","491603","428833","62770"
"2010-06-15","ElCheapo","661538","583686","77852"
"2010-06-16","ElCheapo","457227","394256","62971"
"2010-06-17","ElCheapo","401582","341759","59823"
"2010-06-18","ElCheapo","428776","371694","57082"
"2010-06-19","ElCheapo","557641","488243","69398"
"2010-06-20","ElCheapo","569545","492737","76808"
"2010-06-21","ElCheapo","496271","430865","65406"
"2010-06-22","ElCheapo","540620","469416","71204"
"2010-06-23","ElCheapo","667371","587953","79418"
"2010-06-24","ElCheapo","482878","428688","54190"
"2010-06-25","ElCheapo","570187","490178","80009"
"2010-06-26","ElCheapo","645823","563124","82699"
"2010-06-27","ElCheapo","742859","654123","88736"
"2010-06-28","ElCheapo","575919","495878","80041"
"2010-06-29","ElCheapo","502781","436261","66520"
"2010-06-30","ElCheapo","689129","593295","95834"
"2010-07-01","ElCheapo","511353","434504","76849"
"2010-07-02","ElCheapo","462562","395596","66966"
"2010-07-03","ElCheapo","607779","547429","60350"
"2010-07-04","ElCheapo","635642","562911","72731"
"2010-07-05","ElCheapo","458718","391264","67454"
"2010-07-06","ElCheapo","467448","395797","71651"
"2010-07-07","ElCheapo","569633","505722","63911"
"2010-07-08","ElCheapo","513989","445843","68146"
"2010-07-09","ElCheapo","686370","592919","93451"
"2010-07-10","ElCheapo","626239","546281","79958"
"2010-07-11","ElCheapo","625328","554001","71327"
"2010-07-12","ElCheapo","606023","522127","83896"
"2010-07-13","ElCheapo","442588","397353","45235"
"2010-07-14","ElCheapo","573858","499622","74236"
"2010-07-15","ElCheapo","650641","562730","87911"
"2010-07-16","ElCheapo","433964","369696","64268"
"2010-07-17","ElCheapo","471155","395044","76111"
"2010-07-18","ElCheapo","635380","549787","85593"
"2010-07-19","ElCheapo","423373","359070","64303"
"2010-07-20","ElCheapo","503527","429659","73868"
"2010-07-21","ElCheapo","513714","445849","67865"
"2010-07-22","ElCheapo","670927","589774","81153"
"2010-07-23","ElCheapo","813810","723588","90222"
"2010-07-24","ElCheapo","584286","499083","85203"
"2010-07-25","ElCheapo","540208","464060","76148"
"2010-07-26","ElCheapo","581708","494231","87477"
"2010-07-27","ElCheapo","449359","387071","62288"
"2010-07-28","ElCheapo","460443","402864","57579"
"2010-07-29","ElCheapo","318567","263050","55517"
"2010-07-30","ElCheapo","452638","387279","65359"
"2010-07-31","ElCheapo","476955","408025","68930"
"2010-08-01","ElCheapo","506442","439789","66653"
"2010-08-02","ElCheapo","653624","569275","84349"
"2010-08-03","ElCheapo","480983","406185","74798"
"2010-08-04","ElCheapo","639224","556613","82611"
"2010-08-05","ElCheapo","488825","430891","57934"
"2010-08-06","ElCheapo","548011","483068","64943"
"2010-08-07","ElCheapo","668111","581309","86802"
"2010-08-08","ElCheapo","579720","496587","83133"
"2010-08-09","ElCheapo","493302","422508","70794"
"2010-08-10","ElCheapo","624507","525917","98590"
"2010-08-11","ElCheapo","702706","598791","103915"
"2010-08-12","ElCheapo","514544","444778","69766"
"2010-08-13","ElCheapo","336941","287195","49746"
"2010-08-14","ElCheapo","487590","425551","62039"
"2010-08-15","ElCheapo","687674","598555","89119"
"2010-08-16","ElCheapo","586856","504569","82287"
"2010-08-17","ElCheapo","419138","352684","66454"
"2010-08-18","ElCheapo","649893","572140","77753"
"2010-08-19","ElCheapo","543763","479940","63823"
"2010-08-20","ElCheapo","569294","497788","71506"
"2010-08-21","ElCheapo","695579","627635","67944"
"2010-08-22","ElCheapo","564127","496688","67439"
"2010-08-23","ElCheapo","559031","484963","74068"
"2010-08-24","ElCheapo","708755","639215","69540"
"2010-08-25","ElCheapo","514775","457841","56934"
"2010-08-26","ElCheapo","569512","497831","71681"
"2010-08-27","ElCheapo","717193","624254","92939"
"2010-08-28","ElCheapo","595166","502034","93132"
"2010-08-29","ElCheapo","570680","494186","76494"
"2010-08-30","ElCheapo","535237","455306","79931"
"2010-08-31","ElCheapo","596025","504646","91379"
"2010-09-01","ElCheapo","546387","468699","77688"
"2010-09-02","ElCheapo","591175","518871","72304"
"2010-09-03","ElCheapo","606353","528705","77648"
"2010-09-04","ElCheapo","792668","690078","102590"
"2010-09-05","ElCheapo","658580","573276","85304"
"2010-09-06","ElCheapo","582981","507510","75471"
"2010-09-07","ElCheapo","516070","441260","74810"
"2010-09-08","ElCheapo","601731","518265","83466"
"2010-09-09","ElCheapo","488626","426338","62288"
"2010-09-10","ElCheapo","501123","444200","56923"
"2010-09-11","ElCheapo","597165","523724","73441"
"2010-09-12","ElCheapo","446531","378228","68303"
"2010-09-13","ElCheapo","544751","467420","77331"
"2010-09-14","ElCheapo","561458","482602","78856"
"2010-09-15","ElCheapo","469843","407223","62620"
"2010-09-16","ElCheapo","550293","478600","71693"
"2010-09-17","ElCheapo","554278","475212","79066"
"2010-09-18","ElCheapo","763673","672293","91380"
"2010-09-19","ElCheapo","655494","567133","88361"
"2010-09-20","ElCheapo","485057","413116","71941"
"2010-09-21","ElCheapo","596512","509401","87111"
"2010-09-22","ElCheapo","668765","585866","82899"
"2010-09-23","ElCheapo","646530","568700","77830"
"2010-09-24","ElCheapo","516172","453630","62542"
"2010-09-25","ElCheapo","372453","323472","48981"
"2010-09-26","ElCheapo","490977","410584","80393"
"2010-09-27","ElCheapo","389717","334181","55536"
"2010-09-28","ElCheapo","515684","448269","67415"
"2010-09-29","ElCheapo","599882","524542","75340"
"2010-09-30","ElCheapo","489957","408994","80963"
"2010-10-01","ElCheapo","557168","478944","78224"
"2010-10-02","ElCheapo","546643","485403","61240"
"2010-10-03","ElCheapo","591786","517550","74236"
"2010-10-04","ElCheapo","468227","412337","55890"
"2010-10-05","ElCheapo","441240","384211","57029"
"2010-10-06","ElCheapo","505268","441453","63815"
"2010-10-07","ElCheapo","653408","561552","91856"
"2010-10-08","ElCheapo","506990","423816","83174"
"2010-10-09","ElCheapo","491388","414215","77173"
"2010-10-10","ElCheapo","534618","469920","64698"
"2010-10-11","ElCheapo","453342","382655","70687"
"2010-10-12","ElCheapo","488709","420164","68545"
"2010-10-13","ElCheapo","588200","511104","77096"
"2010-10-14","ElCheapo","379069","318348","60721"
"2010-10-15","ElCheapo","585179","507277","77902"
"2010-10-16","ElCheapo","576112","506332","69780"
"2010-10-17","ElCheapo","452872","382428","70444"
"2010-10-18","ElCheapo","535927","460054","75873"
"2010-10-19","ElCheapo","508549","432136","76413"
"2010-10-20","ElCheapo","458494","385761","72733"
"2010-10-21","ElCheapo","740556","645519","95037"
"2010-10-22","ElCheapo","450227","386434","63793"
"2010-10-23","ElCheapo","665021","585209","79812"
"2010-10-24","ElCheapo","530626","461262","69364"
"2010-10-25","ElCheapo","467121","420249","46872"
"2010-10-26","ElCheapo","500134","422471","77663"
"2010-10-27","ElCheapo","545974","467406","78568"
"2010-10-28","ElCheapo","637040","547058","89982"
"2010-10-29","ElCheapo","515283","445701","69582"
"2010-10-30","ElCheapo","591786","511096","80690"
"2010-10-31","ElCheapo","474601","408837","65764"
"2010-11-01","ElCheapo","643895","551142","92753"
"2010-11-02","ElCheapo","526428","447627","78801"
"2010-11-03","ElCheapo","579262","514790","64472"
"2010-11-04","ElCheapo","555841","466964","88877"
"2010-11-05","ElCheapo","643322","541335","101987"
"2010-11-06","ElCheapo","448038","374542","73496"
"2010-11-07","ElCheapo","618432","540270","78162"
"2010-11-08","ElCheapo","571071","498902","72169"
"2010-11-09","ElCheapo","587006","496384","90622"
"2010-11-10","ElCheapo","535243","450031","85212"
"2010-11-11","ElCheapo","530503","466989","63514"
"2010-11-12","ElCheapo","714491","620489","94002"
"2010-11-13","ElCheapo","606438","525345","81093"
"2010-11-14","ElCheapo","401678","336060","65618"
"2010-11-15","ElCheapo","536625","470456","66169"
"2010-11-16","ElCheapo","420813","368493","52320"
"2010-11-17","ElCheapo","496405","434328","62077"
"2010-11-18","ElCheapo","538601","476406","62195"
"2010-11-19","ElCheapo","454183","396946","57237"
"2010-11-20","ElCheapo","635787","565850","69937"
"2010-11-21","ElCheapo","559216","493039","66177"
"2010-11-22","ElCheapo","515356","451243","64113"
"2010-11-23","ElCheapo","833649","734546","99103"
"2010-11-24","ElCheapo","603207","521310","81897"
"2010-11-25","ElCheapo","509962","434691","75271"
"2010-11-26","ElCheapo","462841","394179","68662"
"2010-11-27","ElCheapo","479325","415877","63448"
"2010-11-28","ElCheapo","465106","393946","71160"
"2010-11-29","ElCheapo","532336","457011","75325"
"2010-11-30","ElCheapo","592575","517120","75455"
"2010-12-01","ElCheapo","763524","671958","91566"
"2010-12-02","ElCheapo","488962","420752","68210"
"2010-12-03","ElCheapo","384498","325566","58932"
"2010-12-04","ElCheapo","519201","459310","59891"
"2010-12-05","ElCheapo","534383","437006","97377"
"2010-12-06","ElCheapo","444751","369432","75319"
"2010-12-07","ElCheapo","628661","546006","82655"
"2010-12-08","ElCheapo","451015","388113","62902"
"2010-12-09","ElCheapo","484197","408724","75473"
"2010-12-10","ElCheapo","336487","293367","43120"
"2010-12-11","ElCheapo","490431","429985","60446"
"2010-12-12","ElCheapo","522433","455903","66530"
"2010-12-13","ElCheapo","486516","426542","59974"
"2010-12-14","ElCheapo","566839","499418","67421"
"2010-12-15","ElCheapo","528032","461845","66187"
"2010-12-16","ElCheapo","518616","449071","69545"
"2010-12-17","ElCheapo","425638","354433","71205"
"2010-12-18","ElCheapo","586575","499099","87476"
"2010-12-19","ElCheapo","605465","531437","74028"
"2010-12-20","ElCheapo","459716","393317","66399"
"2010-12-21","ElCheapo","331495","283221","48274"
"2010-12-22","ElCheapo","687941","601629","86312"
"2010-12-23","ElCheapo","547546","483090","64456"
"2010-12-24","ElCheapo","549386","478689","70697"
"2010-12-25","ElCheapo","484480","407050","77430"
"2010-12-26","ElCheapo","514455","445024","69431"
"2010-12-27","ElCheapo","607644","518468","89176"
"2010-12-28","ElCheapo","466494","406815","59679"
"2010-12-29","ElCheapo","585972","519994","65978"
"2010-12-30","ElCheapo","333793","277019","56774"
"2010-12-31","ElCheapo","620649","533387","87262"
"2011-01-01","ElCheapo","714076","620153","93923"
"2011-01-02","ElCheapo","633415","547648","85767"
"2011-01-03","ElCheapo","612510","532186","80324"
"2011-01-04","ElCheapo","651405","570367","81038"
"2011-01-05","ElCheapo","565280","493719","71561"
"2011-01-06","ElCheapo","571311","478330","92981"
"2011-01-07","ElCheapo","503906","423991","79915"
"2011-01-08","ElCheapo","525011","457678","67333"
"2011-01-09","ElCheapo","489180","404967","84213"
"2011-01-10","ElCheapo","613034","543413","69621"
"2011-01-11","ElCheapo","645963","557077","88886"
"2011-01-12","ElCheapo","619813","540802","79011"
"2011-01-13","ElCheapo","622398","544991","77407"
"2011-01-14","ElCheapo","829962","733842","96120"
"2011-01-15","ElCheapo","701409","616180","85229"
"2011-01-16","ElCheapo","520033","438873","81160"
"2011-01-17","ElCheapo","559570","484554","75016"
"2011-01-18","ElCheapo","669638","583183","86455"
"2011-01-19","ElCheapo","567760","491337","76423"
"2011-01-20","ElCheapo","411770","343348","68422"
"2011-01-21","ElCheapo","567898","498161","69737"
"2011-01-22","ElCheapo","796207","689199","107008"
"2011-01-23","ElCheapo","731039","635704","95335"
"2011-01-24","ElCheapo","615062","524158","90904"
"2011-01-25","ElCheapo","633919","539740","94179"
"2011-01-26","ElCheapo","611772","547403","64369"
"2011-01-27","ElCheapo","569219","492336","76883"
"2011-01-28","ElCheapo","510638","434039","76599"
"2011-01-29","ElCheapo","670299","589371","80928"
"2011-01-30","ElCheapo","564027","485371","78656"
"2011-01-31","ElCheapo","453244","382823","70421"
"2011-02-01","ElCheapo","384120","329102","55018"
"2011-02-02","ElCheapo","503209","427885","75324"
"2011-02-03","ElCheapo","629637","547214","82423"
"2011-02-04","ElCheapo","624380","555844","68536"
"2011-02-05","ElCheapo","558862","478803","80059"
"2011-02-06","ElCheapo","735589","659600","75989"
"2011-02-07","ElCheapo","581851","494621","87230"
"2011-02-08","ElCheapo","643142","552445","90697"
"2011-02-09","ElCheapo","516382","450544","65838"
"2011-02-10","ElCheapo","646813","565180","81633"
"2011-02-11","ElCheapo","757969","665389","92580"
"2011-02-12","ElCheapo","534215","465624","68591"
"2011-02-13","ElCheapo","503014","438278","64736"
"2011-02-14","ElCheapo","691627","591708","99919"
"2011-02-15","ElCheapo","601013","522299","78714"
"2011-02-16","ElCheapo","730591","637043","93548"
"2011-02-17","ElCheapo","547597","473680","73917"
"2011-02-18","ElCheapo","587033","508699","78334"
"2011-02-19","ElCheapo","477746","422357","55389"
"2011-02-20","ElCheapo","523049","463467","59582"
"2011-02-21","ElCheapo","586603","488110","98493"
"2011-02-22","ElCheapo","591172","506894","84278"
"2011-02-23","ElCheapo","590142","500088","90054"
"2011-02-24","ElCheapo","770154","662895","107259"
"2011-02-25","ElCheapo","575936","507356","68580"
"2011-02-26","ElCheapo","498536","426487","72049"
"2011-02-27","ElCheapo","655750","569108","86642"
"2011-02-28","ElCheapo","636104","547283","88821"
"2011-03-01","ElCheapo","606323","527041","79282"
"2011-03-02","ElCheapo","698239","617988","80251"
"2011-03-03","ElCheapo","600479","503348","97131"
"2011-03-04","ElCheapo","820723","696642","124081"
"2011-03-05","ElCheapo","768385","669981","98404"
"2011-03-06","ElCheapo","635951","528785","107166"
"2011-03-07","ElCheapo","568455","473708","94747"
"2011-03-08","ElCheapo","498311","427967","70344"
"2011-03-09","ElCheapo","803014","704126","98888"
"2011-03-10","ElCheapo","649371","558225","91146"
"2011-03-11","ElCheapo","545946","479123","66823"
"2011-03-12","ElCheapo","658687","582917","75770"
"2011-03-13","ElCheapo","575767","512191","63576"
"2011-03-14","ElCheapo","447030","375512","71518"
"2011-03-15","ElCheapo","640825","546903","93922"
"2011-03-16","ElCheapo","572844","503343","69501"
"2011-03-17","ElCheapo","576151","492465","83686"
"2011-03-18","ElCheapo","820686","721648","99038"
"2011-03-19","ElCheapo","609930","535857","74073"
"2011-03-20","ElCheapo","603770","532620","71150"
"2011-03-21","ElCheapo","712960","618795","94165"
"2011-03-22","ElCheapo","503468","434765","68703"
"2011-03-23","ElCheapo","583294","499338","83956"
"2011-03-24","ElCheapo","634849","543770","91079"
"2011-03-25","ElCheapo","513505","432852","80653"
"2011-03-26","ElCheapo","705471","612397","93074"
"2011-03-27","ElCheapo","641072","546072","95000"
"2011-03-28","ElCheapo","625112","529631","95481"
"2011-03-29","ElCheapo","695565","573513","122052"
"2011-03-30","ElCheapo","602614","532936","69678"
"2011-03-31","ElCheapo","694919","609676","85243"
"2011-04-01","ElCheapo","665648","568399","97249"
"2011-04-02","ElCheapo","669116","571373","97743"
"2011-04-03","ElCheapo","564489","484990","79499"
"2011-04-04","ElCheapo","584850","506788","78062"
"2011-04-05","ElCheapo","537731","461392","76339"
"2011-04-06","ElCheapo","529248","450073","79175"
"2011-04-07","ElCheapo","563657","491149","72508"
"2011-04-08","ElCheapo","673361","576231","97130"
"2011-04-09","ElCheapo","582693","491178","91515"
"2011-04-10","ElCheapo","473244","414200","59044"
"2011-04-11","ElCheapo","486588","410784","75804"
"2011-04-12","ElCheapo","672497","594308","78189"
"2011-04-13","ElCheapo","536003","458996","77007"
"2011-04-14","ElCheapo","705342","619094","86248"
"2011-04-15","ElCheapo","616485","537795","78690"
"2011-04-16","ElCheapo","670825","572376","98449"
"2011-04-17","ElCheapo","630469","554920","75549"
"2011-04-18","ElCheapo","705090","614958","90132"
"2011-04-19","ElCheapo","694891","610545","84346"
"2011-04-20","ElCheapo","672810","583279","89531"
"2011-04-21","ElCheapo","551369","465260","86109"
"2011-04-22","ElCheapo","601538","524300","77238"
"2011-04-23","ElCheapo","695411","611075","84336"
"2011-04-24","ElCheapo","656453","571338","85115"
"2011-04-25","ElCheapo","635216","546572","88644"
"2011-04-26","ElCheapo","642682","566497","76185"
"2011-04-27","ElCheapo","447722","391945","55777"
"2011-04-28","ElCheapo","732170","638549","93621"
"2011-04-29","ElCheapo","632937","540190","92747"
"2011-04-30","ElCheapo","515296","427718","87578"
"2011-05-01","ElCheapo","813563","706374","107189"
"2011-05-02","ElCheapo","518358","455747","62611"
"2011-05-03","ElCheapo","628736","542443","86293"
"2011-05-04","ElCheapo","521956","436046","85910"
"2011-05-05","ElCheapo","591408","501807","89601"
"2011-05-06","ElCheapo","443969","392634","51335"
"2011-05-07","ElCheapo","803473","728695","74778"
"2011-05-08","ElCheapo","552751","469864","82887"
"2011-05-09","ElCheapo","590443","530321","60122"
"2011-05-10","ElCheapo","644499","573354","71145"
"2011-05-11","ElCheapo","660223","572210","88013"
"2011-05-12","ElCheapo","618057","528374","89683"
"2011-05-13","ElCheapo","774745","676472","98273"
"2011-05-14","ElCheapo","478530","412665","65865"
"2011-05-15","ElCheapo","486886","421076","65810"
"2011-05-16","ElCheapo","758943","673815","85128"
"2011-05-17","ElCheapo","766475","672174","94301"
"2011-05-18","ElCheapo","616968","533025","83943"
"2011-05-19","ElCheapo","586692","517609","69083"
"2011-05-20","ElCheapo","500748","436213","64535"
"2011-05-21","ElCheapo","731395","628978","102417"
"2011-05-22","ElCheapo","709082","613644","95438"
"2011-05-23","ElCheapo","469797","396779","73018"
"2011-05-24","ElCheapo","583106","496420","86686"
"2011-05-25","ElCheapo","554649","459930","94719"
"2011-05-26","ElCheapo","654261","568300","85961"
"2011-05-27","ElCheapo","821083","717407","103676"
"2011-05-28","ElCheapo","518804","449433","69371"
"2011-05-29","ElCheapo","763267","669791","93476"
"2011-05-30","ElCheapo","714969","612989","101980"
"2011-05-31","ElCheapo","352000","295696","56304"
"2011-06-01","ElCheapo","708255","615978","92277"
"2011-06-02","ElCheapo","869251","750886","118365"
"2011-06-03","ElCheapo","744233","652429","91804"
"2011-06-04","ElCheapo","799705","693978","105727"
"2011-06-05","ElCheapo","713495","625007","88488"
"2011-06-06","ElCheapo","464016","402953","61063"
"2011-06-07","ElCheapo","664865","578733","86132"
"2011-06-08","ElCheapo","948060","812232","135828"
"2011-06-09","ElCheapo","848431","735325","113106"
"2011-06-10","ElCheapo","689909","603824","86085"
"2011-06-11","ElCheapo","759244","651612","107632"
"2011-06-12","ElCheapo","695289","610153","85136"
"2011-06-13","ElCheapo","682534","578883","103651"
"2011-06-14","ElCheapo","845869","747016","98853"
"2011-06-15","ElCheapo","852521","745544","106977"
"2011-06-16","ElCheapo","561984","471971","90013"
"2011-06-17","ElCheapo","853375","750547","102828"
"2011-06-18","ElCheapo","859801","755927","103874"
"2011-06-19","ElCheapo","700050","597723","102327"
"2011-06-20","ElCheapo","811778","694578","117200"
"2011-06-21","ElCheapo","766926","676505","90421"
"2011-06-22","ElCheapo","827249","727481","99768"
"2011-06-23","ElCheapo","767393","667836","99557"
"2011-06-24","ElCheapo","818763","710683","108080"
"2011-06-25","ElCheapo","795108","692925","102183"
"2011-06-26","ElCheapo","855333","728949","126384"
"2011-06-27","ElCheapo","670877","573515","97362"
"2011-06-28","ElCheapo","719412","611654","107758"
"2011-06-29","ElCheapo","806179","716195","89984"
"2011-06-30","ElCheapo","792747","690907","101840"
"2011-07-01","ElCheapo","780251","647680","132571"
"2011-07-02","ElCheapo","801754","680535","121219"
"2011-07-03","ElCheapo","513376","457207","56169"
"2011-07-04","ElCheapo","754880","650032","104848"
"2011-07-05","ElCheapo","736703","644012","92691"
"2011-07-06","ElCheapo","859297","720665","138632"
"2011-07-07","ElCheapo","733123","646300","86823"
"2011-07-08","ElCheapo","771661","678613","93048"
"2011-07-09","ElCheapo","805655","701652","104003"
"2011-07-10","ElCheapo","768517","682974","85543"
"2011-07-11","ElCheapo","602487","525524","76963"
"2011-07-12","ElCheapo","596736","512546","84190"
"2011-07-13","ElCheapo","625547","531566","93981"
"2011-07-14","ElCheapo","835019","731532","103487"
"2011-07-15","ElCheapo","1073501","936856","136645"
"2011-07-16","ElCheapo","583878","506648","77230"
"2011-07-17","ElCheapo","787201","688041","99160"
"2011-07-18","ElCheapo","682401","576333","106068"
"2011-07-19","ElCheapo","830827","723044","107783"
"2011-07-20","ElCheapo","720990","617160","103830"
"2011-07-21","ElCheapo","765408","670152","95256"
"2011-07-22","ElCheapo","750981","653798","97183"
"2011-07-23","ElCheapo","882699","759318","123381"
"2011-07-24","ElCheapo","838759","727792","110967"
"2011-07-25","ElCheapo","848122","740349","107773"
"2011-07-26","ElCheapo","728156","627427","100729"
"2011-07-27","ElCheapo","795332","706258","89074"
"2011-07-28","ElCheapo","651635","547169","104466"
"2011-07-29","ElCheapo","576004","498001","78003"
"2011-07-30","ElCheapo","780424","674819","105605"
"2011-07-31","ElCheapo","710204","600233","109971"
"2011-08-01","ElCheapo","679906","606467","73439"
"2011-08-02","ElCheapo","534687","465912","68775"
"2011-08-03","ElCheapo","893008","766342","126666"
"2011-08-04","ElCheapo","882322","775431","106891"
"2011-08-05","ElCheapo","631439","546566","84873"
"2011-08-06","ElCheapo","635640","543732","91908"
"2011-08-07","ElCheapo","844723","738235","106488"
"2011-08-08","ElCheapo","753152","663826","89326"
"2011-08-09","ElCheapo","736641","639643","96998"
"2011-08-10","ElCheapo","825317","727611","97706"
"2011-08-11","ElCheapo","725332","622665","102667"
"2011-08-12","ElCheapo","925656","816518","109138"
"2011-08-13","ElCheapo","434228","379030","55198"
"2011-08-14","ElCheapo","827429","720468","106961"
"2011-08-15","ElCheapo","832394","722444","109950"
"2011-08-16","ElCheapo","905041","791751","113290"
"2011-08-17","ElCheapo","943520","829273","114247"
"2011-08-18","ElCheapo","617913","537300","80613"
"2011-08-19","ElCheapo","799278","684556","114722"
"2011-08-20","ElCheapo","800495","702211","98284"
"2011-08-21","ElCheapo","721013","615536","105477"
"2011-08-22","ElCheapo","884057","758625","125432"
"2011-08-23","ElCheapo","697892","607925","89967"
"2011-08-24","ElCheapo","651730","574248","77482"
"2011-08-25","ElCheapo","783754","690806","92948"
"2011-08-26","ElCheapo","797471","677562","119909"
"2011-08-27","ElCheapo","568447","488727","79720"
"2011-08-28","ElCheapo","812166","709303","102863"
"2011-08-29","ElCheapo","674923","570847","104076"
"2011-08-30","ElCheapo","520847","446004","74843"
"2011-08-31","ElCheapo","646370","554447","91923"
"2011-09-01","ElCheapo","631872","535718","96154"
"2011-09-02","ElCheapo","879872","777270","102602"
"2011-09-03","ElCheapo","639016","543365","95651"
"2011-09-04","ElCheapo","814881","707930","106951"
"2011-09-05","ElCheapo","743083","648009","95074"
"2011-09-06","ElCheapo","795664","676935","118729"
"2011-09-07","ElCheapo","657493","553802","103691"
"2011-09-08","ElCheapo","825785","708294","117491"
"2011-09-09","ElCheapo","729051","636094","92957"
"2011-09-10","ElCheapo","774902","674098","100804"
"2011-09-11","ElCheapo","778613","672770","105843"
"2011-09-12","ElCheapo","689969","596188","93781"
"2011-09-13","ElCheapo","850178","733866","116312"
"2011-09-14","ElCheapo","771840","654145","117695"
"2011-09-15","ElCheapo","550393","472791","77602"
"2011-09-16","ElCheapo","734782","642183","92599"
"2011-09-17","ElCheapo","755872","659414","96458"
"2011-09-18","ElCheapo","737603","630697","106906"
"2011-09-19","ElCheapo","921658","808724","112934"
"2011-09-20","ElCheapo","576042","492015","84027"
"2011-09-21","ElCheapo","918890","787027","131863"
"2011-09-22","ElCheapo","689838","593537","96301"
"2011-09-23","ElCheapo","757479","661951","95528"
"2011-09-24","ElCheapo","635782","535511","100271"
"2011-09-25","ElCheapo","708649","596180","112469"
"2011-09-26","ElCheapo","858305","743315","114990"
"2011-09-27","ElCheapo","736895","622842","114053"
"2011-09-28","ElCheapo","756975","657623","99352"
"2011-09-29","ElCheapo","741547","653808","87739"
"2011-09-30","ElCheapo","827423","731110","96313"
"2011-10-01","ElCheapo","741052","628064","112988"
"2011-10-02","ElCheapo","617692","539200","78492"
"2011-10-03","ElCheapo","900111","788335","111776"
"2011-10-04","ElCheapo","733380","644445","88935"
"2011-10-05","ElCheapo","829770","719789","109981"
"2011-10-06","ElCheapo","836018","736354","99664"
"2011-10-07","ElCheapo","784565","685297","99268"
"2011-10-08","ElCheapo","725887","609935","115952"
"2011-10-09","ElCheapo","644172","563632","80540"
"2011-10-10","ElCheapo","691556","598004","93552"
"2011-10-11","ElCheapo","657840","559931","97909"
"2011-10-12","ElCheapo","765600","667504","98096"
"2011-10-13","ElCheapo","571581","497373","74208"
"2011-10-14","ElCheapo","849511","736939","112572"
"2011-10-15","ElCheapo","917926","775012","142914"
"2011-10-16","ElCheapo","893097","772903","120194"
"2011-10-17","ElCheapo","734158","640585","93573"
"2011-10-18","ElCheapo","814059","701921","112138"
"2011-10-19","ElCheapo","756821","651961","104860"
"2011-10-20","ElCheapo","731579","632314","99265"
"2011-10-21","ElCheapo","989725","846259","143466"
"2011-10-22","ElCheapo","658352","555625","102727"
"2011-10-23","ElCheapo","664448","546565","117883"
"2011-10-24","ElCheapo","811139","701669","109470"
"2011-10-25","ElCheapo","723579","620159","103420"
"2011-10-26","ElCheapo","705412","607819","97593"
"2011-10-27","ElCheapo","674470","585876","88594"
"2011-10-28","ElCheapo","698153","612915","85238"
"2011-10-29","ElCheapo","752313","648785","103528"
"2011-10-30","ElCheapo","773351","666892","106459"
"2011-10-31","ElCheapo","776994","673491","103503"
"2011-11-01","ElCheapo","957905","838282","119623"
"2011-11-02","ElCheapo","821430","707955","113475"
"2011-11-03","ElCheapo","784434","675928","108506"
"2011-11-04","ElCheapo","923218","814110","109108"
"2011-11-05","ElCheapo","826943","720942","106001"
"2011-11-06","ElCheapo","873854","755101","118753"
"2011-11-07","ElCheapo","895163","782072","113091"
"2011-11-08","ElCheapo","891080","770888","120192"
"2011-11-09","ElCheapo","800030","689412","110618"
"2011-11-10","ElCheapo","703975","609727","94248"
"2011-11-11","ElCheapo","441468","381547","59921"
"2011-11-12","ElCheapo","868091","752144","115947"
"2011-11-13","ElCheapo","672000","578567","93433"
"2011-11-14","ElCheapo","779580","690105","89475"
"2011-11-15","ElCheapo","1062241","912392","149849"
"2011-11-16","ElCheapo","712255","618125","94130"
"2011-11-17","ElCheapo","708894","611257","97637"
"2011-11-18","ElCheapo","494655","412013","82642"
"2011-11-19","ElCheapo","830219","717025","113194"
"2011-11-20","ElCheapo","850389","729795","120594"
"2011-11-21","ElCheapo","783015","665580","117435"
"2011-11-22","ElCheapo","880757","766453","114304"
"2011-11-23","ElCheapo","561112","466199","94913"
"2011-11-24","ElCheapo","758519","656258","102261"
"2011-11-25","ElCheapo","688929","594927","94002"
"2011-11-26","ElCheapo","883056","754836","128220"
"2011-11-27","ElCheapo","981574","850697","130877"
"2011-11-28","ElCheapo","733508","622281","111227"
"2011-11-29","ElCheapo","783475","694355","89120"
"2011-11-30","ElCheapo","718804","636083","82721"
"2011-12-01","ElCheapo","639508","551654","87854"
"2011-12-02","ElCheapo","671446","564615","106831"
"2011-12-03","ElCheapo","614985","531737","83248"
"2011-12-04","ElCheapo","761402","666829","94573"
"2011-12-05","ElCheapo","716918","611132","105786"
"2011-12-06","ElCheapo","630588","543138","87450"
"2011-12-07","ElCheapo","786782","679429","107353"
"2011-12-08","ElCheapo","561861","470568","91293"
"2011-12-09","ElCheapo","494538","412497","82041"
"2011-12-10","ElCheapo","793316","701745","91571"
"2011-12-11","ElCheapo","762893","662400","100493"
"2011-12-12","ElCheapo","618604","523203","95401"
"2011-12-13","ElCheapo","627539","532807","94732"
"2011-12-14","ElCheapo","605976","525564","80412"
"2011-12-15","ElCheapo","728192","635022","93170"
"2011-12-16","ElCheapo","819750","716043","103707"
"2011-12-17","ElCheapo","788060","688245","99815"
"2011-12-18","ElCheapo","673756","597997","75759"
"2011-12-19","ElCheapo","756877","662884","93993"
"2011-12-20","ElCheapo","708586","615889","92697"
"2011-12-21","ElCheapo","753365","652556","100809"
"2011-12-22","ElCheapo","755923","663261","92662"
"2011-12-23","ElCheapo","676512","582809","93703"
"2011-12-24","ElCheapo","519532","459825","59707"
"2011-12-25","ElCheapo","742243","643001","99242"
"2011-12-26","ElCheapo","711448","612186","99262"
"2011-12-27","ElCheapo","778671","672881","105790"
"2011-12-28","ElCheapo","555502","475814","79688"
"2011-12-29","ElCheapo","858560","755462","103098"
"2011-12-30","ElCheapo","1035137","914661","120476"
"2011-12-31","ElCheapo","915923","806594","109329"
"2012-01-01","ElCheapo","1098104","944655","153449"
"2012-01-02","ElCheapo","948277","843563","104714"
"2012-01-03","ElCheapo","876167","737330","138837"
"2012-01-04","ElCheapo","978847","854502","124345"
"2012-01-05","ElCheapo","1079250","939453","139797"
"2012-01-06","ElCheapo","1146313","981304","165009"
"2012-01-07","ElCheapo","1291385","1138905","152480"
"2012-01-08","ElCheapo","1053986","927895","126091"
"2012-01-09","ElCheapo","876082","757537","118545"
"2012-01-10","ElCheapo","965027","818574","146453"
"2012-01-11","ElCheapo","1118495","960836","157659"
"2012-01-12","ElCheapo","982521","855963","126558"
"2012-01-13","ElCheapo","1043698","906179","137519"
"2012-01-14","ElCheapo","1011320","885627","125693"
"2012-01-15","ElCheapo","1035518","893577","141941"
"2012-01-16","ElCheapo","1230761","1056583","174178"
"2012-01-17","ElCheapo","902884","778114","124770"
"2012-01-18","ElCheapo","992541","864489","128052"
"2012-01-19","ElCheapo","1077471","907735","169736"
"2012-01-20","ElCheapo","1119571","959576","159995"
"2012-01-21","ElCheapo","1018604","891950","126654"
"2012-01-22","ElCheapo","1420457","1233875","186582"
"2012-01-23","ElCheapo","960223","822472","137751"
"2012-01-24","ElCheapo","1068308","913925","154383"
"2012-01-25","ElCheapo","1094917","946664","148253"
"2012-01-26","ElCheapo","987756","835668","152088"
"2012-01-27","ElCheapo","1172603","1037409","135194"
"2012-01-28","ElCheapo","1171020","1014914","156106"
"2012-01-29","ElCheapo","1078773","933947","144826"
"2012-01-30","ElCheapo","1116647","988529","128118"
"2012-01-31","ElCheapo","1015026","888801","126225"
"2012-02-01","ElCheapo","994537","868568","125969"
"2012-02-02","ElCheapo","918168","781438","136730"
"2012-02-03","ElCheapo","1204567","1053999","150568"
"2012-02-04","ElCheapo","998428","844683","153745"
"2012-02-05","ElCheapo","1035525","873996","161529"
"2012-02-06","ElCheapo","901442","755319","146123"
"2012-02-07","ElCheapo","1198993","1050732","148261"
"2012-02-08","ElCheapo","1209748","1040609","169139"
"2012-02-09","ElCheapo","1032280","887675","144605"
"2012-02-10","ElCheapo","910639","774085","136554"
"2012-02-11","ElCheapo","1121738","959092","162646"
"2012-02-12","ElCheapo","1095782","962627","133155"
"2012-02-13","ElCheapo","1151135","994380","156755"
"2012-02-14","ElCheapo","1061883","925658","136225"
"2012-02-15","ElCheapo","1115756","985329","130427"
"2012-02-16","ElCheapo","1118813","955932","162881"
"2012-02-17","ElCheapo","1056039","906965","149074"
"2012-02-18","ElCheapo","1182958","1037114","145844"
"2012-02-19","ElCheapo","1338236","1172279","165957"
"2012-02-20","ElCheapo","1294569","1152371","142198"
"2012-02-21","ElCheapo","927533","808596","118937"
"2012-02-22","ElCheapo","991940","856560","135380"
"2012-02-23","ElCheapo","1117859","963144","154715"
"2012-02-24","ElCheapo","1246994","1059322","187672"
"2012-02-25","ElCheapo","975104","834395","140709"
"2012-02-26","ElCheapo","1085656","941094","144562"
"2012-02-27","ElCheapo","1228213","1064089","164124"
"2012-02-28","ElCheapo","1116600","956109","160491"
"2012-02-29","ElCheapo","1065420","932900","132520"
"2012-03-01","ElCheapo","955546","816777","138769"
"2012-03-02","ElCheapo","1086963","953091","133872"
"2012-03-03","ElCheapo","1214557","1045750","168807"
"2012-03-04","ElCheapo","1091716","959216","132500"
"2012-03-05","ElCheapo","967614","843618","123996"
"2012-03-06","ElCheapo","1078242","936349","141893"
"2012-03-07","ElCheapo","1238748","1102487","136261"
"2012-03-08","ElCheapo","990627","845380","145247"
"2012-03-09","ElCheapo","1226762","1064695","162067"
"2012-03-10","ElCheapo","1116878","974262","142616"
"2012-03-11","ElCheapo","1107902","974965","132937"
"2012-03-12","ElCheapo","970374","855511","114863"
"2012-03-13","ElCheapo","1078194","944009","134185"
"2012-03-14","ElCheapo","841392","723912","117480"
"2012-03-15","ElCheapo","1066728","906394","160334"
"2012-03-16","ElCheapo","991810","856846","134964"
"2012-03-17","ElCheapo","1170844","1020365","150479"
"2012-03-18","ElCheapo","1194488","1035419","159069"
"2012-03-19","ElCheapo","1053653","917468","136185"
"2012-03-20","ElCheapo","1177784","1018626","159158"
"2012-03-21","ElCheapo","1174160","1021427","152733"
"2012-03-22","ElCheapo","981735","834728","147007"
"2012-03-23","ElCheapo","956311","833490","122821"
"2012-03-24","ElCheapo","1211816","1044213","167603"
"2012-03-25","ElCheapo","1063388","917651","145737"
"2012-03-26","ElCheapo","1221293","1082892","138401"
"2012-03-27","ElCheapo","1122137","979125","143012"
"2012-03-28","ElCheapo","1336080","1154396","181684"
"2012-03-29","ElCheapo","1131232","982230","149002"
"2012-03-30","ElCheapo","1312508","1123311","189197"
"2012-03-31","ElCheapo","1006851","861041","145810"
"2012-04-01","ElCheapo","1313122","1123364","189758"
"2012-04-02","ElCheapo","1421270","1244354","176916"
"2012-04-03","ElCheapo","1070356","902910","167446"
"2012-04-04","ElCheapo","1257222","1091502","165720"
"2012-04-05","ElCheapo","1007209","849302","157907"
"2012-04-06","ElCheapo","1003917","861127","142790"
"2012-04-07","ElCheapo","1213138","1081396","131742"
"2012-04-08","ElCheapo","1199918","1049067","150851"
"2012-04-09","ElCheapo","904207","779555","124652"
"2012-04-10","ElCheapo","1122993","952559","170434"
"2012-04-11","ElCheapo","1287401","1143953","143448"
"2012-04-12","ElCheapo","1275549","1133153","142396"
"2012-04-13","ElCheapo","1222491","1055345","167146"
"2012-04-14","ElCheapo","1098277","920734","177543"
"2012-04-15","ElCheapo","1169123","1024036","145087"
"2012-04-16","ElCheapo","1186499","1018340","168159"
"2012-04-17","ElCheapo","1142124","995181","146943"
"2012-04-18","ElCheapo","1139822","980240","159582"
"2012-04-19","ElCheapo","1128164","982660","145504"
"2012-04-20","ElCheapo","1161040","1008332","152708"
"2012-04-21","ElCheapo","1061200","919994","141206"
"2012-04-22","ElCheapo","1111899","949295","162604"
"2012-04-23","ElCheapo","1250584","1067820","182764"
"2012-04-24","ElCheapo","1282230","1123113","159117"
"2012-04-25","ElCheapo","1153161","1020328","132833"
"2012-04-26","ElCheapo","1071765","909538","162227"
"2012-04-27","ElCheapo","1333549","1167583","165966"
"2012-04-28","ElCheapo","1018460","869693","148767"
"2012-04-29","ElCheapo","1061212","900322","160890"
"2012-04-30","ElCheapo","1079813","946463","133350"
"2012-05-01","ElCheapo","1355983","1168789","187194"
"2012-05-02","ElCheapo","1007666","872306","135360"
"2012-05-03","ElCheapo","1176035","1029370","146665"
"2012-05-04","ElCheapo","1327278","1176638","150640"
"2012-05-05","ElCheapo","1376636","1213573","163063"
"2012-05-06","ElCheapo","1102591","965540","137051"
"2012-05-07","ElCheapo","1216592","1070919","145673"
"2012-05-08","ElCheapo","1164399","1007311","157088"
"2012-05-09","ElCheapo","1046536","892652","153884"
"2012-05-10","ElCheapo","1236064","1060153","175911"
"2012-05-11","ElCheapo","1222022","1066939","155083"
"2012-05-12","ElCheapo","1153564","998162","155402"
"2012-05-13","ElCheapo","1206597","1024018","182579"
"2012-05-14","ElCheapo","1196343","1034625","161718"
"2012-05-15","ElCheapo","1262959","1085406","177553"
"2012-05-16","ElCheapo","1244700","1101492","143208"
"2012-05-17","ElCheapo","1008720","863979","144741"
"2012-05-18","ElCheapo","1436263","1241818","194445"
"2012-05-19","ElCheapo","1577357","1387435","189922"
"2012-05-20","ElCheapo","1356780","1173101","183679"
"2012-05-21","ElCheapo","1439950","1242978","196972"
"2012-05-22","ElCheapo","1373815","1208737","165078"
"2012-05-23","ElCheapo","951192","804623","146569"
"2012-05-24","ElCheapo","1327780","1164747","163033"
"2012-05-25","ElCheapo","1364862","1168774","196088"
"2012-05-26","ElCheapo","1344150","1175009","169141"
"2012-05-27","ElCheapo","1037142","921446","115696"
"2012-05-28","ElCheapo","1289802","1111817","177985"
"2012-05-29","ElCheapo","1084589","947405","137184"
"2012-05-30","ElCheapo","1547472","1333127","214345"
"2012-05-31","ElCheapo","785608","662200","123408"
"2012-06-01","ElCheapo","293365","257784","35581"
"2012-06-02","ElCheapo","443387","385559","57828"
"2012-06-03","ElCheapo","577066","494174","82892"
"2012-06-04","ElCheapo","472113","417995","54118"
"2012-06-05","ElCheapo","333671","285052","48619"
"2012-06-06","ElCheapo","644318","558484","85834"
"2012-06-07","ElCheapo","537504","471357","66147"
"2012-06-08","ElCheapo","530744","472656","58088"
"2012-06-09","ElCheapo","628946","548947","79999"
"2012-06-10","ElCheapo","479035","419532","59503"
"2012-06-11","ElCheapo","521097","448164","72933"
"2012-06-12","ElCheapo","362801","307646","55155"
"2012-06-13","ElCheapo","476696","402467","74229"
"2012-06-14","ElCheapo","452571","379913","72658"
"2012-06-15","ElCheapo","640214","567293","72921"
"2012-06-16","ElCheapo","571125","493271","77854"
"2012-06-17","ElCheapo","303405","261282","42123"
"2012-06-18","ElCheapo","557432","471782","85650"
"2012-06-19","ElCheapo","698265","596714","101551"
"2012-06-20","ElCheapo","296695","262056","34639"
"2012-06-21","ElCheapo","503319","417716","85603"
"2012-06-22","ElCheapo","716859","628979","87880"
"2012-06-23","ElCheapo","697321","595386","101935"
"2012-06-24","ElCheapo","537231","471693","65538"
"2012-06-25","ElCheapo","488644","417617","71027"
"2012-06-26","ElCheapo","529725","454678","75047"
"2012-06-27","ElCheapo","490108","430006","60102"
"2012-06-28","ElCheapo","495588","426358","69230"
"2012-06-29","ElCheapo","522365","449307","73058"
"2012-06-30","ElCheapo","600442","521720","78722"
"2012-07-01","ElCheapo","537824","465539","72285"
"2012-07-02","ElCheapo","550090","467526","82564"
"2012-07-03","ElCheapo","391728","337497","54231"
"2012-07-04","ElCheapo","703682","612412","91270"
"2012-07-05","ElCheapo","506781","435696","71085"
"2012-07-06","ElCheapo","508774","432999","75775"
"2012-07-07","ElCheapo","542651","466754","75897"
"2012-07-08","ElCheapo","392937","348835","44102"
"2012-07-09","ElCheapo","585973","514855","71118"
"2012-07-10","ElCheapo","549232","465360","83872"
"2012-07-11","ElCheapo","521799","451625","70174"
"2012-07-12","ElCheapo","564070","485655","78415"
"2012-07-13","ElCheapo","324540","266034","58506"
"2012-07-14","ElCheapo","634549","551303","83246"
"2012-07-15","ElCheapo","374967","316745","58222"
"2012-07-16","ElCheapo","420672","352894","67778"
"2012-07-17","ElCheapo","371924","307215","64709"
"2012-07-18","ElCheapo","449299","382528","66771"
"2012-07-19","ElCheapo","401533","354139","47394"
"2012-07-20","ElCheapo","599695","517878","81817"
"2012-07-21","ElCheapo","499466","442544","56922"
"2012-07-22","ElCheapo","550616","462174","88442"
"2012-07-23","ElCheapo","377796","332021","45775"
"2012-07-24","ElCheapo","517426","443471","73955"
"2012-07-25","ElCheapo","486589","408143","78446"
"2012-07-26","ElCheapo","398987","351672","47315"
"2012-07-27","ElCheapo","357115","304139","52976"
"2012-07-28","ElCheapo","556505","469443","87062"
"2012-07-29","ElCheapo","634431","551856","82575"
"2012-07-30","ElCheapo","502176","429955","72221"
"2012-07-31","ElCheapo","622712","550825","71887"
"2012-08-01","ElCheapo","632718","556139","76579"
"2012-08-02","ElCheapo","432945","384361","48584"
"2012-08-03","ElCheapo","479811","419525","60286"
"2012-08-04","ElCheapo","423607","361803","61804"
"2012-08-05","ElCheapo","577587","500946","76641"
"2012-08-06","ElCheapo","444748","388340","56408"
"2012-08-07","ElCheapo","467183","402044","65139"
"2012-08-08","ElCheapo","607512","515252","92260"
"2012-08-09","ElCheapo","529549","455040","74509"
"2012-08-10","ElCheapo","552266","475656","76610"
"2012-08-11","ElCheapo","440367","369102","71265"
"2012-08-12","ElCheapo","669915","582876","87039"
"2012-08-13","ElCheapo","449141","393532","55609"
"2012-08-14","ElCheapo","585701","514165","71536"
"2012-08-15","ElCheapo","490476","416861","73615"
"2012-08-16","ElCheapo","515789","458195","57594"
"2012-08-17","ElCheapo","568370","491308","77062"
"2012-08-18","ElCheapo","540968","475700","65268"
"2012-08-19","ElCheapo","467474","389559","77915"
"2012-08-20","ElCheapo","515674","438660","77014"
"2012-08-21","ElCheapo","622749","539983","82766"
"2012-08-22","ElCheapo","466740","396258","70482"
"2012-08-23","ElCheapo","667284","583100","84184"
"2012-08-24","ElCheapo","775921","687740","88181"
"2012-08-25","ElCheapo","484213","419743","64470"
"2012-08-26","ElCheapo","450594","396367","54227"
"2012-08-27","ElCheapo","606313","535566","70747"
"2012-08-28","ElCheapo","488706","431946","56760"
"2012-08-29","ElCheapo","664483","581571","82912"
"2012-08-30","ElCheapo","527011","459770","67241"
"2012-08-31","ElCheapo","552572","467804","84768"
"2012-09-01","ElCheapo","669279","578025","91254"
"2012-09-02","ElCheapo","467816","399321","68495"
"2012-09-03","ElCheapo","683576","591084","92492"
"2012-09-04","ElCheapo","590001","503609","86392"
"2012-09-05","ElCheapo","466442","395274","71168"
"2012-09-06","ElCheapo","669079","592132","76947"
"2012-09-07","ElCheapo","473714","409706","64008"
"2012-09-08","ElCheapo","648862","559969","88893"
"2012-09-09","ElCheapo","575157","486614","88543"
"2012-09-10","ElCheapo","615031","550388","64643"
"2012-09-11","ElCheapo","450818","380056","70762"
"2012-09-12","ElCheapo","500913","433953","66960"
"2012-09-13","ElCheapo","576947","495237","81710"
"2012-09-14","ElCheapo","634617","548741","85876"
"2012-09-15","ElCheapo","738666","644181","94485"
"2012-09-16","ElCheapo","506023","435909","70114"
"2012-09-17","ElCheapo","452866","393383","59483"
"2012-09-18","ElCheapo","747470","653788","93682"
"2012-09-19","ElCheapo","517888","464672","53216"
"2012-09-20","ElCheapo","640080","543114","96966"
"2012-09-21","ElCheapo","527020","446895","80125"
"2012-09-22","ElCheapo","531358","474774","56584"
"2012-09-23","ElCheapo","661831","592689","69142"
"2012-09-24","ElCheapo","640898","540961","99937"
"2012-09-25","ElCheapo","482987","435323","47664"
"2012-09-26","ElCheapo","390969","328825","62144"
"2012-09-27","ElCheapo","535669","457850","77819"
"2012-09-28","ElCheapo","576633","485730","90903"
"2012-09-29","ElCheapo","840607","746359","94248"
"2012-09-30","ElCheapo","658482","558458","100024"
"2012-10-01","ElCheapo","552477","484644","67833"
"2012-10-02","ElCheapo","773911","670302","103609"
"2012-10-03","ElCheapo","639830","562560","77270"
"2012-10-04","ElCheapo","622019","537414","84605"
"2012-10-05","ElCheapo","636430","553339","83091"
"2012-10-06","ElCheapo","775234","675362","99872"
"2012-10-07","ElCheapo","705496","618561","86935"
"2012-10-08","ElCheapo","536988","443146","93842"
"2012-10-09","ElCheapo","742029","641341","100688"
"2012-10-10","ElCheapo","474471","408795","65676"
"2012-10-11","ElCheapo","743348","642138","101210"
"2012-10-12","ElCheapo","778767","688997","89770"
"2012-10-13","ElCheapo","582476","508544","73932"
"2012-10-14","ElCheapo","742209","646892","95317"
"2012-10-15","ElCheapo","804490","695958","108532"
"2012-10-16","ElCheapo","670336","584606","85730"
"2012-10-17","ElCheapo","584271","497608","86663"
"2012-10-18","ElCheapo","486093","417215","68878"
"2012-10-19","ElCheapo","649041","564440","84601"
"2012-10-20","ElCheapo","492014","411841","80173"
"2012-10-21","ElCheapo","622696","528815","93881"
"2012-10-22","ElCheapo","662783","586322","76461"
"2012-10-23","ElCheapo","424025","357938","66087"
"2012-10-24","ElCheapo","580308","497406","82902"
"2012-10-25","ElCheapo","616222","519077","97145"
"2012-10-26","ElCheapo","589899","541647","48252"
"2012-10-27","ElCheapo","839614","711795","127819"
"2012-10-28","ElCheapo","596195","513920","82275"
"2012-10-29","ElCheapo","529263","461474","67789"
"2012-10-30","ElCheapo","627257","547609","79648"
"2012-10-31","ElCheapo","568737","472957","95780"
"2012-11-01","ElCheapo","638246","545894","92352"
"2012-11-02","ElCheapo","673549","592285","81264"
"2012-11-03","ElCheapo","708404","623380","85024"
"2012-11-04","ElCheapo","535565","463980","71585"
"2012-11-05","ElCheapo","535246","462692","72554"
"2012-11-06","ElCheapo","674523","586159","88364"
"2012-11-07","ElCheapo","806077","680921","125156"
"2012-11-08","ElCheapo","674865","586440","88425"
"2012-11-09","ElCheapo","625814","537422","88392"
"2012-11-10","ElCheapo","820093","709745","110348"
"2012-11-11","ElCheapo","708754","624227","84527"
"2012-11-12","ElCheapo","574355","503247","71108"
"2012-11-13","ElCheapo","568664","497507","71157"
"2012-11-14","ElCheapo","727577","630724","96853"
"2012-11-15","ElCheapo","503965","424382","79583"
"2012-11-16","ElCheapo","544114","446588","97526"
"2012-11-17","ElCheapo","610748","511701","99047"
"2012-11-18","ElCheapo","646203","557716","88487"
"2012-11-19","ElCheapo","603227","519299","83928"
"2012-11-20","ElCheapo","674534","581469","93065"
"2012-11-21","ElCheapo","591266","493081","98185"
"2012-11-22","ElCheapo","719219","632197","87022"
"2012-11-23","ElCheapo","664588","571203","93385"
"2012-11-24","ElCheapo","704066","610547","93519"
"2012-11-25","ElCheapo","613461","516667","96794"
"2012-11-26","ElCheapo","578493","498765","79728"
"2012-11-27","ElCheapo","557004","486199","70805"
"2012-11-28","ElCheapo","660726","573255","87471"
"2012-11-29","ElCheapo","747921","649557","98364"
"2012-11-30","ElCheapo","572820","483617","89203"
"2012-12-01","ElCheapo","700502","619310","81192"
"2012-12-02","ElCheapo","783919","701549","82370"
"2012-12-03","ElCheapo","642939","537845","105094"
"2012-12-04","ElCheapo","600066","526925","73141"
"2012-12-05","ElCheapo","406506","351917","54589"
"2012-12-06","ElCheapo","544091","475225","68866"
"2012-12-07","ElCheapo","549379","463332","86047"
"2012-12-08","ElCheapo","648970","566778","82192"
"2012-12-09","ElCheapo","428518","363397","65121"
"2012-12-10","ElCheapo","840410","730684","109726"
"2012-12-11","ElCheapo","639080","563067","76013"
"2012-12-12","ElCheapo","649133","562711","86422"
"2012-12-13","ElCheapo","695098","595615","99483"
"2012-12-14","ElCheapo","688765","597362","91403"
"2012-12-15","ElCheapo","718741","611147","107594"
"2012-12-16","ElCheapo","742960","641301","101659"
"2012-12-17","ElCheapo","549320","486942","62378"
"2012-12-18","ElCheapo","621938","548830","73108"
"2012-12-19","ElCheapo","582421","503503","78918"
"2012-12-20","ElCheapo","617201","536173","81028"
"2012-12-21","ElCheapo","678869","578342","100527"
"2012-12-22","ElCheapo","682803","615757","67046"
"2012-12-23","ElCheapo","711463","609287","102176"
"2012-12-24","ElCheapo","515518","440191","75327"
"2012-12-25","ElCheapo","546353","481214","65139"
"2012-12-26","ElCheapo","522998","445397","77601"
"2012-12-27","ElCheapo","608982","536679","72303"
"2012-12-28","ElCheapo","759889","655955","103934"
"2012-12-29","ElCheapo","744362","654476","89886"
"2012-12-30","ElCheapo","632547","563641","68906"
"2012-12-31","ElCheapo","608341","538879","69462"
"2013-01-01","ElCheapo","376476","319729","56747"
"2013-01-02","ElCheapo","1410418","1210298","200120"
"2013-01-03","ElCheapo","1735024","1492719","242305"
"2013-01-04","ElCheapo","1582928","1346420","236508"
"2013-01-05","ElCheapo","1810059","1574080","235979"
"2013-01-06","ElCheapo","1697664","1471701","225963"
"2013-01-07","ElCheapo","1798328","1553832","244496"
"2013-01-08","ElCheapo","1949730","1692020","257710"
"2013-01-09","ElCheapo","1519243","1284102","235141"
"2013-01-10","ElCheapo","1833497","1581225","252272"
"2013-01-11","ElCheapo","1306064","1117518","188546"
"2013-01-12","ElCheapo","1556242","1348171","208071"
"2013-01-13","ElCheapo","1569536","1344364","225172"
"2013-01-14","ElCheapo","1659907","1423139","236768"
"2013-01-15","ElCheapo","1835338","1574153","261185"
"2013-01-16","ElCheapo","1877078","1632833","244245"
"2013-01-17","ElCheapo","1609433","1390886","218547"
"2013-01-18","ElCheapo","1986610","1722753","263857"
"2013-01-19","ElCheapo","1533121","1308690","224431"
"2013-01-20","ElCheapo","1815649","1578319","237330"
"2013-01-21","ElCheapo","1862823","1599053","263770"
"2013-01-22","ElCheapo","1639137","1419256","219881"
"2013-01-23","ElCheapo","1528116","1303693","224423"
"2013-01-24","ElCheapo","1668838","1417196","251642"
"2013-01-25","ElCheapo","1666016","1450370","215646"
"2013-01-26","ElCheapo","1683446","1464655","218791"
"2013-01-27","ElCheapo","1536370","1316785","219585"
"2013-01-28","ElCheapo","1852180","1599037","253143"
"2013-01-29","ElCheapo","1377627","1160804","216823"
"2013-01-30","ElCheapo","1785541","1551390","234151"
"2013-01-31","ElCheapo","1546833","1359002","187831"
"2013-02-01","ElCheapo","1749794","1518398","231396"
"2013-02-02","ElCheapo","1791663","1542557","249106"
"2013-02-03","ElCheapo","1894154","1636117","258037"
"2013-02-04","ElCheapo","1948785","1676614","272171"
"2013-02-05","ElCheapo","2037628","1770445","267183"
"2013-02-06","ElCheapo","2136796","1856308","280488"
"2013-02-07","ElCheapo","2110175","1814428","295747"
"2013-02-08","ElCheapo","1927830","1634840","292990"
"2013-02-09","ElCheapo","1928279","1667065","261214"
"2013-02-10","ElCheapo","1663051","1432621","230430"
"2013-02-11","ElCheapo","1965026","1695109","269917"
"2013-02-12","ElCheapo","1988064","1730317","257747"
"2013-02-13","ElCheapo","1526045","1287102","238943"
"2013-02-14","ElCheapo","2426838","2120076","306762"
"2013-02-15","ElCheapo","1893081","1637952","255129"
"2013-02-16","ElCheapo","2088439","1796058","292381"
"2013-02-17","ElCheapo","1888107","1634027","254080"
"2013-02-18","ElCheapo","2099331","1824399","274932"
"2013-02-19","ElCheapo","1736524","1466317","270207"
"2013-02-20","ElCheapo","2148549","1864203","284346"
"2013-02-21","ElCheapo","1770701","1541186","229515"
"2013-02-22","ElCheapo","1803172","1560826","242346"
"2013-02-23","ElCheapo","1914298","1642541","271757"
"2013-02-24","ElCheapo","2223169","1900977","322192"
"2013-02-25","ElCheapo","1667979","1415228","252751"
"2013-02-26","ElCheapo","1942238","1678029","264209"
"2013-02-27","ElCheapo","1969732","1665394","304338"
"2013-02-28","ElCheapo","1656516","1441819","214697"
"2013-03-01","ElCheapo","518004","445853","72151"
"2013-03-02","ElCheapo","1046121","900690","145431"
"2013-03-03","ElCheapo","2024286","1747638","276648"
"2013-03-04","ElCheapo","2126408","1836385","290023"
"2013-03-05","ElCheapo","2047494","1767575","279919"
"2013-03-06","ElCheapo","1687283","1440437","246846"
"2013-03-07","ElCheapo","1789588","1531871","257717"
"2013-03-08","ElCheapo","1920679","1646272","274407"
"2013-03-09","ElCheapo","2169225","1903499","265726"
"2013-03-10","ElCheapo","1915465","1630088","285377"
"2013-03-11","ElCheapo","1923238","1646144","277094"
"2013-03-12","ElCheapo","2144273","1866400","277873"
"2013-03-13","ElCheapo","2287187","2010972","276215"
"2013-03-14","ElCheapo","1932441","1685418","247023"
"2013-03-15","ElCheapo","2071317","1803364","267953"
"2013-03-16","ElCheapo","1669603","1435231","234372"
"2013-03-17","ElCheapo","1896174","1629637","266537"
"2013-03-18","ElCheapo","1822470","1559752","262718"
"2013-03-19","ElCheapo","2201395","1895008","306387"
"2013-03-20","ElCheapo","1979994","1715937","264057"
"2013-03-21","ElCheapo","1806390","1562331","244059"
"2013-03-22","ElCheapo","1828464","1568153","260311"
"2013-03-23","ElCheapo","2098702","1819885","278817"
"2013-03-24","ElCheapo","2096860","1836809","260051"
"2013-03-25","ElCheapo","1868475","1622032","246443"
"2013-03-26","ElCheapo","1893259","1626301","266958"
"2013-03-27","ElCheapo","2088444","1823558","264886"
"2013-03-28","ElCheapo","2017285","1702365","314920"
"2013-03-29","ElCheapo","1932604","1663440","269164"
"2013-03-30","ElCheapo","2061135","1776564","284571"
"2013-03-31","ElCheapo","1895890","1649172","246718"
"2013-04-01","ElCheapo","2145524","1882054","263470"
"2013-04-02","ElCheapo","2192921","1876247","316674"
"2013-04-03","ElCheapo","2049873","1739235","310638"
"2013-04-04","ElCheapo","2095941","1835818","260123"
"2013-04-05","ElCheapo","2090414","1814143","276271"
"2013-04-06","ElCheapo","2123948","1831895","292053"
"2013-04-07","ElCheapo","1993938","1712830","281108"
"2013-04-08","ElCheapo","2151866","1845303","306563"
"2013-04-09","ElCheapo","1813252","1561402","251850"
"2013-04-10","ElCheapo","2052564","1750077","302487"
"2013-04-11","ElCheapo","2294566","1999056","295510"
"2013-04-12","ElCheapo","2177125","1884573","292552"
"2013-04-13","ElCheapo","1823793","1569925","253868"
"2013-04-14","ElCheapo","2117845","1837640","280205"
"2013-04-15","ElCheapo","1981385","1731146","250239"
"2013-04-16","ElCheapo","2149599","1826785","322814"
"2013-04-17","ElCheapo","2005330","1703992","301338"
"2013-04-18","ElCheapo","2183505","1890782","292723"
"2013-04-19","ElCheapo","1720556","1442993","277563"
"2013-04-20","ElCheapo","2046531","1779272","267259"
"2013-04-21","ElCheapo","1784319","1510460","273859"
"2013-04-22","ElCheapo","1757102","1509336","247766"
"2013-04-23","ElCheapo","2235969","1926253","309716"
"2013-04-24","ElCheapo","1763056","1507509","255547"
"2013-04-25","ElCheapo","2218291","1917839","300452"
"2013-04-26","ElCheapo","1949468","1676673","272795"
"2013-04-27","ElCheapo","1898179","1628815","269364"
"2013-04-28","ElCheapo","1804006","1548733","255273"
"2013-04-29","ElCheapo","2082192","1788917","293275"
"2013-04-30","ElCheapo","2047114","1783834","263280"
"2013-05-01","ElCheapo","743918","623747","120171"
"2013-05-02","ElCheapo","2177680","1815803","361877"
"2013-05-03","ElCheapo","2141922","1837077","304845"
"2013-05-04","ElCheapo","1817477","1546849","270628"
"2013-05-05","ElCheapo","1743530","1478933","264597"
"2013-05-06","ElCheapo","2016938","1690014","326924"
"2013-05-07","ElCheapo","2124431","1836763","287668"
"2013-05-08","ElCheapo","2044314","1752178","292136"
"2013-05-09","ElCheapo","1857094","1557046","300048"
"2013-05-10","ElCheapo","2121242","1827578","293664"
"2013-05-11","ElCheapo","2128230","1797795","330435"
"2013-05-12","ElCheapo","2053595","1742746","310849"
"2013-05-13","ElCheapo","1939845","1680193","259652"
"2013-05-14","ElCheapo","2058432","1775120","283312"
"2013-05-15","ElCheapo","2159564","1852972","306592"
"2013-05-16","ElCheapo","2163155","1866799","296356"
"2013-05-17","ElCheapo","2319280","1996940","322340"
"2013-05-18","ElCheapo","2089459","1813612","275847"
"2013-05-19","ElCheapo","1785201","1536545","248656"
"2013-05-20","ElCheapo","2014369","1721737","292632"
"2013-05-21","ElCheapo","1820751","1530906","289845"
"2013-05-22","ElCheapo","1909395","1631088","278307"
"2013-05-23","ElCheapo","1828104","1548095","280009"
"2013-05-24","ElCheapo","2195324","1866215","329109"
"2013-05-25","ElCheapo","1852104","1577682","274422"
"2013-05-26","ElCheapo","1751469","1509070","242399"
"2013-05-27","ElCheapo","2105490","1814405","291085"
"2013-05-28","ElCheapo","2162866","1844891","317975"
"2013-05-29","ElCheapo","2182974","1877666","305308"
"2013-05-30","ElCheapo","1940990","1652889","288101"
"2013-05-31","ElCheapo","1746544","1503357","243187"
"2008-06-01","Electrosaurus","24985","24437","548"
"2008-06-02","Electrosaurus","4969","4470","499"
"2008-06-03","Electrosaurus","10268","9263","1005"
"2008-06-04","Electrosaurus","21457","20774","683"
"2008-06-05","Electrosaurus","22807","21864","943"
"2008-06-06","Electrosaurus","41006","36965","4041"
"2008-06-07","Electrosaurus","34006","32164","1842"
"2008-06-08","Electrosaurus","37027","33186","3841"
"2008-06-09","Electrosaurus","36996","34778","2218"
"2008-06-10","Electrosaurus","45266","41740","3526"
"2008-06-11","Electrosaurus","18098","16950","1148"
"2008-06-12","Electrosaurus","75713","69260","6453"
"2008-06-13","Electrosaurus","65285","60069","5216"
"2008-06-14","Electrosaurus","61531","56113","5418"
"2008-06-15","Electrosaurus","37314","36207","1107"
"2008-06-16","Electrosaurus","72124","63843","8281"
"2008-06-17","Electrosaurus","13748","13045","703"
"2008-06-18","Electrosaurus","15367","14156","1211"
"2008-06-19","Electrosaurus","36795","34768","2027"
"2008-06-20","Electrosaurus","58175","52412","5763"
"2008-06-21","Electrosaurus","60796","55770","5026"
"2008-06-22","Electrosaurus","46145","44795","1350"
"2008-06-23","Electrosaurus","64014","60562","3452"
"2008-06-24","Electrosaurus","54594","49950","4644"
"2008-06-25","Electrosaurus","71034","65720","5314"
"2008-06-26","Electrosaurus","23847","22601","1246"
"2008-06-27","Electrosaurus","45934","43009","2925"
"2008-06-28","Electrosaurus","22907","20763","2144"
"2008-06-29","Electrosaurus","47207","42467","4740"
"2008-06-30","Electrosaurus","68081","63620","4461"
"2008-07-01","Electrosaurus","75814","67062","8752"
"2008-07-02","Electrosaurus","14888","14303","585"
"2008-07-03","Electrosaurus","11898","11689","209"
"2008-07-04","Electrosaurus","17537","16002","1535"
"2008-07-05","Electrosaurus","52734","50325","2409"
"2008-07-06","Electrosaurus","65986","60992","4994"
"2008-07-07","Electrosaurus","81311","75291","6020"
"2008-07-08","Electrosaurus","52857","48512","4345"
"2008-07-09","Electrosaurus","37205","36264","941"
"2008-07-10","Electrosaurus","55914","50616","5298"
"2008-07-11","Electrosaurus","55106","51029","4077"
"2008-07-12","Electrosaurus","47573","46236","1337"
"2008-07-13","Electrosaurus","73500","68338","5162"
"2008-07-14","Electrosaurus","8979","7995","984"
"2008-07-15","Electrosaurus","50016","44706","5310"
"2008-07-16","Electrosaurus","28706","28503","203"
"2008-07-17","Electrosaurus","27057","25248","1809"
"2008-07-18","Electrosaurus","78862","72408","6454"
"2008-07-19","Electrosaurus","57985","52375","5610"
"2008-07-20","Electrosaurus","17196","15892","1304"
"2008-07-21","Electrosaurus","23506","22228","1278"
"2008-07-22","Electrosaurus","31806","29556","2250"
"2008-07-23","Electrosaurus","64474","60135","4339"
"2008-07-24","Electrosaurus","43835","40129","3706"
"2008-07-25","Electrosaurus","41977","38549","3428"
"2008-07-26","Electrosaurus","58546","50875","7671"
"2008-07-27","Electrosaurus","40754","37805","2949"
"2008-07-28","Electrosaurus","54107","50030","4077"
"2008-07-29","Electrosaurus","47284","45483","1801"
"2008-07-30","Electrosaurus","13928","12768","1160"
"2008-07-31","Electrosaurus","66785","61280","5505"
"2008-08-01","Electrosaurus","35687","34299","1388"
"2008-08-02","Electrosaurus","57515","53336","4179"
"2008-08-03","Electrosaurus","25757","25653","104"
"2008-08-04","Electrosaurus","45956","42328","3628"
"2008-08-05","Electrosaurus","36155","35468","687"
"2008-08-06","Electrosaurus","63625","56420","7205"
"2008-08-07","Electrosaurus","27286","26431","855"
"2008-08-08","Electrosaurus","50685","48662","2023"
"2008-08-09","Electrosaurus","36308","32037","4271"
"2008-08-10","Electrosaurus","43037","38634","4403"
"2008-08-11","Electrosaurus","8979","7995","984"
"2008-08-12","Electrosaurus","1289","1268","21"
"2008-08-13","Electrosaurus","28017","26783","1234"
"2008-08-14","Electrosaurus","38694","37140","1554"
"2008-08-15","Electrosaurus","18898","17828","1070"
"2008-08-16","Electrosaurus","28856","27381","1475"
"2008-08-17","Electrosaurus","69453","64044","5409"
"2008-08-18","Electrosaurus","25665","23621","2044"
"2008-08-19","Electrosaurus","46983","44284","2699"
"2008-08-20","Electrosaurus","38595","35877","2718"
"2008-08-21","Electrosaurus","15727","14901","826"
"2008-08-22","Electrosaurus","78892","74847","4045"
"2008-08-23","Electrosaurus","47875","45771","2104"
"2008-08-24","Electrosaurus","44935","42036","2899"
"2008-08-25","Electrosaurus","35744","33700","2044"
"2008-08-26","Electrosaurus","9919","9833","86"
"2008-08-27","Electrosaurus","57733","53564","4169"
"2008-08-28","Electrosaurus","63492","59800","3692"
"2008-08-29","Electrosaurus","41005","37713","3292"
"2008-08-30","Electrosaurus","27588","23925","3663"
"2008-08-31","Electrosaurus","62375","56276","6099"
"2008-09-01","Electrosaurus","59515","54792","4723"
"2008-09-02","Electrosaurus","78311","74566","3745"
"2008-09-03","Electrosaurus","37664","34670","2994"
"2008-09-04","Electrosaurus","30286","28205","2081"
"2008-09-05","Electrosaurus","38995","35982","3013"
"2008-09-06","Electrosaurus","69665","63565","6100"
"2008-09-07","Electrosaurus","38625","38336","289"
"2008-09-08","Electrosaurus","25997","25163","834"
"2008-09-09","Electrosaurus","71216","64910","6306"
"2008-09-10","Electrosaurus","1289","1268","21"
"2008-09-11","Electrosaurus","47032","44285","2747"
"2008-09-12","Electrosaurus","8907","8485","422"
"2008-09-13","Electrosaurus","12868","12683","185"
"2008-09-14","Electrosaurus","43314","41095","2219"
"2008-09-15","Electrosaurus","57715","52063","5652"
"2008-09-16","Electrosaurus","47214","46427","787"
"2008-09-17","Electrosaurus","32726","32046","680"
"2008-09-18","Electrosaurus","26376","23579","2797"
"2008-09-19","Electrosaurus","20247","20050","197"
"2008-09-21","Electrosaurus","1289","1268","21"
"2008-09-22","Electrosaurus","45097","43627","1470"
"2008-09-23","Electrosaurus","45286","41088","4198"
"2008-09-24","Electrosaurus","53905","49394","4511"
"2008-09-25","Electrosaurus","32967","32146","821"
"2008-09-26","Electrosaurus","67663","61372","6291"
"2008-09-27","Electrosaurus","71451","68932","2519"
"2008-09-28","Electrosaurus","122302","109817","12485"
"2008-09-29","Electrosaurus","21847","20678","1169"
"2008-09-30","Electrosaurus","99204","90374","8830"
"2008-10-01","Electrosaurus","55652","51807","3845"
"2008-10-02","Electrosaurus","73023","66505","6518"
"2008-10-03","Electrosaurus","46914","44021","2893"
"2008-10-04","Electrosaurus","34516","30554","3962"
"2008-10-05","Electrosaurus","6238","6041","197"
"2008-10-06","Electrosaurus","74645","68681","5964"
"2008-10-07","Electrosaurus","84314","74855","9459"
"2008-10-08","Electrosaurus","65024","60272","4752"
"2008-10-09","Electrosaurus","14157","13429","728"
"2008-10-10","Electrosaurus","64683","59357","5326"
"2008-10-11","Electrosaurus","45156","42788","2368"
"2008-10-12","Electrosaurus","39506","34962","4544"
"2008-10-13","Electrosaurus","67454","64633","2821"
"2008-10-14","Electrosaurus","13616","12689","927"
"2008-10-15","Electrosaurus","35955","33800","2155"
"2008-10-16","Electrosaurus","121230","108460","12770"
"2008-10-17","Electrosaurus","46965","42126","4839"
"2008-10-18","Electrosaurus","3449","3119","330"
"2008-10-19","Electrosaurus","18356","16529","1827"
"2008-10-20","Electrosaurus","33118","28801","4317"
"2008-10-21","Electrosaurus","76593","70194","6399"
"2008-10-22","Electrosaurus","64026","56580","7446"
"2008-10-23","Electrosaurus","89315","78323","10992"
"2008-10-24","Electrosaurus","67912","64897","3015"
"2008-10-25","Electrosaurus","23047","21723","1324"
"2008-10-26","Electrosaurus","43635","38967","4668"
"2008-10-27","Electrosaurus","18098","16950","1148"
"2008-10-28","Electrosaurus","62074","56832","5242"
"2008-10-29","Electrosaurus","57342","55851","1491"
"2008-10-30","Electrosaurus","18596","17557","1039"
"2008-10-31","Electrosaurus","59084","54218","4866"
"2008-11-01","Electrosaurus","15237","13733","1504"
"2008-11-02","Electrosaurus","33786","32131","1655"
"2008-11-03","Electrosaurus","43336","42176","1160"
"2008-11-04","Electrosaurus","49907","45072","4835"
"2008-11-05","Electrosaurus","50213","48094","2119"
"2008-11-06","Electrosaurus","79103","75791","3312"
"2008-11-07","Electrosaurus","31316","29653","1663"
"2008-11-08","Electrosaurus","64935","63293","1642"
"2008-11-09","Electrosaurus","66354","61149","5205"
"2008-11-10","Electrosaurus","37268","33286","3982"
"2008-11-11","Electrosaurus","76793","71332","5461"
"2008-11-12","Electrosaurus","56395","52297","4098"
"2008-11-13","Electrosaurus","13129","12480","649"
"2008-11-14","Electrosaurus","74041","70287","3754"
"2008-11-15","Electrosaurus","37385","35889","1496"
"2008-11-16","Electrosaurus","39887","35774","4113"
"2008-11-17","Electrosaurus","6238","5519","719"
"2008-11-18","Electrosaurus","40835","36127","4708"
"2008-11-19","Electrosaurus","54107","46747","7360"
"2008-11-20","Electrosaurus","36775","35291","1484"
"2008-11-21","Electrosaurus","39026","34519","4507"
"2008-11-22","Electrosaurus","23048","22313","735"
"2008-11-23","Electrosaurus","50926","48762","2164"
"2008-11-24","Electrosaurus","12327","11421","906"
"2008-11-25","Electrosaurus","51894","48760","3134"
"2008-11-26","Electrosaurus","105062","94636","10426"
"2008-11-27","Electrosaurus","71935","64374","7561"
"2008-11-28","Electrosaurus","53874","49648","4226"
"2008-11-29","Electrosaurus","62956","56379","6577"
"2008-11-30","Electrosaurus","36684","34523","2161"
"2008-12-01","Electrosaurus","75354","67340","8014"
"2008-12-02","Electrosaurus","44914","42098","2816"
"2008-12-03","Electrosaurus","9939","9181","758"
"2008-12-04","Electrosaurus","33316","31576","1740"
"2008-12-05","Electrosaurus","9938","8940","998"
"2008-12-06","Electrosaurus","54273","51766","2507"
"2008-12-07","Electrosaurus","14177","13648","529"
"2008-12-08","Electrosaurus","97783","89911","7872"
"2008-12-09","Electrosaurus","15748","14968","780"
"2008-12-10","Electrosaurus","28756","25595","3161"
"2008-12-11","Electrosaurus","58316","53676","4640"
"2008-12-12","Electrosaurus","5829","5135","694"
"2008-12-13","Electrosaurus","75401","71565","3836"
"2008-12-14","Electrosaurus","29648","28376","1272"
"2008-12-15","Electrosaurus","60316","55599","4717"
"2008-12-16","Electrosaurus","47166","43052","4114"
"2008-12-17","Electrosaurus","31466","29902","1564"
"2008-12-18","Electrosaurus","90029","85339","4690"
"2008-12-19","Electrosaurus","88951","81914","7037"
"2008-12-20","Electrosaurus","89251","84353","4898"
"2008-12-21","Electrosaurus","7919","7910","9"
"2008-12-22","Electrosaurus","43057","37982","5075"
"2008-12-23","Electrosaurus","22517","20859","1658"
"2008-12-24","Electrosaurus","48985","46000","2985"
"2008-12-25","Electrosaurus","124202","113164","11038"
"2008-12-26","Electrosaurus","9939","9181","758"
"2008-12-27","Electrosaurus","7118","6403","715"
"2008-12-28","Electrosaurus","14157","13951","206"
"2008-12-29","Electrosaurus","41657","37701","3956"
"2008-12-30","Electrosaurus","20077","18806","1271"
"2008-12-31","Electrosaurus","20697","19741","956"
"2009-01-01","Electrosaurus","58804","52709","6095"
"2009-01-02","Electrosaurus","57832","53140","4692"
"2009-01-03","Electrosaurus","103439","96292","7147"
"2009-01-04","Electrosaurus","73630","67997","5633"
"2009-01-05","Electrosaurus","67003","60147","6856"
"2009-01-06","Electrosaurus","86269","82080","4189"
"2009-01-07","Electrosaurus","44015","38686","5329"
"2009-01-08","Electrosaurus","149668","136873","12795"
"2009-01-09","Electrosaurus","52462","49882","2580"
"2009-01-10","Electrosaurus","139089","123243","15846"
"2009-01-11","Electrosaurus","37268","33286","3982"
"2009-01-12","Electrosaurus","85532","79770","5762"
"2009-01-13","Electrosaurus","59274","57275","1999"
"2009-01-14","Electrosaurus","52954","48845","4109"
"2009-01-15","Electrosaurus","159554","148350","11204"
"2009-01-16","Electrosaurus","116228","106459","9769"
"2009-01-17","Electrosaurus","62364","57101","5263"
"2009-01-18","Electrosaurus","95638","90730","4908"
"2009-01-19","Electrosaurus","37504","34075","3429"
"2009-01-20","Electrosaurus","153878","142563","11315"
"2009-01-21","Electrosaurus","67454","62915","4539"
"2009-01-22","Electrosaurus","126634","115886","10748"
"2009-01-23","Electrosaurus","43425","38731","4694"
"2009-01-24","Electrosaurus","95373","86202","9171"
"2009-01-25","Electrosaurus","58633","54485","4148"
"2009-01-26","Electrosaurus","92601","84595","8006"
"2009-01-27","Electrosaurus","96869","88776","8093"
"2009-01-28","Electrosaurus","39384","36680","2704"
"2009-01-29","Electrosaurus","120047","107852","12195"
"2009-01-30","Electrosaurus","64760","62195","2565"
"2009-01-31","Electrosaurus","8328","8294","34"
"2009-02-01","Electrosaurus","46193","43178","3015"
"2009-02-02","Electrosaurus","54836","50368","4468"
"2009-02-03","Electrosaurus","114280","102627","11653"
"2009-02-04","Electrosaurus","102088","95493","6595"
"2009-02-05","Electrosaurus","21266","20575","691"
"2009-02-06","Electrosaurus","105441","98083","7358"
"2009-02-07","Electrosaurus","58563","53525","5038"
"2009-02-08","Electrosaurus","102629","93203","9426"
"2009-02-09","Electrosaurus","126010","118386","7624"
"2009-02-10","Electrosaurus","72433","67850","4583"
"2009-02-11","Electrosaurus","49114","44059","5055"
"2009-02-12","Electrosaurus","80372","72690","7682"
"2009-02-13","Electrosaurus","117690","107809","9881"
"2009-02-14","Electrosaurus","35695","34244","1451"
"2009-02-15","Electrosaurus","47183","43316","3867"
"2009-02-16","Electrosaurus","108158","99370","8788"
"2009-02-17","Electrosaurus","37793","36166","1627"
"2009-02-18","Electrosaurus","48973","48250","723"
"2009-02-19","Electrosaurus","103000","98539","4461"
"2009-02-20","Electrosaurus","126107","118171","7936"
"2009-02-21","Electrosaurus","93021","87358","5663"
"2009-02-22","Electrosaurus","72522","66518","6004"
"2009-02-23","Electrosaurus","46144","43298","2846"
"2009-02-24","Electrosaurus","107393","95862","11531"
"2009-02-25","Electrosaurus","120240","108478","11762"
"2009-02-26","Electrosaurus","48931","44900","4031"
"2009-02-27","Electrosaurus","61444","57043","4401"
"2009-02-28","Electrosaurus","100007","94074","5933"
"2009-03-01","Electrosaurus","54169","53495","674"
"2009-03-02","Electrosaurus","66582","60442","6140"
"2009-03-03","Electrosaurus","86477","80428","6049"
"2009-03-04","Electrosaurus","78824","76248","2576"
"2009-03-05","Electrosaurus","121751","113380","8371"
"2009-03-06","Electrosaurus","46574","43641","2933"
"2009-03-07","Electrosaurus","85262","77943","7319"
"2009-03-08","Electrosaurus","52092","49977","2115"
"2009-03-09","Electrosaurus","33204","31658","1546"
"2009-03-10","Electrosaurus","73592","68076","5516"
"2009-03-11","Electrosaurus","95492","89765","5727"
"2009-03-12","Electrosaurus","101001","94354","6647"
"2009-03-13","Electrosaurus","146508","133131","13377"
"2009-03-14","Electrosaurus","20187","19096","1091"
"2009-03-15","Electrosaurus","98418","92525","5893"
"2009-03-16","Electrosaurus","129931","119092","10839"
"2009-03-17","Electrosaurus","23045","20724","2321"
"2009-03-18","Electrosaurus","108579","101536","7043"
"2009-03-19","Electrosaurus","12777","11461","1316"
"2009-03-20","Electrosaurus","80800","75161","5639"
"2009-03-21","Electrosaurus","42885","41040","1845"
"2009-03-22","Electrosaurus","115758","105652","10106"
"2009-03-23","Electrosaurus","83082","78048","5034"
"2009-03-24","Electrosaurus","87357","83395","3962"
"2009-03-25","Electrosaurus","119728","107157","12571"
"2009-03-26","Electrosaurus","92250","85227","7023"
"2009-03-27","Electrosaurus","59333","56890","2443"
"2009-03-28","Electrosaurus","33445","31758","1687"
"2009-03-29","Electrosaurus","64833","60089","4744"
"2009-03-30","Electrosaurus","183936","169408","14528"
"2009-03-31","Electrosaurus","73181","69622","3559"
"2009-04-01","Electrosaurus","135928","123691","12237"
"2009-04-02","Electrosaurus","166405","151622","14783"
"2009-04-03","Electrosaurus","111073","102058","9015"
"2009-04-04","Electrosaurus","39445","37057","2388"
"2009-04-05","Electrosaurus","126063","116416","9647"
"2009-04-06","Electrosaurus","96101","88934","7167"
"2009-04-07","Electrosaurus","63403","60990","2413"
"2009-04-08","Electrosaurus","42217","38059","4158"
"2009-04-09","Electrosaurus","112292","102174","10118"
"2009-04-10","Electrosaurus","26998","26087","911"
"2009-04-11","Electrosaurus","86006","82934","3072"
"2009-04-12","Electrosaurus","95928","90289","5639"
"2009-04-13","Electrosaurus","104239","96287","7952"
"2009-04-14","Electrosaurus","85363","76613","8750"
"2009-04-15","Electrosaurus","59201","56821","2380"
"2009-04-16","Electrosaurus","73132","68927","4205"
"2009-04-17","Electrosaurus","78543","70897","7646"
"2009-04-18","Electrosaurus","134839","124831","10008"
"2009-04-19","Electrosaurus","46324","42203","4121"
"2009-04-20","Electrosaurus","63251","60436","2815"
"2009-04-21","Electrosaurus","65312","63377","1935"
"2009-04-22","Electrosaurus","135226","124516","10710"
"2009-04-23","Electrosaurus","53117","47719","5398"
"2009-04-24","Electrosaurus","135039","127110","7929"
"2009-04-25","Electrosaurus","72452","66628","5824"
"2009-04-26","Electrosaurus","78583","73074","5509"
"2009-04-27","Electrosaurus","67132","61525","5607"
"2009-04-28","Electrosaurus","93912","85386","8526"
"2009-04-29","Electrosaurus","85252","78757","6495"
"2009-04-30","Electrosaurus","84220","79327","4893"
"2009-05-01","Electrosaurus","57551","52065","5486"
"2009-05-02","Electrosaurus","78973","73327","5646"
"2009-05-03","Electrosaurus","73864","64650","9214"
"2009-05-04","Electrosaurus","79142","73852","5290"
"2009-05-05","Electrosaurus","217286","197173","20113"
"2009-05-06","Electrosaurus","56865","52852","4013"
"2009-05-07","Electrosaurus","30194","29127","1067"
"2009-05-08","Electrosaurus","102620","97085","5535"
"2009-05-09","Electrosaurus","33565","31582","1983"
"2009-05-10","Electrosaurus","98671","89275","9396"
"2009-05-11","Electrosaurus","100061","93807","6254"
"2009-05-12","Electrosaurus","92348","86741","5607"
"2009-05-13","Electrosaurus","73062","68820","4242"
"2009-05-14","Electrosaurus","137838","126001","11837"
"2009-05-15","Electrosaurus","54371","49666","4705"
"2009-05-16","Electrosaurus","108412","98724","9688"
"2009-05-17","Electrosaurus","116621","104451","12170"
"2009-05-18","Electrosaurus","42396","37055","5341"
"2009-05-19","Electrosaurus","170478","153761","16717"
"2009-05-20","Electrosaurus","72304","66523","5781"
"2009-05-21","Electrosaurus","27736","27289","447"
"2009-05-22","Electrosaurus","133279","118775","14504"
"2009-05-23","Electrosaurus","43592","41270","2322"
"2009-05-24","Electrosaurus","130840","116819","14021"
"2009-05-25","Electrosaurus","130186","121252","8934"
"2009-05-26","Electrosaurus","107950","98493","9457"
"2009-05-27","Electrosaurus","49604","48254","1350"
"2009-05-28","Electrosaurus","103970","94068","9902"
"2009-05-29","Electrosaurus","17838","17743","95"
"2009-05-30","Electrosaurus","67332","60423","6909"
"2009-05-31","Electrosaurus","32384","30791","1593"
"2009-06-01","Electrosaurus","87519","81877","5642"
"2009-06-02","Electrosaurus","43263","41784","1479"
"2009-06-03","Electrosaurus","119699","108085","11614"
"2009-06-04","Electrosaurus","133080","123008","10072"
"2009-06-05","Electrosaurus","57944","56243","1701"
"2009-06-06","Electrosaurus","41765","39828","1937"
"2009-06-07","Electrosaurus","139094","129684","9410"
"2009-06-08","Electrosaurus","186235","171570","14665"
"2009-06-09","Electrosaurus","159994","151350","8644"
"2009-06-10","Electrosaurus","48203","44418","3785"
"2009-06-11","Electrosaurus","128451","113753","14698"
"2009-06-12","Electrosaurus","138466","125114","13352"
"2009-06-13","Electrosaurus","113119","104923","8196"
"2009-06-14","Electrosaurus","62682","59868","2814"
"2009-06-15","Electrosaurus","91809","83322","8487"
"2009-06-16","Electrosaurus","71738","66310","5428"
"2009-06-17","Electrosaurus","150667","139532","11135"
"2009-06-18","Electrosaurus","152642","142411","10231"
"2009-06-19","Electrosaurus","116772","104399","12373"
"2009-06-20","Electrosaurus","173956","157528","16428"
"2009-06-21","Electrosaurus","65263","60744","4519"
"2009-06-22","Electrosaurus","148464","141664","6800"
"2009-06-23","Electrosaurus","58282","55050","3232"
"2009-06-24","Electrosaurus","152978","136730","16248"
"2009-06-25","Electrosaurus","59323","53001","6322"
"2009-06-26","Electrosaurus","104478","99267","5211"
"2009-06-27","Electrosaurus","130417","121535","8882"
"2009-06-28","Electrosaurus","157906","144617","13289"
"2009-06-29","Electrosaurus","154005","141804","12201"
"2009-06-30","Electrosaurus","85901","77179","8722"
"2009-07-01","Electrosaurus","79502","70824","8678"
"2009-07-02","Electrosaurus","89209","82625","6584"
"2009-07-03","Electrosaurus","121017","112041","8976"
"2009-07-04","Electrosaurus","27135","25422","1713"
"2009-07-05","Electrosaurus","165269","148223","17046"
"2009-07-06","Electrosaurus","71523","65588","5935"
"2009-07-07","Electrosaurus","103369","95314","8055"
"2009-07-08","Electrosaurus","110477","99106","11371"
"2009-07-09","Electrosaurus","187156","170298","16858"
"2009-07-10","Electrosaurus","77961","71349","6612"
"2009-07-11","Electrosaurus","202630","188871","13759"
"2009-07-12","Electrosaurus","128770","114520","14250"
"2009-07-13","Electrosaurus","156622","145436","11186"
"2009-07-14","Electrosaurus","86999","83076","3923"
"2009-07-15","Electrosaurus","65633","60112","5521"
"2009-07-16","Electrosaurus","151256","138690","12566"
"2009-07-17","Electrosaurus","55625","49514","6111"
"2009-07-18","Electrosaurus","163283","148790","14493"
"2009-07-19","Electrosaurus","148304","140015","8289"
"2009-07-20","Electrosaurus","94978","90363","4615"
"2009-07-21","Electrosaurus","119568","114794","4774"
"2009-07-22","Electrosaurus","55123","52200","2923"
"2009-07-23","Electrosaurus","119461","108460","11001"
"2009-07-24","Electrosaurus","161553","150445","11108"
"2009-07-25","Electrosaurus","133965","124428","9537"
"2009-07-26","Electrosaurus","135298","124133","11165"
"2009-07-27","Electrosaurus","62473","57199","5274"
"2009-07-28","Electrosaurus","124750","117590","7160"
"2009-07-29","Electrosaurus","82441","75553","6888"
"2009-07-30","Electrosaurus","143837","132495","11342"
"2009-07-31","Electrosaurus","79320","76789","2531"
"2009-08-01","Electrosaurus","132014","122121","9893"
"2009-08-02","Electrosaurus","169424","160049","9375"
"2009-08-03","Electrosaurus","107988","99645","8343"
"2009-08-04","Electrosaurus","91657","85497","6160"
"2009-08-05","Electrosaurus","104602","91435","13167"
"2009-08-06","Electrosaurus","153125","139983","13142"
"2009-08-07","Electrosaurus","48945","44352","4593"
"2009-08-08","Electrosaurus","112657","106562","6095"
"2009-08-09","Electrosaurus","51001","47836","3165"
"2009-08-10","Electrosaurus","15326","14521","805"
"2009-08-11","Electrosaurus","138457","127233","11224"
"2009-08-12","Electrosaurus","124726","116023","8703"
"2009-08-13","Electrosaurus","130924","121049","9875"
"2009-08-14","Electrosaurus","122049","108884","13165"
"2009-08-15","Electrosaurus","96672","90736","5936"
"2009-08-16","Electrosaurus","101918","97293","4625"
"2009-08-17","Electrosaurus","163967","150168","13799"
"2009-08-18","Electrosaurus","86901","80161","6740"
"2009-08-19","Electrosaurus","82922","77884","5038"
"2009-08-20","Electrosaurus","160526","149906","10620"
"2009-08-21","Electrosaurus","64052","57930","6122"
"2009-08-22","Electrosaurus","77178","74461","2717"
"2009-08-23","Electrosaurus","124986","116603","8383"
"2009-08-24","Electrosaurus","70564","63917","6647"
"2009-08-25","Electrosaurus","220834","200503","20331"
"2009-08-26","Electrosaurus","143789","131996","11793"
"2009-08-27","Electrosaurus","82361","77019","5342"
"2009-08-28","Electrosaurus","83190","76639","6551"
"2009-08-29","Electrosaurus","70527","65614","4913"
"2009-08-30","Electrosaurus","116944","108651","8293"
"2009-08-31","Electrosaurus","113849","105995","7854"
"2009-09-01","Electrosaurus","161436","150807","10629"
"2009-09-02","Electrosaurus","105858","98479","7379"
"2009-09-03","Electrosaurus","50923","48329","2594"
"2009-09-04","Electrosaurus","232826","217726","15100"
"2009-09-05","Electrosaurus","155825","141405","14420"
"2009-09-06","Electrosaurus","66241","63126","3115"
"2009-09-07","Electrosaurus","73032","63906","9126"
"2009-09-08","Electrosaurus","78278","73963","4315"
"2009-09-09","Electrosaurus","87200","83305","3895"
"2009-09-10","Electrosaurus","135303","128533","6770"
"2009-09-11","Electrosaurus","158152","148710","9442"
"2009-09-12","Electrosaurus","129027","117058","11969"
"2009-09-13","Electrosaurus","56101","54062","2039"
"2009-09-14","Electrosaurus","141648","125334","16314"
"2009-09-15","Electrosaurus","44663","41254","3409"
"2009-09-16","Electrosaurus","97330","89851","7479"
"2009-09-17","Electrosaurus","117049","109687","7362"
"2009-09-18","Electrosaurus","48602","44798","3804"
"2009-09-19","Electrosaurus","68448","63328","5120"
"2009-09-20","Electrosaurus","67552","59118","8434"
"2009-09-21","Electrosaurus","90602","84507","6095"
"2009-09-22","Electrosaurus","71961","69609","2352"
"2009-09-23","Electrosaurus","84901","78219","6682"
"2009-09-24","Electrosaurus","51916","47730","4186"
"2009-09-25","Electrosaurus","113835","107812","6023"
"2009-09-26","Electrosaurus","86601","80979","5622"
"2009-09-27","Electrosaurus","50903","46141","4762"
"2009-09-28","Electrosaurus","199447","180357","19090"
"2009-09-29","Electrosaurus","129810","117536","12274"
"2009-09-30","Electrosaurus","95160","89432","5728"
"2009-10-01","Electrosaurus","165295","150921","14374"
"2009-10-02","Electrosaurus","125532","114610","10922"
"2009-10-03","Electrosaurus","171337","155176","16161"
"2009-10-04","Electrosaurus","160926","150459","10467"
"2009-10-05","Electrosaurus","113619","105422","8197"
"2009-10-06","Electrosaurus","28335","25738","2597"
"2009-10-07","Electrosaurus","72679","68383","4296"
"2009-10-08","Electrosaurus","143850","129731","14119"
"2009-10-09","Electrosaurus","123345","115647","7698"
"2009-10-10","Electrosaurus","129816","117351","12465"
"2009-10-11","Electrosaurus","135487","123735","11752"
"2009-10-12","Electrosaurus","145378","129078","16300"
"2009-10-13","Electrosaurus","98568","93960","4608"
"2009-10-14","Electrosaurus","41943","38299","3644"
"2009-10-15","Electrosaurus","68622","67345","1277"
"2009-10-16","Electrosaurus","26256","25332","924"
"2009-10-17","Electrosaurus","45871","42468","3403"
"2009-10-18","Electrosaurus","68811","64225","4586"
"2009-10-19","Electrosaurus","90559","88573","1986"
"2009-10-20","Electrosaurus","96662","86767","9895"
"2009-10-21","Electrosaurus","130846","125981","4865"
"2009-10-22","Electrosaurus","223338","208104","15234"
"2009-10-23","Electrosaurus","166428","150687","15741"
"2009-10-24","Electrosaurus","144175","132568","11607"
"2009-10-25","Electrosaurus","61960","60183","1777"
"2009-10-26","Electrosaurus","63388","59309","4079"
"2009-10-27","Electrosaurus","123528","115655","7873"
"2009-10-28","Electrosaurus","163577","150354","13223"
"2009-10-29","Electrosaurus","181175","168048","13127"
"2009-10-30","Electrosaurus","78610","69783","8827"
"2009-10-31","Electrosaurus","118167","109752","8415"
"2009-11-01","Electrosaurus","140647","128628","12019"
"2009-11-02","Electrosaurus","68060","63129","4931"
"2009-11-03","Electrosaurus","118859","107117","11742"
"2009-11-04","Electrosaurus","170734","157338","13396"
"2009-11-05","Electrosaurus","27876","25233","2643"
"2009-11-06","Electrosaurus","41412","37978","3434"
"2009-11-07","Electrosaurus","87873","82464","5409"
"2009-11-08","Electrosaurus","111366","106201","5165"
"2009-11-09","Electrosaurus","36416","34723","1693"
"2009-11-10","Electrosaurus","71492","68567","2925"
"2009-11-11","Electrosaurus","129806","120012","9794"
"2009-11-12","Electrosaurus","40744","38156","2588"
"2009-11-13","Electrosaurus","135798","124790","11008"
"2009-11-14","Electrosaurus","59624","54469","5155"
"2009-11-15","Electrosaurus","122826","117320","5506"
"2009-11-16","Electrosaurus","127998","115552","12446"
"2009-11-17","Electrosaurus","131225","121344","9881"
"2009-11-18","Electrosaurus","69501","65428","4073"
"2009-11-19","Electrosaurus","29305","27461","1844"
"2009-11-20","Electrosaurus","159627","145402","14225"
"2009-11-21","Electrosaurus","108277","102571","5706"
"2009-11-22","Electrosaurus","90089","84010","6079"
"2009-11-23","Electrosaurus","140735","128873","11862"
"2009-11-24","Electrosaurus","84031","80786","3245"
"2009-11-25","Electrosaurus","118896","110039","8857"
"2009-11-26","Electrosaurus","131959","118688","13271"
"2009-11-27","Electrosaurus","75540","71167","4373"
"2009-11-28","Electrosaurus","157398","142711","14687"
"2009-11-29","Electrosaurus","159318","145015","14303"
"2009-11-30","Electrosaurus","98917","94629","4288"
"2009-12-01","Electrosaurus","90228","84372","5856"
"2009-12-02","Electrosaurus","169074","156088","12986"
"2009-12-03","Electrosaurus","117028","109784","7244"
"2009-12-04","Electrosaurus","153886","140379","13507"
"2009-12-05","Electrosaurus","87788","84431","3357"
"2009-12-06","Electrosaurus","131890","123342","8548"
"2009-12-07","Electrosaurus","155401","142377","13024"
"2009-12-08","Electrosaurus","19035","17199","1836"
"2009-12-09","Electrosaurus","104292","95352","8940"
"2009-12-10","Electrosaurus","94837","86955","7882"
"2009-12-11","Electrosaurus","143122","131742","11380"
"2009-12-12","Electrosaurus","76531","72467","4064"
"2009-12-13","Electrosaurus","121188","110038","11150"
"2009-12-14","Electrosaurus","62812","56949","5863"
"2009-12-15","Electrosaurus","78711","74330","4381"
"2009-12-16","Electrosaurus","79001","74582","4419"
"2009-12-17","Electrosaurus","86004","78692","7312"
"2009-12-18","Electrosaurus","83899","76347","7552"
"2009-12-19","Electrosaurus","85708","80664","5044"
"2009-12-20","Electrosaurus","152995","143074","9921"
"2009-12-21","Electrosaurus","128218","120220","7998"
"2009-12-22","Electrosaurus","101330","94333","6997"
"2009-12-23","Electrosaurus","111971","104867","7104"
"2009-12-24","Electrosaurus","52710","48309","4401"
"2009-12-25","Electrosaurus","57774","51989","5785"
"2009-12-26","Electrosaurus","137924","127242","10682"
"2009-12-27","Electrosaurus","57752","54540","3212"
"2009-12-28","Electrosaurus","179921","165363","14558"
"2009-12-29","Electrosaurus","101130","93195","7935"
"2009-12-30","Electrosaurus","235001","214606","20395"
"2009-12-31","Electrosaurus","61552","57445","4107"
"2010-01-01","Electrosaurus","219136","209274","9862"
"2010-01-02","Electrosaurus","163112","152412","10700"
"2010-01-03","Electrosaurus","35904","32918","2986"
"2010-01-04","Electrosaurus","151535","142071","9464"
"2010-01-05","Electrosaurus","128280","116798","11482"
"2010-01-06","Electrosaurus","160418","148885","11533"
"2010-01-07","Electrosaurus","161824","150124","11700"
"2010-01-08","Electrosaurus","241202","225485","15717"
"2010-01-09","Electrosaurus","261231","243832","17399"
"2010-01-10","Electrosaurus","156622","145760","10862"
"2010-01-11","Electrosaurus","86460","80760","5700"
"2010-01-12","Electrosaurus","167566","153138","14428"
"2010-01-13","Electrosaurus","140648","132011","8637"
"2010-01-14","Electrosaurus","121466","110667","10799"
"2010-01-15","Electrosaurus","193993","176068","17925"
"2010-01-16","Electrosaurus","104838","100430","4408"
"2010-01-17","Electrosaurus","208715","191000","17715"
"2010-01-18","Electrosaurus","224041","206826","17215"
"2010-01-19","Electrosaurus","121825","117129","4696"
"2010-01-20","Electrosaurus","206207","187179","19028"
"2010-01-21","Electrosaurus","113985","107286","6699"
"2010-01-22","Electrosaurus","143443","136103","7340"
"2010-01-23","Electrosaurus","229341","211849","17492"
"2010-01-24","Electrosaurus","197352","183514","13838"
"2010-01-25","Electrosaurus","157135","143955","13180"
"2010-01-26","Electrosaurus","161431","151068","10363"
"2010-01-27","Electrosaurus","138803","128867","9936"
"2010-01-28","Electrosaurus","119256","112851","6405"
"2010-01-29","Electrosaurus","153205","141806","11399"
"2010-01-30","Electrosaurus","238998","216469","22529"
"2010-01-31","Electrosaurus","111375","106568","4807"
"2010-02-01","Electrosaurus","234304","219603","14701"
"2010-02-02","Electrosaurus","213609","200873","12736"
"2010-02-03","Electrosaurus","158742","145601","13141"
"2010-02-04","Electrosaurus","212599","203504","9095"
"2010-02-05","Electrosaurus","88358","80639","7719"
"2010-02-06","Electrosaurus","266784","249663","17121"
"2010-02-07","Electrosaurus","91777","87813","3964"
"2010-02-08","Electrosaurus","197339","182050","15289"
"2010-02-09","Electrosaurus","71292","66027","5265"
"2010-02-10","Electrosaurus","201201","193327","7874"
"2010-02-11","Electrosaurus","203353","186211","17142"
"2010-02-12","Electrosaurus","211464","188511","22953"
"2010-02-13","Electrosaurus","166324","157990","8334"
"2010-02-14","Electrosaurus","68419","64512","3907"
"2010-02-15","Electrosaurus","71684","66628","5056"
"2010-02-16","Electrosaurus","256624","237279","19345"
"2010-02-17","Electrosaurus","189243","175600","13643"
"2010-02-18","Electrosaurus","178720","167148","11572"
"2010-02-19","Electrosaurus","177275","163409","13866"
"2010-02-20","Electrosaurus","126028","115918","10110"
"2010-02-21","Electrosaurus","192791","178351","14440"
"2010-02-22","Electrosaurus","156061","144756","11305"
"2010-02-23","Electrosaurus","116126","108205","7921"
"2010-02-24","Electrosaurus","106980","99395","7585"
"2010-02-25","Electrosaurus","164632","155134","9498"
"2010-02-26","Electrosaurus","126520","115442","11078"
"2010-02-27","Electrosaurus","231147","215889","15258"
"2010-02-28","Electrosaurus","123728","115265","8463"
"2010-03-01","Electrosaurus","113191","101915","11276"
"2010-03-02","Electrosaurus","185903","174889","11014"
"2010-03-03","Electrosaurus","128593","119143","9450"
"2010-03-04","Electrosaurus","135921","126413","9508"
"2010-03-05","Electrosaurus","126533","118649","7884"
"2010-03-06","Electrosaurus","148462","136788","11674"
"2010-03-07","Electrosaurus","245716","230980","14736"
"2010-03-08","Electrosaurus","215960","203829","12131"
"2010-03-09","Electrosaurus","78910","74340","4570"
"2010-03-10","Electrosaurus","151755","140482","11273"
"2010-03-11","Electrosaurus","274326","250639","23687"
"2010-03-12","Electrosaurus","210855","199451","11404"
"2010-03-13","Electrosaurus","189750","173698","16052"
"2010-03-14","Electrosaurus","116094","111027","5067"
"2010-03-15","Electrosaurus","224331","203079","21252"
"2010-03-16","Electrosaurus","127443","119107","8336"
"2010-03-17","Electrosaurus","95148","87025","8123"
"2010-03-18","Electrosaurus","132152","126906","5246"
"2010-03-19","Electrosaurus","123604","119663","3941"
"2010-03-20","Electrosaurus","185783","173151","12632"
"2010-03-21","Electrosaurus","143374","131436","11938"
"2010-03-22","Electrosaurus","185263","169990","15273"
"2010-03-23","Electrosaurus","86469","82099","4370"
"2010-03-24","Electrosaurus","166521","158473","8048"
"2010-03-25","Electrosaurus","125533","117093","8440"
"2010-03-26","Electrosaurus","153037","137202","15835"
"2010-03-27","Electrosaurus","102857","93907","8950"
"2010-03-28","Electrosaurus","160012","149119","10893"
"2010-03-29","Electrosaurus","165167","156242","8925"
"2010-03-30","Electrosaurus","197932","186262","11670"
"2010-03-31","Electrosaurus","201991","188033","13958"
"2010-04-01","Electrosaurus","135454","125941","9513"
"2010-04-02","Electrosaurus","155263","143988","11275"
"2010-04-03","Electrosaurus","142153","132801","9352"
"2010-04-04","Electrosaurus","195069","176430","18639"
"2010-04-05","Electrosaurus","188242","171389","16853"
"2010-04-06","Electrosaurus","161472","152513","8959"
"2010-04-07","Electrosaurus","263478","244227","19251"
"2010-04-08","Electrosaurus","173140","159896","13244"
"2010-04-09","Electrosaurus","226773","207078","19695"
"2010-04-10","Electrosaurus","144997","130650","14347"
"2010-04-11","Electrosaurus","130425","123488","6937"
"2010-04-12","Electrosaurus","203002","181288","21714"
"2010-04-13","Electrosaurus","182591","171634","10957"
"2010-04-14","Electrosaurus","102256","95270","6986"
"2010-04-15","Electrosaurus","199738","186426","13312"
"2010-04-16","Electrosaurus","211638","196486","15152"
"2010-04-17","Electrosaurus","131156","121977","9179"
"2010-04-18","Electrosaurus","204149","187942","16207"
"2010-04-19","Electrosaurus","133734","128660","5074"
"2010-04-20","Electrosaurus","260359","239836","20523"
"2010-04-21","Electrosaurus","167871","158525","9346"
"2010-04-22","Electrosaurus","123877","113442","10435"
"2010-04-23","Electrosaurus","162814","153274","9540"
"2010-04-24","Electrosaurus","118565","111695","6870"
"2010-04-25","Electrosaurus","134295","124672","9623"
"2010-04-26","Electrosaurus","125976","115439","10537"
"2010-04-27","Electrosaurus","129994","123621","6373"
"2010-04-28","Electrosaurus","210299","192750","17549"
"2010-04-29","Electrosaurus","144254","137618","6636"
"2010-04-30","Electrosaurus","236142","214702","21440"
"2010-05-01","Electrosaurus","91198","83212","7986"
"2010-05-02","Electrosaurus","109827","103827","6000"
"2010-05-03","Electrosaurus","152493","140077","12416"
"2010-05-04","Electrosaurus","183706","166415","17291"
"2010-05-05","Electrosaurus","105934","96464","9470"
"2010-05-06","Electrosaurus","148103","137526","10577"
"2010-05-07","Electrosaurus","87510","84833","2677"
"2010-05-08","Electrosaurus","118123","113023","5100"
"2010-05-09","Electrosaurus","137158","126131","11027"
"2010-05-10","Electrosaurus","83029","79605","3424"
"2010-05-11","Electrosaurus","136024","129827","6197"
"2010-05-12","Electrosaurus","82026","77481","4545"
"2010-05-13","Electrosaurus","156836","147799","9037"
"2010-05-14","Electrosaurus","113508","101097","12411"
"2010-05-15","Electrosaurus","78989","75199","3790"
"2010-05-16","Electrosaurus","87029","84309","2720"
"2010-05-17","Electrosaurus","155895","144741","11154"
"2010-05-18","Electrosaurus","98750","93615","5135"
"2010-05-19","Electrosaurus","168834","153473","15361"
"2010-05-20","Electrosaurus","140955","129580","11375"
"2010-05-21","Electrosaurus","158464","150927","7537"
"2010-05-22","Electrosaurus","153662","139470","14192"
"2010-05-23","Electrosaurus","186602","177513","9089"
"2010-05-24","Electrosaurus","184318","176692","7626"
"2010-05-25","Electrosaurus","137185","126847","10338"
"2010-05-26","Electrosaurus","114173","108442","5731"
"2010-05-27","Electrosaurus","263701","244304","19397"
"2010-05-28","Electrosaurus","163398","152268","11130"
"2010-05-29","Electrosaurus","245661","225190","20471"
"2010-05-30","Electrosaurus","196274","183994","12280"
"2010-05-31","Electrosaurus","195714","182755","12959"
"2010-06-01","Electrosaurus","130644","125922","4722"
"2010-06-02","Electrosaurus","357815","330653","27162"
"2010-06-03","Electrosaurus","310801","280497","30304"
"2010-06-04","Electrosaurus","198798","188118","10680"
"2010-06-05","Electrosaurus","335459","301835","33624"
"2010-06-06","Electrosaurus","304177","282133","22044"
"2010-06-07","Electrosaurus","198728","187152","11576"
"2010-06-08","Electrosaurus","237656","223180","14476"
"2010-06-09","Electrosaurus","220687","200816","19871"
"2010-06-10","Electrosaurus","307470","283402","24068"
"2010-06-11","Electrosaurus","261103","240517","20586"
"2010-06-12","Electrosaurus","195783","181520","14263"
"2010-06-13","Electrosaurus","402446","364346","38100"
"2010-06-14","Electrosaurus","291955","277502","14453"
"2010-06-15","Electrosaurus","487207","446013","41194"
"2010-06-16","Electrosaurus","316828","298658","18170"
"2010-06-17","Electrosaurus","162098","155269","6829"
"2010-06-18","Electrosaurus","317815","293250","24565"
"2010-06-19","Electrosaurus","254516","241648","12868"
"2010-06-20","Electrosaurus","251102","233252","17850"
"2010-06-21","Electrosaurus","407983","378263","29720"
"2010-06-22","Electrosaurus","250602","229193","21409"
"2010-06-23","Electrosaurus","253021","233482","19539"
"2010-06-24","Electrosaurus","279851","256262","23589"
"2010-06-25","Electrosaurus","165744","150396","15348"
"2010-06-26","Electrosaurus","387062","352517","34545"
"2010-06-27","Electrosaurus","250730","234467","16263"
"2010-06-28","Electrosaurus","319495","293602","25893"
"2010-06-29","Electrosaurus","183371","171834","11537"
"2010-06-30","Electrosaurus","384296","353999","30297"
"2010-07-01","Electrosaurus","218141","205527","12614"
"2010-07-02","Electrosaurus","172017","161611","10406"
"2010-07-03","Electrosaurus","235921","220846","15075"
"2010-07-04","Electrosaurus","232750","219553","13197"
"2010-07-05","Electrosaurus","235733","213186","22547"
"2010-07-06","Electrosaurus","247936","230410","17526"
"2010-07-07","Electrosaurus","273651","256514","17137"
"2010-07-08","Electrosaurus","366899","333686","33213"
"2010-07-09","Electrosaurus","343805","318032","25773"
"2010-07-10","Electrosaurus","329833","297878","31955"
"2010-07-11","Electrosaurus","327684","304235","23449"
"2010-07-12","Electrosaurus","267528","256043","11485"
"2010-07-13","Electrosaurus","338607","315136","23471"
"2010-07-14","Electrosaurus","271684","250442","21242"
"2010-07-15","Electrosaurus","307748","287235","20513"
"2010-07-16","Electrosaurus","267325","249140","18185"
"2010-07-17","Electrosaurus","207629","195241","12388"
"2010-07-18","Electrosaurus","312115","294756","17359"
"2010-07-19","Electrosaurus","176716","164344","12372"
"2010-07-20","Electrosaurus","174494","164577","9917"
"2010-07-21","Electrosaurus","449629","413308","36321"
"2010-07-22","Electrosaurus","385920","353470","32450"
"2010-07-23","Electrosaurus","366279","338882","27397"
"2010-07-24","Electrosaurus","293241","273707","19534"
"2010-07-25","Electrosaurus","270552","251512","19040"
"2010-07-26","Electrosaurus","154148","140854","13294"
"2010-07-27","Electrosaurus","244382","227451","16931"
"2010-07-28","Electrosaurus","273462","252419","21043"
"2010-07-29","Electrosaurus","294503","276312","18191"
"2010-07-30","Electrosaurus","367136","334694","32442"
"2010-07-31","Electrosaurus","383121","352957","30164"
"2010-08-01","Electrosaurus","273299","255779","17520"
"2010-08-02","Electrosaurus","229477","215894","13583"
"2010-08-03","Electrosaurus","256829","240338","16491"
"2010-08-04","Electrosaurus","328638","302832","25806"
"2010-08-05","Electrosaurus","304324","282072","22252"
"2010-08-06","Electrosaurus","309218","285762","23456"
"2010-08-07","Electrosaurus","266801","250488","16313"
"2010-08-08","Electrosaurus","427959","403132","24827"
"2010-08-09","Electrosaurus","378219","350003","28216"
"2010-08-10","Electrosaurus","243483","228211","15272"
"2010-08-11","Electrosaurus","168542","159273","9269"
"2010-08-12","Electrosaurus","241042","228248","12794"
"2010-08-13","Electrosaurus","290131","266690","23441"
"2010-08-14","Electrosaurus","267380","247070","20310"
"2010-08-15","Electrosaurus","304986","282635","22351"
"2010-08-16","Electrosaurus","368539","345450","23089"
"2010-08-17","Electrosaurus","285240","264406","20834"
"2010-08-18","Electrosaurus","256912","240327","16585"
"2010-08-19","Electrosaurus","357914","328178","29736"
"2010-08-20","Electrosaurus","392262","358315","33947"
"2010-08-21","Electrosaurus","326827","302747","24080"
"2010-08-22","Electrosaurus","322504","302634","19870"
"2010-08-23","Electrosaurus","225776","208392","17384"
"2010-08-24","Electrosaurus","220023","206206","13817"
"2010-08-25","Electrosaurus","278490","258452","20038"
"2010-08-26","Electrosaurus","275048","253766","21282"
"2010-08-27","Electrosaurus","257992","240117","17875"
"2010-08-28","Electrosaurus","348441","323406","25035"
"2010-08-29","Electrosaurus","296806","281221","15585"
"2010-08-30","Electrosaurus","348877","320397","28480"
"2010-08-31","Electrosaurus","206053","196454","9599"
"2010-09-01","Electrosaurus","387466","358554","28912"
"2010-09-02","Electrosaurus","165595","155445","10150"
"2010-09-03","Electrosaurus","275639","261019","14620"
"2010-09-04","Electrosaurus","215158","199166","15992"
"2010-09-05","Electrosaurus","353573","327484","26089"
"2010-09-06","Electrosaurus","267852","252759","15093"
"2010-09-07","Electrosaurus","361259","330806","30453"
"2010-09-08","Electrosaurus","324360","303689","20671"
"2010-09-09","Electrosaurus","421634","384441","37193"
"2010-09-10","Electrosaurus","278953","253008","25945"
"2010-09-11","Electrosaurus","211766","202278","9488"
"2010-09-12","Electrosaurus","295313","273509","21804"
"2010-09-13","Electrosaurus","269985","245419","24566"
"2010-09-14","Electrosaurus","190049","173372","16677"
"2010-09-15","Electrosaurus","374006","344688","29318"
"2010-09-16","Electrosaurus","301014","279567","21447"
"2010-09-17","Electrosaurus","264074","249056","15018"
"2010-09-18","Electrosaurus","299460","279904","19556"
"2010-09-19","Electrosaurus","358682","331253","27429"
"2010-09-20","Electrosaurus","383010","349379","33631"
"2010-09-21","Electrosaurus","287891","269108","18783"
"2010-09-22","Electrosaurus","300735","278351","22384"
"2010-09-23","Electrosaurus","230666","208887","21779"
"2010-09-24","Electrosaurus","231252","212840","18412"
"2010-09-25","Electrosaurus","302485","284665","17820"
"2010-09-26","Electrosaurus","302152","278752","23400"
"2010-09-27","Electrosaurus","298146","278488","19658"
"2010-09-28","Electrosaurus","243383","223895","19488"
"2010-09-29","Electrosaurus","330276","302961","27315"
"2010-09-30","Electrosaurus","352976","329037","23939"
"2010-10-01","Electrosaurus","312296","283614","28682"
"2010-10-02","Electrosaurus","294855","264582","30273"
"2010-10-03","Electrosaurus","276306","258183","18123"
"2010-10-04","Electrosaurus","189819","176416","13403"
"2010-10-05","Electrosaurus","219887","206382","13505"
"2010-10-06","Electrosaurus","330992","307925","23067"
"2010-10-07","Electrosaurus","248601","232771","15830"
"2010-10-08","Electrosaurus","363155","335811","27344"
"2010-10-09","Electrosaurus","367334","348196","19138"
"2010-10-10","Electrosaurus","340657","315992","24665"
"2010-10-11","Electrosaurus","377071","355278","21793"
"2010-10-12","Electrosaurus","182406","168663","13743"
"2010-10-13","Electrosaurus","310784","285381","25403"
"2010-10-14","Electrosaurus","257874","239872","18002"
"2010-10-15","Electrosaurus","279364","260148","19216"
"2010-10-16","Electrosaurus","356069","329732","26337"
"2010-10-17","Electrosaurus","242341","225174","17167"
"2010-10-18","Electrosaurus","286661","264102","22559"
"2010-10-19","Electrosaurus","223991","205572","18419"
"2010-10-20","Electrosaurus","304777","284247","20530"
"2010-10-21","Electrosaurus","227182","211761","15421"
"2010-10-22","Electrosaurus","384405","353338","31067"
"2010-10-23","Electrosaurus","429243","399018","30225"
"2010-10-24","Electrosaurus","288098","265472","22626"
"2010-10-25","Electrosaurus","223324","206989","16335"
"2010-10-26","Electrosaurus","191934","181205","10729"
"2010-10-27","Electrosaurus","311946","292565","19381"
"2010-10-28","Electrosaurus","279540","259764","19776"
"2010-10-29","Electrosaurus","263991","243662","20329"
"2010-10-30","Electrosaurus","289377","273428","15949"
"2010-10-31","Electrosaurus","246446","229407","17039"
"2010-11-01","Electrosaurus","347302","322350","24952"
"2010-11-02","Electrosaurus","197166","187174","9992"
"2010-11-03","Electrosaurus","342028","319724","22304"
"2010-11-04","Electrosaurus","239595","218484","21111"
"2010-11-05","Electrosaurus","227945","209802","18143"
"2010-11-06","Electrosaurus","374304","348307","25997"
"2010-11-07","Electrosaurus","324904","300386","24518"
"2010-11-08","Electrosaurus","254966","239791","15175"
"2010-11-09","Electrosaurus","420779","387723","33056"
"2010-11-10","Electrosaurus","291390","266169","25221"
"2010-11-11","Electrosaurus","320270","302762","17508"
"2010-11-12","Electrosaurus","261013","238893","22120"
"2010-11-13","Electrosaurus","247618","228419","19199"
"2010-11-14","Electrosaurus","384598","353012","31586"
"2010-11-15","Electrosaurus","324051","303571","20480"
"2010-11-16","Electrosaurus","267807","244221","23586"
"2010-11-17","Electrosaurus","261359","242870","18489"
"2010-11-18","Electrosaurus","293209","271573","21636"
"2010-11-19","Electrosaurus","294854","268902","25952"
"2010-11-20","Electrosaurus","270321","249096","21225"
"2010-11-21","Electrosaurus","216044","200816","15228"
"2010-11-22","Electrosaurus","302095","279338","22757"
"2010-11-23","Electrosaurus","322056","297735","24321"
"2010-11-24","Electrosaurus","227020","208822","18198"
"2010-11-25","Electrosaurus","275232","255198","20034"
"2010-11-26","Electrosaurus","331998","307194","24804"
"2010-11-27","Electrosaurus","273218","245646","27572"
"2010-11-28","Electrosaurus","247249","234891","12358"
"2010-11-29","Electrosaurus","198906","183659","15247"
"2010-11-30","Electrosaurus","237364","217932","19432"
"2010-12-01","Electrosaurus","388145","362288","25857"
"2010-12-02","Electrosaurus","221475","203165","18310"
"2010-12-03","Electrosaurus","279783","258947","20836"
"2010-12-04","Electrosaurus","213784","194510","19274"
"2010-12-05","Electrosaurus","311309","290826","20483"
"2010-12-06","Electrosaurus","326697","307283","19414"
"2010-12-07","Electrosaurus","408503","372828","35675"
"2010-12-08","Electrosaurus","196730","180192","16538"
"2010-12-09","Electrosaurus","309275","287512","21763"
"2010-12-10","Electrosaurus","229294","216527","12767"
"2010-12-11","Electrosaurus","400159","367328","32831"
"2010-12-12","Electrosaurus","260279","244835","15444"
"2010-12-13","Electrosaurus","449523","428946","20577"
"2010-12-14","Electrosaurus","406971","373676","33295"
"2010-12-15","Electrosaurus","290829","268694","22135"
"2010-12-16","Electrosaurus","344007","320542","23465"
"2010-12-17","Electrosaurus","391771","359905","31866"
"2010-12-18","Electrosaurus","340087","315758","24329"
"2010-12-19","Electrosaurus","271955","254342","17613"
"2010-12-20","Electrosaurus","303941","279194","24747"
"2010-12-21","Electrosaurus","306627","285528","21099"
"2010-12-22","Electrosaurus","277020","258472","18548"
"2010-12-23","Electrosaurus","279851","254969","24882"
"2010-12-24","Electrosaurus","240015","221485","18530"
"2010-12-25","Electrosaurus","303768","286265","17503"
"2010-12-26","Electrosaurus","288952","260762","28190"
"2010-12-27","Electrosaurus","280698","261744","18954"
"2010-12-28","Electrosaurus","306209","283743","22466"
"2010-12-29","Electrosaurus","195253","184166","11087"
"2010-12-30","Electrosaurus","423286","384970","38316"
"2010-12-31","Electrosaurus","392350","361971","30379"
"2011-01-01","Electrosaurus","265469","249684","15785"
"2011-01-02","Electrosaurus","308280","285288","22992"
"2011-01-03","Electrosaurus","360586","334786","25800"
"2011-01-04","Electrosaurus","325476","303081","22395"
"2011-01-05","Electrosaurus","227721","215496","12225"
"2011-01-06","Electrosaurus","391061","357881","33180"
"2011-01-07","Electrosaurus","206012","188949","17063"
"2011-01-08","Electrosaurus","292002","271745","20257"
"2011-01-09","Electrosaurus","350012","327579","22433"
"2011-01-10","Electrosaurus","377834","349844","27990"
"2011-01-11","Electrosaurus","305593","284804","20789"
"2011-01-12","Electrosaurus","477969","436108","41861"
"2011-01-13","Electrosaurus","316477","293811","22666"
"2011-01-14","Electrosaurus","341455","318153","23302"
"2011-01-15","Electrosaurus","314967","294460","20507"
"2011-01-16","Electrosaurus","284952","262004","22948"
"2011-01-17","Electrosaurus","281473","260561","20912"
"2011-01-18","Electrosaurus","327681","305243","22438"
"2011-01-19","Electrosaurus","331308","306568","24740"
"2011-01-20","Electrosaurus","252067","234679","17388"
"2011-01-21","Electrosaurus","358296","332728","25568"
"2011-01-22","Electrosaurus","467975","434646","33329"
"2011-01-23","Electrosaurus","241911","221057","20854"
"2011-01-24","Electrosaurus","256687","241688","14999"
"2011-01-25","Electrosaurus","225044","213269","11775"
"2011-01-26","Electrosaurus","238501","221605","16896"
"2011-01-27","Electrosaurus","352555","325792","26763"
"2011-01-28","Electrosaurus","430215","410826","19389"
"2011-01-29","Electrosaurus","333886","312079","21807"
"2011-01-30","Electrosaurus","285707","262314","23393"
"2011-01-31","Electrosaurus","288209","267291","20918"
"2011-02-01","Electrosaurus","298448","271665","26783"
"2011-02-02","Electrosaurus","321652","297750","23902"
"2011-02-03","Electrosaurus","316487","293456","23031"
"2011-02-04","Electrosaurus","311869","284570","27299"
"2011-02-05","Electrosaurus","385607","353524","32083"
"2011-02-06","Electrosaurus","418462","389254","29208"
"2011-02-07","Electrosaurus","267197","248377","18820"
"2011-02-08","Electrosaurus","241744","220812","20932"
"2011-02-09","Electrosaurus","317686","294642","23044"
"2011-02-10","Electrosaurus","341156","314410","26746"
"2011-02-11","Electrosaurus","313450","290447","23003"
"2011-02-12","Electrosaurus","506214","465111","41103"
"2011-02-13","Electrosaurus","269505","254167","15338"
"2011-02-14","Electrosaurus","320822","303853","16969"
"2011-02-15","Electrosaurus","363795","336509","27286"
"2011-02-16","Electrosaurus","263288","249571","13717"
"2011-02-17","Electrosaurus","276235","259219","17016"
"2011-02-18","Electrosaurus","320047","294322","25725"
"2011-02-19","Electrosaurus","176253","162839","13414"
"2011-02-20","Electrosaurus","180087","166918","13169"
"2011-02-21","Electrosaurus","299200","272498","26702"
"2011-02-22","Electrosaurus","353812","331335","22477"
"2011-02-23","Electrosaurus","315952","287964","27988"
"2011-02-24","Electrosaurus","350015","316565","33450"
"2011-02-25","Electrosaurus","359061","334945","24116"
"2011-02-26","Electrosaurus","254179","237022","17157"
"2011-02-27","Electrosaurus","241462","228989","12473"
"2011-02-28","Electrosaurus","223023","209649","13374"
"2011-03-01","Electrosaurus","350762","325130","25632"
"2011-03-02","Electrosaurus","363592","332939","30653"
"2011-03-03","Electrosaurus","350225","329158","21067"
"2011-03-04","Electrosaurus","390041","352739","37302"
"2011-03-05","Electrosaurus","362554","333231","29323"
"2011-03-06","Electrosaurus","326954","300420","26534"
"2011-03-07","Electrosaurus","220996","207008","13988"
"2011-03-08","Electrosaurus","397294","375870","21424"
"2011-03-09","Electrosaurus","246361","227261","19100"
"2011-03-10","Electrosaurus","333560","310414","23146"
"2011-03-11","Electrosaurus","386867","361435","25432"
"2011-03-12","Electrosaurus","417268","391338","25930"
"2011-03-13","Electrosaurus","385913","354547","31366"
"2011-03-14","Electrosaurus","319715","298369","21346"
"2011-03-15","Electrosaurus","310813","288762","22051"
"2011-03-16","Electrosaurus","432246","400844","31402"
"2011-03-17","Electrosaurus","263770","249072","14698"
"2011-03-18","Electrosaurus","377979","349524","28455"
"2011-03-19","Electrosaurus","271314","254764","16550"
"2011-03-20","Electrosaurus","283732","259854","23878"
"2011-03-21","Electrosaurus","259398","245419","13979"
"2011-03-22","Electrosaurus","304744","281632","23112"
"2011-03-23","Electrosaurus","316575","288869","27706"
"2011-03-24","Electrosaurus","292320","270091","22229"
"2011-03-25","Electrosaurus","457711","416347","41364"
"2011-03-26","Electrosaurus","404903","375180","29723"
"2011-03-27","Electrosaurus","314197","294381","19816"
"2011-03-28","Electrosaurus","319400","302710","16690"
"2011-03-29","Electrosaurus","296005","274805","21200"
"2011-03-30","Electrosaurus","352821","325061","27760"
"2011-03-31","Electrosaurus","297487","278299","19188"
"2011-04-01","Electrosaurus","339638","309067","30571"
"2011-04-02","Electrosaurus","333228","308513","24715"
"2011-04-03","Electrosaurus","331306","304551","26755"
"2011-04-04","Electrosaurus","319507","302534","16973"
"2011-04-05","Electrosaurus","180639","170258","10381"
"2011-04-06","Electrosaurus","234299","221120","13179"
"2011-04-07","Electrosaurus","348151","325350","22801"
"2011-04-08","Electrosaurus","367239","333486","33753"
"2011-04-09","Electrosaurus","416755","387340","29415"
"2011-04-10","Electrosaurus","353598","320971","32627"
"2011-04-11","Electrosaurus","435634","399813","35821"
"2011-04-12","Electrosaurus","327737","302112","25625"
"2011-04-13","Electrosaurus","272108","253280","18828"
"2011-04-14","Electrosaurus","337095","310590","26505"
"2011-04-15","Electrosaurus","406384","378423","27961"
"2011-04-16","Electrosaurus","390877","359107","31770"
"2011-04-17","Electrosaurus","343240","314695","28545"
"2011-04-18","Electrosaurus","308358","280717","27641"
"2011-04-19","Electrosaurus","325616","303643","21973"
"2011-04-20","Electrosaurus","315380","292487","22893"
"2011-04-21","Electrosaurus","252728","238932","13796"
"2011-04-22","Electrosaurus","360932","331279","29653"
"2011-04-23","Electrosaurus","289259","268676","20583"
"2011-04-24","Electrosaurus","368935","340092","28843"
"2011-04-25","Electrosaurus","357252","330409","26843"
"2011-04-26","Electrosaurus","422357","399886","22471"
"2011-04-27","Electrosaurus","304280","284849","19431"
"2011-04-28","Electrosaurus","409895","378621","31274"
"2011-04-29","Electrosaurus","283401","261130","22271"
"2011-04-30","Electrosaurus","444746","412176","32570"
"2011-05-01","Electrosaurus","339639","314821","24818"
"2011-05-02","Electrosaurus","410569","375935","34634"
"2011-05-03","Electrosaurus","250548","234899","15649"
"2011-05-04","Electrosaurus","393010","364156","28854"
"2011-05-05","Electrosaurus","352431","323869","28562"
"2011-05-06","Electrosaurus","250423","234163","16260"
"2011-05-07","Electrosaurus","236128","225078","11050"
"2011-05-08","Electrosaurus","280792","256422","24370"
"2011-05-09","Electrosaurus","310443","289508","20935"
"2011-05-10","Electrosaurus","348628","318833","29795"
"2011-05-11","Electrosaurus","347507","326810","20697"
"2011-05-12","Electrosaurus","464569","428652","35917"
"2011-05-13","Electrosaurus","363504","334076","29428"
"2011-05-14","Electrosaurus","350272","327643","22629"
"2011-05-15","Electrosaurus","374991","344040","30951"
"2011-05-16","Electrosaurus","332347","311062","21285"
"2011-05-17","Electrosaurus","317966","299120","18846"
"2011-05-18","Electrosaurus","304904","286430","18474"
"2011-05-19","Electrosaurus","309706","287287","22419"
"2011-05-20","Electrosaurus","217387","199660","17727"
"2011-05-21","Electrosaurus","371624","345238","26386"
"2011-05-22","Electrosaurus","272098","261286","10812"
"2011-05-23","Electrosaurus","356886","326976","29910"
"2011-05-24","Electrosaurus","365576","333983","31593"
"2011-05-25","Electrosaurus","515860","477935","37925"
"2011-05-26","Electrosaurus","383791","360794","22997"
"2011-05-27","Electrosaurus","264717","247744","16973"
"2011-05-28","Electrosaurus","300309","274172","26137"
"2011-05-29","Electrosaurus","227023","209190","17833"
"2011-05-30","Electrosaurus","470332","429916","40416"
"2011-05-31","Electrosaurus","281440","268759","12681"
"2011-06-01","Electrosaurus","366254","337891","28363"
"2011-06-02","Electrosaurus","416706","385184","31522"
"2011-06-03","Electrosaurus","484710","447230","37480"
"2011-06-04","Electrosaurus","466825","431640","35185"
"2011-06-05","Electrosaurus","471163","430564","40599"
"2011-06-06","Electrosaurus","367798","338945","28853"
"2011-06-07","Electrosaurus","358342","329855","28487"
"2011-06-08","Electrosaurus","487401","453954","33447"
"2011-06-09","Electrosaurus","395653","361402","34251"
"2011-06-10","Electrosaurus","423753","388436","35317"
"2011-06-11","Electrosaurus","412124","380117","32007"
"2011-06-12","Electrosaurus","374779","349904","24875"
"2011-06-13","Electrosaurus","421938","391401","30537"
"2011-06-14","Electrosaurus","382221","351895","30326"
"2011-06-15","Electrosaurus","401533","377629","23904"
"2011-06-16","Electrosaurus","493165","451379","41786"
"2011-06-17","Electrosaurus","347791","320929","26862"
"2011-06-18","Electrosaurus","483287","437840","45447"
"2011-06-19","Electrosaurus","362233","338663","23570"
"2011-06-20","Electrosaurus","410060","386074","23986"
"2011-06-21","Electrosaurus","392667","360353","32314"
"2011-06-22","Electrosaurus","366275","338888","27387"
"2011-06-23","Electrosaurus","467689","427316","40373"
"2011-06-24","Electrosaurus","437060","405318","31742"
"2011-06-25","Electrosaurus","401989","370394","31595"
"2011-06-26","Electrosaurus","482278","452734","29544"
"2011-06-27","Electrosaurus","457197","426370","30827"
"2011-06-28","Electrosaurus","376213","347717","28496"
"2011-06-29","Electrosaurus","335230","311113","24117"
"2011-06-30","Electrosaurus","308753","287500","21253"
"2011-07-01","Electrosaurus","356208","330306","25902"
"2011-07-02","Electrosaurus","340365","317792","22573"
"2011-07-03","Electrosaurus","491408","454822","36586"
"2011-07-04","Electrosaurus","293593","272021","21572"
"2011-07-05","Electrosaurus","319558","295550","24008"
"2011-07-06","Electrosaurus","399036","366941","32095"
"2011-07-07","Electrosaurus","415019","380084","34935"
"2011-07-08","Electrosaurus","358908","333080","25828"
"2011-07-09","Electrosaurus","604931","565636","39295"
"2011-07-10","Electrosaurus","369806","342713","27093"
"2011-07-11","Electrosaurus","380143","346863","33280"
"2011-07-12","Electrosaurus","342410","318861","23549"
"2011-07-13","Electrosaurus","282745","267833","14912"
"2011-07-14","Electrosaurus","340518","315050","25468"
"2011-07-15","Electrosaurus","369957","346234","23723"
"2011-07-16","Electrosaurus","389702","363190","26512"
"2011-07-17","Electrosaurus","483858","442309","41549"
"2011-07-18","Electrosaurus","514409","474912","39497"
"2011-07-19","Electrosaurus","342796","317713","25083"
"2011-07-20","Electrosaurus","455944","425931","30013"
"2011-07-21","Electrosaurus","334160","310979","23181"
"2011-07-22","Electrosaurus","494608","460183","34425"
"2011-07-23","Electrosaurus","352129","327517","24612"
"2011-07-24","Electrosaurus","402196","372286","29910"
"2011-07-25","Electrosaurus","487229","455112","32117"
"2011-07-26","Electrosaurus","424489","392660","31829"
"2011-07-27","Electrosaurus","435359","403747","31612"
"2011-07-28","Electrosaurus","519941","478082","41859"
"2011-07-29","Electrosaurus","426710","407302","19408"
"2011-07-30","Electrosaurus","316309","294165","22144"
"2011-07-31","Electrosaurus","451347","416859","34488"
"2011-08-01","Electrosaurus","332107","307273","24834"
"2011-08-02","Electrosaurus","370547","346262","24285"
"2011-08-03","Electrosaurus","457133","422574","34559"
"2011-08-04","Electrosaurus","451823","415288","36535"
"2011-08-05","Electrosaurus","281238","255057","26181"
"2011-08-06","Electrosaurus","331899","311838","20061"
"2011-08-07","Electrosaurus","441604","411677","29927"
"2011-08-08","Electrosaurus","460444","420883","39561"
"2011-08-09","Electrosaurus","292554","275029","17525"
"2011-08-10","Electrosaurus","300915","276735","24180"
"2011-08-11","Electrosaurus","331043","307049","23994"
"2011-08-12","Electrosaurus","352933","328488","24445"
"2011-08-13","Electrosaurus","328396","303113","25283"
"2011-08-14","Electrosaurus","430878","400710","30168"
"2011-08-15","Electrosaurus","314261","294336","19925"
"2011-08-16","Electrosaurus","407105","377653","29452"
"2011-08-17","Electrosaurus","368230","342642","25588"
"2011-08-18","Electrosaurus","280307","259301","21006"
"2011-08-19","Electrosaurus","331440","307267","24173"
"2011-08-20","Electrosaurus","358854","328119","30735"
"2011-08-21","Electrosaurus","340026","325450","14576"
"2011-08-22","Electrosaurus","427935","392242","35693"
"2011-08-23","Electrosaurus","456904","425826","31078"
"2011-08-24","Electrosaurus","464336","431504","32832"
"2011-08-25","Electrosaurus","376914","357006","19908"
"2011-08-26","Electrosaurus","331553","312147","19406"
"2011-08-27","Electrosaurus","496491","454739","41752"
"2011-08-28","Electrosaurus","405975","368646","37329"
"2011-08-29","Electrosaurus","376621","351639","24982"
"2011-08-30","Electrosaurus","408926","380440","28486"
"2011-08-31","Electrosaurus","387266","359863","27403"
"2011-09-01","Electrosaurus","539995","496230","43765"
"2011-09-02","Electrosaurus","291382","272380","19002"
"2011-09-03","Electrosaurus","456166","422493","33673"
"2011-09-04","Electrosaurus","349709","329787","19922"
"2011-09-05","Electrosaurus","382654","353456","29198"
"2011-09-06","Electrosaurus","379742","351283","28459"
"2011-09-07","Electrosaurus","361098","337149","23949"
"2011-09-08","Electrosaurus","275577","258680","16897"
"2011-09-09","Electrosaurus","436330","411948","24382"
"2011-09-10","Electrosaurus","355661","330032","25629"
"2011-09-11","Electrosaurus","497392","460861","36531"
"2011-09-12","Electrosaurus","406034","378431","27603"
"2011-09-13","Electrosaurus","287893","259581","28312"
"2011-09-14","Electrosaurus","442872","411758","31114"
"2011-09-15","Electrosaurus","393668","365951","27717"
"2011-09-16","Electrosaurus","450282","407628","42654"
"2011-09-17","Electrosaurus","326451","303841","22610"
"2011-09-18","Electrosaurus","424250","395987","28263"
"2011-09-19","Electrosaurus","532598","489908","42690"
"2011-09-20","Electrosaurus","544228","493716","50512"
"2011-09-21","Electrosaurus","478172","446663","31509"
"2011-09-22","Electrosaurus","506078","456020","50058"
"2011-09-23","Electrosaurus","387195","357318","29877"
"2011-09-24","Electrosaurus","293245","279489","13756"
"2011-09-25","Electrosaurus","457364","418834","38530"
"2011-09-26","Electrosaurus","378082","350091","27991"
"2011-09-27","Electrosaurus","438197","403614","34583"
"2011-09-28","Electrosaurus","312148","290590","21558"
"2011-09-29","Electrosaurus","334298","301275","33023"
"2011-09-30","Electrosaurus","405394","369292","36102"
"2011-10-01","Electrosaurus","421839","388699","33140"
"2011-10-02","Electrosaurus","449653","411881","37772"
"2011-10-03","Electrosaurus","387587","353124","34463"
"2011-10-04","Electrosaurus","381375","356921","24454"
"2011-10-05","Electrosaurus","250444","230098","20346"
"2011-10-06","Electrosaurus","523758","476352","47406"
"2011-10-07","Electrosaurus","404795","375403","29392"
"2011-10-08","Electrosaurus","283406","270529","12877"
"2011-10-09","Electrosaurus","375703","348158","27545"
"2011-10-10","Electrosaurus","448015","416590","31425"
"2011-10-11","Electrosaurus","426403","392644","33759"
"2011-10-12","Electrosaurus","296507","270213","26294"
"2011-10-13","Electrosaurus","278607","255463","23144"
"2011-10-14","Electrosaurus","323864","302384","21480"
"2011-10-15","Electrosaurus","363062","337026","26036"
"2011-10-16","Electrosaurus","289103","270370","18733"
"2011-10-17","Electrosaurus","455722","420484","35238"
"2011-10-18","Electrosaurus","394185","366820","27365"
"2011-10-19","Electrosaurus","308388","282574","25814"
"2011-10-20","Electrosaurus","229908","215501","14407"
"2011-10-21","Electrosaurus","364402","341842","22560"
"2011-10-22","Electrosaurus","367544","344471","23073"
"2011-10-23","Electrosaurus","491180","449867","41313"
"2011-10-24","Electrosaurus","306120","284442","21678"
"2011-10-25","Electrosaurus","423771","400244","23527"
"2011-10-26","Electrosaurus","445173","412940","32233"
"2011-10-27","Electrosaurus","379100","355411","23689"
"2011-10-28","Electrosaurus","309637","290839","18798"
"2011-10-29","Electrosaurus","395893","368722","27171"
"2011-10-30","Electrosaurus","390872","364771","26101"
"2011-10-31","Electrosaurus","428268","398672","29596"
"2011-11-01","Electrosaurus","452895","415208","37687"
"2011-11-02","Electrosaurus","431390","402550","28840"
"2011-11-03","Electrosaurus","375173","350856","24317"
"2011-11-04","Electrosaurus","271426","258541","12885"
"2011-11-05","Electrosaurus","348677","318921","29756"
"2011-11-06","Electrosaurus","343771","318067","25704"
"2011-11-07","Electrosaurus","539459","502093","37366"
"2011-11-08","Electrosaurus","400088","368814","31274"
"2011-11-09","Electrosaurus","610365","566995","43370"
"2011-11-10","Electrosaurus","378613","353595","25018"
"2011-11-11","Electrosaurus","437514","405136","32378"
"2011-11-12","Electrosaurus","576755","536965","39790"
"2011-11-13","Electrosaurus","282412","264163","18249"
"2011-11-14","Electrosaurus","529010","489186","39824"
"2011-11-15","Electrosaurus","383611","354266","29345"
"2011-11-16","Electrosaurus","402892","366049","36843"
"2011-11-17","Electrosaurus","386261","354674","31587"
"2011-11-18","Electrosaurus","321242","298782","22460"
"2011-11-19","Electrosaurus","428146","397345","30801"
"2011-11-20","Electrosaurus","441092","412692","28400"
"2011-11-21","Electrosaurus","550139","499266","50873"
"2011-11-22","Electrosaurus","336939","320900","16039"
"2011-11-23","Electrosaurus","336885","316042","20843"
"2011-11-24","Electrosaurus","286200","267370","18830"
"2011-11-25","Electrosaurus","490810","448485","42325"
"2011-11-26","Electrosaurus","335621","316064","19557"
"2011-11-27","Electrosaurus","451816","417160","34656"
"2011-11-28","Electrosaurus","285599","273834","11765"
"2011-11-29","Electrosaurus","385011","358214","26797"
"2011-11-30","Electrosaurus","535293","495677","39616"
"2011-12-01","Electrosaurus","301224","286883","14341"
"2011-12-02","Electrosaurus","385048","357750","27298"
"2011-12-03","Electrosaurus","369550","340329","29221"
"2011-12-04","Electrosaurus","262151","241841","20310"
"2011-12-05","Electrosaurus","401447","374598","26849"
"2011-12-06","Electrosaurus","400962","370234","30728"
"2011-12-07","Electrosaurus","378162","353418","24744"
"2011-12-08","Electrosaurus","291177","266832","24345"
"2011-12-09","Electrosaurus","348423","323230","25193"
"2011-12-10","Electrosaurus","326090","304291","21799"
"2011-12-11","Electrosaurus","443656","409984","33672"
"2011-12-12","Electrosaurus","294978","280143","14835"
"2011-12-13","Electrosaurus","397578","372328","25250"
"2011-12-14","Electrosaurus","408677","386513","22164"
"2011-12-15","Electrosaurus","520828","477482","43346"
"2011-12-16","Electrosaurus","479663","448933","30730"
"2011-12-17","Electrosaurus","434409","401547","32862"
"2011-12-18","Electrosaurus","257425","242871","14554"
"2011-12-19","Electrosaurus","394069","366274","27795"
"2011-12-20","Electrosaurus","403220","370201","33019"
"2011-12-21","Electrosaurus","451760","419598","32162"
"2011-12-22","Electrosaurus","459131","423854","35277"
"2011-12-23","Electrosaurus","386655","357223","29432"
"2011-12-24","Electrosaurus","465254","426222","39032"
"2011-12-25","Electrosaurus","470502","434885","35617"
"2011-12-26","Electrosaurus","268512","250702","17810"
"2011-12-27","Electrosaurus","338742","319487","19255"
"2011-12-28","Electrosaurus","455815","419634","36181"
"2011-12-29","Electrosaurus","336129","313740","22389"
"2011-12-30","Electrosaurus","366890","341849","25041"
"2011-12-31","Electrosaurus","444539","416429","28110"
"2012-01-01","Electrosaurus","590975","550514","40461"
"2012-01-02","Electrosaurus","464616","430001","34615"
"2012-01-03","Electrosaurus","615657","573683","41974"
"2012-01-04","Electrosaurus","447270","411434","35836"
"2012-01-05","Electrosaurus","475167","441166","34001"
"2012-01-06","Electrosaurus","521900","487626","34274"
"2012-01-07","Electrosaurus","509270","470207","39063"
"2012-01-08","Electrosaurus","594442","544697","49745"
"2012-01-09","Electrosaurus","502357","467624","34733"
"2012-01-10","Electrosaurus","619928","582272","37656"
"2012-01-11","Electrosaurus","718587","662346","56241"
"2012-01-12","Electrosaurus","519695","486728","32967"
"2012-01-13","Electrosaurus","637668","591046","46622"
"2012-01-14","Electrosaurus","671505","622522","48983"
"2012-01-15","Electrosaurus","524505","484764","39741"
"2012-01-16","Electrosaurus","464521","424570","39951"
"2012-01-17","Electrosaurus","482844","449062","33782"
"2012-01-18","Electrosaurus","695735","648407","47328"
"2012-01-19","Electrosaurus","525818","477303","48515"
"2012-01-20","Electrosaurus","634933","586648","48285"
"2012-01-21","Electrosaurus","460356","426316","34040"
"2012-01-22","Electrosaurus","464040","438955","25085"
"2012-01-23","Electrosaurus","626129","580591","45538"
"2012-01-24","Electrosaurus","559526","518223","41303"
"2012-01-25","Electrosaurus","547702","510793","36909"
"2012-01-26","Electrosaurus","421385","395745","25640"
"2012-01-27","Electrosaurus","555027","512029","42998"
"2012-01-28","Electrosaurus","610803","573336","37467"
"2012-01-29","Electrosaurus","645421","596461","48960"
"2012-01-30","Electrosaurus","542671","501641","41030"
"2012-01-31","Electrosaurus","500942","470913","30029"
"2012-02-01","Electrosaurus","564353","534590","29763"
"2012-02-02","Electrosaurus","625194","575260","49934"
"2012-02-03","Electrosaurus","580123","544667","35456"
"2012-02-04","Electrosaurus","576972","542342","34630"
"2012-02-05","Electrosaurus","446925","412175","34750"
"2012-02-06","Electrosaurus","435224","401733","33491"
"2012-02-07","Electrosaurus","571107","525492","45615"
"2012-02-08","Electrosaurus","519359","487334","32025"
"2012-02-09","Electrosaurus","602052","564298","37754"
"2012-02-10","Electrosaurus","690359","656155","34204"
"2012-02-11","Electrosaurus","793606","731595","62011"
"2012-02-12","Electrosaurus","408068","377113","30955"
"2012-02-13","Electrosaurus","552487","505565","46922"
"2012-02-14","Electrosaurus","465161","424286","40875"
"2012-02-15","Electrosaurus","608880","566275","42605"
"2012-02-16","Electrosaurus","602431","556735","45696"
"2012-02-17","Electrosaurus","544016","506069","37947"
"2012-02-18","Electrosaurus","678552","628765","49787"
"2012-02-19","Electrosaurus","515064","476036","39028"
"2012-02-20","Electrosaurus","567769","525218","42551"
"2012-02-21","Electrosaurus","570018","529527","40491"
"2012-02-22","Electrosaurus","610074","556951","53123"
"2012-02-23","Electrosaurus","762522","706711","55811"
"2012-02-24","Electrosaurus","687110","640201","46909"
"2012-02-25","Electrosaurus","587819","550746","37073"
"2012-02-26","Electrosaurus","598176","561369","36807"
"2012-02-27","Electrosaurus","599330","550138","49192"
"2012-02-28","Electrosaurus","561494","516813","44681"
"2012-02-29","Electrosaurus","337120","318947","18173"
"2012-03-01","Electrosaurus","571489","529527","41962"
"2012-03-02","Electrosaurus","518934","482350","36584"
"2012-03-03","Electrosaurus","546801","501869","44932"
"2012-03-04","Electrosaurus","529023","488430","40593"
"2012-03-05","Electrosaurus","502432","466348","36084"
"2012-03-06","Electrosaurus","628419","583409","45010"
"2012-03-07","Electrosaurus","453073","423945","29128"
"2012-03-08","Electrosaurus","516392","482189","34203"
"2012-03-09","Electrosaurus","625156","574378","50778"
"2012-03-10","Electrosaurus","584616","544619","39997"
"2012-03-11","Electrosaurus","660547","612028","48519"
"2012-03-12","Electrosaurus","594179","552777","41402"
"2012-03-13","Electrosaurus","595332","546475","48857"
"2012-03-14","Electrosaurus","643065","591931","51134"
"2012-03-15","Electrosaurus","746307","687874","58433"
"2012-03-16","Electrosaurus","535875","496311","39564"
"2012-03-17","Electrosaurus","419848","393194","26654"
"2012-03-18","Electrosaurus","608330","557817","50513"
"2012-03-19","Electrosaurus","457814","431040","26774"
"2012-03-20","Electrosaurus","517779","487452","30327"
"2012-03-21","Electrosaurus","604226","558951","45275"
"2012-03-22","Electrosaurus","501429","473196","28233"
"2012-03-23","Electrosaurus","661984","609785","52199"
"2012-03-24","Electrosaurus","563876","519006","44870"
"2012-03-25","Electrosaurus","541763","502199","39564"
"2012-03-26","Electrosaurus","594024","548296","45728"
"2012-03-27","Electrosaurus","684929","641421","43508"
"2012-03-28","Electrosaurus","606599","564473","42126"
"2012-03-29","Electrosaurus","529084","490108","38976"
"2012-03-30","Electrosaurus","750695","690846","59849"
"2012-03-31","Electrosaurus","533826","485061","48765"
"2012-04-01","Electrosaurus","606369","562354","44015"
"2012-04-02","Electrosaurus","548320","507559","40761"
"2012-04-03","Electrosaurus","700124","646218","53906"
"2012-04-04","Electrosaurus","642467","588831","53636"
"2012-04-05","Electrosaurus","616186","568794","47392"
"2012-04-06","Electrosaurus","778719","715147","63572"
"2012-04-07","Electrosaurus","554700","517499","37201"
"2012-04-08","Electrosaurus","648868","607338","41530"
"2012-04-09","Electrosaurus","961399","877991","83408"
"2012-04-10","Electrosaurus","523857","492015","31842"
"2012-04-11","Electrosaurus","769005","717304","51701"
"2012-04-12","Electrosaurus","571690","530424","41266"
"2012-04-13","Electrosaurus","567347","528586","38761"
"2012-04-14","Electrosaurus","757719","699043","58676"
"2012-04-15","Electrosaurus","721573","672160","49413"
"2012-04-16","Electrosaurus","551034","508432","42602"
"2012-04-17","Electrosaurus","505199","469899","35300"
"2012-04-18","Electrosaurus","648090","604417","43673"
"2012-04-19","Electrosaurus","500285","458096","42189"
"2012-04-20","Electrosaurus","640519","600555","39964"
"2012-04-21","Electrosaurus","768213","723046","45167"
"2012-04-22","Electrosaurus","762881","703620","59261"
"2012-04-23","Electrosaurus","480555","444843","35712"
"2012-04-24","Electrosaurus","549612","505726","43886"
"2012-04-25","Electrosaurus","687349","641453","45896"
"2012-04-26","Electrosaurus","533589","490824","42765"
"2012-04-27","Electrosaurus","713351","649718","63633"
"2012-04-28","Electrosaurus","659523","605793","53730"
"2012-04-29","Electrosaurus","508453","473218","35235"
"2012-04-30","Electrosaurus","637064","598060","39004"
"2012-05-01","Electrosaurus","604504","560019","44485"
"2012-05-02","Electrosaurus","573165","530507","42658"
"2012-05-03","Electrosaurus","660627","612032","48595"
"2012-05-04","Electrosaurus","647421","601771","45650"
"2012-05-05","Electrosaurus","793280","732965","60315"
"2012-05-06","Electrosaurus","630902","591254","39648"
"2012-05-07","Electrosaurus","535853","494342","41511"
"2012-05-08","Electrosaurus","705538","657545","47993"
"2012-05-09","Electrosaurus","622555","580208","42347"
"2012-05-10","Electrosaurus","814166","757383","56783"
"2012-05-11","Electrosaurus","684218","630776","53442"
"2012-05-12","Electrosaurus","442748","411168","31580"
"2012-05-13","Electrosaurus","630565","573641","56924"
"2012-05-14","Electrosaurus","704418","652665","51753"
"2012-05-15","Electrosaurus","596423","552094","44329"
"2012-05-16","Electrosaurus","552420","517357","35063"
"2012-05-17","Electrosaurus","782258","720233","62025"
"2012-05-18","Electrosaurus","790942","739468","51474"
"2012-05-19","Electrosaurus","607721","572046","35675"
"2012-05-20","Electrosaurus","596385","550410","45975"
"2012-05-21","Electrosaurus","576634","532725","43909"
"2012-05-22","Electrosaurus","819448","757672","61776"
"2012-05-23","Electrosaurus","695417","642259","53158"
"2012-05-24","Electrosaurus","442224","414808","27416"
"2012-05-25","Electrosaurus","776289","730835","45454"
"2012-05-26","Electrosaurus","832768","766177","66591"
"2012-05-27","Electrosaurus","493760","458458","35302"
"2012-05-28","Electrosaurus","635432","585523","49909"
"2012-05-29","Electrosaurus","597545","550849","46696"
"2012-05-30","Electrosaurus","768978","716697","52281"
"2012-05-31","Electrosaurus","575138","529812","45326"
"2012-06-01","Electrosaurus","184741","168674","16067"
"2012-06-02","Electrosaurus","248791","234073","14718"
"2012-06-03","Electrosaurus","239841","220533","19308"
"2012-06-04","Electrosaurus","214487","198717","15770"
"2012-06-05","Electrosaurus","354234","332361","21873"
"2012-06-06","Electrosaurus","284318","265108","19210"
"2012-06-07","Electrosaurus","317355","294075","23280"
"2012-06-08","Electrosaurus","452269","413599","38670"
"2012-06-09","Electrosaurus","311831","287233","24598"
"2012-06-10","Electrosaurus","169440","158121","11319"
"2012-06-11","Electrosaurus","391375","358445","32930"
"2012-06-12","Electrosaurus","246923","227555","19368"
"2012-06-13","Electrosaurus","274321","257450","16871"
"2012-06-14","Electrosaurus","263772","243610","20162"
"2012-06-15","Electrosaurus","243158","227611","15547"
"2012-06-16","Electrosaurus","293972","270082","23890"
"2012-06-17","Electrosaurus","346106","322460","23646"
"2012-06-18","Electrosaurus","200690","189673","11017"
"2012-06-19","Electrosaurus","336473","312391","24082"
"2012-06-20","Electrosaurus","282098","258957","23141"
"2012-06-21","Electrosaurus","194299","183887","10412"
"2012-06-22","Electrosaurus","302955","282169","20786"
"2012-06-23","Electrosaurus","245424","228377","17047"
"2012-06-24","Electrosaurus","261941","247572","14369"
"2012-06-25","Electrosaurus","196927","186174","10753"
"2012-06-26","Electrosaurus","171171","156068","15103"
"2012-06-27","Electrosaurus","249174","229376","19798"
"2012-06-28","Electrosaurus","280195","255352","24843"
"2012-06-29","Electrosaurus","241763","222928","18835"
"2012-06-30","Electrosaurus","288514","267065","21449"
"2012-07-01","Electrosaurus","280923","257006","23917"
"2012-07-02","Electrosaurus","222514","205775","16739"
"2012-07-03","Electrosaurus","343827","313214","30613"
"2012-07-04","Electrosaurus","180336","170788","9548"
"2012-07-05","Electrosaurus","193233","182329","10904"
"2012-07-06","Electrosaurus","234579","221989","12590"
"2012-07-07","Electrosaurus","207974","193474","14500"
"2012-07-08","Electrosaurus","283062","263053","20009"
"2012-07-09","Electrosaurus","324715","296825","27890"
"2012-07-10","Electrosaurus","334720","304293","30427"
"2012-07-11","Electrosaurus","245870","227383","18487"
"2012-07-12","Electrosaurus","248261","230825","17436"
"2012-07-13","Electrosaurus","362088","332884","29204"
"2012-07-14","Electrosaurus","185156","169368","15788"
"2012-07-15","Electrosaurus","225727","202818","22909"
"2012-07-16","Electrosaurus","324080","305102","18978"
"2012-07-17","Electrosaurus","429682","396184","33498"
"2012-07-18","Electrosaurus","196324","180875","15449"
"2012-07-19","Electrosaurus","205263","191009","14254"
"2012-07-20","Electrosaurus","264207","239725","24482"
"2012-07-21","Electrosaurus","313038","290680","22358"
"2012-07-22","Electrosaurus","261108","241562","19546"
"2012-07-23","Electrosaurus","230103","213185","16918"
"2012-07-24","Electrosaurus","246079","226258","19821"
"2012-07-25","Electrosaurus","303109","282615","20494"
"2012-07-26","Electrosaurus","200009","186397","13612"
"2012-07-27","Electrosaurus","315544","291312","24232"
"2012-07-28","Electrosaurus","394093","361086","33007"
"2012-07-29","Electrosaurus","260181","237712","22469"
"2012-07-30","Electrosaurus","263141","247040","16101"
"2012-07-31","Electrosaurus","329504","308238","21266"
"2012-08-01","Electrosaurus","244974","229277","15697"
"2012-08-02","Electrosaurus","268493","250059","18434"
"2012-08-03","Electrosaurus","274005","251334","22671"
"2012-08-04","Electrosaurus","211815","198850","12965"
"2012-08-05","Electrosaurus","379373","348185","31188"
"2012-08-06","Electrosaurus","351776","322450","29326"
"2012-08-07","Electrosaurus","260200","241193","19007"
"2012-08-08","Electrosaurus","336570","305271","31299"
"2012-08-09","Electrosaurus","321247","296563","24684"
"2012-08-10","Electrosaurus","248908","233717","15191"
"2012-08-11","Electrosaurus","245485","228242","17243"
"2012-08-12","Electrosaurus","332765","311869","20896"
"2012-08-13","Electrosaurus","220180","199091","21089"
"2012-08-14","Electrosaurus","199232","189273","9959"
"2012-08-15","Electrosaurus","284253","260967","23286"
"2012-08-16","Electrosaurus","314695","287348","27347"
"2012-08-17","Electrosaurus","284711","262585","22126"
"2012-08-18","Electrosaurus","222907","208283","14624"
"2012-08-19","Electrosaurus","286282","261080","25202"
"2012-08-20","Electrosaurus","243907","224054","19853"
"2012-08-21","Electrosaurus","269918","254096","15822"
"2012-08-22","Electrosaurus","159143","148627","10516"
"2012-08-23","Electrosaurus","297618","274439","23179"
"2012-08-24","Electrosaurus","234670","217588","17082"
"2012-08-25","Electrosaurus","361473","327189","34284"
"2012-08-26","Electrosaurus","248447","232926","15521"
"2012-08-27","Electrosaurus","195446","179036","16410"
"2012-08-28","Electrosaurus","264359","248381","15978"
"2012-08-29","Electrosaurus","275874","259737","16137"
"2012-08-30","Electrosaurus","320524","301063","19461"
"2012-08-31","Electrosaurus","272751","249468","23283"
"2012-09-01","Electrosaurus","377501","349021","28480"
"2012-09-02","Electrosaurus","198937","183385","15552"
"2012-09-03","Electrosaurus","238969","226579","12390"
"2012-09-04","Electrosaurus","267559","246224","21335"
"2012-09-05","Electrosaurus","312368","289765","22603"
"2012-09-06","Electrosaurus","287443","269663","17780"
"2012-09-07","Electrosaurus","228991","215482","13509"
"2012-09-08","Electrosaurus","272355","250826","21529"
"2012-09-09","Electrosaurus","244922","224970","19952"
"2012-09-10","Electrosaurus","250003","233257","16746"
"2012-09-11","Electrosaurus","312099","290515","21584"
"2012-09-12","Electrosaurus","310142","281185","28957"
"2012-09-13","Electrosaurus","342916","313949","28967"
"2012-09-14","Electrosaurus","255307","240261","15046"
"2012-09-15","Electrosaurus","245852","224693","21159"
"2012-09-16","Electrosaurus","272782","251692","21090"
"2012-09-17","Electrosaurus","178938","166032","12906"
"2012-09-18","Electrosaurus","198254","184734","13520"
"2012-09-19","Electrosaurus","264779","250029","14750"
"2012-09-20","Electrosaurus","312912","288532","24380"
"2012-09-21","Electrosaurus","295677","273498","22179"
"2012-09-22","Electrosaurus","311136","283643","27493"
"2012-09-23","Electrosaurus","322731","299947","22784"
"2012-09-24","Electrosaurus","327944","306138","21806"
"2012-09-25","Electrosaurus","153640","142955","10685"
"2012-09-26","Electrosaurus","260632","235276","25356"
"2012-09-27","Electrosaurus","466880","434048","32832"
"2012-09-28","Electrosaurus","400971","366342","34629"
"2012-09-29","Electrosaurus","260209","247815","12394"
"2012-09-30","Electrosaurus","392889","367247","25642"
"2012-10-01","Electrosaurus","302432","281889","20543"
"2012-10-02","Electrosaurus","355532","331690","23842"
"2012-10-03","Electrosaurus","289651","272011","17640"
"2012-10-04","Electrosaurus","291347","270990","20357"
"2012-10-05","Electrosaurus","387378","359828","27550"
"2012-10-06","Electrosaurus","302908","279468","23440"
"2012-10-07","Electrosaurus","215817","199520","16297"
"2012-10-08","Electrosaurus","448854","415759","33095"
"2012-10-09","Electrosaurus","458730","421669","37061"
"2012-10-10","Electrosaurus","259333","238487","20846"
"2012-10-11","Electrosaurus","349124","325934","23190"
"2012-10-12","Electrosaurus","425191","394201","30990"
"2012-10-13","Electrosaurus","442149","407499","34650"
"2012-10-14","Electrosaurus","302825","280774","22051"
"2012-10-15","Electrosaurus","249802","228155","21647"
"2012-10-16","Electrosaurus","329994","308696","21298"
"2012-10-17","Electrosaurus","379500","348923","30577"
"2012-10-18","Electrosaurus","353926","329646","24280"
"2012-10-19","Electrosaurus","294296","270711","23585"
"2012-10-20","Electrosaurus","392137","359787","32350"
"2012-10-21","Electrosaurus","281883","265072","16811"
"2012-10-22","Electrosaurus","359786","327076","32710"
"2012-10-23","Electrosaurus","508543","466287","42256"
"2012-10-24","Electrosaurus","331368","303929","27439"
"2012-10-25","Electrosaurus","293421","275656","17765"
"2012-10-26","Electrosaurus","309207","283867","25340"
"2012-10-27","Electrosaurus","352995","325376","27619"
"2012-10-28","Electrosaurus","432825","404860","27965"
"2012-10-29","Electrosaurus","355821","328655","27166"
"2012-10-30","Electrosaurus","252403","233270","19133"
"2012-10-31","Electrosaurus","180258","170995","9263"
"2012-11-01","Electrosaurus","476337","434911","41426"
"2012-11-02","Electrosaurus","245598","229359","16239"
"2012-11-03","Electrosaurus","380472","350779","29693"
"2012-11-04","Electrosaurus","366227","346751","19476"
"2012-11-05","Electrosaurus","289689","271796","17893"
"2012-11-06","Electrosaurus","441352","406622","34730"
"2012-11-07","Electrosaurus","421891","391091","30800"
"2012-11-08","Electrosaurus","194668","181447","13221"
"2012-11-09","Electrosaurus","200955","182071","18884"
"2012-11-10","Electrosaurus","347177","319618","27559"
"2012-11-11","Electrosaurus","320236","290499","29737"
"2012-11-12","Electrosaurus","223505","209462","14043"
"2012-11-13","Electrosaurus","261158","243081","18077"
"2012-11-14","Electrosaurus","338182","314438","23744"
"2012-11-15","Electrosaurus","349653","322202","27451"
"2012-11-16","Electrosaurus","319400","300824","18576"
"2012-11-17","Electrosaurus","397188","362624","34564"
"2012-11-18","Electrosaurus","481938","444610","37328"
"2012-11-19","Electrosaurus","248680","236384","12296"
"2012-11-20","Electrosaurus","324341","303068","21273"
"2012-11-21","Electrosaurus","348296","315976","32320"
"2012-11-22","Electrosaurus","284170","267199","16971"
"2012-11-23","Electrosaurus","359843","338262","21581"
"2012-11-24","Electrosaurus","416651","384602","32049"
"2012-11-25","Electrosaurus","252723","232569","20154"
"2012-11-26","Electrosaurus","325090","305609","19481"
"2012-11-27","Electrosaurus","287477","265831","21646"
"2012-11-28","Electrosaurus","289327","270789","18538"
"2012-11-29","Electrosaurus","266359","247262","19097"
"2012-11-30","Electrosaurus","365833","337899","27934"
"2012-12-01","Electrosaurus","267249","248589","18660"
"2012-12-02","Electrosaurus","185215","173420","11795"
"2012-12-03","Electrosaurus","247439","227940","19499"
"2012-12-04","Electrosaurus","329681","300688","28993"
"2012-12-05","Electrosaurus","320161","303272","16889"
"2012-12-06","Electrosaurus","382144","353483","28661"
"2012-12-07","Electrosaurus","369342","340934","28408"
"2012-12-08","Electrosaurus","311556","297062","14494"
"2012-12-09","Electrosaurus","323633","301489","22144"
"2012-12-10","Electrosaurus","385694","356481","29213"
"2012-12-11","Electrosaurus","355909","330911","24998"
"2012-12-12","Electrosaurus","441318","403546","37772"
"2012-12-13","Electrosaurus","294327","268148","26179"
"2012-12-14","Electrosaurus","231701","212107","19594"
"2012-12-15","Electrosaurus","340825","318263","22562"
"2012-12-16","Electrosaurus","226572","210876","15696"
"2012-12-17","Electrosaurus","418053","379246","38807"
"2012-12-18","Electrosaurus","311614","290935","20679"
"2012-12-19","Electrosaurus","334827","311220","23607"
"2012-12-20","Electrosaurus","269532","250118","19414"
"2012-12-21","Electrosaurus","275809","254449","21360"
"2012-12-22","Electrosaurus","397344","363893","33451"
"2012-12-23","Electrosaurus","367260","338663","28597"
"2012-12-24","Electrosaurus","404201","376047","28154"
"2012-12-25","Electrosaurus","205348","191331","14017"
"2012-12-26","Electrosaurus","385625","354813","30812"
"2012-12-27","Electrosaurus","302590","276790","25800"
"2012-12-28","Electrosaurus","268807","247848","20959"
"2012-12-29","Electrosaurus","433449","404211","29238"
"2012-12-30","Electrosaurus","252005","235659","16346"
"2012-12-31","Electrosaurus","399309","371606","27703"
"2013-01-01","Electrosaurus","246538","230165","16373"
"2013-01-02","Electrosaurus","903126","827424","75702"
"2013-01-03","Electrosaurus","776129","724816","51313"
"2013-01-04","Electrosaurus","728238","678565","49673"
"2013-01-05","Electrosaurus","1020027","935235","84792"
"2013-01-06","Electrosaurus","884216","814324","69892"
"2013-01-07","Electrosaurus","1011079","944583","66496"
"2013-01-08","Electrosaurus","791168","719444","71724"
"2013-01-09","Electrosaurus","1013957","943066","70891"
"2013-01-10","Electrosaurus","793361","742951","50410"
"2013-01-11","Electrosaurus","1043007","972124","70883"
"2013-01-12","Electrosaurus","713662","664967","48695"
"2013-01-13","Electrosaurus","1044101","969336","74765"
"2013-01-14","Electrosaurus","1026773","957710","69063"
"2013-01-15","Electrosaurus","794288","739814","54474"
"2013-01-16","Electrosaurus","909569","836824","72745"
"2013-01-17","Electrosaurus","806341","751227","55114"
"2013-01-18","Electrosaurus","776797","712684","64113"
"2013-01-19","Electrosaurus","845630","793453","52177"
"2013-01-20","Electrosaurus","774240","716075","58165"
"2013-01-21","Electrosaurus","848589","785706","62883"
"2013-01-22","Electrosaurus","957159","895285","61874"
"2013-01-23","Electrosaurus","837910","775375","62535"
"2013-01-24","Electrosaurus","845931","784418","61513"
"2013-01-25","Electrosaurus","821546","758692","62854"
"2013-01-26","Electrosaurus","764079","701498","62581"
"2013-01-27","Electrosaurus","851528","793129","58399"
"2013-01-28","Electrosaurus","766356","702451","63905"
"2013-01-29","Electrosaurus","935699","875548","60151"
"2013-01-30","Electrosaurus","823156","755730","67426"
"2013-01-31","Electrosaurus","1003298","928532","74766"
"2013-02-01","Electrosaurus","1165017","1079620","85397"
"2013-02-02","Electrosaurus","826764","769472","57292"
"2013-02-03","Electrosaurus","1169798","1077005","92793"
"2013-02-04","Electrosaurus","847346","783898","63448"
"2013-02-05","Electrosaurus","921411","841532","79879"
"2013-02-06","Electrosaurus","938073","871967","66106"
"2013-02-07","Electrosaurus","926516","844823","81693"
"2013-02-08","Electrosaurus","1171181","1087581","83600"
"2013-02-09","Electrosaurus","1071828","987858","83970"
"2013-02-10","Electrosaurus","758815","706446","52369"
"2013-02-11","Electrosaurus","889574","828945","60629"
"2013-02-12","Electrosaurus","823622","763243","60379"
"2013-02-13","Electrosaurus","941621","872344","69277"
"2013-02-14","Electrosaurus","876937","807887","69050"
"2013-02-15","Electrosaurus","1012615","941058","71557"
"2013-02-16","Electrosaurus","813409","762074","51335"
"2013-02-17","Electrosaurus","790147","728773","61374"
"2013-02-18","Electrosaurus","1035868","955442","80426"
"2013-02-19","Electrosaurus","907146","847808","59338"
"2013-02-20","Electrosaurus","995033","917140","77893"
"2013-02-21","Electrosaurus","1036242","962887","73355"
"2013-02-22","Electrosaurus","981424","907008","74416"
"2013-02-23","Electrosaurus","1165608","1068497","97111"
"2013-02-24","Electrosaurus","1006503","935314","71189"
"2013-02-25","Electrosaurus","1079433","998005","81428"
"2013-02-26","Electrosaurus","1054136","970518","83618"
"2013-02-27","Electrosaurus","826425","765192","61233"
"2013-02-28","Electrosaurus","869148","806790","62358"
"2013-03-01","Electrosaurus","323488","297481","26007"
"2013-03-02","Electrosaurus","592912","551775","41137"
"2013-03-03","Electrosaurus","992317","912690","79627"
"2013-03-04","Electrosaurus","785443","738097","47346"
"2013-03-05","Electrosaurus","1053858","995885","57973"
"2013-03-06","Electrosaurus","865166","799961","65205"
"2013-03-07","Electrosaurus","1233627","1133590","100037"
"2013-03-08","Electrosaurus","954995","877895","77100"
"2013-03-09","Electrosaurus","817214","764645","52569"
"2013-03-10","Electrosaurus","908812","850034","58778"
"2013-03-11","Electrosaurus","1202208","1113414","88794"
"2013-03-12","Electrosaurus","908778","845012","63766"
"2013-03-13","Electrosaurus","902038","840750","61288"
"2013-03-14","Electrosaurus","1264718","1171429","93289"
"2013-03-15","Electrosaurus","1123253","1036091","87162"
"2013-03-16","Electrosaurus","1085700","1005445","80255"
"2013-03-17","Electrosaurus","1051215","974365","76850"
"2013-03-18","Electrosaurus","945837","873831","72006"
"2013-03-19","Electrosaurus","857874","802310","55564"
"2013-03-20","Electrosaurus","985484","896383","89101"
"2013-03-21","Electrosaurus","926904","861022","65882"
"2013-03-22","Electrosaurus","1172814","1080686","92128"
"2013-03-23","Electrosaurus","939869","868385","71484"
"2013-03-24","Electrosaurus","1093840","1001985","91855"
"2013-03-25","Electrosaurus","1192810","1104718","88092"
"2013-03-26","Electrosaurus","1050304","977879","72425"
"2013-03-27","Electrosaurus","914187","859760","54427"
"2013-03-28","Electrosaurus","883731","824270","59461"
"2013-03-29","Electrosaurus","1032496","951841","80655"
"2013-03-30","Electrosaurus","1185241","1107840","77401"
"2013-03-31","Electrosaurus","1116531","1027022","89509"
"2013-04-01","Electrosaurus","1115828","1042475","73353"
"2013-04-02","Electrosaurus","1086460","1001809","84651"
"2013-04-03","Electrosaurus","948979","877763","71216"
"2013-04-04","Electrosaurus","1247425","1154713","92712"
"2013-04-05","Electrosaurus","935857","874807","61050"
"2013-04-06","Electrosaurus","1051895","978143","73752"
"2013-04-07","Electrosaurus","1052541","968537","84004"
"2013-04-08","Electrosaurus","1157653","1078906","78747"
"2013-04-09","Electrosaurus","944316","872243","72073"
"2013-04-10","Electrosaurus","1190902","1091512","99390"
"2013-04-11","Electrosaurus","1128456","1049952","78504"
"2013-04-12","Electrosaurus","912677","846244","66433"
"2013-04-13","Electrosaurus","826020","764110","61910"
"2013-04-14","Electrosaurus","954643","887298","67345"
"2013-04-15","Electrosaurus","1257055","1146020","111035"
"2013-04-16","Electrosaurus","1131740","1056897","74843"
"2013-04-17","Electrosaurus","833773","778699","55074"
"2013-04-18","Electrosaurus","1079011","994154","84857"
"2013-04-19","Electrosaurus","884992","820495","64497"
"2013-04-20","Electrosaurus","923591","856970","66621"
"2013-04-21","Electrosaurus","706816","659996","46820"
"2013-04-22","Electrosaurus","1122016","1046274","75742"
"2013-04-23","Electrosaurus","1164873","1077625","87248"
"2013-04-24","Electrosaurus","1297042","1198891","98151"
"2013-04-25","Electrosaurus","1013726","943945","69781"
"2013-04-26","Electrosaurus","1270492","1171078","99414"
"2013-04-27","Electrosaurus","1042290","962565","79725"
"2013-04-28","Electrosaurus","964615","891410","73205"
"2013-04-29","Electrosaurus","1120426","1045326","75100"
"2013-04-30","Electrosaurus","1227050","1132251","94799"
"2013-05-01","Electrosaurus","361061","332020","29041"
"2013-05-02","Electrosaurus","936240","861375","74865"
"2013-05-03","Electrosaurus","997389","914711","82678"
"2013-05-04","Electrosaurus","940412","866723","73689"
"2013-05-05","Electrosaurus","1092490","1019912","72578"
"2013-05-06","Electrosaurus","794757","737155","57602"
"2013-05-07","Electrosaurus","845119","779207","65912"
"2013-05-08","Electrosaurus","962856","886491","76365"
"2013-05-09","Electrosaurus","955047","892015","63032"
"2013-05-10","Electrosaurus","1062193","992049","70144"
"2013-05-11","Electrosaurus","941701","870511","71190"
"2013-05-12","Electrosaurus","861137","808517","52620"
"2013-05-13","Electrosaurus","1209461","1118125","91336"
"2013-05-14","Electrosaurus","777338","729735","47603"
"2013-05-15","Electrosaurus","1002214","927845","74369"
"2013-05-16","Electrosaurus","1321511","1232351","89160"
"2013-05-17","Electrosaurus","988527","906519","82008"
"2013-05-18","Electrosaurus","929089","867449","61640"
"2013-05-19","Electrosaurus","1088733","1018861","69872"
"2013-05-20","Electrosaurus","1244300","1146730","97570"
"2013-05-21","Electrosaurus","621404","578460","42944"
"2013-05-22","Electrosaurus","841869","791133","50736"
"2013-05-23","Electrosaurus","771076","721336","49740"
"2013-05-24","Electrosaurus","895591","834442","61149"
"2013-05-25","Electrosaurus","841652","776000","65652"
"2013-05-26","Electrosaurus","878316","824804","53512"
"2013-05-27","Electrosaurus","765693","706727","58966"
"2013-05-28","Electrosaurus","722839","678356","44483"
"2013-05-29","Electrosaurus","761749","709977","51772"
"2013-05-30","Electrosaurus","908940","842589","66351"
"2013-05-31","Electrosaurus","807757","746431","61326"
"2008-06-02","Foocorp","253687","208287","45400"
"2008-06-03","Foocorp","11658","10156","1502"
"2008-06-04","Foocorp","12017","10102","1915"
"2008-06-05","Foocorp","240987","198969","42018"
"2008-06-06","Foocorp","54017","42497","11520"
"2008-06-07","Foocorp","2989","2754","235"
"2008-06-08","Foocorp","11658","10156","1502"
"2008-06-09","Foocorp","33908","26400","7508"
"2008-06-10","Foocorp","26988","22282","4706"
"2008-06-11","Foocorp","27029","20215","6814"
"2008-06-12","Foocorp","20747","16590","4157"
"2008-06-13","Foocorp","252706","208211","44495"
"2008-06-17","Foocorp","15548","13587","1961"
"2008-06-18","Foocorp","2989","2754","235"
"2008-06-19","Foocorp","237998","196215","41783"
"2008-06-20","Foocorp","229329","188813","40516"
"2008-06-21","Foocorp","8669","7402","1267"
"2008-06-22","Foocorp","33068","24809","8259"
"2008-06-23","Foocorp","38646","32438","6208"
"2008-06-24","Foocorp","24217","20989","3228"
"2008-06-25","Foocorp","9868","8939","929"
"2008-06-27","Foocorp","11658","10156","1502"
"2008-06-28","Foocorp","16747","15124","1623"
"2008-06-29","Foocorp","2989","2754","235"
"2008-06-30","Foocorp","477554","393913","83641"
"2008-07-01","Foocorp","6879","6185","694"
"2008-07-02","Foocorp","21308","17634","3674"
"2008-07-03","Foocorp","14708","11996","2712"
"2008-07-05","Foocorp","8669","7402","1267"
"2008-07-06","Foocorp","235368","193407","41961"
"2008-07-07","Foocorp","237998","196215","41783"
"2008-07-08","Foocorp","6039","4594","1445"
"2008-07-09","Foocorp","9028","7348","1680"
"2008-07-10","Foocorp","243976","201723","42253"
"2008-07-11","Foocorp","2989","2754","235"
"2008-07-12","Foocorp","20747","16590","4157"
"2008-07-13","Foocorp","263237","215213","48024"
"2008-07-14","Foocorp","237998","196215","41783"
"2008-07-16","Foocorp","15548","13587","1961"
"2008-07-17","Foocorp","42677","34354","8323"
"2008-07-18","Foocorp","17338","14804","2534"
"2008-07-19","Foocorp","8669","7402","1267"
"2008-07-20","Foocorp","39284","32931","6353"
"2008-07-21","Foocorp","49815","39933","9882"
"2008-07-22","Foocorp","35698","27617","8081"
"2008-07-23","Foocorp","35698","27617","8081"
"2008-07-24","Foocorp","8669","7402","1267"
"2008-07-25","Foocorp","8967","8262","705"
"2008-07-27","Foocorp","18319","14880","3439"
"2008-07-28","Foocorp","6039","4594","1445"
"2008-07-29","Foocorp","39886","31908","7978"
"2008-07-30","Foocorp","6039","4594","1445"
"2008-07-31","Foocorp","229329","188813","40516"
"2008-08-01","Foocorp","8669","7402","1267"
"2008-08-02","Foocorp","500395","409837","90558"
"2008-08-04","Foocorp","235368","193407","41961"
"2008-08-05","Foocorp","15067","11942","3125"
"2008-08-07","Foocorp","479344","395130","84214"
"2008-08-08","Foocorp","5978","5508","470"
"2008-08-09","Foocorp","14708","11996","2712"
"2008-08-10","Foocorp","9868","8939","929"
"2008-08-11","Foocorp","18319","14880","3439"
"2008-08-12","Foocorp","286376","231997","54379"
"2008-08-13","Foocorp","33665","27369","6296"
"2008-08-14","Foocorp","30336","24982","5354"
"2008-08-16","Foocorp","11658","10156","1502"
"2008-08-17","Foocorp","12017","10102","1915"
"2008-08-18","Foocorp","9028","7348","1680"
"2008-08-19","Foocorp","5978","5508","470"
"2008-08-20","Foocorp","33007","25723","7284"
"2008-08-21","Foocorp","8669","7402","1267"
"2008-08-23","Foocorp","2989","2754","235"
"2008-08-24","Foocorp","6879","6185","694"
"2008-08-25","Foocorp","9868","8939","929"
"2008-08-26","Foocorp","240987","198969","42018"
"2008-08-27","Foocorp","244396","200755","43641"
"2008-08-28","Foocorp","12918","10779","2139"
"2008-08-29","Foocorp","2989","2754","235"
"2008-08-30","Foocorp","9868","8939","929"
"2008-09-03","Foocorp","17697","14750","2947"
"2008-09-04","Foocorp","30397","24068","6329"
"2008-09-05","Foocorp","9028","7348","1680"
"2008-09-06","Foocorp","8669","7402","1267"
"2008-09-07","Foocorp","45566","36556","9010"
"2008-09-09","Foocorp","5978","5508","470"
"2008-09-10","Foocorp","229329","188813","40516"
"2008-09-11","Foocorp","9028","7348","1680"
"2008-09-12","Foocorp","14647","12910","1737"
"2008-09-13","Foocorp","8669","7402","1267"
"2008-09-14","Foocorp","45566","36556","9010"
"2008-09-15","Foocorp","23736","19344","4392"
"2008-09-16","Foocorp","6879","6185","694"
"2008-09-17","Foocorp","6039","4594","1445"
"2008-09-18","Foocorp","14647","12910","1737"
"2008-09-19","Foocorp","15548","13587","1961"
"2008-09-20","Foocorp","18319","14880","3439"
"2008-09-21","Foocorp","17338","14804","2534"
"2008-09-22","Foocorp","26007","22206","3801"
"2008-09-23","Foocorp","39066","31470","7596"
"2008-09-24","Foocorp","5978","5508","470"
"2008-09-25","Foocorp","9868","8939","929"
"2008-09-26","Foocorp","39947","30994","8953"
"2008-09-27","Foocorp","12918","10779","2139"
"2008-09-28","Foocorp","269215","220721","48494"
"2008-09-29","Foocorp","229329","188813","40516"
"2008-09-30","Foocorp","236208","194998","41210"
"2008-10-01","Foocorp","18896","16287","2609"
"2008-10-02","Foocorp","9028","7348","1680"
"2008-10-03","Foocorp","42577","33802","8775"
"2008-10-04","Foocorp","5978","5508","470"
"2008-10-05","Foocorp","9028","7348","1680"
"2008-10-06","Foocorp","21946","18127","3819"
"2008-10-08","Foocorp","2989","2754","235"
"2008-10-09","Foocorp","40746","34652","6094"
"2008-10-10","Foocorp","12918","10779","2139"
"2008-10-11","Foocorp","41737","32211","9526"
"2008-10-12","Foocorp","8669","7402","1267"
"2008-10-13","Foocorp","24358","19474","4884"
"2008-10-16","Foocorp","28187","23819","4368"
"2008-10-17","Foocorp","237998","196215","41783"
"2008-10-18","Foocorp","12857","11693","1164"
"2008-10-19","Foocorp","229329","188813","40516"
"2008-10-20","Foocorp","2989","2754","235"
"2008-10-21","Foocorp","26786","21184","5602"
"2008-10-22","Foocorp","38687","30371","8316"
"2008-10-23","Foocorp","20686","17504","3182"
"2008-10-24","Foocorp","8669","7402","1267"
"2008-10-26","Foocorp","14708","11996","2712"
"2008-10-27","Foocorp","6879","6185","694"
"2008-10-28","Foocorp","5978","5508","470"
"2008-10-29","Foocorp","12078","9188","2890"
"2008-10-30","Foocorp","9028","7348","1680"
"2008-10-31","Foocorp","247026","203563","43463"
"2008-11-01","Foocorp","256358","209028","47330"
"2008-11-02","Foocorp","44726","34965","9761"
"2008-11-03","Foocorp","271865","224682","47183"
"2008-11-04","Foocorp","23736","19344","4392"
"2008-11-05","Foocorp","26988","22282","4706"
"2008-11-06","Foocorp","6039","4594","1445"
"2008-11-08","Foocorp","6039","4594","1445"
"2008-11-09","Foocorp","18056","14696","3360"
"2008-11-11","Foocorp","5978","5508","470"
"2008-11-12","Foocorp","20327","17558","2769"
"2008-11-13","Foocorp","35698","27617","8081"
"2008-11-14","Foocorp","14708","11996","2712"
"2008-11-15","Foocorp","11658","10156","1502"
"2008-11-16","Foocorp","2989","2754","235"
"2008-11-17","Foocorp","25198","21065","4133"
"2008-11-18","Foocorp","24297","20388","3909"
"2008-11-19","Foocorp","42936","33748","9188"
"2008-11-20","Foocorp","242186","200506","41680"
"2008-11-21","Foocorp","243976","201723","42253"
"2008-11-22","Foocorp","14708","11996","2712"
"2008-11-23","Foocorp","2989","2754","235"
"2008-11-24","Foocorp","2989","2754","235"
"2008-11-25","Foocorp","12078","9188","2890"
"2008-11-27","Foocorp","9028","7348","1680"
"2008-11-28","Foocorp","2989","2754","235"
"2008-11-29","Foocorp","236208","194998","41210"
"2008-11-30","Foocorp","6039","4594","1445"
"2008-12-01","Foocorp","15548","13587","1961"
"2008-12-02","Foocorp","12078","9188","2890"
"2008-12-03","Foocorp","9868","8939","929"
"2008-12-05","Foocorp","15067","11942","3125"
"2008-12-06","Foocorp","473366","389622","83744"
"2008-12-07","Foocorp","8669","7402","1267"
"2008-12-08","Foocorp","232318","191567","40751"
"2008-12-09","Foocorp","11658","10156","1502"
"2008-12-10","Foocorp","5978","5508","470"
"2008-12-11","Foocorp","32077","27250","4827"
"2008-12-13","Foocorp","21587","18181","3406"
"2008-12-14","Foocorp","2989","2754","235"
"2008-12-15","Foocorp","20327","17558","2769"
"2008-12-16","Foocorp","2989","2754","235"
"2008-12-17","Foocorp","2989","2754","235"
"2008-12-19","Foocorp","237998","196215","41783"
"2008-12-20","Foocorp","21587","18181","3406"
"2008-12-21","Foocorp","6039","4594","1445"
"2008-12-22","Foocorp","12918","10779","2139"
"2008-12-23","Foocorp","19736","17878","1858"
"2008-12-24","Foocorp","244037","200809","43228"
"2008-12-25","Foocorp","6039","4594","1445"
"2008-12-26","Foocorp","16747","15124","1623"
"2008-12-27","Foocorp","8669","7402","1267"
"2008-12-28","Foocorp","24358","19474","4884"
"2008-12-29","Foocorp","28187","23819","4368"
"2008-12-30","Foocorp","15548","13587","1961"
"2008-12-31","Foocorp","30018","22969","7049"
"2009-01-01","Foocorp","12078","9188","2890"
"2009-01-02","Foocorp","21946","18127","3819"
"2009-01-03","Foocorp","27985","22721","5264"
"2009-01-04","Foocorp","2989","2754","235"
"2009-01-05","Foocorp","256535","212556","43979"
"2009-01-06","Foocorp","27029","20215","6814"
"2009-01-07","Foocorp","8967","8262","705"
"2009-01-08","Foocorp","39005","32384","6621"
"2009-01-09","Foocorp","33068","24809","8259"
"2009-01-10","Foocorp","8967","8262","705"
"2009-01-11","Foocorp","250637","206447","44190"
"2009-01-12","Foocorp","96594","76299","20295"
"2009-01-13","Foocorp","6039","4594","1445"
"2009-01-14","Foocorp","241407","198001","43406"
"2009-01-15","Foocorp","17636","15664","1972"
"2009-01-16","Foocorp","244396","200755","43641"
"2009-01-17","Foocorp","272224","224628","47596"
"2009-01-18","Foocorp","237998","196215","41783"
"2009-01-19","Foocorp","288233","235180","53053"
"2009-01-20","Foocorp","284343","231749","52594"
"2009-01-21","Foocorp","39284","32931","6353"
"2009-01-22","Foocorp","256894","212502","44392"
"2009-01-23","Foocorp","259347","211782","47565"
"2009-01-24","Foocorp","244877","202400","42477"
"2009-01-25","Foocorp","26366","22152","4214"
"2009-01-26","Foocorp","229329","188813","40516"
"2009-01-27","Foocorp","15548","13587","1961"
"2009-01-28","Foocorp","47735","38872","8863"
"2009-01-30","Foocorp","254527","209878","44649"
"2009-01-31","Foocorp","54655","42990","11665"
"2009-02-01","Foocorp","256535","212556","43979"
"2009-02-02","Foocorp","21308","17634","3674"
"2009-02-03","Foocorp","34676","29608","5068"
"2009-02-04","Foocorp","281774","231554","50220"
"2009-02-05","Foocorp","33908","26400","7508"
"2009-02-06","Foocorp","232318","191567","40751"
"2009-02-07","Foocorp","6879","6185","694"
"2009-02-08","Foocorp","2989","2754","235"
"2009-02-09","Foocorp","32405","26746","5659"
"2009-02-10","Foocorp","5978","5508","470"
"2009-02-11","Foocorp","11658","10156","1502"
"2009-02-12","Foocorp","27029","20215","6814"
"2009-02-13","Foocorp","6879","6185","694"
"2009-02-14","Foocorp","17338","14804","2534"
"2009-02-15","Foocorp","474565","391159","83406"
"2009-02-16","Foocorp","33068","24809","8259"
"2009-02-17","Foocorp","101049","81000","20049"
"2009-02-18","Foocorp","15548","13587","1961"
"2009-02-19","Foocorp","9868","8939","929"
"2009-02-20","Foocorp","15548","13587","1961"
"2009-02-21","Foocorp","28703","26140","2563"
"2009-02-23","Foocorp","13758","12370","1388"
"2009-02-24","Foocorp","235368","193407","41961"
"2009-02-25","Foocorp","268436","218216","50220"
"2009-02-26","Foocorp","23675","20258","3417"
"2009-02-27","Foocorp","238357","196161","42196"
"2009-02-28","Foocorp","248286","204186","44100"
"2009-03-01","Foocorp","497345","407997","89348"
"2009-03-02","Foocorp","42577","33802","8775"
"2009-03-03","Foocorp","35955","30544","5411"
"2009-03-04","Foocorp","51346","41756","9590"
"2009-03-05","Foocorp","17636","15664","1972"
"2009-03-06","Foocorp","464697","382220","82477"
"2009-03-07","Foocorp","64001","52351","11650"
"2009-03-08","Foocorp","9028","7348","1680"
"2009-03-09","Foocorp","8669","7402","1267"
"2009-03-10","Foocorp","739374","606128","133246"
"2009-03-11","Foocorp","76585","60754","15831"
"2009-03-12","Foocorp","15548","13587","1961"
"2009-03-13","Foocorp","309712","253462","56250"
"2009-03-14","Foocorp","251153","208768","42385"
"2009-03-15","Foocorp","238357","196161","42196"
"2009-03-16","Foocorp","11658","10156","1502"
"2009-03-17","Foocorp","497304","410064","87240"
"2009-03-18","Foocorp","25198","21065","4133"
"2009-03-19","Foocorp","479966","395260","84706"
"2009-03-20","Foocorp","17338","14804","2534"
"2009-03-21","Foocorp","23675","20258","3417"
"2009-03-22","Foocorp","487483","401938","85545"
"2009-03-23","Foocorp","263555","217226","46329"
"2009-03-24","Foocorp","20327","17558","2769"
"2009-03-25","Foocorp","49415","42054","7361"
"2009-03-26","Foocorp","31176","26573","4603"
"2009-03-28","Foocorp","15548","13587","1961"
"2009-03-29","Foocorp","15067","11942","3125"
"2009-03-30","Foocorp","18537","16341","2196"
"2009-03-31","Foocorp","20747","16590","4157"
"2009-04-01","Foocorp","80783","62528","18255"
"2009-04-02","Foocorp","39066","31470","7596"
"2009-04-03","Foocorp","14647","12910","1737"
"2009-04-04","Foocorp","46163","39116","7047"
"2009-04-05","Foocorp","289365","234751","54614"
"2009-04-06","Foocorp","50345","40527","9818"
"2009-04-07","Foocorp","21587","18181","3406"
"2009-04-08","Foocorp","15067","11942","3125"
"2009-04-09","Foocorp","499445","410211","89234"
"2009-04-10","Foocorp","18835","17201","1634"
"2009-04-11","Foocorp","295424","240498","54926"
"2009-04-12","Foocorp","24358","19474","4884"
"2009-04-13","Foocorp","2989","2754","235"
"2009-04-14","Foocorp","252706","208211","44495"
"2009-04-15","Foocorp","33325","27736","5589"
"2009-04-16","Foocorp","11658","10156","1502"
"2009-04-17","Foocorp","250916","206994","43922"
"2009-04-18","Foocorp","9868","8939","929"
"2009-04-19","Foocorp","6039","4594","1445"
"2009-04-20","Foocorp","242247","199592","42655"
"2009-04-21","Foocorp","265204","219958","45246"
"2009-04-23","Foocorp","461647","380380","81267"
"2009-04-24","Foocorp","50973","43537","7436"
"2009-04-25","Foocorp","236208","194998","41210"
"2009-04-26","Foocorp","11658","10156","1502"
"2009-04-27","Foocorp","21587","18181","3406"
"2009-04-28","Foocorp","11658","10156","1502"
"2009-04-29","Foocorp","251214","207854","43360"
"2009-04-30","Foocorp","44373","37899","6474"
"2009-05-01","Foocorp","275072","228897","46175"
"2009-05-02","Foocorp","258154","213125","45029"
"2009-05-03","Foocorp","40787","32585","8202"
"2009-05-04","Foocorp","32966","27790","5176"
"2009-05-05","Foocorp","494674","407256","87418"
"2009-05-06","Foocorp","8669","7402","1267"
"2009-05-07","Foocorp","11658","10156","1502"
"2009-05-08","Foocorp","718005","589408","128597"
"2009-05-09","Foocorp","23377","19398","3979"
"2009-05-10","Foocorp","20327","17558","2769"
"2009-05-11","Foocorp","27029","20215","6814"
"2009-05-12","Foocorp","41676","33125","8551"
"2009-05-13","Foocorp","30256","25583","4673"
"2009-05-14","Foocorp","240987","198969","42018"
"2009-05-15","Foocorp","9028","7348","1680"
"2009-05-16","Foocorp","60274","48552","11722"
"2009-05-17","Foocorp","29977","25036","4941"
"2009-05-18","Foocorp","15907","13533","2374"
"2009-05-19","Foocorp","11658","10156","1502"
"2009-05-20","Foocorp","461647","380380","81267"
"2009-05-21","Foocorp","2989","2754","235"
"2009-05-22","Foocorp","2989","2754","235"
"2009-05-23","Foocorp","5978","5508","470"
"2009-05-24","Foocorp","235307","194321","40986"
"2009-05-25","Foocorp","485687","397841","87846"
"2009-05-26","Foocorp","26786","21184","5602"
"2009-05-27","Foocorp","247648","203693","43955"
"2009-05-28","Foocorp","9028","7348","1680"
"2009-05-29","Foocorp","33027","26876","6151"
"2009-05-30","Foocorp","5978","5508","470"
"2009-05-31","Foocorp","505771","416368","89403"
"2009-06-01","Foocorp","62423","49715","12708"
"2009-06-02","Foocorp","48616","38396","10220"
"2009-06-03","Foocorp","56653","48185","8468"
"2009-06-04","Foocorp","17636","15664","1972"
"2009-06-05","Foocorp","289385","235904","53481"
"2009-06-06","Foocorp","304311","249361","54950"
"2009-06-07","Foocorp","247026","203563","43463"
"2009-06-08","Foocorp","29416","23992","5424"
"2009-06-09","Foocorp","272163","225542","46621"
"2009-06-10","Foocorp","28187","23819","4368"
"2009-06-11","Foocorp","255695","210965","44730"
"2009-06-12","Foocorp","310911","254999","55912"
"2009-06-13","Foocorp","263555","217226","46329"
"2009-06-14","Foocorp","61791","52102","9689"
"2009-06-15","Foocorp","256676","211041","45635"
"2009-06-16","Foocorp","258684","213719","44965"
"2009-06-17","Foocorp","244274","202583","41691"
"2009-06-18","Foocorp","266185","220034","46151"
"2009-06-19","Foocorp","27206","23743","3463"
"2009-06-20","Foocorp","17697","14750","2947"
"2009-06-21","Foocorp","33867","28467","5400"
"2009-06-22","Foocorp","252115","208531","43584"
"2009-06-23","Foocorp","20747","16590","4157"
"2009-06-24","Foocorp","44094","37352","6742"
"2009-06-25","Foocorp","41044","35512","5532"
"2009-06-26","Foocorp","78314","62885","15429"
"2009-06-27","Foocorp","292192","242240","49952"
"2009-06-28","Foocorp","6039","4594","1445"
"2009-06-29","Foocorp","250015","206317","43698"
"2009-06-30","Foocorp","22427","19772","2655"
"2009-07-01","Foocorp","265386","216376","49010"
"2009-07-02","Foocorp","261983","217470","44513"
"2009-07-03","Foocorp","272083","226143","45940"
"2009-07-04","Foocorp","250855","207908","42947"
"2009-07-05","Foocorp","38687","30371","8316"
"2009-07-06","Foocorp","30195","26497","3698"
"2009-07-07","Foocorp","36856","31221","5635"
"2009-07-08","Foocorp","23377","19398","3979"
"2009-07-09","Foocorp","81643","65272","16371"
"2009-07-10","Foocorp","6879","6185","694"
"2009-07-11","Foocorp","276862","230114","46748"
"2009-07-12","Foocorp","287493","237668","49825"
"2009-07-13","Foocorp","11658","10156","1502"
"2009-07-14","Foocorp","33184","29251","3933"
"2009-07-15","Foocorp","6039","4594","1445"
"2009-07-16","Foocorp","273033","225769","47264"
"2009-07-17","Foocorp","12078","9188","2890"
"2009-07-18","Foocorp","20327","17558","2769"
"2009-07-19","Foocorp","31035","24561","6474"
"2009-07-20","Foocorp","66075","50532","15543"
"2009-07-21","Foocorp","36295","30177","6118"
"2009-07-22","Foocorp","21526","19095","2431"
"2009-07-23","Foocorp","37215","31167","6048"
"2009-07-24","Foocorp","84076","63399","20677"
"2009-07-25","Foocorp","23377","19398","3979"
"2009-07-27","Foocorp","29977","25036","4941"
"2009-07-28","Foocorp","246667","203617","43050"
"2009-07-29","Foocorp","468526","386565","81961"
"2009-07-30","Foocorp","262574","217150","45424"
"2009-07-31","Foocorp","9868","8939","929"
"2009-08-01","Foocorp","240987","198969","42018"
"2009-08-02","Foocorp","12918","10779","2139"
"2009-08-03","Foocorp","258745","212805","45940"
"2009-08-04","Foocorp","736658","606664","129994"
"2009-08-05","Foocorp","261734","215559","46175"
"2009-08-06","Foocorp","21587","18181","3406"
"2009-08-07","Foocorp","18896","16287","2609"
"2009-08-08","Foocorp","100003","78085","21918"
"2009-08-09","Foocorp","242186","200506","41680"
"2009-08-10","Foocorp","35035","29554","5481"
"2009-08-11","Foocorp","15846","14447","1399"
"2009-08-12","Foocorp","55854","44527","11327"
"2009-08-13","Foocorp","8669","7402","1267"
"2009-08-14","Foocorp","504224","414182","90042"
"2009-08-15","Foocorp","11658","10156","1502"
"2009-08-16","Foocorp","509423","417185","92238"
"2009-08-17","Foocorp","23736","19344","4392"
"2009-08-18","Foocorp","15548","13587","1961"
"2009-08-19","Foocorp","6879","6185","694"
"2009-08-20","Foocorp","18537","16341","2196"
"2009-08-21","Foocorp","38864","33899","4965"
"2009-08-22","Foocorp","491903","405963","85940"
"2009-08-23","Foocorp","302560","249610","52950"
"2009-08-24","Foocorp","247385","203509","43876"
"2009-08-25","Foocorp","495934","407879","88055"
"2009-08-26","Foocorp","504183","416249","87934"
"2009-08-27","Foocorp","245236","202346","42890"
"2009-08-28","Foocorp","763732","625602","138130"
"2009-08-29","Foocorp","38024","32308","5716"
"2009-08-30","Foocorp","12078","9188","2890"
"2009-08-31","Foocorp","232318","191567","40751"
"2009-09-01","Foocorp","5978","5508","470"
"2009-09-02","Foocorp","24576","20935","3641"
"2009-09-03","Foocorp","271121","222853","48268"
"2009-09-04","Foocorp","482272","398798","83474"
"2009-09-05","Foocorp","12857","11693","1164"
"2009-09-06","Foocorp","46506","38699","7807"
"2009-09-07","Foocorp","290482","240422","50060"
"2009-09-08","Foocorp","62474","51318","11156"
"2009-09-09","Foocorp","293573","240195","53378"
"2009-09-10","Foocorp","36314","30490","5824"
"2009-09-11","Foocorp","118540","94426","24114"
"2009-09-12","Foocorp","75745","59163","16582"
"2009-09-13","Foocorp","270964","224005","46959"
"2009-09-14","Foocorp","34676","29608","5068"
"2009-09-15","Foocorp","301280","247834","53446"
"2009-09-16","Foocorp","283346","231310","52036"
"2009-09-17","Foocorp","229329","188813","40516"
"2009-09-18","Foocorp","248225","205100","43125"
"2009-09-19","Foocorp","301924","245584","56340"
"2009-09-20","Foocorp","268273","222111","46162"
"2009-09-21","Foocorp","241346","198915","42431"
"2009-09-22","Foocorp","65716","50586","15130"
"2009-09-23","Foocorp","25198","21065","4133"
"2009-09-24","Foocorp","5978","5508","470"
"2009-09-25","Foocorp","37215","31167","6048"
"2009-09-26","Foocorp","47594","40387","7207"
"2009-09-27","Foocorp","238357","196161","42196"
"2009-09-28","Foocorp","482955","398014","84941"
"2009-09-29","Foocorp","244877","202400","42477"
"2009-09-30","Foocorp","253687","208287","45400"
"2009-10-01","Foocorp","504644","413214","91430"
"2009-10-02","Foocorp","8669","7402","1267"
"2009-10-03","Foocorp","473366","389622","83744"
"2009-10-04","Foocorp","36897","29154","7743"
"2009-10-05","Foocorp","271425","220970","50455"
"2009-10-06","Foocorp","512371","422006","90365"
"2009-10-07","Foocorp","47776","36805","10971"
"2009-10-08","Foocorp","21587","18181","3406"
"2009-10-09","Foocorp","298413","243252","55161"
"2009-10-10","Foocorp","464636","383134","81502"
"2009-10-11","Foocorp","18319","14880","3439"
"2009-10-12","Foocorp","41696","34278","7418"
"2009-10-13","Foocorp","485383","399724","85659"
"2009-10-14","Foocorp","242247","199592","42655"
"2009-10-15","Foocorp","17995","15610","2385"
"2009-10-16","Foocorp","25198","21065","4133"
"2009-10-17","Foocorp","15067","11942","3125"
"2009-10-18","Foocorp","22427","19772","2655"
"2009-10-19","Foocorp","33007","25723","7284"
"2009-10-20","Foocorp","9868","8939","929"
"2009-10-21","Foocorp","84394","65412","18982"
"2009-10-22","Foocorp","9028","7348","1680"
"2009-10-23","Foocorp","483234","398561","84673"
"2009-10-24","Foocorp","239197","197752","41445"
"2009-10-26","Foocorp","29775","23938","5837"
"2009-10-27","Foocorp","33386","26822","6564"
"2009-10-28","Foocorp","319660","261800","57860"
"2009-10-29","Foocorp","503384","412591","90793"
"2009-10-30","Foocorp","82701","68324","14377"
"2009-10-31","Foocorp","26305","23066","3239"
"2009-11-01","Foocorp","475996","392430","83566"
"2009-11-02","Foocorp","58832","47984","10848"
"2009-11-03","Foocorp","250916","206994","43922"
"2009-11-04","Foocorp","506550","418873","87677"
"2009-11-05","Foocorp","49152","41870","7282"
"2009-11-06","Foocorp","238357","196161","42196"
"2009-11-07","Foocorp","35996","28477","7519"
"2009-11-08","Foocorp","265922","219850","46072"
"2009-11-09","Foocorp","235368","193407","41961"
"2009-11-10","Foocorp","65716","50586","15130"
"2009-11-11","Foocorp","28187","23819","4368"
"2009-11-12","Foocorp","35698","27617","8081"
"2009-11-13","Foocorp","54553","45971","8582"
"2009-11-14","Foocorp","12857","11693","1164"
"2009-11-15","Foocorp","15907","13533","2374"
"2009-11-16","Foocorp","75103","57880","17223"
"2009-11-17","Foocorp","90251","73588","16663"
"2009-11-18","Foocorp","24576","20935","3641"
"2009-11-19","Foocorp","58205","46788","11417"
"2009-11-20","Foocorp","277044","226532","50512"
"2009-11-21","Foocorp","43113","37276","5837"
"2009-11-22","Foocorp","26366","22152","4214"
"2009-11-23","Foocorp","45348","35095","10253"
"2009-11-24","Foocorp","39886","31908","7978"
"2009-11-25","Foocorp","706524","582780","123744"
"2009-11-26","Foocorp","12857","11693","1164"
"2009-11-27","Foocorp","66075","50532","15543"
"2009-11-28","Foocorp","14647","12910","1737"
"2009-11-29","Foocorp","26007","22206","3801"
"2009-11-30","Foocorp","45348","35095","10253"
"2009-12-01","Foocorp","52732","44304","8428"
"2009-12-02","Foocorp","500572","413365","87207"
"2009-12-03","Foocorp","274895","225369","49526"
"2009-12-04","Foocorp","35996","28477","7519"
"2009-12-05","Foocorp","30397","24068","6329"
"2009-12-06","Foocorp","83403","67853","15550"
"2009-12-07","Foocorp","53385","44884","8501"
"2009-12-08","Foocorp","72913","58784","14129"
"2009-12-09","Foocorp","235307","194321","40986"
"2009-12-10","Foocorp","273064","226219","46845"
"2009-12-11","Foocorp","271961","224444","47517"
"2009-12-12","Foocorp","238357","196161","42196"
"2009-12-13","Foocorp","280575","230017","50558"
"2009-12-14","Foocorp","47776","36805","10971"
"2009-12-15","Foocorp","26988","22282","4706"
"2009-12-16","Foocorp","61534","49175","12359"
"2009-12-17","Foocorp","11658","10156","1502"
"2009-12-18","Foocorp","265345","218443","46902"
"2009-12-19","Foocorp","498544","409534","89010"
"2009-12-20","Foocorp","80424","62582","17842"
"2009-12-21","Foocorp","268334","221197","47137"
"2009-12-22","Foocorp","491665","403349","88316"
"2009-12-23","Foocorp","289385","235904","53481"
"2009-12-24","Foocorp","22427","19772","2655"
"2009-12-25","Foocorp","44155","36438","7717"
"2009-12-26","Foocorp","518092","424587","93505"
"2009-12-27","Foocorp","269235","221874","47361"
"2009-12-28","Foocorp","509984","418229","91755"
"2009-12-29","Foocorp","57603","47811","9792"
"2009-12-30","Foocorp","259347","211782","47565"
"2009-12-31","Foocorp","296203","243003","53200"
"2010-01-01","Foocorp","271005","221938","49067"
"2010-01-02","Foocorp","39284","32931","6353"
"2010-01-03","Foocorp","276923","229200","47723"
"2010-01-04","Foocorp","501533","412288","89245"
"2010-01-05","Foocorp","244335","201669","42666"
"2010-01-06","Foocorp","238357","196161","42196"
"2010-01-07","Foocorp","328649","267682","60967"
"2010-01-08","Foocorp","60633","48498","12135"
"2010-01-09","Foocorp","313364","254279","59085"
"2010-01-10","Foocorp","6879","6185","694"
"2010-01-11","Foocorp","17697","14750","2947"
"2010-01-12","Foocorp","516139","423738","92401"
"2010-01-13","Foocorp","44726","34965","9761"
"2010-01-14","Foocorp","500821","415276","85545"
"2010-01-15","Foocorp","29775","23938","5837"
"2010-01-16","Foocorp","288722","237841","50881"
"2010-01-17","Foocorp","2989","2754","235"
"2010-01-18","Foocorp","276644","228653","47991"
"2010-01-19","Foocorp","259944","214342","45602"
"2010-01-20","Foocorp","734752","604532","130220"
"2010-01-21","Foocorp","2989","2754","235"
"2010-01-22","Foocorp","78634","61365","17269"
"2010-01-23","Foocorp","56445","44207","12238"
"2010-01-24","Foocorp","304872","250405","54467"
"2010-01-25","Foocorp","492262","405909","86353"
"2010-01-26","Foocorp","253905","209748","44157"
"2010-01-27","Foocorp","262336","214536","47800"
"2010-01-28","Foocorp","61432","52156","9276"
"2010-01-29","Foocorp","49171","42183","6988"
"2010-01-30","Foocorp","524910","431686","93224"
"2010-01-31","Foocorp","245236","202346","42890"
"2010-02-01","Foocorp","258684","213719","44965"
"2010-02-02","Foocorp","86402","68090","18312"
"2010-02-03","Foocorp","470736","386814","83922"
"2010-02-04","Foocorp","262994","216182","46812"
"2010-02-05","Foocorp","30195","26497","3698"
"2010-02-06","Foocorp","29714","24852","4862"
"2010-02-07","Foocorp","44685","37032","7653"
"2010-02-08","Foocorp","277362","228545","48817"
"2010-02-09","Foocorp","92486","77030","15456"
"2010-02-10","Foocorp","520357","430192","90165"
"2010-02-11","Foocorp","41914","35739","6175"
"2010-02-12","Foocorp","311588","256958","54630"
"2010-02-13","Foocorp","319221","262455","56766"
"2010-02-14","Foocorp","274014","225845","48169"
"2010-02-15","Foocorp","57304","46111","11193"
"2010-02-16","Foocorp","248225","205100","43125"
"2010-02-17","Foocorp","763008","628453","134555"
"2010-02-18","Foocorp","40265","33007","7258"
"2010-02-19","Foocorp","90282","74038","16244"
"2010-02-20","Foocorp","61573","50641","10932"
"2010-02-21","Foocorp","11658","10156","1502"
"2010-02-22","Foocorp","275572","227328","48244"
"2010-02-23","Foocorp","486845","401445","85400"
"2010-02-24","Foocorp","38687","30371","8316"
"2010-02-25","Foocorp","49232","41269","7963"
"2010-02-26","Foocorp","47083","40106","6977"
"2010-02-27","Foocorp","286335","234064","52271"
"2010-02-28","Foocorp","33604","28283","5321"
"2010-03-01","Foocorp","524692","430225","94467"
"2010-03-02","Foocorp","274055","223778","50277"
"2010-03-03","Foocorp","24358","19474","4884"
"2010-03-04","Foocorp","764229","627610","136619"
"2010-03-05","Foocorp","48514","41377","7137"
"2010-03-06","Foocorp","739490","610570","128920"
"2010-03-07","Foocorp","327617","272190","55427"
"2010-03-08","Foocorp","271072","223904","47168"
"2010-03-09","Foocorp","66131","56728","9403"
"2010-03-10","Foocorp","99558","81483","18075"
"2010-03-11","Foocorp","21106","16536","4570"
"2010-03-12","Foocorp","33604","28283","5321"
"2010-03-13","Foocorp","292971","241218","51753"
"2010-03-14","Foocorp","264972","220224","44748"
"2010-03-15","Foocorp","30073","24798","5275"
"2010-03-16","Foocorp","279741","231306","48435"
"2010-03-17","Foocorp","298352","244166","54186"
"2010-03-18","Foocorp","514192","423673","90519"
"2010-03-19","Foocorp","53385","44884","8501"
"2010-03-20","Foocorp","15067","11942","3125"
"2010-03-21","Foocorp","307720","251147","56573"
"2010-03-22","Foocorp","50072","42860","7212"
"2010-03-23","Foocorp","68623","57474","11149"
"2010-03-24","Foocorp","488676","400595","88081"
"2010-03-25","Foocorp","26664","23012","3652"
"2010-03-26","Foocorp","27626","22775","4851"
"2010-03-27","Foocorp","288343","236742","51601"
"2010-03-28","Foocorp","270652","224872","45780"
"2010-03-29","Foocorp","242247","199592","42655"
"2010-03-30","Foocorp","496633","410985","85648"
"2010-03-31","Foocorp","35698","27617","8081"
"2010-04-01","Foocorp","279851","232868","46983"
"2010-04-02","Foocorp","286335","234064","52271"
"2010-04-03","Foocorp","751250","617745","133505"
"2010-04-04","Foocorp","41676","33125","8551"
"2010-04-05","Foocorp","51874","44214","7660"
"2010-04-06","Foocorp","256894","212502","44392"
"2010-04-07","Foocorp","773787","635552","138235"
"2010-04-08","Foocorp","479642","395990","83652"
"2010-04-09","Foocorp","17636","15664","1972"
"2010-04-10","Foocorp","8669","7402","1267"
"2010-04-11","Foocorp","752469","620435","132034"
"2010-04-12","Foocorp","15907","13533","2374"
"2010-04-13","Foocorp","258684","213719","44965"
"2010-04-14","Foocorp","283144","230212","52932"
"2010-04-15","Foocorp","84591","70093","14498"
"2010-04-16","Foocorp","480245","395807","84438"
"2010-04-17","Foocorp","269453","223335","46118"
"2010-04-18","Foocorp","238357","196161","42196"
"2010-04-19","Foocorp","88602","70856","17746"
"2010-04-20","Foocorp","236208","194998","41210"
"2010-04-21","Foocorp","484665","399832","84833"
"2010-04-22","Foocorp","55550","46410","9140"
"2010-04-23","Foocorp","36891","31897","4994"
"2010-04-24","Foocorp","264960","220087","44873"
"2010-04-25","Foocorp","66252","54060","12192"
"2010-04-26","Foocorp","17636","15664","1972"
"2010-04-27","Foocorp","63045","49845","13200"
"2010-04-28","Foocorp","51301","43033","8268"
"2010-04-29","Foocorp","63263","51306","11957"
"2010-04-30","Foocorp","727893","599500","128393"
"2010-05-01","Foocorp","30615","25529","5086"
"2010-05-02","Foocorp","72134","56279","15855"
"2010-05-03","Foocorp","48251","41193","7058"
"2010-05-04","Foocorp","77733","60688","17045"
"2010-05-05","Foocorp","91552","72144","19408"
"2010-05-06","Foocorp","268972","221690","47282"
"2010-05-07","Foocorp","473305","390536","82769"
"2010-05-08","Foocorp","503981","415151","88830"
"2010-05-09","Foocorp","268314","220044","48270"
"2010-05-10","Foocorp","476355","392376","83979"
"2010-05-11","Foocorp","103791","84497","19294"
"2010-05-12","Foocorp","59854","45993","13861"
"2010-05-13","Foocorp","297463","243626","53837"
"2010-05-14","Foocorp","51843","43764","8079"
"2010-05-15","Foocorp","53754","42313","11441"
"2010-05-16","Foocorp","44995","38029","6966"
"2010-05-17","Foocorp","48094","38818","9276"
"2010-05-18","Foocorp","95430","75438","19992"
"2010-05-19","Foocorp","42096","32157","9939"
"2010-05-20","Foocorp","41914","35739","6175"
"2010-05-21","Foocorp","507213","416936","90277"
"2010-05-22","Foocorp","334009","273850","60159"
"2010-05-23","Foocorp","12918","10779","2139"
"2010-05-24","Foocorp","17697","14750","2947"
"2010-05-25","Foocorp","45323","37525","7798"
"2010-05-26","Foocorp","36436","28662","7774"
"2010-05-27","Foocorp","262032","216419","45613"
"2010-05-28","Foocorp","262397","213622","48775"
"2010-05-29","Foocorp","302283","245530","56753"
"2010-05-30","Foocorp","124498","98781","25717"
"2010-05-31","Foocorp","286871","237538","49333"
"2010-06-01","Foocorp","45823","39483","6340"
"2010-06-02","Foocorp","297689","246103","51586"
"2010-06-03","Foocorp","582336","475969","106367"
"2010-06-04","Foocorp","277403","226478","50925"
"2010-06-05","Foocorp","318887","262175","56712"
"2010-06-06","Foocorp","329144","273223","55921"
"2010-06-07","Foocorp","649110","529607","119503"
"2010-06-08","Foocorp","263292","217042","46250"
"2010-06-09","Foocorp","368412","305791","62621"
"2010-06-10","Foocorp","798808","653089","145719"
"2010-06-11","Foocorp","799024","658083","140941"
"2010-06-12","Foocorp","512826","421714","91112"
"2010-06-13","Foocorp","330506","270865","59641"
"2010-06-14","Foocorp","335589","272953","62636"
"2010-06-15","Foocorp","42895","35815","7080"
"2010-06-16","Foocorp","84218","71874","12344"
"2010-06-17","Foocorp","564512","466630","97882"
"2010-06-18","Foocorp","752049","621403","130646"
"2010-06-19","Foocorp","797352","654248","143104"
"2010-06-20","Foocorp","750708","617014","133694"
"2010-06-21","Foocorp","1015665","837715","177950"
"2010-06-22","Foocorp","369177","300873","68304"
"2010-06-23","Foocorp","272522","225488","47034"
"2010-06-24","Foocorp","526068","435290","90778"
"2010-06-25","Foocorp","655649","532632","123017"
"2010-06-26","Foocorp","581300","474064","107236"
"2010-06-27","Foocorp","768242","635659","132583"
"2010-06-28","Foocorp","132585","108359","24226"
"2010-06-29","Foocorp","506550","418873","87677"
"2010-06-30","Foocorp","72236","62448","9788"
"2010-07-01","Foocorp","312110","256536","55574"
"2010-07-02","Foocorp","535363","443048","92315"
"2010-07-03","Foocorp","142093","112985","29108"
"2010-07-04","Foocorp","98757","81358","17399"
"2010-07-05","Foocorp","150884","122086","28798"
"2010-07-06","Foocorp","537848","443618","94230"
"2010-07-07","Foocorp","526468","433169","93299"
"2010-07-08","Foocorp","526049","434977","91072"
"2010-07-09","Foocorp","291880","243107","48773"
"2010-07-10","Foocorp","190704","158491","32213"
"2010-07-11","Foocorp","197133","157858","39275"
"2010-07-12","Foocorp","189453","151548","37905"
"2010-07-13","Foocorp","20686","17504","3182"
"2010-07-14","Foocorp","178217","146041","32176"
"2010-07-15","Foocorp","59732","47821","11911"
"2010-07-16","Foocorp","305347","254793","50554"
"2010-07-17","Foocorp","314760","260497","54263"
"2010-07-18","Foocorp","54370","45186","9184"
"2010-07-19","Foocorp","322787","266616","56171"
"2010-07-20","Foocorp","733139","606843","126296"
"2010-07-21","Foocorp","513929","423489","90440"
"2010-07-22","Foocorp","613355","500167","113188"
"2010-07-23","Foocorp","1040362","855982","184380"
"2010-07-24","Foocorp","259104","212751","46353"
"2010-07-25","Foocorp","354844","289186","65658"
"2010-07-26","Foocorp","289703","237917","51786"
"2010-07-27","Foocorp","332523","276373","56150"
"2010-07-28","Foocorp","533098","437443","95655"
"2010-07-29","Foocorp","104423","87733","16690"
"2010-07-30","Foocorp","1003014","827346","175668"
"2010-07-31","Foocorp","71147","62473","8674"
"2010-08-01","Foocorp","375155","302854","72301"
"2010-08-02","Foocorp","27924","23635","4289"
"2010-08-03","Foocorp","1018532","838770","179762"
"2010-08-04","Foocorp","191679","155687","35992"
"2010-08-05","Foocorp","569954","468664","101290"
"2010-08-06","Foocorp","73814","59461","14353"
"2010-08-07","Foocorp","139165","112844","26321"
"2010-08-08","Foocorp","302460","249058","53402"
"2010-08-09","Foocorp","343418","278764","64654"
"2010-08-10","Foocorp","560037","460776","99261"
"2010-08-11","Foocorp","337277","277151","60126"
"2010-08-12","Foocorp","312450","256169","56281"
"2010-08-13","Foocorp","119708","95513","24195"
"2010-08-14","Foocorp","323696","268309","55387"
"2010-08-15","Foocorp","743800","613033","130767"
"2010-08-16","Foocorp","297457","246369","51088"
"2010-08-17","Foocorp","544149","447556","96593"
"2010-08-18","Foocorp","267712","221067","46645"
"2010-08-19","Foocorp","277160","227447","49713"
"2010-08-20","Foocorp","572863","472019","100844"
"2010-08-21","Foocorp","558296","458508","99788"
"2010-08-22","Foocorp","547094","452427","94667"
"2010-08-23","Foocorp","787802","650849","136953"
"2010-08-24","Foocorp","525927","433278","92649"
"2010-08-25","Foocorp","527328","435913","91415"
"2010-08-26","Foocorp","117645","96629","21016"
"2010-08-27","Foocorp","174523","137301","37222"
"2010-08-28","Foocorp","314477","259160","55317"
"2010-08-29","Foocorp","524910","431686","93224"
"2010-08-30","Foocorp","596801","488934","107867"
"2010-08-31","Foocorp","546699","447438","99261"
"2010-09-01","Foocorp","108050","85357","22693"
"2010-09-02","Foocorp","339866","282026","57840"
"2010-09-03","Foocorp","799856","658658","141198"
"2010-09-04","Foocorp","295520","243787","51733"
"2010-09-05","Foocorp","988524","816811","171713"
"2010-09-06","Foocorp","100808","84623","16185"
"2010-09-07","Foocorp","114609","93062","21547"
"2010-09-08","Foocorp","1242405","1021653","220752"
"2010-09-09","Foocorp","568043","470115","97928"
"2010-09-10","Foocorp","96818","80640","16178"
"2010-09-11","Foocorp","135958","108629","27329"
"2010-09-12","Foocorp","367144","304152","62992"
"2010-09-13","Foocorp","341885","280474","61411"
"2010-09-14","Foocorp","503561","416119","87442"
"2010-09-15","Foocorp","91193","72198","18995"
"2010-09-16","Foocorp","292313","239572","52741"
"2010-09-17","Foocorp","745868","613957","131911"
"2010-09-18","Foocorp","550771","450814","99957"
"2010-09-19","Foocorp","92618","76212","16406"
"2010-09-20","Foocorp","336747","276557","60190"
"2010-09-21","Foocorp","380213","310899","69314"
"2010-09-22","Foocorp","800209","655724","144485"
"2010-09-23","Foocorp","99497","82397","17100"
"2010-09-24","Foocorp","353143","292751","60392"
"2010-09-25","Foocorp","769257","633492","135765"
"2010-09-26","Foocorp","971429","797511","173918"
"2010-09-27","Foocorp","325856","268769","57087"
"2010-09-28","Foocorp","285768","235763","50005"
"2010-09-29","Foocorp","777606","642414","135192"
"2010-09-30","Foocorp","558424","463087","95337"
"2010-10-01","Foocorp","832310","684353","147957"
"2010-10-02","Foocorp","308801","255302","53499"
"2010-10-03","Foocorp","356612","292783","63829"
"2010-10-04","Foocorp","348126","286166","61960"
"2010-10-05","Foocorp","100398","83074","17324"
"2010-10-06","Foocorp","344277","280668","63609"
"2010-10-07","Foocorp","827727","684223","143504"
"2010-10-08","Foocorp","326600","267071","59529"
"2010-10-09","Foocorp","327865","272287","55578"
"2010-10-10","Foocorp","107402","87381","20021"
"2010-10-11","Foocorp","300659","248544","52115"
"2010-10-12","Foocorp","545378","447729","97649"
"2010-10-13","Foocorp","1037383","850711","186672"
"2010-10-14","Foocorp","104898","86498","18400"
"2010-10-15","Foocorp","127507","102688","24819"
"2010-10-16","Foocorp","593403","486445","106958"
"2010-10-17","Foocorp","545865","452254","93611"
"2010-10-18","Foocorp","558106","461074","97032"
"2010-10-19","Foocorp","346474","287011","59463"
"2010-10-20","Foocorp","72609","60667","11942"
"2010-10-21","Foocorp","320566","267070","53496"
"2010-10-22","Foocorp","571921","473409","98512"
"2010-10-23","Foocorp","792092","652159","139933"
"2010-10-24","Foocorp","595815","487792","108023"
"2010-10-25","Foocorp","526129","434376","91753"
"2010-10-26","Foocorp","318781","258743","60038"
"2010-10-27","Foocorp","347065","286691","60374"
"2010-10-28","Foocorp","136576","107969","28607"
"2010-10-29","Foocorp","340949","279121","61828"
"2010-10-30","Foocorp","1024905","843644","181261"
"2010-10-31","Foocorp","323293","262304","60989"
"2010-11-01","Foocorp","756767","622761","134006"
"2010-11-02","Foocorp","329448","271340","58108"
"2010-11-03","Foocorp","507233","418089","89144"
"2010-11-04","Foocorp","520777","429224","91553"
"2010-11-05","Foocorp","516620","425383","91237"
"2010-11-06","Foocorp","317229","260140","57089"
"2010-11-07","Foocorp","84571","68940","15631"
"2010-11-08","Foocorp","567987","463919","104068"
"2010-11-09","Foocorp","587013","482921","104092"
"2010-11-10","Foocorp","326798","267379","59419"
"2010-11-11","Foocorp","300800","247029","53771"
"2010-11-12","Foocorp","540179","441199","98980"
"2010-11-13","Foocorp","349684","287649","62035"
"2010-11-14","Foocorp","292890","240979","51911"
"2010-11-15","Foocorp","545535","450104","95431"
"2010-11-16","Foocorp","100796","84486","16310"
"2010-11-17","Foocorp","412325","333202","79123"
"2010-11-18","Foocorp","509058","419982","89076"
"2010-11-19","Foocorp","333418","274170","59248"
"2010-11-20","Foocorp","502660","415442","87218"
"2010-11-21","Foocorp","362353","296517","65836"
"2010-11-22","Foocorp","515578","426221","89357"
"2010-11-23","Foocorp","491361","405232","86129"
"2010-11-24","Foocorp","529336","438591","90745"
"2010-11-25","Foocorp","540295","445641","94654"
"2010-11-26","Foocorp","798965","655464","143501"
"2010-11-27","Foocorp","338841","275891","62950"
"2010-11-28","Foocorp","619865","502736","117129"
"2010-11-29","Foocorp","337954","279110","58844"
"2010-11-30","Foocorp","792557","649914","142643"
"2010-12-01","Foocorp","794924","652538","142386"
"2010-12-02","Foocorp","609365","496184","113181"
"2010-12-03","Foocorp","69777","56761","13016"
"2010-12-04","Foocorp","505382","417786","87596"
"2010-12-05","Foocorp","362237","295602","66635"
"2010-12-06","Foocorp","476592","394150","82442"
"2010-12-07","Foocorp","85350","67918","17432"
"2010-12-08","Foocorp","312919","257677","55242"
"2010-12-09","Foocorp","318630","262775","55855"
"2010-12-10","Foocorp","302024","246136","55888"
"2010-12-11","Foocorp","82999","69184","13815"
"2010-12-12","Foocorp","322124","268553","53571"
"2010-12-13","Foocorp","116415","94642","21773"
"2010-12-14","Foocorp","550088","451598","98490"
"2010-12-15","Foocorp","512012","422060","89952"
"2010-12-16","Foocorp","331136","272011","59125"
"2010-12-17","Foocorp","86367","73037","13330"
"2010-12-18","Foocorp","330373","273396","56977"
"2010-12-19","Foocorp","110968","91542","19426"
"2010-12-20","Foocorp","809394","665447","143947"
"2010-12-21","Foocorp","40124","34522","5602"
"2010-12-22","Foocorp","560557","460360","100197"
"2010-12-23","Foocorp","788567","645931","142636"
"2010-12-24","Foocorp","801656","657358","144298"
"2010-12-25","Foocorp","43953","35340","8613"
"2010-12-26","Foocorp","382095","311652","70443"
"2010-12-27","Foocorp","1183536","975962","207574"
"2010-12-28","Foocorp","116966","98203","18763"
"2010-12-29","Foocorp","123557","101011","22546"
"2010-12-30","Foocorp","576615","473388","103227"
"2010-12-31","Foocorp","93909","77285","16624"
"2011-01-01","Foocorp","327379","269576","57803"
"2011-01-02","Foocorp","103907","85412","18495"
"2011-01-03","Foocorp","626071","513375","112696"
"2011-01-04","Foocorp","333677","273564","60113"
"2011-01-05","Foocorp","757071","620878","136193"
"2011-01-06","Foocorp","75098","61463","13635"
"2011-01-07","Foocorp","185130","151652","33478"
"2011-01-08","Foocorp","116658","93673","22985"
"2011-01-09","Foocorp","349877","285917","63960"
"2011-01-10","Foocorp","70739","60051","10688"
"2011-01-11","Foocorp","523358","433083","90275"
"2011-01-12","Foocorp","72711","57686","15025"
"2011-01-13","Foocorp","1274900","1048808","226092"
"2011-01-14","Foocorp","61012","49597","11415"
"2011-01-15","Foocorp","122728","98717","24011"
"2011-01-16","Foocorp","312986","259643","53343"
"2011-01-17","Foocorp","243240","190778","52462"
"2011-01-18","Foocorp","328384","271031","57353"
"2011-01-19","Foocorp","319417","262769","56648"
"2011-01-20","Foocorp","338219","275761","62458"
"2011-01-21","Foocorp","549607","449953","99654"
"2011-01-22","Foocorp","48514","41377","7137"
"2011-01-23","Foocorp","533538","441155","92383"
"2011-01-24","Foocorp","127189","100675","26514"
"2011-01-25","Foocorp","619333","505675","113658"
"2011-01-26","Foocorp","336857","278119","58738"
"2011-01-27","Foocorp","106254","86883","19371"
"2011-01-28","Foocorp","590985","482218","108767"
"2011-01-29","Foocorp","120249","95404","24845"
"2011-01-30","Foocorp","366712","301456","65256"
"2011-01-31","Foocorp","383410","317631","65779"
"2011-02-01","Foocorp","88461","72371","16090"
"2011-02-02","Foocorp","322088","263510","58578"
"2011-02-03","Foocorp","343316","281745","61571"
"2011-02-04","Foocorp","15907","13533","2374"
"2011-02-05","Foocorp","589215","482154","107061"
"2011-02-06","Foocorp","500030","412634","87396"
"2011-02-07","Foocorp","106517","87067","19450"
"2011-02-08","Foocorp","835862","684618","151244"
"2011-02-09","Foocorp","604887","501199","103688"
"2011-02-10","Foocorp","130096","107563","22533"
"2011-02-11","Foocorp","587712","482500","105212"
"2011-02-12","Foocorp","339628","279412","60216"
"2011-02-13","Foocorp","59020","50809","8211"
"2011-02-14","Foocorp","360375","296002","64373"
"2011-02-15","Foocorp","353451","291094","62357"
"2011-02-16","Foocorp","882600","723051","159549"
"2011-02-17","Foocorp","286249","237408","48841"
"2011-02-18","Foocorp","311806","258419","53387"
"2011-02-19","Foocorp","102870","82667","20203"
"2011-02-20","Foocorp","835978","685533","150445"
"2011-02-21","Foocorp","615743","499571","116172"
"2011-02-22","Foocorp","1702013","1398905","303108"
"2011-02-23","Foocorp","555266","457821","97445"
"2011-02-24","Foocorp","342097","279055","63042"
"2011-02-25","Foocorp","816682","671367","145315"
"2011-02-26","Foocorp","550923","456772","94151"
"2011-02-27","Foocorp","295758","246401","49357"
"2011-02-28","Foocorp","626662","513055","113607"
"2011-03-01","Foocorp","366936","300174","66762"
"2011-03-02","Foocorp","104994","86260","18734"
"2011-03-03","Foocorp","128437","101161","27276"
"2011-03-04","Foocorp","312336","259013","53323"
"2011-03-05","Foocorp","324096","266188","57908"
"2011-03-06","Foocorp","540574","446188","94386"
"2011-03-07","Foocorp","588016","480617","107399"
"2011-03-08","Foocorp","316273","257634","58639"
"2011-03-09","Foocorp","830475","678790","151685"
"2011-03-10","Foocorp","573004","470504","102500"
"2011-03-11","Foocorp","378802","314308","64494"
"2011-03-12","Foocorp","521860","426319","95541"
"2011-03-13","Foocorp","319939","262347","57592"
"2011-03-14","Foocorp","1033798","855387","178411"
"2011-03-15","Foocorp","263292","217042","46250"
"2011-03-16","Foocorp","391755","316613","75142"
"2011-03-17","Foocorp","77186","67067","10119"
"2011-03-18","Foocorp","397981","331932","66049"
"2011-03-19","Foocorp","765375","631077","134298"
"2011-03-20","Foocorp","396681","325476","71205"
"2011-03-21","Foocorp","784269","643605","140664"
"2011-03-22","Foocorp","672451","543962","128489"
"2011-03-23","Foocorp","608984","498618","110366"
"2011-03-24","Foocorp","358616","295235","63381"
"2011-03-25","Foocorp","1216063","1004407","211656"
"2011-03-26","Foocorp","546618","447199","99419"
"2011-03-27","Foocorp","336816","276659","60157"
"2011-03-28","Foocorp","800523","656947","143576"
"2011-03-29","Foocorp","521617","430815","90802"
"2011-03-30","Foocorp","543168","447480","95688"
"2011-03-31","Foocorp","355333","291847","63486"
"2011-04-01","Foocorp","301261","247521","53740"
"2011-04-02","Foocorp","529744","437486","92258"
"2011-04-03","Foocorp","128659","103412","25247"
"2011-04-04","Foocorp","563385","463476","99909"
"2011-04-05","Foocorp","557937","458562","99375"
"2011-04-06","Foocorp","139075","115962","23113"
"2011-04-07","Foocorp","582275","476883","105392"
"2011-04-08","Foocorp","988596","815194","173402"
"2011-04-09","Foocorp","83231","68918","14313"
"2011-04-10","Foocorp","335102","277578","57524"
"2011-04-11","Foocorp","883962","720693","163269"
"2011-04-12","Foocorp","512059","422873","89186"
"2011-04-13","Foocorp","384902","317988","66914"
"2011-04-14","Foocorp","617084","503960","113124"
"2011-04-15","Foocorp","176952","143378","33574"
"2011-04-16","Foocorp","576211","474719","101492"
"2011-04-17","Foocorp","802886","659345","143541"
"2011-04-18","Foocorp","530706","437249","93457"
"2011-04-19","Foocorp","395562","319811","75751"
"2011-04-20","Foocorp","1216746","1003623","213123"
"2011-04-21","Foocorp","577526","471548","105978"
"2011-04-22","Foocorp","333976","275264","58712"
"2011-04-23","Foocorp","288100","237711","50389"
"2011-04-24","Foocorp","317967","264712","53255"
"2011-04-25","Foocorp","78507","66776","11731"
"2011-04-26","Foocorp","159479","132969","26510"
"2011-04-27","Foocorp","606594","494891","111703"
"2011-04-28","Foocorp","641148","522800","118348"
"2011-04-29","Foocorp","1072877","884290","188587"
"2011-04-30","Foocorp","402245","325682","76563"
"2011-05-01","Foocorp","271182","225466","45716"
"2011-05-02","Foocorp","116976","95686","21290"
"2011-05-03","Foocorp","239193","188499","50694"
"2011-05-04","Foocorp","399778","322506","77272"
"2011-05-05","Foocorp","635160","519809","115351"
"2011-05-06","Foocorp","803273","661460","141813"
"2011-05-07","Foocorp","281470","233437","48033"
"2011-05-08","Foocorp","551064","455257","95807"
"2011-05-09","Foocorp","371585","301430","70155"
"2011-05-10","Foocorp","798463","657039","141424"
"2011-05-11","Foocorp","586483","482327","104156"
"2011-05-12","Foocorp","342653","283682","58971"
"2011-05-13","Foocorp","150348","118612","31736"
"2011-05-14","Foocorp","291772","239681","52091"
"2011-05-15","Foocorp","80059","65379","14680"
"2011-05-16","Foocorp","999216","823451","175765"
"2011-05-17","Foocorp","250313","207177","43136"
"2011-05-18","Foocorp","393753","321808","71945"
"2011-05-19","Foocorp","806466","661779","144687"
"2011-05-20","Foocorp","124416","102915","21501"
"2011-05-21","Foocorp","857610","702437","155173"
"2011-05-22","Foocorp","1012095","832764","179331"
"2011-05-23","Foocorp","310279","257386","52893"
"2011-05-24","Foocorp","583530","481089","102441"
"2011-05-25","Foocorp","772423","639774","132649"
"2011-05-26","Foocorp","349264","288617","60647"
"2011-05-27","Foocorp","737437","609169","128268"
"2011-05-28","Foocorp","93381","74827","18554"
"2011-05-29","Foocorp","610443","500389","110054"
"2011-05-30","Foocorp","161075","129455","31620"
"2011-05-31","Foocorp","321199","262970","58229"
"2011-06-01","Foocorp","717342","591345","125997"
"2011-06-02","Foocorp","614131","506249","107882"
"2011-06-03","Foocorp","824917","677937","146980"
"2011-06-04","Foocorp","544605","451631","92974"
"2011-06-05","Foocorp","565448","462360","103088"
"2011-06-06","Foocorp","331036","271459","59577"
"2011-06-07","Foocorp","702438","572668","129770"
"2011-06-08","Foocorp","336473","280603","55870"
"2011-06-09","Foocorp","291758","241408","50350"
"2011-06-10","Foocorp","545616","450343","95273"
"2011-06-11","Foocorp","300366","249724","50642"
"2011-06-12","Foocorp","764753","630947","133806"
"2011-06-13","Foocorp","612916","506445","106471"
"2011-06-14","Foocorp","535577","444283","91294"
"2011-06-15","Foocorp","1027146","844343","182803"
"2011-06-16","Foocorp","207896","170217","37679"
"2011-06-17","Foocorp","328290","267736","60554"
"2011-06-18","Foocorp","1248452","1030790","217662"
"2011-06-19","Foocorp","799941","659123","140818"
"2011-06-20","Foocorp","81916","68562","13354"
"2011-06-21","Foocorp","314218","259766","54452"
"2011-06-22","Foocorp","763585","629860","133725"
"2011-06-23","Foocorp","898012","736666","161346"
"2011-06-24","Foocorp","354165","290760","63405"
"2011-06-25","Foocorp","337338","276237","61101"
"2011-06-26","Foocorp","613092","503510","109582"
"2011-06-27","Foocorp","563611","465953","97658"
"2011-06-28","Foocorp","765124","634557","130567"
"2011-06-29","Foocorp","879354","722993","156361"
"2011-06-30","Foocorp","784202","647262","136940"
"2011-07-01","Foocorp","198227","162426","35801"
"2011-07-02","Foocorp","563087","462616","100471"
"2011-07-03","Foocorp","632620","517410","115210"
"2011-07-04","Foocorp","108915","90141","18774"
"2011-07-05","Foocorp","801852","657672","144180"
"2011-07-06","Foocorp","1047569","861663","185906"
"2011-07-07","Foocorp","568109","465618","102491"
"2011-07-08","Foocorp","355906","293028","62878"
"2011-07-09","Foocorp","582195","477484","104711"
"2011-07-10","Foocorp","292849","243046","49803"
"2011-07-11","Foocorp","778658","639059","139599"
"2011-07-12","Foocorp","820183","676216","143967"
"2011-07-13","Foocorp","162901","132188","30713"
"2011-07-14","Foocorp","841208","692513","148695"
"2011-07-15","Foocorp","532527","438916","93611"
"2011-07-16","Foocorp","305151","250952","54199"
"2011-07-17","Foocorp","344258","280355","63903"
"2011-07-18","Foocorp","287509","238031","49478"
"2011-07-19","Foocorp","368241","305143","63098"
"2011-07-20","Foocorp","1148053","941393","206660"
"2011-07-21","Foocorp","600012","497466","102546"
"2011-07-22","Foocorp","504901","416141","88760"
"2011-07-23","Foocorp","576211","471192","105019"
"2011-07-24","Foocorp","405758","331773","73985"
"2011-07-25","Foocorp","346866","282016","64850"
"2011-07-26","Foocorp","833242","685480","147762"
"2011-07-27","Foocorp","451595","367860","83735"
"2011-07-28","Foocorp","388974","317837","71137"
"2011-07-29","Foocorp","163710","133329","30381"
"2011-07-30","Foocorp","296769","245113","51656"
"2011-07-31","Foocorp","405972","329481","76491"
"2011-08-01","Foocorp","563252","462480","100772"
"2011-08-02","Foocorp","822393","676465","145928"
"2011-08-03","Foocorp","440851","355814","85037"
"2011-08-04","Foocorp","553243","458583","94660"
"2011-08-05","Foocorp","1072049","882836","189213"
"2011-08-06","Foocorp","904652","748137","156515"
"2011-08-07","Foocorp","550820","455386","95434"
"2011-08-08","Foocorp","415850","339430","76420"
"2011-08-09","Foocorp","560310","460539","99771"
"2011-08-10","Foocorp","414723","336276","78447"
"2011-08-11","Foocorp","865091","707599","157492"
"2011-08-12","Foocorp","829843","681177","148666"
"2011-08-13","Foocorp","57340","47627","9713"
"2011-08-14","Foocorp","604722","497808","106914"
"2011-08-15","Foocorp","1043022","857426","185596"
"2011-08-16","Foocorp","580460","478096","102364"
"2011-08-17","Foocorp","777824","643875","133949"
"2011-08-18","Foocorp","314295","259215","55080"
"2011-08-19","Foocorp","564390","464931","99459"
"2011-08-20","Foocorp","1358505","1114232","244273"
"2011-08-21","Foocorp","600453","493278","107175"
"2011-08-22","Foocorp","551580","448428","103152"
"2011-08-23","Foocorp","603680","498646","105034"
"2011-08-24","Foocorp","74697","62744","11953"
"2011-08-25","Foocorp","821047","679186","141861"
"2011-08-26","Foocorp","983837","812376","171461"
"2011-08-27","Foocorp","364943","297019","67924"
"2011-08-28","Foocorp","137703","111123","26580"
"2011-08-29","Foocorp","542905","447296","95609"
"2011-08-30","Foocorp","365105","301024","64081"
"2011-08-31","Foocorp","387581","319745","67836"
"2011-09-01","Foocorp","140857","116163","24694"
"2011-09-02","Foocorp","309206","257774","51432"
"2011-09-03","Foocorp","1219315","1003818","215497"
"2011-09-04","Foocorp","739227","610386","128841"
"2011-09-05","Foocorp","169805","135943","33862"
"2011-09-06","Foocorp","584334","481164","103170"
"2011-09-07","Foocorp","140303","115295","25008"
"2011-09-08","Foocorp","1003530","826140","177390"
"2011-09-09","Foocorp","1018416","837855","180561"
"2011-09-10","Foocorp","810203","666588","143615"
"2011-09-11","Foocorp","912817","752791","160026"
"2011-09-12","Foocorp","386354","312512","73842"
"2011-09-13","Foocorp","90610","73534","17076"
"2011-09-14","Foocorp","1250991","1032349","218642"
"2011-09-15","Foocorp","347104","288157","58947"
"2011-09-16","Foocorp","606315","494344","111971"
"2011-09-17","Foocorp","384719","317203","67516"
"2011-09-18","Foocorp","835680","684673","151007"
"2011-09-19","Foocorp","134471","112865","21606"
"2011-09-20","Foocorp","1080751","887155","193596"
"2011-09-21","Foocorp","565277","461712","103565"
"2011-09-22","Foocorp","1071067","878393","192674"
"2011-09-23","Foocorp","1012746","830690","182056"
"2011-09-24","Foocorp","90165","76932","13233"
"2011-09-25","Foocorp","511951","422974","88977"
"2011-09-26","Foocorp","326357","271567","54790"
"2011-09-27","Foocorp","674679","552424","122255"
"2011-09-28","Foocorp","302858","250470","52388"
"2011-09-29","Foocorp","633977","522162","111815"
"2011-09-30","Foocorp","314917","259345","55572"
"2011-10-01","Foocorp","856427","701263","155164"
"2011-10-02","Foocorp","540513","447102","93411"
"2011-10-03","Foocorp","357068","291235","65833"
"2011-10-04","Foocorp","408420","335871","72549"
"2011-10-05","Foocorp","802046","657754","144292"
"2011-10-06","Foocorp","1308692","1070766","237926"
"2011-10-07","Foocorp","772234","636109","136125"
"2011-10-08","Foocorp","352941","291653","61288"
"2011-10-09","Foocorp","575593","475379","100214"
"2011-10-10","Foocorp","100437","84540","15897"
"2011-10-11","Foocorp","806941","662640","144301"
"2011-10-12","Foocorp","572327","468545","103782"
"2011-10-13","Foocorp","688580","559746","128834"
"2011-10-14","Foocorp","682834","563122","119712"
"2011-10-15","Foocorp","497522","408685","88837"
"2011-10-16","Foocorp","200823","163950","36873"
"2011-10-17","Foocorp","119095","98213","20882"
"2011-10-18","Foocorp","807381","666352","141029"
"2011-10-19","Foocorp","413002","335161","77841"
"2011-10-20","Foocorp","600989","493225","107764"
"2011-10-21","Foocorp","828426","683802","144624"
"2011-10-22","Foocorp","104727","85850","18877"
"2011-10-23","Foocorp","333079","275377","57702"
"2011-10-24","Foocorp","354931","295832","59099"
"2011-10-25","Foocorp","128903","108906","19997"
"2011-10-26","Foocorp","319945","265227","54718"
"2011-10-27","Foocorp","412638","338798","73840"
"2011-10-28","Foocorp","170341","139417","30924"
"2011-10-29","Foocorp","299648","249832","49816"
"2011-10-30","Foocorp","449297","365338","83959"
"2011-10-31","Foocorp","90165","76932","13233"
"2011-11-01","Foocorp","1532673","1264367","268306"
"2011-11-02","Foocorp","501771","414902","86869"
"2011-11-03","Foocorp","814897","666567","148330"
"2011-11-04","Foocorp","86275","73501","12774"
"2011-11-05","Foocorp","769746","636153","133593"
"2011-11-06","Foocorp","386752","317451","69301"
"2011-11-07","Foocorp","161123","131108","30015"
"2011-11-08","Foocorp","345031","285603","59428"
"2011-11-09","Foocorp","1067623","875931","191692"
"2011-11-10","Foocorp","555605","456614","98991"
"2011-11-11","Foocorp","790057","649821","140236"
"2011-11-12","Foocorp","479405","394216","85189"
"2011-11-13","Foocorp","838451","685966","152485"
"2011-11-14","Foocorp","543326","450695","92631"
"2011-11-15","Foocorp","558017","457961","100056"
"2011-11-16","Foocorp","545955","449136","96819"
"2011-11-17","Foocorp","1057113","865709","191404"
"2011-11-18","Foocorp","891693","735898","155795"
"2011-11-19","Foocorp","1002404","827353","175051"
"2011-11-20","Foocorp","546856","449813","97043"
"2011-11-21","Foocorp","630593","514419","116174"
"2011-11-22","Foocorp","602461","492429","110032"
"2011-11-23","Foocorp","585812","483248","102564"
"2011-11-24","Foocorp","609283","500318","108965"
"2011-11-25","Foocorp","106436","86828","19608"
"2011-11-26","Foocorp","897987","733473","164514"
"2011-11-27","Foocorp","800532","662330","138202"
"2011-11-28","Foocorp","203080","162916","40164"
"2011-11-29","Foocorp","582574","478583","103991"
"2011-11-30","Foocorp","1551100","1269996","281104"
"2011-12-01","Foocorp","159979","131400","28579"
"2011-12-02","Foocorp","575165","475331","99834"
"2011-12-03","Foocorp","187618","155135","32483"
"2011-12-04","Foocorp","1321654","1087604","234050"
"2011-12-05","Foocorp","382625","312246","70379"
"2011-12-06","Foocorp","1257729","1036522","221207"
"2011-12-07","Foocorp","373343","307544","65799"
"2011-12-08","Foocorp","378641","316766","61875"
"2011-12-09","Foocorp","627178","515376","111802"
"2011-12-10","Foocorp","594110","490567","103543"
"2011-12-11","Foocorp","532209","436903","95306"
"2011-12-12","Foocorp","990143","817380","172763"
"2011-12-13","Foocorp","553158","454591","98567"
"2011-12-14","Foocorp","324108","266325","57783"
"2011-12-15","Foocorp","367613","302133","65480"
"2011-12-16","Foocorp","418348","343056","75292"
"2011-12-17","Foocorp","363331","300170","63161"
"2011-12-18","Foocorp","152664","125820","26844"
"2011-12-19","Foocorp","107285","90275","17010"
"2011-12-20","Foocorp","307679","253214","54465"
"2011-12-21","Foocorp","1272806","1049474","223332"
"2011-12-22","Foocorp","669330","548106","121224"
"2011-12-23","Foocorp","259524","215310","44214"
"2011-12-24","Foocorp","244548","198250","46298"
"2011-12-25","Foocorp","336347","278678","57669"
"2011-12-26","Foocorp","1013307","831734","181573"
"2011-12-27","Foocorp","1089047","898007","191040"
"2011-12-28","Foocorp","338263","281820","56443"
"2011-12-29","Foocorp","651320","529856","121464"
"2011-12-30","Foocorp","1301101","1067569","233532"
"2011-12-31","Foocorp","136616","110275","26341"
"2012-01-01","Foocorp","376100","313117","62983"
"2012-01-02","Foocorp","627173","518959","108214"
"2012-01-03","Foocorp","1100196","900822","199374"
"2012-01-04","Foocorp","891993","733225","158768"
"2012-01-05","Foocorp","364624","299379","65245"
"2012-01-06","Foocorp","413403","337407","75996"
"2012-01-07","Foocorp","915309","753537","161772"
"2012-01-08","Foocorp","344338","288904","55434"
"2012-01-09","Foocorp","1050478","865018","185460"
"2012-01-10","Foocorp","689428","567976","121452"
"2012-01-11","Foocorp","1066659","878032","188627"
"2012-01-12","Foocorp","909998","752505","157493"
"2012-01-13","Foocorp","619297","512335","106962"
"2012-01-14","Foocorp","1794974","1474700","320274"
"2012-01-15","Foocorp","1113683","917188","196495"
"2012-01-16","Foocorp","647306","531786","115520"
"2012-01-17","Foocorp","1423735","1170283","253452"
"2012-01-18","Foocorp","613817","510649","103168"
"2012-01-19","Foocorp","379762","317040","62722"
"2012-01-20","Foocorp","792451","652105","140346"
"2012-01-21","Foocorp","648058","529435","118623"
"2012-01-22","Foocorp","898597","739089","159508"
"2012-01-23","Foocorp","585270","482517","102753"
"2012-01-24","Foocorp","1113013","918949","194064"
"2012-01-25","Foocorp","946678","778378","168300"
"2012-01-26","Foocorp","628073","518796","109277"
"2012-01-27","Foocorp","741047","609257","131790"
"2012-01-28","Foocorp","939274","768016","171258"
"2012-01-29","Foocorp","1090652","900303","190349"
"2012-01-30","Foocorp","790290","650805","139485"
"2012-01-31","Foocorp","735823","601203","134620"
"2012-02-01","Foocorp","562459","465229","97230"
"2012-02-02","Foocorp","1262630","1038665","223965"
"2012-02-03","Foocorp","1323445","1087108","236337"
"2012-02-04","Foocorp","594931","491845","103086"
"2012-02-05","Foocorp","696317","571644","124673"
"2012-02-06","Foocorp","1543240","1272885","270355"
"2012-02-07","Foocorp","592952","486963","105989"
"2012-02-08","Foocorp","1097061","906693","190368"
"2012-02-09","Foocorp","590519","488836","101683"
"2012-02-10","Foocorp","704499","582566","121933"
"2012-02-11","Foocorp","861626","711320","150306"
"2012-02-12","Foocorp","689607","562348","127259"
"2012-02-13","Foocorp","457430","369266","88164"
"2012-02-14","Foocorp","852617","706381","146236"
"2012-02-15","Foocorp","1213598","998623","214975"
"2012-02-16","Foocorp","363588","303097","60491"
"2012-02-17","Foocorp","976731","802587","174144"
"2012-02-18","Foocorp","969081","796771","172310"
"2012-02-19","Foocorp","594473","491303","103170"
"2012-02-20","Foocorp","910236","748932","161304"
"2012-02-21","Foocorp","353653","292192","61461"
"2012-02-22","Foocorp","655365","539195","116170"
"2012-02-23","Foocorp","919351","753776","165575"
"2012-02-24","Foocorp","520247","428630","91617"
"2012-02-25","Foocorp","1116653","919629","197024"
"2012-02-26","Foocorp","662233","546083","116150"
"2012-02-27","Foocorp","872779","714925","157854"
"2012-02-28","Foocorp","1562440","1287289","275151"
"2012-02-29","Foocorp","337418","275636","61782"
"2012-03-01","Foocorp","1133188","936172","197016"
"2012-03-02","Foocorp","703100","574540","128560"
"2012-03-03","Foocorp","852507","699196","153311"
"2012-03-04","Foocorp","182875","152680","30195"
"2012-03-05","Foocorp","869304","717636","151668"
"2012-03-06","Foocorp","918905","756334","162571"
"2012-03-07","Foocorp","829003","679586","149417"
"2012-03-08","Foocorp","669849","552473","117376"
"2012-03-09","Foocorp","1388139","1139685","248454"
"2012-03-10","Foocorp","931907","769160","162747"
"2012-03-11","Foocorp","1118076","916357","201719"
"2012-03-12","Foocorp","932517","765626","166891"
"2012-03-13","Foocorp","1357776","1120666","237110"
"2012-03-14","Foocorp","1095784","901340","194444"
"2012-03-15","Foocorp","799642","657423","142219"
"2012-03-16","Foocorp","919185","753072","166113"
"2012-03-17","Foocorp","603862","495064","108798"
"2012-03-18","Foocorp","632363","520106","112257"
"2012-03-19","Foocorp","2049799","1685438","364361"
"2012-03-20","Foocorp","620638","507984","112654"
"2012-03-21","Foocorp","1060056","874113","185943"
"2012-03-22","Foocorp","958157","788539","169618"
"2012-03-23","Foocorp","456712","374997","81715"
"2012-03-24","Foocorp","1378685","1132521","246164"
"2012-03-25","Foocorp","1105415","908505","196910"
"2012-03-26","Foocorp","652133","537410","114723"
"2012-03-27","Foocorp","450997","369673","81324"
"2012-03-28","Foocorp","441896","363102","78794"
"2012-03-29","Foocorp","338512","283731","54781"
"2012-03-30","Foocorp","1140992","938790","202202"
"2012-03-31","Foocorp","433147","352774","80373"
"2012-04-01","Foocorp","742270","603023","139247"
"2012-04-02","Foocorp","1112394","915242","197152"
"2012-04-03","Foocorp","847267","698260","149007"
"2012-04-04","Foocorp","659332","542075","117257"
"2012-04-05","Foocorp","1547519","1274898","272621"
"2012-04-06","Foocorp","748755","614209","134546"
"2012-04-07","Foocorp","1363202","1122337","240865"
"2012-04-08","Foocorp","346761","288574","58187"
"2012-04-09","Foocorp","1093508","902061","191447"
"2012-04-10","Foocorp","448037","373865","74172"
"2012-04-11","Foocorp","1148011","942620","205391"
"2012-04-12","Foocorp","1088837","895893","192944"
"2012-04-13","Foocorp","773964","639080","134884"
"2012-04-14","Foocorp","405527","336406","69121"
"2012-04-15","Foocorp","1391542","1138591","252951"
"2012-04-16","Foocorp","1074233","884675","189558"
"2012-04-17","Foocorp","861969","712999","148970"
"2012-04-18","Foocorp","1412212","1161355","250857"
"2012-04-19","Foocorp","882465","723919","158546"
"2012-04-20","Foocorp","869663","717582","152081"
"2012-04-21","Foocorp","858309","705543","152766"
"2012-04-22","Foocorp","1154567","950375","204192"
"2012-04-23","Foocorp","1272959","1048096","224863"
"2012-04-24","Foocorp","1084243","896466","187777"
"2012-04-25","Foocorp","430943","355405","75538"
"2012-04-26","Foocorp","446416","366010","80406"
"2012-04-27","Foocorp","1076712","891515","185197"
"2012-04-28","Foocorp","982891","804513","178378"
"2012-04-29","Foocorp","1125187","927899","197288"
"2012-04-30","Foocorp","942949","774585","168364"
"2012-05-01","Foocorp","1532694","1257620","275074"
"2012-05-02","Foocorp","462715","378075","84640"
"2012-05-03","Foocorp","1302485","1073650","228835"
"2012-05-04","Foocorp","1169504","963129","206375"
"2012-05-05","Foocorp","1081938","888555","193383"
"2012-05-06","Foocorp","1061796","875541","186255"
"2012-05-07","Foocorp","774091","639292","134799"
"2012-05-08","Foocorp","1107564","909668","197896"
"2012-05-09","Foocorp","708940","581513","127427"
"2012-05-10","Foocorp","672391","554866","117525"
"2012-05-11","Foocorp","878241","727262","150979"
"2012-05-12","Foocorp","390733","327754","62979"
"2012-05-13","Foocorp","642326","531084","111242"
"2012-05-14","Foocorp","433999","363652","70347"
"2012-05-15","Foocorp","440769","365571","75198"
"2012-05-16","Foocorp","1063076","877317","185759"
"2012-05-17","Foocorp","589270","487510","101760"
"2012-05-18","Foocorp","690740","568382","122358"
"2012-05-19","Foocorp","495118","408354","86764"
"2012-05-20","Foocorp","369599","293532","76067"
"2012-05-21","Foocorp","995486","816862","178624"
"2012-05-22","Foocorp","1252262","1028455","223807"
"2012-05-23","Foocorp","2045315","1682377","362938"
"2012-05-24","Foocorp","733685","604960","128725"
"2012-05-25","Foocorp","455416","378481","76935"
"2012-05-26","Foocorp","966519","789698","176821"
"2012-05-27","Foocorp","655780","545337","110443"
"2012-05-28","Foocorp","1151537","949688","201849"
"2012-05-29","Foocorp","479664","390770","88894"
"2012-05-30","Foocorp","1092411","901070","191341"
"2012-05-31","Foocorp","1110644","913671","196973"
"2012-06-01","Foocorp","510440","422304","88136"
"2012-06-02","Foocorp","723381","595939","127442"
"2012-06-03","Foocorp","286967","237300","49667"
"2012-06-04","Foocorp","64841","53942","10899"
"2012-06-05","Foocorp","94975","81353","13622"
"2012-06-06","Foocorp","77551","64270","13281"
"2012-06-07","Foocorp","346664","284445","62219"
"2012-06-08","Foocorp","570835","468188","102647"
"2012-06-09","Foocorp","330166","271232","58934"
"2012-06-10","Foocorp","738089","607935","130154"
"2012-06-11","Foocorp","66521","57124","9397"
"2012-06-12","Foocorp","80858","69037","11821"
"2012-06-13","Foocorp","289962","237311","52651"
"2012-06-14","Foocorp","568388","466165","102223"
"2012-06-15","Foocorp","569079","466397","102682"
"2012-06-16","Foocorp","403488","333278","70210"
"2012-06-17","Foocorp","776136","639677","136459"
"2012-06-18","Foocorp","87140","69135","18005"
"2012-06-19","Foocorp","828913","682704","146209"
"2012-06-20","Foocorp","91894","79063","12831"
"2012-06-21","Foocorp","106937","86099","20838"
"2012-06-22","Foocorp","330086","271833","58253"
"2012-06-23","Foocorp","991002","819284","171718"
"2012-06-24","Foocorp","51003","42173","8830"
"2012-06-25","Foocorp","328072","266275","61797"
"2012-06-26","Foocorp","333448","272806","60642"
"2012-06-27","Foocorp","580526","473599","106927"
"2012-06-28","Foocorp","566009","463404","102605"
"2012-06-29","Foocorp","529422","435247","94175"
"2012-06-30","Foocorp","277641","229092","48549"
"2012-07-01","Foocorp","55984","47242","8742"
"2012-07-02","Foocorp","551574","454698","96876"
"2012-07-03","Foocorp","78026","65131","12895"
"2012-07-04","Foocorp","560634","463336","97298"
"2012-07-05","Foocorp","557274","460499","96775"
"2012-07-06","Foocorp","384476","312549","71927"
"2012-07-07","Foocorp","341783","283455","58328"
"2012-07-08","Foocorp","400314","325980","74334"
"2012-07-09","Foocorp","319276","264284","54992"
"2012-07-10","Foocorp","546157","446707","99450"
"2012-07-11","Foocorp","275431","228843","46588"
"2012-07-12","Foocorp","265502","220818","44684"
"2012-07-13","Foocorp","1190056","982201","207855"
"2012-07-14","Foocorp","337899","273754","64145"
"2012-07-15","Foocorp","45884","38569","7315"
"2012-07-16","Foocorp","141375","113093","28282"
"2012-07-17","Foocorp","385023","315320","69703"
"2012-07-18","Foocorp","119692","95150","24542"
"2012-07-19","Foocorp","93701","73307","20394"
"2012-07-20","Foocorp","303679","251748","51931"
"2012-07-21","Foocorp","500091","411720","88371"
"2012-07-22","Foocorp","389225","317884","71341"
"2012-07-23","Foocorp","543345","447481","95864"
"2012-07-24","Foocorp","537828","442465","95363"
"2012-07-25","Foocorp","365656","301058","64598"
"2012-07-26","Foocorp","45823","39483","6340"
"2012-07-27","Foocorp","339198","279370","59828"
"2012-07-28","Foocorp","968319","797425","170894"
"2012-07-29","Foocorp","352004","289460","62544"
"2012-07-30","Foocorp","64329","55374","8955"
"2012-07-31","Foocorp","82958","71251","11707"
"2012-08-01","Foocorp","303977","252608","51369"
"2012-08-02","Foocorp","129798","106703","23095"
"2012-08-03","Foocorp","536209","441896","94313"
"2012-08-04","Foocorp","294802","240368","54434"
"2012-08-05","Foocorp","583074","480541","102533"
"2012-08-06","Foocorp","301640","248620","53020"
"2012-08-07","Foocorp","792581","654820","137761"
"2012-08-08","Foocorp","292951","240065","52886"
"2012-08-09","Foocorp","128565","102213","26352"
"2012-08-10","Foocorp","92977","76158","16819"
"2012-08-11","Foocorp","282663","232094","50569"
"2012-08-12","Foocorp","308018","252007","56011"
"2012-08-13","Foocorp","537610","441004","96606"
"2012-08-14","Foocorp","114882","96352","18530"
"2012-08-15","Foocorp","622140","512011","110129"
"2012-08-16","Foocorp","364335","301349","62986"
"2012-08-17","Foocorp","556086","458259","97827"
"2012-08-18","Foocorp","747537","617842","129695"
"2012-08-19","Foocorp","614291","505047","109244"
"2012-08-20","Foocorp","80899","66970","13929"
"2012-08-21","Foocorp","343938","281875","62063"
"2012-08-22","Foocorp","755756","624049","131707"
"2012-08-23","Foocorp","549262","453903","95359"
"2012-08-24","Foocorp","795637","653917","141720"
"2012-08-25","Foocorp","190411","154048","36363"
"2012-08-26","Foocorp","108611","86401","22210"
"2012-08-27","Foocorp","305231","250351","54880"
"2012-08-28","Foocorp","68340","56137","12203"
"2012-08-29","Foocorp","126965","101957","25008"
"2012-08-30","Foocorp","1019256","839446","179810"
"2012-08-31","Foocorp","561548","461446","100102"
"2012-09-01","Foocorp","818701","673342","145359"
"2012-09-02","Foocorp","57699","47573","10126"
"2012-09-03","Foocorp","59793","46907","12886"
"2012-09-04","Foocorp","284221","233577","50644"
"2012-09-05","Foocorp","553780","454721","99059"
"2012-09-06","Foocorp","515170","427326","87844"
"2012-09-07","Foocorp","320773","266681","54092"
"2012-09-08","Foocorp","384154","315933","68221"
"2012-09-09","Foocorp","557436","455764","101672"
"2012-09-10","Foocorp","80960","66056","14904"
"2012-09-11","Foocorp","834932","686145","148787"
"2012-09-12","Foocorp","294327","245130","49197"
"2012-09-13","Foocorp","990345","814951","175394"
"2012-09-14","Foocorp","556744","459905","96839"
"2012-09-15","Foocorp","278840","230629","48211"
"2012-09-16","Foocorp","84889","70953","13936"
"2012-09-17","Foocorp","353235","292287","60948"
"2012-09-18","Foocorp","306248","251943","54305"
"2012-09-19","Foocorp","55721","47058","8663"
"2012-09-20","Foocorp","999116","822899","176217"
"2012-09-21","Foocorp","421565","341791","79774"
"2012-09-22","Foocorp","550346","455365","94981"
"2012-09-23","Foocorp","31985","27714","4271"
"2012-09-24","Foocorp","980958","807657","173301"
"2012-09-25","Foocorp","822884","675593","147291"
"2012-09-26","Foocorp","338274","277590","60684"
"2012-09-27","Foocorp","1007865","829700","178165"
"2012-09-28","Foocorp","74982","60548","14434"
"2012-09-29","Foocorp","322616","265968","56648"
"2012-09-30","Foocorp","369662","302744","66918"
"2012-10-01","Foocorp","587455","479573","107882"
"2012-10-02","Foocorp","356112","294352","61760"
"2012-10-03","Foocorp","278669","233508","45161"
"2012-10-04","Foocorp","537604","443747","93857"
"2012-10-05","Foocorp","368635","300142","68493"
"2012-10-06","Foocorp","379149","310590","68559"
"2012-10-07","Foocorp","498240","411417","86823"
"2012-10-08","Foocorp","294382","241336","53046"
"2012-10-09","Foocorp","600853","491157","109696"
"2012-10-10","Foocorp","546754","452794","93960"
"2012-10-11","Foocorp","333679","277323","56356"
"2012-10-12","Foocorp","354479","286360","68119"
"2012-10-13","Foocorp","811646","673619","138027"
"2012-10-14","Foocorp","334050","271783","62267"
"2012-10-15","Foocorp","514379","424684","89695"
"2012-10-16","Foocorp","338258","277227","61031"
"2012-10-17","Foocorp","993536","818803","174733"
"2012-10-18","Foocorp","819343","674625","144718"
"2012-10-19","Foocorp","99279","80936","18343"
"2012-10-20","Foocorp","774354","639476","134878"
"2012-10-21","Foocorp","105799","87175","18624"
"2012-10-22","Foocorp","790954","649708","141246"
"2012-10-23","Foocorp","573905","471181","102724"
"2012-10-24","Foocorp","1270323","1042408","227915"
"2012-10-25","Foocorp","114827","94523","20304"
"2012-10-26","Foocorp","512528","424381","88147"
"2012-10-27","Foocorp","824532","680145","144387"
"2012-10-28","Foocorp","131377","104966","26411"
"2012-10-29","Foocorp","289860","240292","49568"
"2012-10-30","Foocorp","553456","455451","98005"
"2012-10-31","Foocorp","70727","59914","10813"
"2012-11-01","Foocorp","418162","336698","81464"
"2012-11-02","Foocorp","568402","470061","98341"
"2012-11-03","Foocorp","557266","459483","97783"
"2012-11-04","Foocorp","292239","243053","49186"
"2012-11-05","Foocorp","563203","467058","96145"
"2012-11-06","Foocorp","507390","420464","86926"
"2012-11-07","Foocorp","558194","461489","96705"
"2012-11-08","Foocorp","289603","237365","52238"
"2012-11-09","Foocorp","1092619","895898","196721"
"2012-11-10","Foocorp","114144","95307","18837"
"2012-11-11","Foocorp","547539","449029","98510"
"2012-11-12","Foocorp","111979","90254","21725"
"2012-11-13","Foocorp","307957","252921","55036"
"2012-11-14","Foocorp","427641","347055","80586"
"2012-11-15","Foocorp","444078","357655","86423"
"2012-11-16","Foocorp","1280423","1051081","229342"
"2012-11-17","Foocorp","547337","451458","95879"
"2012-11-18","Foocorp","78811","64893","13918"
"2012-11-19","Foocorp","335401","279278","56123"
"2012-11-20","Foocorp","294327","245130","49197"
"2012-11-21","Foocorp","339426","278314","61112"
"2012-11-22","Foocorp","361105","296031","65074"
"2012-11-23","Foocorp","1211394","998471","212923"
"2012-11-24","Foocorp","370447","298979","71468"
"2012-11-25","Foocorp","332857","273126","59731"
"2012-11-26","Foocorp","334586","275257","59329"
"2012-11-27","Foocorp","995605","820567","175038"
"2012-11-28","Foocorp","61893","49121","12772"
"2012-11-29","Foocorp","391380","321927","69453"
"2012-11-30","Foocorp","587616","482738","104878"
"2012-12-01","Foocorp","776727","639357","137370"
"2012-12-02","Foocorp","436298","350793","85505"
"2012-12-03","Foocorp","83676","71143","12533"
"2012-12-04","Foocorp","374194","307458","66736"
"2012-12-05","Foocorp","112927","95271","17656"
"2012-12-06","Foocorp","566282","466694","99588"
"2012-12-07","Foocorp","295418","243241","52177"
"2012-12-08","Foocorp","324516","265220","59296"
"2012-12-09","Foocorp","771096","633658","137438"
"2012-12-10","Foocorp","196713","155299","41414"
"2012-12-11","Foocorp","570233","469211","101022"
"2012-12-12","Foocorp","568103","468361","99742"
"2012-12-13","Foocorp","324304","270166","54138"
"2012-12-14","Foocorp","549188","451761","97427"
"2012-12-15","Foocorp","1247264","1025023","222241"
"2012-12-16","Foocorp","338957","276806","62151"
"2012-12-17","Foocorp","416892","338592","78300"
"2012-12-18","Foocorp","344374","284797","59577"
"2012-12-19","Foocorp","826222","680810","145412"
"2012-12-20","Foocorp","835285","688834","146451"
"2012-12-21","Foocorp","111206","94156","17050"
"2012-12-22","Foocorp","339858","281010","58848"
"2012-12-23","Foocorp","322351","263694","58657"
"2012-12-24","Foocorp","107777","87690","20087"
"2012-12-25","Foocorp","560457","459808","100649"
"2012-12-26","Foocorp","600614","492916","107698"
"2012-12-27","Foocorp","569094","465920","103174"
"2012-12-28","Foocorp","327819","269761","58058"
"2012-12-29","Foocorp","598080","493397","104683"
"2012-12-30","Foocorp","363415","300359","63056"
"2012-12-31","Foocorp","114144","91780","22364"
"2013-01-01","Foocorp","38444","31340","7104"
"2013-01-02","Foocorp","1263803","1036292","227511"
"2013-01-03","Foocorp","1414242","1161653","252589"
"2013-01-04","Foocorp","1062588","873523","189065"
"2013-01-05","Foocorp","1524697","1259287","265410"
"2013-01-06","Foocorp","1688748","1379290","309458"
"2013-01-07","Foocorp","1609153","1328152","281001"
"2013-01-08","Foocorp","765961","633358","132603"
"2013-01-09","Foocorp","1120804","926213","194591"
"2013-01-10","Foocorp","748432","612799","135633"
"2013-01-11","Foocorp","2055272","1696098","359174"
"2013-01-12","Foocorp","692616","571878","120738"
"2013-01-13","Foocorp","1247488","1020337","227151"
"2013-01-14","Foocorp","503850","411309","92541"
"2013-01-15","Foocorp","957723","782084","175639"
"2013-01-16","Foocorp","1734226","1422723","311503"
"2013-01-17","Foocorp","1689568","1394091","295477"
"2013-01-18","Foocorp","649729","540606","109123"
"2013-01-19","Foocorp","1179339","975151","204188"
"2013-01-20","Foocorp","1390579","1147155","243424"
"2013-01-21","Foocorp","1211452","994767","216685"
"2013-01-22","Foocorp","463477","380499","82978"
"2013-01-23","Foocorp","1040395","858235","182160"
"2013-01-24","Foocorp","1490197","1230411","259786"
"2013-01-25","Foocorp","1443071","1186755","256316"
"2013-01-26","Foocorp","1359676","1118936","240740"
"2013-01-27","Foocorp","1590229","1306169","284060"
"2013-01-28","Foocorp","780372","638263","142109"
"2013-01-29","Foocorp","1365116","1123816","241300"
"2013-01-30","Foocorp","1478659","1216337","262322"
"2013-01-31","Foocorp","1227759","1009706","218053"
"2013-02-01","Foocorp","1617376","1334585","282791"
"2013-02-02","Foocorp","1266723","1038534","228189"
"2013-02-03","Foocorp","1699068","1406851","292217"
"2013-02-04","Foocorp","1106478","909783","196695"
"2013-02-05","Foocorp","692039","570471","121568"
"2013-02-06","Foocorp","1570719","1284401","286318"
"2013-02-07","Foocorp","2634832","2163521","471311"
"2013-02-08","Foocorp","966539","800001","166538"
"2013-02-09","Foocorp","1020501","837142","183359"
"2013-02-10","Foocorp","2595399","2138381","457018"
"2013-02-11","Foocorp","1670672","1369064","301608"
"2013-02-12","Foocorp","1677306","1383278","294028"
"2013-02-13","Foocorp","756207","622680","133527"
"2013-02-14","Foocorp","1715426","1406198","309228"
"2013-02-15","Foocorp","734918","605359","129559"
"2013-02-16","Foocorp","1606910","1311140","295770"
"2013-02-17","Foocorp","2811504","2311012","500492"
"2013-02-18","Foocorp","1015714","836787","178927"
"2013-02-19","Foocorp","1390967","1151951","239016"
"2013-02-20","Foocorp","1306411","1075757","230654"
"2013-02-21","Foocorp","1080213","883810","196403"
"2013-02-22","Foocorp","1936873","1591130","345743"
"2013-02-23","Foocorp","758762","628129","130633"
"2013-02-24","Foocorp","1348087","1108882","239205"
"2013-02-25","Foocorp","1168551","965222","203329"
"2013-02-26","Foocorp","994720","820940","173780"
"2013-02-27","Foocorp","1479519","1218517","261002"
"2013-02-28","Foocorp","1486158","1219998","266160"
"2013-03-01","Foocorp","340474","283883","56591"
"2013-03-02","Foocorp","573752","472559","101193"
"2013-03-03","Foocorp","1865874","1537916","327958"
"2013-03-04","Foocorp","1255338","1031668","223670"
"2013-03-05","Foocorp","1217869","1003147","214722"
"2013-03-06","Foocorp","2114319","1737417","376902"
"2013-03-07","Foocorp","1463746","1199749","263997"
"2013-03-08","Foocorp","443951","368689","75262"
"2013-03-09","Foocorp","1958615","1604400","354215"
"2013-03-10","Foocorp","817265","672814","144451"
"2013-03-11","Foocorp","1882923","1550599","332324"
"2013-03-12","Foocorp","1093705","898279","195426"
"2013-03-13","Foocorp","1225915","1006052","219863"
"2013-03-14","Foocorp","1604739","1312357","292382"
"2013-03-15","Foocorp","1973861","1622524","351337"
"2013-03-16","Foocorp","1739219","1430025","309194"
"2013-03-17","Foocorp","1890886","1561773","329113"
"2013-03-18","Foocorp","500455","413419","87036"
"2013-03-19","Foocorp","1583201","1307775","275426"
"2013-03-20","Foocorp","2186884","1797221","389663"
"2013-03-21","Foocorp","799204","659041","140163"
"2013-03-22","Foocorp","1040943","856346","184597"
"2013-03-23","Foocorp","1687995","1389968","298027"
"2013-03-24","Foocorp","758887","629778","129109"
"2013-03-25","Foocorp","1730979","1421825","309154"
"2013-03-26","Foocorp","617328","500427","116901"
"2013-03-27","Foocorp","1738010","1428909","309101"
"2013-03-28","Foocorp","764178","623167","141011"
"2013-03-29","Foocorp","1009834","833695","176139"
"2013-03-30","Foocorp","1702620","1399635","302985"
"2013-03-31","Foocorp","1109150","911364","197786"
"2013-04-01","Foocorp","999492","824735","174757"
"2013-04-02","Foocorp","1111062","911727","199335"
"2013-04-03","Foocorp","1630389","1342894","287495"
"2013-04-04","Foocorp","1691165","1394380","296785"
"2013-04-05","Foocorp","687013","566679","120334"
"2013-04-06","Foocorp","1388548","1148570","239978"
"2013-04-07","Foocorp","1445604","1194584","251020"
"2013-04-08","Foocorp","730502","602124","128378"
"2013-04-09","Foocorp","1078321","885574","192747"
"2013-04-10","Foocorp","954811","787929","166882"
"2013-04-11","Foocorp","2308438","1900434","408004"
"2013-04-12","Foocorp","599474","488925","110549"
"2013-04-13","Foocorp","1453823","1205202","248621"
"2013-04-14","Foocorp","1009055","831190","177865"
"2013-04-15","Foocorp","1743992","1431116","312876"
"2013-04-16","Foocorp","1815070","1487864","327206"
"2013-04-17","Foocorp","1439209","1183824","255385"
"2013-04-18","Foocorp","1743302","1430038","313264"
"2013-04-19","Foocorp","1085195","886192","199003"
"2013-04-20","Foocorp","1078199","889955","188244"
"2013-04-21","Foocorp","853887","707727","146160"
"2013-04-22","Foocorp","1341603","1107973","233630"
"2013-04-23","Foocorp","739724","609554","130170"
"2013-04-24","Foocorp","743041","615331","127710"
"2013-04-25","Foocorp","1205833","992732","213101"
"2013-04-26","Foocorp","847264","695470","151794"
"2013-04-27","Foocorp","1729762","1418719","311043"
"2013-04-28","Foocorp","1701070","1403122","297948"
"2013-04-29","Foocorp","1902346","1562594","339752"
"2013-04-30","Foocorp","791276","652634","138642"
"2013-05-01","Foocorp","76438","65012","11426"
"2013-05-02","Foocorp","1247146","1021594","225552"
"2013-05-03","Foocorp","1686179","1384718","301461"
"2013-05-04","Foocorp","953894","786889","167005"
"2013-05-05","Foocorp","1290767","1062408","228359"
"2013-05-06","Foocorp","1419624","1171064","248560"
"2013-05-07","Foocorp","749591","616679","132912"
"2013-05-08","Foocorp","1453004","1198533","254471"
"2013-05-09","Foocorp","1534396","1263758","270638"
"2013-05-10","Foocorp","1541300","1263986","277314"
"2013-05-11","Foocorp","1197942","986021","211921"
"2013-05-12","Foocorp","1845366","1516040","329326"
"2013-05-13","Foocorp","993181","819206","173975"
"2013-05-14","Foocorp","1670960","1374994","295966"
"2013-05-15","Foocorp","784772","641135","143637"
"2013-05-16","Foocorp","743275","613628","129647"
"2013-05-17","Foocorp","1116612","918169","198443"
"2013-05-18","Foocorp","752061","618136","133925"
"2013-05-19","Foocorp","777379","638246","139133"
"2013-05-20","Foocorp","1026707","841594","185113"
"2013-05-21","Foocorp","1897405","1563645","333760"
"2013-05-22","Foocorp","1004677","829465","175212"
"2013-05-23","Foocorp","1988847","1634227","354620"
"2013-05-24","Foocorp","1053085","860356","192729"
"2013-05-25","Foocorp","1158173","956842","201331"
"2013-05-26","Foocorp","989669","813955","175714"
"2013-05-27","Foocorp","2044348","1689724","354624"
"2013-05-28","Foocorp","1353493","1117863","235630"
"2013-05-29","Foocorp","1302314","1067502","234812"
"2013-05-30","Foocorp","523126","429535","93591"
"2013-05-31","Foocorp","487876","401433","86443"
"2008-06-01","Gigabux","9245","6585","2660"
"2008-06-02","Gigabux","1368","757","611"
"2008-06-03","Gigabux","9225","6815","2410"
"2008-06-04","Gigabux","10765","8145","2620"
"2008-06-05","Gigabux","4316","3390","926"
"2008-06-06","Gigabux","9214","7231","1983"
"2008-06-07","Gigabux","5326","4371","955"
"2008-06-08","Gigabux","8815","7504","1311"
"2008-06-09","Gigabux","17508","12389","5119"
"2008-06-10","Gigabux","11234","9059","2175"
"2008-06-11","Gigabux","14951","10856","4095"
"2008-06-12","Gigabux","10403","8299","2104"
"2008-06-13","Gigabux","19172","14684","4488"
"2008-06-14","Gigabux","3187","2936","251"
"2008-06-15","Gigabux","9294","6606","2688"
"2008-06-16","Gigabux","13402","9670","3732"
"2008-06-17","Gigabux","10763","7623","3140"
"2008-06-18","Gigabux","11805","9437","2368"
"2008-06-19","Gigabux","17881","12996","4885"
"2008-06-20","Gigabux","14162","12053","2109"
"2008-06-21","Gigabux","4547","3629","918"
"2008-06-22","Gigabux","14244","10065","4179"
"2008-06-23","Gigabux","13362","9768","3594"
"2008-06-24","Gigabux","13902","10748","3154"
"2008-06-25","Gigabux","8972","5673","3299"
"2008-06-26","Gigabux","19191","14272","4919"
"2008-06-27","Gigabux","3045","2171","874"
"2008-06-28","Gigabux","1867","1220","647"
"2008-06-29","Gigabux","4966","2840","2126"
"2008-06-30","Gigabux","7775","6067","1708"
"2008-07-01","Gigabux","16982","12979","4003"
"2008-07-02","Gigabux","13933","10314","3619"
"2008-07-03","Gigabux","4766","3273","1493"
"2008-07-04","Gigabux","4707","3640","1067"
"2008-07-05","Gigabux","9915","8129","1786"
"2008-07-06","Gigabux","3708","3385","323"
"2008-07-07","Gigabux","9413","5871","3542"
"2008-07-08","Gigabux","8096","6353","1743"
"2008-07-09","Gigabux","4596","3373","1223"
"2008-07-10","Gigabux","5876","4184","1692"
"2008-07-11","Gigabux","8186","5560","2626"
"2008-07-12","Gigabux","2877","1059","1818"
"2008-07-13","Gigabux","4816","4165","651"
"2008-07-14","Gigabux","6596","4848","1748"
"2008-07-15","Gigabux","3777","2305","1472"
"2008-07-16","Gigabux","6407","4048","2359"
"2008-07-17","Gigabux","6623","4604","2019"
"2008-07-18","Gigabux","7886","5244","2642"
"2008-07-19","Gigabux","9625","7716","1909"
"2008-07-20","Gigabux","13371","9485","3886"
"2008-07-21","Gigabux","3356","3151","205"
"2008-07-22","Gigabux","7334","4741","2593"
"2008-07-23","Gigabux","7526","6369","1157"
"2008-07-24","Gigabux","15863","12105","3758"
"2008-07-25","Gigabux","8655","6396","2259"
"2008-07-26","Gigabux","6226","4475","1751"
"2008-07-27","Gigabux","10095","7828","2267"
"2008-07-28","Gigabux","14951","11551","3400"
"2008-07-29","Gigabux","10003","6780","3223"
"2008-07-30","Gigabux","13385","8853","4532"
"2008-07-31","Gigabux","6406","5228","1178"
"2008-08-01","Gigabux","7416","5764","1652"
"2008-08-02","Gigabux","1417","1337","80"
"2008-08-03","Gigabux","5685","4678","1007"
"2008-08-04","Gigabux","7755","5774","1981"
"2008-08-05","Gigabux","19431","15595","3836"
"2008-08-06","Gigabux","8573","7147","1426"
"2008-08-07","Gigabux","14382","11221","3161"
"2008-08-08","Gigabux","20650","16335","4315"
"2008-08-09","Gigabux","6886","5388","1498"
"2008-08-10","Gigabux","11525","9326","2199"
"2008-08-11","Gigabux","8596","6236","2360"
"2008-08-12","Gigabux","1028","976","52"
"2008-08-13","Gigabux","4246","2991","1255"
"2008-08-14","Gigabux","6377","4244","2133"
"2008-08-15","Gigabux","2516","2179","337"
"2008-08-16","Gigabux","12852","9404","3448"
"2008-08-17","Gigabux","2386","1726","660"
"2008-08-18","Gigabux","10352","7247","3105"
"2008-08-19","Gigabux","7085","4853","2232"
"2008-08-20","Gigabux","15661","11287","4374"
"2008-08-21","Gigabux","8724","6881","1843"
"2008-08-22","Gigabux","12174","9673","2501"
"2008-08-23","Gigabux","9314","6173","3141"
"2008-08-24","Gigabux","509","470","39"
"2008-08-25","Gigabux","6196","3860","2336"
"2008-08-26","Gigabux","11751","8053","3698"
"2008-08-27","Gigabux","4854","2352","2502"
"2008-08-28","Gigabux","8146","6353","1793"
"2008-08-29","Gigabux","4017","2585","1432"
"2008-08-30","Gigabux","20090","16078","4012"
"2008-08-31","Gigabux","15591","11412","4179"
"2008-09-01","Gigabux","6886","5388","1498"
"2008-09-02","Gigabux","12494","10383","2111"
"2008-09-03","Gigabux","17142","12731","4411"
"2008-09-04","Gigabux","10496","8652","1844"
"2008-09-05","Gigabux","8476","6797","1679"
"2008-09-06","Gigabux","10322","6970","3352"
"2008-09-07","Gigabux","5498","4361","1137"
"2008-09-08","Gigabux","13773","9707","4066"
"2008-09-09","Gigabux","4955","3256","1699"
"2008-09-10","Gigabux","19551","13856","5695"
"2008-09-11","Gigabux","3588","3276","312"
"2008-09-12","Gigabux","11143","8314","2829"
"2008-09-13","Gigabux","1418","1032","386"
"2008-09-14","Gigabux","5107","4119","988"
"2008-09-15","Gigabux","7774","5631","2143"
"2008-09-16","Gigabux","14521","10222","4299"
"2008-09-17","Gigabux","9453","7526","1927"
"2008-09-18","Gigabux","14182","10115","4067"
"2008-09-19","Gigabux","12094","8512","3582"
"2008-09-20","Gigabux","12554","8567","3987"
"2008-09-21","Gigabux","7214","5023","2191"
"2008-09-22","Gigabux","13852","10214","3638"
"2008-09-23","Gigabux","11923","9996","1927"
"2008-09-24","Gigabux","11672","8436","3236"
"2008-09-25","Gigabux","16423","12949","3474"
"2008-09-26","Gigabux","9882","7123","2759"
"2008-09-27","Gigabux","11806","9877","1929"
"2008-09-28","Gigabux","4934","3911","1023"
"2008-09-29","Gigabux","17531","13762","3769"
"2008-09-30","Gigabux","7236","5965","1271"
"2008-10-01","Gigabux","6554","5072","1482"
"2008-10-02","Gigabux","2948","2159","789"
"2008-10-03","Gigabux","13954","10356","3598"
"2008-10-04","Gigabux","14630","9122","5508"
"2008-10-05","Gigabux","8546","6495","2051"
"2008-10-06","Gigabux","15634","12701","2933"
"2008-10-07","Gigabux","8685","7297","1388"
"2008-10-08","Gigabux","20103","17011","3092"
"2008-10-09","Gigabux","5927","3670","2257"
"2008-10-10","Gigabux","4815","3770","1045"
"2008-10-11","Gigabux","1927","1639","288"
"2008-10-12","Gigabux","12833","9352","3481"
"2008-10-13","Gigabux","4308","3431","877"
"2008-10-14","Gigabux","14321","10868","3453"
"2008-10-15","Gigabux","10782","6860","3922"
"2008-10-16","Gigabux","6914","6364","550"
"2008-10-17","Gigabux","4375","3786","589"
"2008-10-18","Gigabux","9194","7767","1427"
"2008-10-19","Gigabux","3079","2806","273"
"2008-10-20","Gigabux","5996","4988","1008"
"2008-10-21","Gigabux","6385","3174","3211"
"2008-10-22","Gigabux","11294","8749","2545"
"2008-10-23","Gigabux","17389","12770","4619"
"2008-10-24","Gigabux","9925","7622","2303"
"2008-10-25","Gigabux","21419","15750","5669"
"2008-10-26","Gigabux","6645","4914","1731"
"2008-10-27","Gigabux","16334","11888","4446"
"2008-10-28","Gigabux","4707","3640","1067"
"2008-10-29","Gigabux","8616","6862","1754"
"2008-10-30","Gigabux","2518","2455","63"
"2008-10-31","Gigabux","19851","15219","4632"
"2008-11-01","Gigabux","6775","6212","563"
"2008-11-02","Gigabux","7816","5546","2270"
"2008-11-03","Gigabux","5677","4798","879"
"2008-11-04","Gigabux","7064","5003","2061"
"2008-11-05","Gigabux","6157","4549","1608"
"2008-11-06","Gigabux","5735","4616","1119"
"2008-11-07","Gigabux","8683","6152","2531"
"2008-11-08","Gigabux","17822","13483","4339"
"2008-11-09","Gigabux","10435","7701","2734"
"2008-11-10","Gigabux","5807","4167","1640"
"2008-11-11","Gigabux","5055","4551","504"
"2008-11-12","Gigabux","6136","4507","1629"
"2008-11-13","Gigabux","12861","9107","3754"
"2008-11-14","Gigabux","7766","5135","2631"
"2008-11-15","Gigabux","17931","14204","3727"
"2008-11-16","Gigabux","4436","3362","1074"
"2008-11-17","Gigabux","7864","5407","2457"
"2008-11-18","Gigabux","2818","1952","866"
"2008-11-19","Gigabux","5866","4086","1780"
"2008-11-20","Gigabux","7917","5916","2001"
"2008-11-21","Gigabux","8576","6559","2017"
"2008-11-22","Gigabux","7724","6717","1007"
"2008-11-23","Gigabux","9234","5958","3276"
"2008-11-24","Gigabux","11753","8808","2945"
"2008-11-25","Gigabux","6977","5997","980"
"2008-11-26","Gigabux","11282","8770","2512"
"2008-11-27","Gigabux","4406","2884","1522"
"2008-11-28","Gigabux","8056","6718","1338"
"2008-11-29","Gigabux","6986","4695","2291"
"2008-11-30","Gigabux","9255","6878","2377"
"2008-12-01","Gigabux","15202","11643","3559"
"2008-12-02","Gigabux","3506","1638","1868"
"2008-12-03","Gigabux","4818","4037","781"
"2008-12-04","Gigabux","8184","5083","3101"
"2008-12-05","Gigabux","17848","13554","4294"
"2008-12-06","Gigabux","2297","1315","982"
"2008-12-07","Gigabux","6315","4392","1923"
"2008-12-08","Gigabux","3945","3828","117"
"2008-12-09","Gigabux","4038","3159","879"
"2008-12-10","Gigabux","7724","5102","2622"
"2008-12-11","Gigabux","7454","5426","2028"
"2008-12-12","Gigabux","24577","17314","7263"
"2008-12-13","Gigabux","4007","2487","1520"
"2008-12-14","Gigabux","11525","9326","2199"
"2008-12-15","Gigabux","27857","19921","7936"
"2008-12-16","Gigabux","15604","12897","2707"
"2008-12-17","Gigabux","16282","12084","4198"
"2008-12-18","Gigabux","7274","5219","2055"
"2008-12-19","Gigabux","9814","7759","2055"
"2008-12-20","Gigabux","11162","8465","2697"
"2008-12-21","Gigabux","4236","3183","1053"
"2008-12-22","Gigabux","17691","13961","3730"
"2008-12-23","Gigabux","9353","6804","2549"
"2008-12-24","Gigabux","3617","2640","977"
"2008-12-25","Gigabux","4937","4010","927"
"2008-12-26","Gigabux","7633","5577","2056"
"2008-12-27","Gigabux","12264","9888","2376"
"2008-12-28","Gigabux","8363","5779","2584"
"2008-12-29","Gigabux","8993","6415","2578"
"2008-12-30","Gigabux","11806","8512","3294"
"2008-12-31","Gigabux","7526","5674","1852"
"2009-01-01","Gigabux","18166","14410","3756"
"2009-01-02","Gigabux","22494","18530","3964"
"2009-01-03","Gigabux","9800","6821","2979"
"2009-01-04","Gigabux","32449","25970","6479"
"2009-01-05","Gigabux","21045","16620","4425"
"2009-01-06","Gigabux","6034","4415","1619"
"2009-01-07","Gigabux","13111","10983","2128"
"2009-01-08","Gigabux","14340","10615","3725"
"2009-01-09","Gigabux","24065","18114","5951"
"2009-01-10","Gigabux","5315","3645","1670"
"2009-01-11","Gigabux","22366","17370","4996"
"2009-01-12","Gigabux","21149","15031","6118"
"2009-01-13","Gigabux","30238","23514","6724"
"2009-01-14","Gigabux","9006","6476","2530"
"2009-01-15","Gigabux","11263","8772","2491"
"2009-01-16","Gigabux","16242","12278","3964"
"2009-01-17","Gigabux","16209","13390","2819"
"2009-01-18","Gigabux","20825","15316","5509"
"2009-01-19","Gigabux","23358","18036","5322"
"2009-01-20","Gigabux","32925","25496","7429"
"2009-01-21","Gigabux","21388","15863","5525"
"2009-01-22","Gigabux","7800","6466","1334"
"2009-01-23","Gigabux","23745","18125","5620"
"2009-01-24","Gigabux","24964","17398","7566"
"2009-01-25","Gigabux","20677","15194","5483"
"2009-01-26","Gigabux","16340","13284","3056"
"2009-01-27","Gigabux","19558","14848","4710"
"2009-01-28","Gigabux","20490","17047","3443"
"2009-01-29","Gigabux","22368","19162","3206"
"2009-01-30","Gigabux","28006","19741","8265"
"2009-01-31","Gigabux","12849","9528","3321"
"2009-02-01","Gigabux","20160","15284","4876"
"2009-02-02","Gigabux","21027","15594","5433"
"2009-02-03","Gigabux","9085","6574","2511"
"2009-02-04","Gigabux","27033","19888","7145"
"2009-02-05","Gigabux","16660","12575","4085"
"2009-02-06","Gigabux","11001","7426","3575"
"2009-02-07","Gigabux","14778","10245","4533"
"2009-02-08","Gigabux","10113","7550","2563"
"2009-02-09","Gigabux","10454","7744","2710"
"2009-02-10","Gigabux","22529","15946","6583"
"2009-02-11","Gigabux","22505","15884","6621"
"2009-02-12","Gigabux","11132","8288","2844"
"2009-02-13","Gigabux","25538","19933","5605"
"2009-02-14","Gigabux","28274","20688","7586"
"2009-02-15","Gigabux","11553","8508","3045"
"2009-02-16","Gigabux","5983","4578","1405"
"2009-02-17","Gigabux","16269","13949","2320"
"2009-02-18","Gigabux","12402","9262","3140"
"2009-02-19","Gigabux","11635","9214","2421"
"2009-02-20","Gigabux","15750","10651","5099"
"2009-02-21","Gigabux","23843","17205","6638"
"2009-02-22","Gigabux","18780","13760","5020"
"2009-02-23","Gigabux","11451","8520","2931"
"2009-02-24","Gigabux","13189","9696","3493"
"2009-02-25","Gigabux","13842","10811","3031"
"2009-02-26","Gigabux","20388","14703","5685"
"2009-02-27","Gigabux","20007","14070","5937"
"2009-02-28","Gigabux","20848","15216","5632"
"2009-03-01","Gigabux","21560","16100","5460"
"2009-03-02","Gigabux","17012","13694","3318"
"2009-03-03","Gigabux","10091","6205","3886"
"2009-03-04","Gigabux","20579","17033","3546"
"2009-03-05","Gigabux","17397","12198","5199"
"2009-03-06","Gigabux","27484","20822","6662"
"2009-03-07","Gigabux","14090","9848","4242"
"2009-03-08","Gigabux","15943","13266","2677"
"2009-03-09","Gigabux","42981","34100","8881"
"2009-03-10","Gigabux","16020","11368","4652"
"2009-03-11","Gigabux","17562","13415","4147"
"2009-03-12","Gigabux","25404","19060","6344"
"2009-03-13","Gigabux","22418","17201","5217"
"2009-03-14","Gigabux","20939","17176","3763"
"2009-03-15","Gigabux","24358","18664","5694"
"2009-03-16","Gigabux","11691","8250","3441"
"2009-03-17","Gigabux","15840","11537","4303"
"2009-03-18","Gigabux","23289","18759","4530"
"2009-03-19","Gigabux","10454","9064","1390"
"2009-03-20","Gigabux","14770","11260","3510"
"2009-03-21","Gigabux","6265","4315","1950"
"2009-03-22","Gigabux","15708","13170","2538"
"2009-03-23","Gigabux","27493","20681","6812"
"2009-03-24","Gigabux","28765","22394","6371"
"2009-03-25","Gigabux","15959","10768","5191"
"2009-03-26","Gigabux","23386","17808","5578"
"2009-03-27","Gigabux","18549","12950","5599"
"2009-03-28","Gigabux","14711","11726","2985"
"2009-03-29","Gigabux","23076","15240","7836"
"2009-03-30","Gigabux","10904","8279","2625"
"2009-03-31","Gigabux","22116","14620","7496"
"2009-04-01","Gigabux","12359","9788","2571"
"2009-04-02","Gigabux","10704","9525","1179"
"2009-04-03","Gigabux","15979","12111","3868"
"2009-04-04","Gigabux","6570","4107","2463"
"2009-04-05","Gigabux","21756","16876","4880"
"2009-04-06","Gigabux","21450","17314","4136"
"2009-04-07","Gigabux","15510","11190","4320"
"2009-04-08","Gigabux","20378","14838","5540"
"2009-04-09","Gigabux","26149","18470","7679"
"2009-04-10","Gigabux","16561","12325","4236"
"2009-04-11","Gigabux","5553","4363","1190"
"2009-04-12","Gigabux","23367","17128","6239"
"2009-04-13","Gigabux","15370","11236","4134"
"2009-04-14","Gigabux","38649","28164","10485"
"2009-04-15","Gigabux","34982","26017","8965"
"2009-04-16","Gigabux","19777","15698","4079"
"2009-04-17","Gigabux","7477","5872","1605"
"2009-04-18","Gigabux","7583","6481","1102"
"2009-04-19","Gigabux","18235","13359","4876"
"2009-04-20","Gigabux","31113","22449","8664"
"2009-04-21","Gigabux","8442","6162","2280"
"2009-04-22","Gigabux","17098","12594","4504"
"2009-04-23","Gigabux","23037","18278","4759"
"2009-04-24","Gigabux","16300","12571","3729"
"2009-04-25","Gigabux","9103","6676","2427"
"2009-04-26","Gigabux","31284","22203","9081"
"2009-04-27","Gigabux","6962","4690","2272"
"2009-04-28","Gigabux","12960","9178","3782"
"2009-04-29","Gigabux","19850","14323","5527"
"2009-04-30","Gigabux","14663","11336","3327"
"2009-05-01","Gigabux","22688","16882","5806"
"2009-05-02","Gigabux","11832","7772","4060"
"2009-05-03","Gigabux","25698","20019","5679"
"2009-05-04","Gigabux","16392","12273","4119"
"2009-05-05","Gigabux","21105","15225","5880"
"2009-05-06","Gigabux","18548","13393","5155"
"2009-05-07","Gigabux","10415","9298","1117"
"2009-05-08","Gigabux","11422","8889","2533"
"2009-05-09","Gigabux","37105","29425","7680"
"2009-05-10","Gigabux","16822","15090","1732"
"2009-05-11","Gigabux","13711","10868","2843"
"2009-05-12","Gigabux","2257","1413","844"
"2009-05-13","Gigabux","11762","8404","3358"
"2009-05-14","Gigabux","16447","13528","2919"
"2009-05-15","Gigabux","7891","5248","2643"
"2009-05-16","Gigabux","21060","14950","6110"
"2009-05-17","Gigabux","6471","5493","978"
"2009-05-18","Gigabux","15251","11644","3607"
"2009-05-19","Gigabux","20888","16202","4686"
"2009-05-20","Gigabux","13882","12070","1812"
"2009-05-21","Gigabux","14382","9893","4489"
"2009-05-22","Gigabux","20347","15438","4909"
"2009-05-23","Gigabux","23278","18139","5139"
"2009-05-24","Gigabux","14110","10060","4050"
"2009-05-25","Gigabux","15560","11736","3824"
"2009-05-26","Gigabux","35434","26924","8510"
"2009-05-27","Gigabux","13710","11429","2281"
"2009-05-28","Gigabux","15573","11797","3776"
"2009-05-29","Gigabux","25175","18704","6471"
"2009-05-30","Gigabux","20740","14500","6240"
"2009-05-31","Gigabux","14500","10421","4079"
"2009-06-01","Gigabux","24409","18404","6005"
"2009-06-02","Gigabux","18559","15084","3475"
"2009-06-03","Gigabux","39620","28940","10680"
"2009-06-04","Gigabux","13360","10776","2584"
"2009-06-05","Gigabux","36570","29273","7297"
"2009-06-06","Gigabux","40452","31701","8751"
"2009-06-07","Gigabux","25675","18328","7347"
"2009-06-08","Gigabux","21633","16664","4969"
"2009-06-09","Gigabux","21227","16917","4310"
"2009-06-10","Gigabux","32991","26335","6656"
"2009-06-11","Gigabux","29552","22193","7359"
"2009-06-12","Gigabux","27589","23253","4336"
"2009-06-13","Gigabux","28675","23305","5370"
"2009-06-14","Gigabux","33626","26528","7098"
"2009-06-15","Gigabux","19238","15181","4057"
"2009-06-16","Gigabux","37206","28623","8583"
"2009-06-17","Gigabux","14969","10574","4395"
"2009-06-18","Gigabux","37737","27379","10358"
"2009-06-19","Gigabux","24705","18747","5958"
"2009-06-20","Gigabux","29471","21233","8238"
"2009-06-21","Gigabux","29630","20824","8806"
"2009-06-22","Gigabux","8944","7817","1127"
"2009-06-23","Gigabux","24239","17731","6508"
"2009-06-24","Gigabux","42137","33924","8213"
"2009-06-25","Gigabux","26772","19471","7301"
"2009-06-26","Gigabux","27843","20310","7533"
"2009-06-27","Gigabux","19607","14677","4930"
"2009-06-28","Gigabux","11523","8367","3156"
"2009-06-29","Gigabux","30173","24278","5895"
"2009-06-30","Gigabux","26304","18880","7424"
"2009-07-01","Gigabux","17828","13616","4212"
"2009-07-02","Gigabux","17278","12037","5241"
"2009-07-03","Gigabux","21487","14766","6721"
"2009-07-04","Gigabux","15191","9961","5230"
"2009-07-05","Gigabux","39038","30996","8042"
"2009-07-06","Gigabux","24004","17520","6484"
"2009-07-07","Gigabux","28085","23380","4705"
"2009-07-08","Gigabux","11901","9018","2883"
"2009-07-09","Gigabux","20899","15688","5211"
"2009-07-10","Gigabux","34580","28202","6378"
"2009-07-11","Gigabux","20247","14812","5435"
"2009-07-12","Gigabux","29097","23249","5848"
"2009-07-13","Gigabux","25322","17858","7464"
"2009-07-14","Gigabux","24893","20069","4824"
"2009-07-15","Gigabux","33362","24469","8893"
"2009-07-16","Gigabux","15819","13685","2134"
"2009-07-17","Gigabux","32764","23668","9096"
"2009-07-18","Gigabux","14708","12019","2689"
"2009-07-19","Gigabux","27076","22260","4816"
"2009-07-20","Gigabux","21586","16351","5235"
"2009-07-21","Gigabux","23647","18177","5470"
"2009-07-22","Gigabux","31151","24865","6286"
"2009-07-23","Gigabux","15761","11217","4544"
"2009-07-24","Gigabux","36679","29964","6715"
"2009-07-25","Gigabux","13761","10860","2901"
"2009-07-26","Gigabux","36588","28939","7649"
"2009-07-27","Gigabux","27225","20382","6843"
"2009-07-28","Gigabux","35104","27481","7623"
"2009-07-29","Gigabux","26312","19116","7196"
"2009-07-30","Gigabux","28014","21866","6148"
"2009-07-31","Gigabux","26753","20543","6210"
"2009-08-01","Gigabux","16210","13418","2792"
"2009-08-02","Gigabux","22995","19932","3063"
"2009-08-03","Gigabux","35292","27595","7697"
"2009-08-04","Gigabux","18334","13553","4781"
"2009-08-05","Gigabux","25047","19578","5469"
"2009-08-06","Gigabux","24745","19381","5364"
"2009-08-07","Gigabux","25348","18683","6665"
"2009-08-08","Gigabux","18579","13415","5164"
"2009-08-09","Gigabux","15511","13299","2212"
"2009-08-10","Gigabux","27451","19532","7919"
"2009-08-11","Gigabux","19346","14212","5134"
"2009-08-12","Gigabux","13278","9141","4137"
"2009-08-13","Gigabux","22247","17926","4321"
"2009-08-14","Gigabux","27755","21094","6661"
"2009-08-15","Gigabux","24919","19016","5903"
"2009-08-16","Gigabux","23726","16033","7693"
"2009-08-17","Gigabux","39139","28526","10613"
"2009-08-18","Gigabux","29210","20642","8568"
"2009-08-19","Gigabux","21966","15809","6157"
"2009-08-20","Gigabux","16148","13497","2651"
"2009-08-21","Gigabux","16329","13792","2537"
"2009-08-22","Gigabux","30385","21846","8539"
"2009-08-23","Gigabux","26173","19713","6460"
"2009-08-24","Gigabux","32952","23417","9535"
"2009-08-25","Gigabux","27747","21090","6657"
"2009-08-26","Gigabux","20040","15394","4646"
"2009-08-27","Gigabux","33593","26543","7050"
"2009-08-28","Gigabux","25611","19697","5914"
"2009-08-29","Gigabux","21255","16333","4922"
"2009-08-30","Gigabux","16998","12552","4446"
"2009-08-31","Gigabux","18038","15330","2708"
"2009-09-01","Gigabux","24665","19039","5626"
"2009-09-02","Gigabux","24549","21037","3512"
"2009-09-03","Gigabux","20076","14635","5441"
"2009-09-04","Gigabux","20326","14166","6160"
"2009-09-05","Gigabux","17479","14683","2796"
"2009-09-06","Gigabux","20218","13590","6628"
"2009-09-07","Gigabux","12932","9454","3478"
"2009-09-08","Gigabux","35915","27101","8814"
"2009-09-09","Gigabux","26564","21287","5277"
"2009-09-10","Gigabux","28226","22151","6075"
"2009-09-11","Gigabux","19197","13905","5292"
"2009-09-12","Gigabux","23950","15687","8263"
"2009-09-13","Gigabux","19577","15930","3647"
"2009-09-14","Gigabux","12635","9327","3308"
"2009-09-15","Gigabux","26965","19980","6985"
"2009-09-16","Gigabux","26942","20541","6401"
"2009-09-17","Gigabux","38992","28198","10794"
"2009-09-18","Gigabux","31294","23360","7934"
"2009-09-19","Gigabux","24172","20030","4142"
"2009-09-20","Gigabux","15161","12392","2769"
"2009-09-21","Gigabux","28144","22337","5807"
"2009-09-22","Gigabux","12952","9787","3165"
"2009-09-23","Gigabux","30281","22123","8158"
"2009-09-24","Gigabux","20518","15169","5349"
"2009-09-25","Gigabux","15230","12933","2297"
"2009-09-26","Gigabux","47207","37565","9642"
"2009-09-27","Gigabux","8053","6747","1306"
"2009-09-28","Gigabux","17742","13286","4456"
"2009-09-29","Gigabux","18209","14220","3989"
"2009-09-30","Gigabux","27029","22293","4736"
"2009-10-01","Gigabux","13041","9224","3817"
"2009-10-02","Gigabux","23059","14925","8134"
"2009-10-03","Gigabux","28596","21577","7019"
"2009-10-04","Gigabux","26527","20167","6360"
"2009-10-05","Gigabux","21480","16206","5274"
"2009-10-06","Gigabux","17537","14247","3290"
"2009-10-07","Gigabux","23143","18668","4475"
"2009-10-08","Gigabux","14478","10740","3738"
"2009-10-09","Gigabux","36429","27781","8648"
"2009-10-10","Gigabux","27760","21327","6433"
"2009-10-11","Gigabux","17275","13933","3342"
"2009-10-12","Gigabux","36691","27344","9347"
"2009-10-13","Gigabux","19925","13998","5927"
"2009-10-14","Gigabux","20018","15220","4798"
"2009-10-15","Gigabux","34503","27230","7273"
"2009-10-16","Gigabux","23947","18693","5254"
"2009-10-17","Gigabux","18728","13391","5337"
"2009-10-18","Gigabux","38121","27380","10741"
"2009-10-19","Gigabux","25645","19005","6640"
"2009-10-20","Gigabux","15297","11283","4014"
"2009-10-21","Gigabux","30422","23977","6445"
"2009-10-22","Gigabux","32534","24428","8106"
"2009-10-23","Gigabux","13118","10833","2285"
"2009-10-24","Gigabux","21924","14948","6976"
"2009-10-25","Gigabux","20589","14761","5828"
"2009-10-26","Gigabux","20299","14506","5793"
"2009-10-27","Gigabux","32441","26056","6385"
"2009-10-28","Gigabux","18737","14437","4300"
"2009-10-29","Gigabux","32491","23463","9028"
"2009-10-30","Gigabux","29145","21668","7477"
"2009-10-31","Gigabux","9812","5571","4241"
"2009-11-01","Gigabux","19458","13390","6068"
"2009-11-02","Gigabux","23408","18028","5380"
"2009-11-03","Gigabux","22668","17006","5662"
"2009-11-04","Gigabux","21477","15645","5832"
"2009-11-05","Gigabux","35720","27552","8168"
"2009-11-06","Gigabux","31299","22735","8564"
"2009-11-07","Gigabux","27616","20915","6701"
"2009-11-08","Gigabux","23766","17237","6529"
"2009-11-09","Gigabux","22828","17761","5067"
"2009-11-10","Gigabux","22415","15933","6482"
"2009-11-11","Gigabux","27988","23251","4737"
"2009-11-12","Gigabux","18918","15763","3155"
"2009-11-13","Gigabux","31483","23523","7960"
"2009-11-14","Gigabux","20786","15273","5513"
"2009-11-15","Gigabux","25004","19448","5556"
"2009-11-16","Gigabux","16241","11304","4937"
"2009-11-17","Gigabux","14210","10471","3739"
"2009-11-18","Gigabux","29484","20864","8620"
"2009-11-19","Gigabux","35041","24923","10118"
"2009-11-20","Gigabux","18697","14055","4642"
"2009-11-21","Gigabux","31701","23263","8438"
"2009-11-22","Gigabux","21220","17153","4067"
"2009-11-23","Gigabux","31201","23966","7235"
"2009-11-24","Gigabux","25271","16884","8387"
"2009-11-25","Gigabux","25587","19205","6382"
"2009-11-26","Gigabux","43649","33038","10611"
"2009-11-27","Gigabux","21798","14896","6902"
"2009-11-28","Gigabux","28635","21873","6762"
"2009-11-29","Gigabux","24358","19855","4503"
"2009-11-30","Gigabux","23984","18206","5778"
"2009-12-01","Gigabux","20687","16566","4121"
"2009-12-02","Gigabux","30204","23504","6700"
"2009-12-03","Gigabux","20508","14178","6330"
"2009-12-04","Gigabux","20339","15928","4411"
"2009-12-05","Gigabux","39301","30324","8977"
"2009-12-06","Gigabux","37208","29762","7446"
"2009-12-07","Gigabux","15075","11589","3486"
"2009-12-08","Gigabux","28395","22101","6294"
"2009-12-09","Gigabux","39242","31169","8073"
"2009-12-10","Gigabux","31282","24265","7017"
"2009-12-11","Gigabux","21608","15092","6516"
"2009-12-12","Gigabux","11949","8839","3110"
"2009-12-13","Gigabux","12710","9376","3334"
"2009-12-14","Gigabux","24724","17602","7122"
"2009-12-15","Gigabux","24834","18981","5853"
"2009-12-16","Gigabux","17297","11384","5913"
"2009-12-17","Gigabux","23769","19416","4353"
"2009-12-18","Gigabux","22173","16732","5441"
"2009-12-19","Gigabux","18972","14437","4535"
"2009-12-20","Gigabux","27371","18083","9288"
"2009-12-21","Gigabux","20795","13233","7562"
"2009-12-22","Gigabux","21681","18104","3577"
"2009-12-23","Gigabux","25803","17985","7818"
"2009-12-24","Gigabux","24587","19810","4777"
"2009-12-25","Gigabux","35670","27509","8161"
"2009-12-26","Gigabux","29815","20989","8826"
"2009-12-27","Gigabux","28645","21856","6789"
"2009-12-28","Gigabux","18525","12793","5732"
"2009-12-29","Gigabux","17396","15352","2044"
"2009-12-30","Gigabux","38179","28044","10135"
"2009-12-31","Gigabux","35143","26445","8698"
"2010-01-01","Gigabux","47271","33924","13347"
"2010-01-02","Gigabux","38150","30265","7885"
"2010-01-03","Gigabux","43140","32656","10484"
"2010-01-04","Gigabux","40574","31363","9211"
"2010-01-05","Gigabux","14068","10423","3645"
"2010-01-06","Gigabux","44536","36468","8068"
"2010-01-07","Gigabux","21935","16020","5915"
"2010-01-08","Gigabux","27472","19407","8065"
"2010-01-09","Gigabux","59710","45160","14550"
"2010-01-10","Gigabux","21846","15805","6041"
"2010-01-11","Gigabux","31228","22673","8555"
"2010-01-12","Gigabux","40476","31592","8884"
"2010-01-13","Gigabux","29511","22255","7256"
"2010-01-14","Gigabux","44755","35918","8837"
"2010-01-15","Gigabux","35010","26177","8833"
"2010-01-16","Gigabux","47624","38543","9081"
"2010-01-17","Gigabux","17845","11657","6188"
"2010-01-18","Gigabux","43033","32401","10632"
"2010-01-19","Gigabux","36299","26777","9522"
"2010-01-20","Gigabux","35211","26935","8276"
"2010-01-21","Gigabux","41523","29803","11720"
"2010-01-22","Gigabux","52026","39230","12796"
"2010-01-23","Gigabux","37264","28803","8461"
"2010-01-24","Gigabux","37969","28375","9594"
"2010-01-25","Gigabux","50423","35198","15225"
"2010-01-26","Gigabux","32477","25002","7475"
"2010-01-27","Gigabux","33382","26176","7206"
"2010-01-28","Gigabux","32742","27955","4787"
"2010-01-29","Gigabux","39826","31491","8335"
"2010-01-30","Gigabux","34537","28201","6336"
"2010-01-31","Gigabux","39201","28317","10884"
"2010-02-01","Gigabux","32187","23623","8564"
"2010-02-02","Gigabux","37214","27403","9811"
"2010-02-03","Gigabux","47805","36189","11616"
"2010-02-04","Gigabux","24179","17727","6452"
"2010-02-05","Gigabux","32968","26664","6304"
"2010-02-06","Gigabux","38090","27527","10563"
"2010-02-07","Gigabux","41138","31849","9289"
"2010-02-08","Gigabux","30889","24106","6783"
"2010-02-09","Gigabux","36316","24049","12267"
"2010-02-10","Gigabux","44818","33928","10890"
"2010-02-11","Gigabux","34897","25614","9283"
"2010-02-12","Gigabux","34111","27735","6376"
"2010-02-13","Gigabux","33244","22860","10384"
"2010-02-14","Gigabux","24670","17862","6808"
"2010-02-15","Gigabux","45195","33249","11946"
"2010-02-16","Gigabux","40307","30521","9786"
"2010-02-17","Gigabux","29611","23441","6170"
"2010-02-18","Gigabux","44319","31481","12838"
"2010-02-19","Gigabux","36513","27596","8917"
"2010-02-20","Gigabux","55162","41329","13833"
"2010-02-21","Gigabux","28902","22950","5952"
"2010-02-22","Gigabux","50019","37429","12590"
"2010-02-23","Gigabux","35940","27366","8574"
"2010-02-24","Gigabux","31130","23027","8103"
"2010-02-25","Gigabux","28217","22388","5829"
"2010-02-26","Gigabux","43178","33456","9722"
"2010-02-27","Gigabux","37785","28072","9713"
"2010-02-28","Gigabux","37706","29156","8550"
"2010-03-01","Gigabux","40840","31326","9514"
"2010-03-02","Gigabux","34908","24937","9971"
"2010-03-03","Gigabux","36416","27726","8690"
"2010-03-04","Gigabux","19316","13188","6128"
"2010-03-05","Gigabux","41087","30823","10264"
"2010-03-06","Gigabux","29454","23463","5991"
"2010-03-07","Gigabux","44634","35587","9047"
"2010-03-08","Gigabux","27552","19211","8341"
"2010-03-09","Gigabux","40489","30973","9516"
"2010-03-10","Gigabux","32770","25778","6992"
"2010-03-11","Gigabux","35598","25787","9811"
"2010-03-12","Gigabux","47643","34288","13355"
"2010-03-13","Gigabux","41126","32945","8181"
"2010-03-14","Gigabux","25393","18647","6746"
"2010-03-15","Gigabux","22854","16751","6103"
"2010-03-16","Gigabux","26594","19293","7301"
"2010-03-17","Gigabux","33979","26819","7160"
"2010-03-18","Gigabux","38638","28724","9914"
"2010-03-19","Gigabux","41015","29778","11237"
"2010-03-20","Gigabux","43076","31592","11484"
"2010-03-21","Gigabux","36066","26206","9860"
"2010-03-22","Gigabux","25633","18865","6768"
"2010-03-23","Gigabux","30979","22854","8125"
"2010-03-24","Gigabux","18815","12854","5961"
"2010-03-25","Gigabux","24723","18448","6275"
"2010-03-26","Gigabux","35474","27295","8179"
"2010-03-27","Gigabux","38651","29881","8770"
"2010-03-28","Gigabux","31489","23124","8365"
"2010-03-29","Gigabux","62478","45324","17154"
"2010-03-30","Gigabux","26643","21426","5217"
"2010-03-31","Gigabux","51676","39887","11789"
"2010-04-01","Gigabux","20317","16474","3843"
"2010-04-02","Gigabux","26203","20299","5904"
"2010-04-03","Gigabux","21367","16433","4934"
"2010-04-04","Gigabux","34780","24593","10187"
"2010-04-05","Gigabux","37362","30845","6517"
"2010-04-06","Gigabux","49313","38570","10743"
"2010-04-07","Gigabux","61626","45916","15710"
"2010-04-08","Gigabux","21373","14625","6748"
"2010-04-09","Gigabux","36344","25067","11277"
"2010-04-10","Gigabux","19006","13990","5016"
"2010-04-11","Gigabux","50292","40287","10005"
"2010-04-12","Gigabux","37877","29101","8776"
"2010-04-13","Gigabux","33096","25688","7408"
"2010-04-14","Gigabux","42567","32068","10499"
"2010-04-15","Gigabux","32467","26802","5665"
"2010-04-16","Gigabux","35150","26966","8184"
"2010-04-17","Gigabux","39267","29511","9756"
"2010-04-18","Gigabux","27996","20979","7017"
"2010-04-19","Gigabux","24452","16703","7749"
"2010-04-20","Gigabux","35111","26899","8212"
"2010-04-21","Gigabux","25248","17271","7977"
"2010-04-22","Gigabux","36988","26568","10420"
"2010-04-23","Gigabux","48478","38042","10436"
"2010-04-24","Gigabux","34816","25150","9666"
"2010-04-25","Gigabux","30642","23816","6826"
"2010-04-26","Gigabux","30081","22012","8069"
"2010-04-27","Gigabux","24345","18999","5346"
"2010-04-28","Gigabux","25349","18777","6572"
"2010-04-29","Gigabux","42033","33987","8046"
"2010-04-30","Gigabux","18864","14981","3883"
"2010-05-01","Gigabux","48616","36510","12106"
"2010-05-02","Gigabux","36888","26626","10262"
"2010-05-03","Gigabux","38981","31144","7837"
"2010-05-04","Gigabux","40357","31897","8460"
"2010-05-05","Gigabux","53110","39554","13556"
"2010-05-06","Gigabux","25926","19699","6227"
"2010-05-07","Gigabux","49383","39858","9525"
"2010-05-08","Gigabux","41102","29892","11210"
"2010-05-09","Gigabux","36816","29465","7351"
"2010-05-10","Gigabux","57089","42759","14330"
"2010-05-11","Gigabux","25549","18822","6727"
"2010-05-12","Gigabux","20929","15787","5142"
"2010-05-13","Gigabux","36749","27623","9126"
"2010-05-14","Gigabux","51914","39513","12401"
"2010-05-15","Gigabux","39247","29174","10073"
"2010-05-16","Gigabux","44665","36041","8624"
"2010-05-17","Gigabux","54705","40422","14283"
"2010-05-18","Gigabux","31990","23843","8147"
"2010-05-19","Gigabux","44135","31805","12330"
"2010-05-20","Gigabux","21563","16951","4612"
"2010-05-21","Gigabux","41317","30425","10892"
"2010-05-22","Gigabux","53587","39764","13823"
"2010-05-23","Gigabux","27201","18988","8213"
"2010-05-24","Gigabux","29763","23815","5948"
"2010-05-25","Gigabux","24064","18127","5937"
"2010-05-26","Gigabux","32612","25632","6980"
"2010-05-27","Gigabux","20257","15073","5184"
"2010-05-28","Gigabux","44613","36292","8321"
"2010-05-29","Gigabux","41052","29008","12044"
"2010-05-30","Gigabux","31667","22972","8695"
"2010-05-31","Gigabux","32042","24314","7728"
"2010-06-01","Gigabux","41736","32604","9132"
"2010-06-02","Gigabux","80088","58380","21708"
"2010-06-03","Gigabux","65971","51817","14154"
"2010-06-04","Gigabux","66976","50642","16334"
"2010-06-05","Gigabux","48162","37274","10888"
"2010-06-06","Gigabux","69637","49837","19800"
"2010-06-07","Gigabux","69595","50116","19479"
"2010-06-08","Gigabux","60981","45755","15226"
"2010-06-09","Gigabux","63914","45791","18123"
"2010-06-10","Gigabux","42360","29241","13119"
"2010-06-11","Gigabux","72709","54791","17918"
"2010-06-12","Gigabux","53261","39583","13678"
"2010-06-13","Gigabux","91976","67429","24547"
"2010-06-14","Gigabux","71017","50380","20637"
"2010-06-15","Gigabux","57805","46414","11391"
"2010-06-16","Gigabux","49636","36479","13157"
"2010-06-17","Gigabux","62883","45170","17713"
"2010-06-18","Gigabux","65120","49571","15549"
"2010-06-19","Gigabux","86346","66006","20340"
"2010-06-20","Gigabux","59105","46098","13007"
"2010-06-21","Gigabux","77439","58650","18789"
"2010-06-22","Gigabux","85515","63635","21880"
"2010-06-23","Gigabux","77662","61774","15888"
"2010-06-24","Gigabux","71825","51738","20087"
"2010-06-25","Gigabux","86119","64911","21208"
"2010-06-26","Gigabux","56731","43207","13524"
"2010-06-27","Gigabux","78183","60988","17195"
"2010-06-28","Gigabux","57579","43399","14180"
"2010-06-29","Gigabux","72541","53068","19473"
"2010-06-30","Gigabux","70291","53137","17154"
"2010-07-01","Gigabux","50718","37773","12945"
"2010-07-02","Gigabux","90661","67312","23349"
"2010-07-03","Gigabux","68701","49430","19271"
"2010-07-04","Gigabux","44146","33123","11023"
"2010-07-05","Gigabux","75798","55913","19885"
"2010-07-06","Gigabux","64458","47408","17050"
"2010-07-07","Gigabux","62216","47083","15133"
"2010-07-08","Gigabux","58950","46967","11983"
"2010-07-09","Gigabux","80605","59806","20799"
"2010-07-10","Gigabux","80143","61841","18302"
"2010-07-11","Gigabux","68435","52176","16259"
"2010-07-12","Gigabux","67882","53316","14566"
"2010-07-13","Gigabux","77792","59668","18124"
"2010-07-14","Gigabux","71722","53946","17776"
"2010-07-15","Gigabux","70156","54915","15241"
"2010-07-16","Gigabux","74077","57323","16754"
"2010-07-17","Gigabux","83623","63756","19867"
"2010-07-18","Gigabux","75604","56668","18936"
"2010-07-19","Gigabux","52484","39827","12657"
"2010-07-20","Gigabux","75565","59874","15691"
"2010-07-21","Gigabux","61865","46162","15703"
"2010-07-22","Gigabux","66914","50654","16260"
"2010-07-23","Gigabux","59126","45295","13831"
"2010-07-24","Gigabux","40278","28950","11328"
"2010-07-25","Gigabux","67279","47638","19641"
"2010-07-26","Gigabux","63923","45981","17942"
"2010-07-27","Gigabux","47514","35981","11533"
"2010-07-28","Gigabux","64495","46779","17716"
"2010-07-29","Gigabux","71342","52852","18490"
"2010-07-30","Gigabux","68147","52248","15899"
"2010-07-31","Gigabux","67081","51042","16039"
"2010-08-01","Gigabux","58150","42471","15679"
"2010-08-02","Gigabux","62427","47259","15168"
"2010-08-03","Gigabux","82146","62965","19181"
"2010-08-04","Gigabux","66178","47458","18720"
"2010-08-05","Gigabux","65352","51183","14169"
"2010-08-06","Gigabux","67241","52761","14480"
"2010-08-07","Gigabux","70827","53111","17716"
"2010-08-08","Gigabux","56928","45355","11573"
"2010-08-09","Gigabux","57513","42777","14736"
"2010-08-10","Gigabux","55736","41482","14254"
"2010-08-11","Gigabux","56003","41697","14306"
"2010-08-12","Gigabux","76387","57052","19335"
"2010-08-13","Gigabux","55441","39313","16128"
"2010-08-14","Gigabux","60322","44729","15593"
"2010-08-15","Gigabux","48751","37167","11584"
"2010-08-16","Gigabux","62943","49915","13028"
"2010-08-17","Gigabux","63980","48324","15656"
"2010-08-18","Gigabux","47744","35357","12387"
"2010-08-19","Gigabux","51107","36355","14752"
"2010-08-20","Gigabux","66658","49664","16994"
"2010-08-21","Gigabux","62019","44261","17758"
"2010-08-22","Gigabux","90212","65257","24955"
"2010-08-23","Gigabux","71601","52890","18711"
"2010-08-24","Gigabux","88485","64856","23629"
"2010-08-25","Gigabux","70020","53718","16302"
"2010-08-26","Gigabux","88282","68970","19312"
"2010-08-27","Gigabux","61205","46398","14807"
"2010-08-28","Gigabux","67757","51145","16612"
"2010-08-29","Gigabux","54186","39366","14820"
"2010-08-30","Gigabux","49264","35119","14145"
"2010-08-31","Gigabux","61356","45253","16103"
"2010-09-01","Gigabux","79652","60150","19502"
"2010-09-02","Gigabux","78478","58054","20424"
"2010-09-03","Gigabux","80842","62833","18009"
"2010-09-04","Gigabux","70180","52673","17507"
"2010-09-05","Gigabux","64065","45839","18226"
"2010-09-06","Gigabux","69711","53621","16090"
"2010-09-07","Gigabux","77244","59480","17764"
"2010-09-08","Gigabux","76638","56534","20104"
"2010-09-09","Gigabux","84269","62957","21312"
"2010-09-10","Gigabux","62014","48347","13667"
"2010-09-11","Gigabux","60384","44578","15806"
"2010-09-12","Gigabux","69046","53557","15489"
"2010-09-13","Gigabux","82077","61598","20479"
"2010-09-14","Gigabux","69044","51719","17325"
"2010-09-15","Gigabux","84887","64453","20434"
"2010-09-16","Gigabux","81520","61018","20502"
"2010-09-17","Gigabux","74859","55480","19379"
"2010-09-18","Gigabux","61268","43334","17934"
"2010-09-19","Gigabux","88703","67544","21159"
"2010-09-20","Gigabux","80395","60846","19549"
"2010-09-21","Gigabux","53226","37536","15690"
"2010-09-22","Gigabux","79534","61010","18524"
"2010-09-23","Gigabux","72781","54697","18084"
"2010-09-24","Gigabux","82183","61141","21042"
"2010-09-25","Gigabux","64219","48612","15607"
"2010-09-26","Gigabux","65534","50889","14645"
"2010-09-27","Gigabux","60217","44762","15455"
"2010-09-28","Gigabux","70193","55894","14299"
"2010-09-29","Gigabux","61627","43269","18358"
"2010-09-30","Gigabux","52303","38554","13749"
"2010-10-01","Gigabux","63901","44808","19093"
"2010-10-02","Gigabux","62693","45022","17671"
"2010-10-03","Gigabux","32525","24055","8470"
"2010-10-04","Gigabux","86995","64275","22720"
"2010-10-05","Gigabux","62361","47115","15246"
"2010-10-06","Gigabux","63868","46754","17114"
"2010-10-07","Gigabux","70279","51907","18372"
"2010-10-08","Gigabux","58542","43628","14914"
"2010-10-09","Gigabux","59841","44574","15267"
"2010-10-10","Gigabux","64040","47744","16296"
"2010-10-11","Gigabux","55403","42652","12751"
"2010-10-12","Gigabux","92910","67578","25332"
"2010-10-13","Gigabux","73297","53716","19581"
"2010-10-14","Gigabux","83865","63759","20106"
"2010-10-15","Gigabux","59843","44236","15607"
"2010-10-16","Gigabux","79531","60110","19421"
"2010-10-17","Gigabux","55146","39961","15185"
"2010-10-18","Gigabux","37662","27183","10479"
"2010-10-19","Gigabux","64915","51005","13910"
"2010-10-20","Gigabux","61776","47788","13988"
"2010-10-21","Gigabux","66152","47974","18178"
"2010-10-22","Gigabux","52063","37984","14079"
"2010-10-23","Gigabux","59844","45662","14182"
"2010-10-24","Gigabux","45472","34562","10910"
"2010-10-25","Gigabux","94146","70214","23932"
"2010-10-26","Gigabux","58566","45997","12569"
"2010-10-27","Gigabux","69728","51688","18040"
"2010-10-28","Gigabux","47151","35523","11628"
"2010-10-29","Gigabux","61718","47718","14000"
"2010-10-30","Gigabux","56720","43987","12733"
"2010-10-31","Gigabux","72541","55461","17080"
"2010-11-01","Gigabux","79430","59388","20042"
"2010-11-02","Gigabux","100341","79498","20843"
"2010-11-03","Gigabux","69226","52713","16513"
"2010-11-04","Gigabux","74738","57926","16812"
"2010-11-05","Gigabux","67216","53413","13803"
"2010-11-06","Gigabux","65626","48540","17086"
"2010-11-07","Gigabux","84162","60161","24001"
"2010-11-08","Gigabux","56838","42773","14065"
"2010-11-09","Gigabux","49251","40192","9059"
"2010-11-10","Gigabux","93093","72029","21064"
"2010-11-11","Gigabux","63374","49261","14113"
"2010-11-12","Gigabux","66781","49714","17067"
"2010-11-13","Gigabux","69033","52405","16628"
"2010-11-14","Gigabux","64034","49045","14989"
"2010-11-15","Gigabux","82461","58815","23646"
"2010-11-16","Gigabux","63362","49596","13766"
"2010-11-17","Gigabux","69904","49810","20094"
"2010-11-18","Gigabux","62224","46721","15503"
"2010-11-19","Gigabux","59157","39975","19182"
"2010-11-20","Gigabux","59285","41974","17311"
"2010-11-21","Gigabux","56248","42961","13287"
"2010-11-22","Gigabux","66143","50343","15800"
"2010-11-23","Gigabux","56580","42952","13628"
"2010-11-24","Gigabux","57776","44452","13324"
"2010-11-25","Gigabux","64894","48864","16030"
"2010-11-26","Gigabux","56101","44156","11945"
"2010-11-27","Gigabux","70917","55978","14939"
"2010-11-28","Gigabux","78578","58266","20312"
"2010-11-29","Gigabux","67790","51232","16558"
"2010-11-30","Gigabux","66320","49919","16401"
"2010-12-01","Gigabux","51350","41186","10164"
"2010-12-02","Gigabux","51569","40683","10886"
"2010-12-03","Gigabux","58463","43200","15263"
"2010-12-04","Gigabux","56730","43076","13654"
"2010-12-05","Gigabux","68694","54719","13975"
"2010-12-06","Gigabux","55851","42546","13305"
"2010-12-07","Gigabux","63326","48359","14967"
"2010-12-08","Gigabux","66484","52656","13828"
"2010-12-09","Gigabux","55565","43691","11874"
"2010-12-10","Gigabux","38462","28991","9471"
"2010-12-11","Gigabux","66421","51443","14978"
"2010-12-12","Gigabux","88499","67515","20984"
"2010-12-13","Gigabux","62419","48342","14077"
"2010-12-14","Gigabux","79737","60206","19531"
"2010-12-15","Gigabux","87838","64527","23311"
"2010-12-16","Gigabux","63792","47492","16300"
"2010-12-17","Gigabux","60332","44968","15364"
"2010-12-18","Gigabux","91614","70271","21343"
"2010-12-19","Gigabux","69559","53227","16332"
"2010-12-20","Gigabux","50528","40126","10402"
"2010-12-21","Gigabux","56496","40013","16483"
"2010-12-22","Gigabux","63069","46935","16134"
"2010-12-23","Gigabux","59608","44322","15286"
"2010-12-24","Gigabux","48581","36446","12135"
"2010-12-25","Gigabux","64025","45982","18043"
"2010-12-26","Gigabux","91992","71094","20898"
"2010-12-27","Gigabux","62738","50020","12718"
"2010-12-28","Gigabux","49918","37372","12546"
"2010-12-29","Gigabux","61057","45703","15354"
"2010-12-30","Gigabux","77459","55854","21605"
"2010-12-31","Gigabux","80196","58933","21263"
"2011-01-01","Gigabux","58014","43583","14431"
"2011-01-02","Gigabux","66216","50028","16188"
"2011-01-03","Gigabux","70618","54947","15671"
"2011-01-04","Gigabux","57101","44499","12602"
"2011-01-05","Gigabux","87139","64631","22508"
"2011-01-06","Gigabux","52112","38612","13500"
"2011-01-07","Gigabux","53224","39785","13439"
"2011-01-08","Gigabux","70923","54564","16359"
"2011-01-09","Gigabux","63964","49310","14654"
"2011-01-10","Gigabux","87869","67773","20096"
"2011-01-11","Gigabux","107306","80878","26428"
"2011-01-12","Gigabux","75423","56922","18501"
"2011-01-13","Gigabux","89780","70733","19047"
"2011-01-14","Gigabux","73956","56928","17028"
"2011-01-15","Gigabux","53673","39781","13892"
"2011-01-16","Gigabux","75333","57431","17902"
"2011-01-17","Gigabux","82487","65453","17034"
"2011-01-18","Gigabux","62047","46223","15824"
"2011-01-19","Gigabux","69106","48077","21029"
"2011-01-20","Gigabux","70482","53931","16551"
"2011-01-21","Gigabux","45930","33508","12422"
"2011-01-22","Gigabux","74503","56734","17769"
"2011-01-23","Gigabux","52021","38069","13952"
"2011-01-24","Gigabux","71588","55848","15740"
"2011-01-25","Gigabux","70119","53817","16302"
"2011-01-26","Gigabux","107683","84561","23122"
"2011-01-27","Gigabux","63310","48380","14930"
"2011-01-28","Gigabux","73913","56350","17563"
"2011-01-29","Gigabux","79921","60152","19769"
"2011-01-30","Gigabux","50236","38932","11304"
"2011-01-31","Gigabux","105912","82075","23837"
"2011-02-01","Gigabux","75659","57144","18515"
"2011-02-02","Gigabux","50134","36930","13204"
"2011-02-03","Gigabux","64621","48142","16479"
"2011-02-04","Gigabux","87140","64646","22494"
"2011-02-05","Gigabux","71237","57064","14173"
"2011-02-06","Gigabux","65374","46060","19314"
"2011-02-07","Gigabux","92562","69298","23264"
"2011-02-08","Gigabux","68295","50177","18118"
"2011-02-09","Gigabux","53788","40075","13713"
"2011-02-10","Gigabux","51006","39817","11189"
"2011-02-11","Gigabux","74415","57166","17249"
"2011-02-12","Gigabux","74187","58830","15357"
"2011-02-13","Gigabux","79798","59431","20367"
"2011-02-14","Gigabux","81249","60134","21115"
"2011-02-15","Gigabux","64724","48369","16355"
"2011-02-16","Gigabux","65700","48993","16707"
"2011-02-17","Gigabux","87065","64899","22166"
"2011-02-18","Gigabux","95145","72952","22193"
"2011-02-19","Gigabux","79353","58129","21224"
"2011-02-20","Gigabux","55486","42852","12634"
"2011-02-21","Gigabux","66521","51868","14653"
"2011-02-22","Gigabux","59259","45176","14083"
"2011-02-23","Gigabux","82781","62537","20244"
"2011-02-24","Gigabux","76809","57940","18869"
"2011-02-25","Gigabux","70582","54474","16108"
"2011-02-26","Gigabux","80304","64012","16292"
"2011-02-27","Gigabux","63353","47079","16274"
"2011-02-28","Gigabux","71590","53918","17672"
"2011-03-01","Gigabux","50834","39154","11680"
"2011-03-02","Gigabux","71562","51597","19965"
"2011-03-03","Gigabux","61336","47588","13748"
"2011-03-04","Gigabux","49856","34290","15566"
"2011-03-05","Gigabux","95909","75432","20477"
"2011-03-06","Gigabux","54246","39332","14914"
"2011-03-07","Gigabux","70657","51304","19353"
"2011-03-08","Gigabux","78972","57962","21010"
"2011-03-09","Gigabux","69220","52309","16911"
"2011-03-10","Gigabux","72659","53644","19015"
"2011-03-11","Gigabux","82107","63643","18464"
"2011-03-12","Gigabux","90739","65033","25706"
"2011-03-13","Gigabux","86520","64271","22249"
"2011-03-14","Gigabux","64299","47154","17145"
"2011-03-15","Gigabux","66599","51171","15428"
"2011-03-16","Gigabux","95959","71302","24657"
"2011-03-17","Gigabux","75311","53292","22019"
"2011-03-18","Gigabux","89018","69631","19387"
"2011-03-19","Gigabux","94448","72721","21727"
"2011-03-20","Gigabux","59771","46112","13659"
"2011-03-21","Gigabux","83412","64862","18550"
"2011-03-22","Gigabux","107692","81200","26492"
"2011-03-23","Gigabux","89466","70679","18787"
"2011-03-24","Gigabux","92126","68545","23581"
"2011-03-25","Gigabux","78750","58260","20490"
"2011-03-26","Gigabux","88751","66770","21981"
"2011-03-27","Gigabux","79922","56963","22959"
"2011-03-28","Gigabux","51563","40428","11135"
"2011-03-29","Gigabux","59132","43398","15734"
"2011-03-30","Gigabux","58328","42491","15837"
"2011-03-31","Gigabux","81678","59897","21781"
"2011-04-01","Gigabux","75658","57322","18336"
"2011-04-02","Gigabux","60019","47976","12043"
"2011-04-03","Gigabux","82196","67693","14503"
"2011-04-04","Gigabux","67214","51453","15761"
"2011-04-05","Gigabux","70108","51826","18282"
"2011-04-06","Gigabux","83584","65628","17956"
"2011-04-07","Gigabux","65232","50079","15153"
"2011-04-08","Gigabux","83435","62473","20962"
"2011-04-09","Gigabux","90938","69994","20944"
"2011-04-10","Gigabux","63931","45061","18870"
"2011-04-11","Gigabux","81739","61909","19830"
"2011-04-12","Gigabux","84662","62646","22016"
"2011-04-13","Gigabux","83585","62777","20808"
"2011-04-14","Gigabux","75484","60960","14524"
"2011-04-15","Gigabux","54132","37578","16554"
"2011-04-16","Gigabux","69527","53235","16292"
"2011-04-17","Gigabux","79249","56313","22936"
"2011-04-18","Gigabux","85539","64135","21404"
"2011-04-19","Gigabux","65760","50844","14916"
"2011-04-20","Gigabux","65502","48627","16875"
"2011-04-21","Gigabux","89549","71043","18506"
"2011-04-22","Gigabux","81939","64370","17569"
"2011-04-23","Gigabux","82224","60157","22067"
"2011-04-24","Gigabux","79057","57406","21651"
"2011-04-25","Gigabux","60530","47053","13477"
"2011-04-26","Gigabux","64458","48437","16021"
"2011-04-27","Gigabux","73973","54205","19768"
"2011-04-28","Gigabux","86799","64443","22356"
"2011-04-29","Gigabux","81118","63749","17369"
"2011-04-30","Gigabux","79550","56953","22597"
"2011-05-01","Gigabux","76429","57705","18724"
"2011-05-02","Gigabux","55292","43748","11544"
"2011-05-03","Gigabux","61339","44429","16910"
"2011-05-04","Gigabux","78595","62471","16124"
"2011-05-05","Gigabux","75077","57233","17844"
"2011-05-06","Gigabux","52389","42008","10381"
"2011-05-07","Gigabux","75395","55189","20206"
"2011-05-08","Gigabux","74953","55339","19614"
"2011-05-09","Gigabux","67712","50029","17683"
"2011-05-10","Gigabux","60994","45887","15107"
"2011-05-11","Gigabux","92808","69167","23641"
"2011-05-12","Gigabux","78749","59368","19381"
"2011-05-13","Gigabux","71711","53889","17822"
"2011-05-14","Gigabux","82426","60759","21667"
"2011-05-15","Gigabux","78574","56867","21707"
"2011-05-16","Gigabux","71111","51188","19923"
"2011-05-17","Gigabux","91955","67778","24177"
"2011-05-18","Gigabux","71475","50474","21001"
"2011-05-19","Gigabux","79833","60508","19325"
"2011-05-20","Gigabux","64139","46735","17404"
"2011-05-21","Gigabux","81256","61257","19999"
"2011-05-22","Gigabux","72480","56733","15747"
"2011-05-23","Gigabux","94921","71210","23711"
"2011-05-24","Gigabux","80529","61243","19286"
"2011-05-25","Gigabux","84535","62321","22214"
"2011-05-26","Gigabux","72409","54014","18395"
"2011-05-27","Gigabux","77018","58504","18514"
"2011-05-28","Gigabux","74245","52463","21782"
"2011-05-29","Gigabux","60224","46214","14010"
"2011-05-30","Gigabux","51305","38537","12768"
"2011-05-31","Gigabux","57792","43814","13978"
"2011-06-01","Gigabux","71317","53663","17654"
"2011-06-02","Gigabux","85269","67667","17602"
"2011-06-03","Gigabux","109856","83917","25939"
"2011-06-04","Gigabux","81838","59940","21898"
"2011-06-05","Gigabux","74062","53693","20369"
"2011-06-06","Gigabux","106121","78560","27561"
"2011-06-07","Gigabux","82325","61252","21073"
"2011-06-08","Gigabux","94742","74601","20141"
"2011-06-09","Gigabux","96641","73907","22734"
"2011-06-10","Gigabux","85079","61847","23232"
"2011-06-11","Gigabux","102058","76731","25327"
"2011-06-12","Gigabux","118331","85720","32611"
"2011-06-13","Gigabux","110851","83677","27174"
"2011-06-14","Gigabux","87087","66024","21063"
"2011-06-15","Gigabux","72544","57967","14577"
"2011-06-16","Gigabux","73288","55124","18164"
"2011-06-17","Gigabux","66448","50268","16180"
"2011-06-18","Gigabux","85763","65596","20167"
"2011-06-19","Gigabux","100015","78386","21629"
"2011-06-20","Gigabux","90736","67824","22912"
"2011-06-21","Gigabux","89002","67430","21572"
"2011-06-22","Gigabux","60841","45657","15184"
"2011-06-23","Gigabux","114106","86878","27228"
"2011-06-24","Gigabux","93829","69235","24594"
"2011-06-25","Gigabux","90098","67543","22555"
"2011-06-26","Gigabux","84231","61858","22373"
"2011-06-27","Gigabux","88280","68116","20164"
"2011-06-28","Gigabux","106180","77526","28654"
"2011-06-29","Gigabux","105018","76964","28054"
"2011-06-30","Gigabux","60761","43926","16835"
"2011-07-01","Gigabux","91562","70491","21071"
"2011-07-02","Gigabux","65899","49949","15950"
"2011-07-03","Gigabux","96672","74416","22256"
"2011-07-04","Gigabux","78219","57631","20588"
"2011-07-05","Gigabux","69225","51795","17430"
"2011-07-06","Gigabux","96847","71677","25170"
"2011-07-07","Gigabux","106512","83007","23505"
"2011-07-08","Gigabux","88019","66088","21931"
"2011-07-09","Gigabux","80466","61262","19204"
"2011-07-10","Gigabux","86357","62698","23659"
"2011-07-11","Gigabux","92453","67453","25000"
"2011-07-12","Gigabux","107684","81784","25900"
"2011-07-13","Gigabux","89386","68565","20821"
"2011-07-14","Gigabux","87843","68209","19634"
"2011-07-15","Gigabux","104636","75597","29039"
"2011-07-16","Gigabux","95612","75453","20159"
"2011-07-17","Gigabux","100938","76334","24604"
"2011-07-18","Gigabux","79001","59517","19484"
"2011-07-19","Gigabux","86063","68139","17924"
"2011-07-20","Gigabux","84639","64794","19845"
"2011-07-21","Gigabux","54894","42645","12249"
"2011-07-22","Gigabux","117211","84927","32284"
"2011-07-23","Gigabux","82665","60947","21718"
"2011-07-24","Gigabux","61798","47576","14222"
"2011-07-25","Gigabux","90833","69152","21681"
"2011-07-26","Gigabux","99397","70936","28461"
"2011-07-27","Gigabux","105789","83203","22586"
"2011-07-28","Gigabux","84080","61787","22293"
"2011-07-29","Gigabux","66723","49367","17356"
"2011-07-30","Gigabux","97161","76173","20988"
"2011-07-31","Gigabux","94014","72844","21170"
"2011-08-01","Gigabux","81565","60093","21472"
"2011-08-02","Gigabux","93108","73959","19149"
"2011-08-03","Gigabux","130172","97067","33105"
"2011-08-04","Gigabux","95657","71905","23752"
"2011-08-05","Gigabux","82594","64454","18140"
"2011-08-06","Gigabux","69344","52271","17073"
"2011-08-07","Gigabux","75648","56068","19580"
"2011-08-08","Gigabux","92479","66347","26132"
"2011-08-09","Gigabux","127806","94929","32877"
"2011-08-10","Gigabux","108274","78711","29563"
"2011-08-11","Gigabux","89486","64165","25321"
"2011-08-12","Gigabux","84982","62065","22917"
"2011-08-13","Gigabux","72567","58423","14144"
"2011-08-14","Gigabux","90472","68016","22456"
"2011-08-15","Gigabux","90027","67258","22769"
"2011-08-16","Gigabux","70033","50870","19163"
"2011-08-17","Gigabux","101463","75332","26131"
"2011-08-18","Gigabux","84864","65055","19809"
"2011-08-19","Gigabux","68220","50850","17370"
"2011-08-20","Gigabux","67491","52742","14749"
"2011-08-21","Gigabux","91938","65470","26468"
"2011-08-22","Gigabux","107757","83988","23769"
"2011-08-23","Gigabux","107890","79454","28436"
"2011-08-24","Gigabux","100882","72902","27980"
"2011-08-25","Gigabux","81320","62871","18449"
"2011-08-26","Gigabux","93248","69904","23344"
"2011-08-27","Gigabux","89625","70737","18888"
"2011-08-28","Gigabux","96273","74083","22190"
"2011-08-29","Gigabux","84786","62283","22503"
"2011-08-30","Gigabux","76181","57985","18196"
"2011-08-31","Gigabux","77928","58192","19736"
"2011-09-01","Gigabux","92417","70898","21519"
"2011-09-02","Gigabux","110045","85355","24690"
"2011-09-03","Gigabux","120614","89497","31117"
"2011-09-04","Gigabux","96956","75896","21060"
"2011-09-05","Gigabux","73829","56312","17517"
"2011-09-06","Gigabux","84571","62272","22299"
"2011-09-07","Gigabux","42351","32789","9562"
"2011-09-08","Gigabux","68762","53170","15592"
"2011-09-09","Gigabux","78450","57164","21286"
"2011-09-10","Gigabux","112176","87130","25046"
"2011-09-11","Gigabux","102794","75410","27384"
"2011-09-12","Gigabux","96357","74048","22309"
"2011-09-13","Gigabux","95053","70339","24714"
"2011-09-14","Gigabux","105937","78887","27050"
"2011-09-15","Gigabux","94584","71663","22921"
"2011-09-16","Gigabux","96971","74756","22215"
"2011-09-17","Gigabux","105043","78673","26370"
"2011-09-18","Gigabux","94138","75466","18672"
"2011-09-19","Gigabux","137565","104335","33230"
"2011-09-20","Gigabux","100896","76977","23919"
"2011-09-21","Gigabux","88408","67834","20574"
"2011-09-22","Gigabux","64393","49466","14927"
"2011-09-23","Gigabux","84683","63760","20923"
"2011-09-24","Gigabux","59762","45883","13879"
"2011-09-25","Gigabux","80229","60994","19235"
"2011-09-26","Gigabux","76967","59169","17798"
"2011-09-27","Gigabux","89981","68641","21340"
"2011-09-28","Gigabux","110534","84093","26441"
"2011-09-29","Gigabux","92596","72330","20266"
"2011-09-30","Gigabux","94636","69014","25622"
"2011-10-01","Gigabux","82325","60326","21999"
"2011-10-02","Gigabux","66741","48786","17955"
"2011-10-03","Gigabux","125642","98091","27551"
"2011-10-04","Gigabux","90002","68372","21630"
"2011-10-05","Gigabux","65932","47564","18368"
"2011-10-06","Gigabux","85411","65450","19961"
"2011-10-07","Gigabux","63357","47356","16001"
"2011-10-08","Gigabux","78027","58631","19396"
"2011-10-09","Gigabux","74343","55352","18991"
"2011-10-10","Gigabux","106023","81252","24771"
"2011-10-11","Gigabux","85437","62027","23410"
"2011-10-12","Gigabux","116589","88797","27792"
"2011-10-13","Gigabux","62930","48686","14244"
"2011-10-14","Gigabux","77775","55961","21814"
"2011-10-15","Gigabux","82171","57699","24472"
"2011-10-16","Gigabux","72418","57635","14783"
"2011-10-17","Gigabux","87788","67488","20300"
"2011-10-18","Gigabux","93890","71056","22834"
"2011-10-19","Gigabux","72221","57263","14958"
"2011-10-20","Gigabux","111182","82457","28725"
"2011-10-21","Gigabux","88631","68079","20552"
"2011-10-22","Gigabux","117353","89531","27822"
"2011-10-23","Gigabux","89399","66476","22923"
"2011-10-24","Gigabux","70754","54860","15894"
"2011-10-25","Gigabux","101642","75802","25840"
"2011-10-26","Gigabux","88597","66444","22153"
"2011-10-27","Gigabux","95840","68083","27757"
"2011-10-28","Gigabux","112190","88544","23646"
"2011-10-29","Gigabux","84293","64557","19736"
"2011-10-30","Gigabux","82224","57795","24429"
"2011-10-31","Gigabux","74686","54757","19929"
"2011-11-01","Gigabux","113604","87205","26399"
"2011-11-02","Gigabux","99131","74988","24143"
"2011-11-03","Gigabux","98313","75437","22876"
"2011-11-04","Gigabux","84578","63756","20822"
"2011-11-05","Gigabux","118892","91581","27311"
"2011-11-06","Gigabux","82767","64803","17964"
"2011-11-07","Gigabux","100229","77560","22669"
"2011-11-08","Gigabux","57536","43837","13699"
"2011-11-09","Gigabux","124932","95742","29190"
"2011-11-10","Gigabux","90929","67739","23190"
"2011-11-11","Gigabux","83979","58377","25602"
"2011-11-12","Gigabux","80315","58984","21331"
"2011-11-13","Gigabux","89201","68054","21147"
"2011-11-14","Gigabux","110293","81085","29208"
"2011-11-15","Gigabux","105415","83616","21799"
"2011-11-16","Gigabux","79548","60756","18792"
"2011-11-17","Gigabux","91142","68426","22716"
"2011-11-18","Gigabux","79301","59631","19670"
"2011-11-19","Gigabux","98190","77019","21171"
"2011-11-20","Gigabux","73955","56358","17597"
"2011-11-21","Gigabux","73557","53465","20092"
"2011-11-22","Gigabux","91369","69206","22163"
"2011-11-23","Gigabux","67491","49188","18303"
"2011-11-24","Gigabux","97672","77674","19998"
"2011-11-25","Gigabux","62277","46803","15474"
"2011-11-26","Gigabux","84361","63874","20487"
"2011-11-27","Gigabux","89088","69565","19523"
"2011-11-28","Gigabux","120908","91381","29527"
"2011-11-29","Gigabux","94495","74015","20480"
"2011-11-30","Gigabux","80846","59843","21003"
"2011-12-01","Gigabux","100740","79467","21273"
"2011-12-02","Gigabux","89555","65304","24251"
"2011-12-03","Gigabux","95804","70878","24926"
"2011-12-04","Gigabux","93859","70970","22889"
"2011-12-05","Gigabux","100568","71738","28830"
"2011-12-06","Gigabux","77490","59971","17519"
"2011-12-07","Gigabux","86532","67435","19097"
"2011-12-08","Gigabux","106809","82092","24717"
"2011-12-09","Gigabux","81488","58511","22977"
"2011-12-10","Gigabux","74192","58022","16170"
"2011-12-11","Gigabux","95707","71144","24563"
"2011-12-12","Gigabux","68814","50213","18601"
"2011-12-13","Gigabux","60316","47078","13238"
"2011-12-14","Gigabux","85713","69085","16628"
"2011-12-15","Gigabux","101061","75439","25622"
"2011-12-16","Gigabux","69023","51472","17551"
"2011-12-17","Gigabux","109788","80692","29096"
"2011-12-18","Gigabux","74069","55103","18966"
"2011-12-19","Gigabux","91248","73099","18149"
"2011-12-20","Gigabux","97520","74484","23036"
"2011-12-21","Gigabux","91425","68857","22568"
"2011-12-22","Gigabux","96851","70945","25906"
"2011-12-23","Gigabux","36177","27145","9032"
"2011-12-24","Gigabux","94677","69024","25653"
"2011-12-25","Gigabux","76033","55672","20361"
"2011-12-26","Gigabux","95780","71800","23980"
"2011-12-27","Gigabux","100264","74309","25955"
"2011-12-28","Gigabux","86893","63007","23886"
"2011-12-29","Gigabux","145439","108711","36728"
"2011-12-30","Gigabux","106906","78213","28693"
"2011-12-31","Gigabux","93158","70105","23053"
"2012-01-01","Gigabux","123453","92514","30939"
"2012-01-02","Gigabux","137209","103538","33671"
"2012-01-03","Gigabux","123487","91176","32311"
"2012-01-04","Gigabux","129474","97143","32331"
"2012-01-05","Gigabux","116547","89722","26825"
"2012-01-06","Gigabux","143797","109371","34426"
"2012-01-07","Gigabux","120090","86640","33450"
"2012-01-08","Gigabux","122906","88951","33955"
"2012-01-09","Gigabux","147791","108172","39619"
"2012-01-10","Gigabux","106393","83403","22990"
"2012-01-11","Gigabux","117648","88801","28847"
"2012-01-12","Gigabux","131288","98167","33121"
"2012-01-13","Gigabux","135198","101365","33833"
"2012-01-14","Gigabux","142263","111094","31169"
"2012-01-15","Gigabux","118620","89232","29388"
"2012-01-16","Gigabux","122349","93551","28798"
"2012-01-17","Gigabux","114116","86547","27569"
"2012-01-18","Gigabux","93162","70888","22274"
"2012-01-19","Gigabux","120209","91416","28793"
"2012-01-20","Gigabux","106538","83116","23422"
"2012-01-21","Gigabux","129766","94324","35442"
"2012-01-22","Gigabux","118964","90537","28427"
"2012-01-23","Gigabux","102169","73904","28265"
"2012-01-24","Gigabux","132766","100921","31845"
"2012-01-25","Gigabux","143833","109290","34543"
"2012-01-26","Gigabux","114775","86793","27982"
"2012-01-27","Gigabux","133368","101426","31942"
"2012-01-28","Gigabux","132300","99012","33288"
"2012-01-29","Gigabux","137542","102979","34563"
"2012-01-30","Gigabux","94271","71562","22709"
"2012-01-31","Gigabux","156653","121810","34843"
"2012-02-01","Gigabux","147367","112979","34388"
"2012-02-02","Gigabux","142835","113138","29697"
"2012-02-03","Gigabux","107078","82370","24708"
"2012-02-04","Gigabux","109581","85033","24548"
"2012-02-05","Gigabux","141727","110588","31139"
"2012-02-06","Gigabux","134254","102339","31915"
"2012-02-07","Gigabux","137225","104063","33162"
"2012-02-08","Gigabux","126753","93950","32803"
"2012-02-09","Gigabux","142180","103084","39096"
"2012-02-10","Gigabux","130241","99109","31132"
"2012-02-11","Gigabux","140203","106799","33404"
"2012-02-12","Gigabux","137231","105996","31235"
"2012-02-13","Gigabux","133350","103626","29724"
"2012-02-14","Gigabux","128302","104641","23661"
"2012-02-15","Gigabux","144081","105667","38414"
"2012-02-16","Gigabux","156209","117513","38696"
"2012-02-17","Gigabux","132467","101613","30854"
"2012-02-18","Gigabux","102492","78252","24240"
"2012-02-19","Gigabux","145029","110469","34560"
"2012-02-20","Gigabux","128828","98770","30058"
"2012-02-21","Gigabux","144690","112940","31750"
"2012-02-22","Gigabux","141442","106947","34495"
"2012-02-23","Gigabux","118568","86896","31672"
"2012-02-24","Gigabux","141562","106726","34836"
"2012-02-25","Gigabux","171386","131642","39744"
"2012-02-26","Gigabux","119196","88171","31025"
"2012-02-27","Gigabux","121604","94997","26607"
"2012-02-28","Gigabux","161052","124332","36720"
"2012-02-29","Gigabux","89497","67259","22238"
"2012-03-01","Gigabux","136784","104901","31883"
"2012-03-02","Gigabux","150581","114642","35939"
"2012-03-03","Gigabux","123464","94101","29363"
"2012-03-04","Gigabux","110053","81261","28792"
"2012-03-05","Gigabux","102643","77391","25252"
"2012-03-06","Gigabux","134164","103634","30530"
"2012-03-07","Gigabux","142501","106471","36030"
"2012-03-08","Gigabux","140108","102411","37697"
"2012-03-09","Gigabux","137495","104563","32932"
"2012-03-10","Gigabux","156015","117819","38196"
"2012-03-11","Gigabux","131313","97659","33654"
"2012-03-12","Gigabux","118899","89209","29690"
"2012-03-13","Gigabux","127548","97383","30165"
"2012-03-14","Gigabux","141453","106052","35401"
"2012-03-15","Gigabux","150343","116740","33603"
"2012-03-16","Gigabux","133327","101531","31796"
"2012-03-17","Gigabux","126353","96321","30032"
"2012-03-18","Gigabux","84514","61858","22656"
"2012-03-19","Gigabux","148224","114494","33730"
"2012-03-20","Gigabux","125553","92760","32793"
"2012-03-21","Gigabux","121370","89726","31644"
"2012-03-22","Gigabux","157220","114711","42509"
"2012-03-23","Gigabux","114351","85927","28424"
"2012-03-24","Gigabux","136699","100599","36100"
"2012-03-25","Gigabux","128068","99202","28866"
"2012-03-26","Gigabux","119065","91217","27848"
"2012-03-27","Gigabux","129098","96803","32295"
"2012-03-28","Gigabux","159347","121566","37781"
"2012-03-29","Gigabux","159986","121879","38107"
"2012-03-30","Gigabux","112979","85097","27882"
"2012-03-31","Gigabux","159606","119735","39871"
"2012-04-01","Gigabux","166511","126792","39719"
"2012-04-02","Gigabux","118249","87518","30731"
"2012-04-03","Gigabux","91189","69352","21837"
"2012-04-04","Gigabux","126846","98028","28818"
"2012-04-05","Gigabux","143028","106118","36910"
"2012-04-06","Gigabux","155693","115428","40265"
"2012-04-07","Gigabux","195441","149926","45515"
"2012-04-08","Gigabux","143294","108835","34459"
"2012-04-09","Gigabux","133951","101512","32439"
"2012-04-10","Gigabux","140162","106213","33949"
"2012-04-11","Gigabux","150069","114379","35690"
"2012-04-12","Gigabux","143526","114220","29306"
"2012-04-13","Gigabux","172227","127976","44251"
"2012-04-14","Gigabux","126940","91171","35769"
"2012-04-15","Gigabux","161171","121650","39521"
"2012-04-16","Gigabux","161939","122620","39319"
"2012-04-17","Gigabux","145041","111845","33196"
"2012-04-18","Gigabux","148705","111808","36897"
"2012-04-19","Gigabux","150889","111150","39739"
"2012-04-20","Gigabux","143184","106541","36643"
"2012-04-21","Gigabux","144284","109321","34963"
"2012-04-22","Gigabux","147030","112431","34599"
"2012-04-23","Gigabux","110233","85419","24814"
"2012-04-24","Gigabux","116761","87934","28827"
"2012-04-25","Gigabux","106593","82579","24014"
"2012-04-26","Gigabux","137206","101252","35954"
"2012-04-27","Gigabux","150152","113110","37042"
"2012-04-28","Gigabux","138146","103284","34862"
"2012-04-29","Gigabux","167996","127897","40099"
"2012-04-30","Gigabux","129492","95741","33751"
"2012-05-01","Gigabux","126330","96740","29590"
"2012-05-02","Gigabux","132120","100866","31254"
"2012-05-03","Gigabux","150206","116844","33362"
"2012-05-04","Gigabux","98167","69637","28530"
"2012-05-05","Gigabux","163724","124824","38900"
"2012-05-06","Gigabux","140662","105056","35606"
"2012-05-07","Gigabux","127776","95019","32757"
"2012-05-08","Gigabux","153255","113986","39269"
"2012-05-09","Gigabux","181354","136920","44434"
"2012-05-10","Gigabux","120655","89736","30919"
"2012-05-11","Gigabux","155639","118872","36767"
"2012-05-12","Gigabux","183015","140450","42565"
"2012-05-13","Gigabux","160046","122130","37916"
"2012-05-14","Gigabux","161216","126173","35043"
"2012-05-15","Gigabux","136010","101364","34646"
"2012-05-16","Gigabux","180176","138796","41380"
"2012-05-17","Gigabux","116638","86066","30572"
"2012-05-18","Gigabux","145863","109487","36376"
"2012-05-19","Gigabux","139484","101906","37578"
"2012-05-20","Gigabux","118302","92519","25783"
"2012-05-21","Gigabux","136365","101648","34717"
"2012-05-22","Gigabux","139813","107717","32096"
"2012-05-23","Gigabux","129710","97178","32532"
"2012-05-24","Gigabux","157982","121877","36105"
"2012-05-25","Gigabux","127862","94421","33441"
"2012-05-26","Gigabux","157570","118038","39532"
"2012-05-27","Gigabux","164809","128230","36579"
"2012-05-28","Gigabux","143273","107616","35657"
"2012-05-29","Gigabux","176024","133813","42211"
"2012-05-30","Gigabux","146694","109126","37568"
"2012-05-31","Gigabux","112708","84448","28260"
"2012-06-01","Gigabux","51619","40340","11279"
"2012-06-02","Gigabux","69146","52671","16475"
"2012-06-03","Gigabux","74041","56921","17120"
"2012-06-04","Gigabux","76320","54822","21498"
"2012-06-05","Gigabux","57817","40891","16926"
"2012-06-06","Gigabux","75399","56995","18404"
"2012-06-07","Gigabux","68518","52966","15552"
"2012-06-08","Gigabux","48564","36001","12563"
"2012-06-09","Gigabux","39377","28561","10816"
"2012-06-10","Gigabux","73275","54467","18808"
"2012-06-11","Gigabux","60345","45487","14858"
"2012-06-12","Gigabux","69197","51516","17681"
"2012-06-13","Gigabux","79177","63771","15406"
"2012-06-14","Gigabux","78460","60056","18404"
"2012-06-15","Gigabux","69611","54480","15131"
"2012-06-16","Gigabux","64253","48649","15604"
"2012-06-17","Gigabux","59418","43703","15715"
"2012-06-18","Gigabux","54106","40925","13181"
"2012-06-19","Gigabux","75677","58077","17600"
"2012-06-20","Gigabux","53663","39725","13938"
"2012-06-21","Gigabux","56559","42608","13951"
"2012-06-22","Gigabux","48194","33778","14416"
"2012-06-23","Gigabux","90054","71788","18266"
"2012-06-24","Gigabux","91068","70360","20708"
"2012-06-25","Gigabux","60785","45711","15074"
"2012-06-26","Gigabux","71805","55818","15987"
"2012-06-27","Gigabux","54735","40886","13849"
"2012-06-28","Gigabux","59970","43984","15986"
"2012-06-29","Gigabux","73001","55595","17406"
"2012-06-30","Gigabux","66699","51887","14812"
"2012-07-01","Gigabux","68183","53173","15010"
"2012-07-02","Gigabux","36692","27221","9471"
"2012-07-03","Gigabux","60203","46782","13421"
"2012-07-04","Gigabux","96093","72807","23286"
"2012-07-05","Gigabux","62129","45013","17116"
"2012-07-06","Gigabux","44074","33129","10945"
"2012-07-07","Gigabux","74330","57618","16712"
"2012-07-08","Gigabux","61229","44944","16285"
"2012-07-09","Gigabux","84327","68575","15752"
"2012-07-10","Gigabux","63132","46432","16700"
"2012-07-11","Gigabux","81361","61932","19429"
"2012-07-12","Gigabux","77123","57746","19377"
"2012-07-13","Gigabux","60526","45220","15306"
"2012-07-14","Gigabux","66399","49730","16669"
"2012-07-15","Gigabux","68112","52601","15511"
"2012-07-16","Gigabux","70382","53383","16999"
"2012-07-17","Gigabux","61392","44892","16500"
"2012-07-18","Gigabux","80405","62701","17704"
"2012-07-19","Gigabux","69723","53279","16444"
"2012-07-20","Gigabux","51256","38496","12760"
"2012-07-21","Gigabux","48430","34615","13815"
"2012-07-22","Gigabux","72961","53125","19836"
"2012-07-23","Gigabux","49687","40013","9674"
"2012-07-24","Gigabux","61541","46336","15205"
"2012-07-25","Gigabux","66257","50215","16042"
"2012-07-26","Gigabux","56304","41828","14476"
"2012-07-27","Gigabux","77577","56367","21210"
"2012-07-28","Gigabux","64850","48777","16073"
"2012-07-29","Gigabux","76270","56782","19488"
"2012-07-30","Gigabux","71958","55006","16952"
"2012-07-31","Gigabux","44703","32191","12512"
"2012-08-01","Gigabux","67170","51534","15636"
"2012-08-02","Gigabux","66035","47494","18541"
"2012-08-03","Gigabux","81379","62734","18645"
"2012-08-04","Gigabux","49214","38112","11102"
"2012-08-05","Gigabux","94778","74296","20482"
"2012-08-06","Gigabux","51145","39432","11713"
"2012-08-07","Gigabux","57933","43632","14301"
"2012-08-08","Gigabux","58145","40813","17332"
"2012-08-09","Gigabux","60781","48110","12671"
"2012-08-10","Gigabux","59491","44325","15166"
"2012-08-11","Gigabux","47991","34097","13894"
"2012-08-12","Gigabux","60294","44818","15476"
"2012-08-13","Gigabux","61641","46062","15579"
"2012-08-14","Gigabux","74836","56452","18384"
"2012-08-15","Gigabux","70823","53981","16842"
"2012-08-16","Gigabux","61656","47801","13855"
"2012-08-17","Gigabux","63624","48116","15508"
"2012-08-18","Gigabux","72822","57003","15819"
"2012-08-19","Gigabux","72597","54510","18087"
"2012-08-20","Gigabux","67153","49763","17390"
"2012-08-21","Gigabux","62864","47494","15370"
"2012-08-22","Gigabux","92768","70611","22157"
"2012-08-23","Gigabux","54790","39419","15371"
"2012-08-24","Gigabux","68767","50180","18587"
"2012-08-25","Gigabux","63612","47428","16184"
"2012-08-26","Gigabux","53605","39579","14026"
"2012-08-27","Gigabux","60474","46843","13631"
"2012-08-28","Gigabux","67939","50773","17166"
"2012-08-29","Gigabux","93069","72324","20745"
"2012-08-30","Gigabux","90172","66167","24005"
"2012-08-31","Gigabux","52602","40527","12075"
"2012-09-01","Gigabux","60387","46122","14265"
"2012-09-02","Gigabux","52847","41372","11475"
"2012-09-03","Gigabux","88967","66594","22373"
"2012-09-04","Gigabux","76977","60274","16703"
"2012-09-05","Gigabux","60891","46040","14851"
"2012-09-06","Gigabux","58629","44406","14223"
"2012-09-07","Gigabux","99074","77450","21624"
"2012-09-08","Gigabux","97288","75059","22229"
"2012-09-09","Gigabux","55347","43437","11910"
"2012-09-10","Gigabux","56004","41627","14377"
"2012-09-11","Gigabux","53684","41529","12155"
"2012-09-12","Gigabux","53385","37890","15495"
"2012-09-13","Gigabux","73962","56382","17580"
"2012-09-14","Gigabux","58653","44011","14642"
"2012-09-15","Gigabux","78456","59748","18708"
"2012-09-16","Gigabux","84572","64991","19581"
"2012-09-17","Gigabux","56447","44349","12098"
"2012-09-18","Gigabux","49509","38611","10898"
"2012-09-19","Gigabux","48967","34639","14328"
"2012-09-20","Gigabux","79524","62060","17464"
"2012-09-21","Gigabux","70865","53309","17556"
"2012-09-22","Gigabux","91145","71252","19893"
"2012-09-23","Gigabux","49250","36485","12765"
"2012-09-24","Gigabux","79608","62152","17456"
"2012-09-25","Gigabux","69094","51899","17195"
"2012-09-26","Gigabux","73105","56929","16176"
"2012-09-27","Gigabux","56400","42814","13586"
"2012-09-28","Gigabux","66478","49998","16480"
"2012-09-29","Gigabux","84448","62285","22163"
"2012-09-30","Gigabux","51972","39501","12471"
"2012-10-01","Gigabux","96238","72534","23704"
"2012-10-02","Gigabux","65546","50134","15412"
"2012-10-03","Gigabux","83183","61943","21240"
"2012-10-04","Gigabux","55400","40011","15389"
"2012-10-05","Gigabux","74022","55757","18265"
"2012-10-06","Gigabux","67636","49723","17913"
"2012-10-07","Gigabux","74904","57952","16952"
"2012-10-08","Gigabux","61665","46654","15011"
"2012-10-09","Gigabux","78236","53352","24884"
"2012-10-10","Gigabux","57587","43951","13636"
"2012-10-11","Gigabux","50237","37838","12399"
"2012-10-12","Gigabux","90673","66251","24422"
"2012-10-13","Gigabux","92976","71342","21634"
"2012-10-14","Gigabux","81435","61999","19436"
"2012-10-15","Gigabux","66193","47680","18513"
"2012-10-16","Gigabux","82553","66119","16434"
"2012-10-17","Gigabux","52996","40561","12435"
"2012-10-18","Gigabux","50187","37966","12221"
"2012-10-19","Gigabux","67390","49240","18150"
"2012-10-20","Gigabux","72935","56699","16236"
"2012-10-21","Gigabux","92726","70750","21976"
"2012-10-22","Gigabux","101127","77033","24094"
"2012-10-23","Gigabux","56514","43989","12525"
"2012-10-24","Gigabux","66069","49298","16771"
"2012-10-25","Gigabux","69511","52139","17372"
"2012-10-26","Gigabux","107404","80920","26484"
"2012-10-27","Gigabux","119199","91221","27978"
"2012-10-28","Gigabux","66666","47872","18794"
"2012-10-29","Gigabux","83597","61697","21900"
"2012-10-30","Gigabux","90800","64973","25827"
"2012-10-31","Gigabux","85424","64696","20728"
"2012-11-01","Gigabux","67936","55861","12075"
"2012-11-02","Gigabux","88496","69337","19159"
"2012-11-03","Gigabux","63408","49050","14358"
"2012-11-04","Gigabux","65195","48156","17039"
"2012-11-05","Gigabux","60580","45279","15301"
"2012-11-06","Gigabux","66752","53741","13011"
"2012-11-07","Gigabux","75534","60179","15355"
"2012-11-08","Gigabux","52642","39545","13097"
"2012-11-09","Gigabux","65178","48183","16995"
"2012-11-10","Gigabux","71051","55004","16047"
"2012-11-11","Gigabux","67443","48545","18898"
"2012-11-12","Gigabux","76023","55234","20789"
"2012-11-13","Gigabux","94123","74229","19894"
"2012-11-14","Gigabux","92477","70674","21803"
"2012-11-15","Gigabux","69766","56054","13712"
"2012-11-16","Gigabux","64866","48780","16086"
"2012-11-17","Gigabux","69081","50379","18702"
"2012-11-18","Gigabux","87160","68721","18439"
"2012-11-19","Gigabux","73484","51823","21661"
"2012-11-20","Gigabux","90423","70960","19463"
"2012-11-21","Gigabux","71545","51979","19566"
"2012-11-22","Gigabux","60968","43669","17299"
"2012-11-23","Gigabux","69959","52851","17108"
"2012-11-24","Gigabux","85034","65256","19778"
"2012-11-25","Gigabux","73757","54464","19293"
"2012-11-26","Gigabux","88212","68075","20137"
"2012-11-27","Gigabux","65913","51968","13945"
"2012-11-28","Gigabux","69752","50343","19409"
"2012-11-29","Gigabux","73622","54125","19497"
"2012-11-30","Gigabux","92671","73074","19597"
"2012-12-01","Gigabux","100848","76720","24128"
"2012-12-02","Gigabux","88644","67806","20838"
"2012-12-03","Gigabux","52783","36149","16634"
"2012-12-04","Gigabux","73749","54395","19354"
"2012-12-05","Gigabux","73192","54553","18639"
"2012-12-06","Gigabux","55440","40650","14790"
"2012-12-07","Gigabux","86171","63175","22996"
"2012-12-08","Gigabux","69986","53657","16329"
"2012-12-09","Gigabux","93031","69620","23411"
"2012-12-10","Gigabux","97159","71002","26157"
"2012-12-11","Gigabux","43215","31968","11247"
"2012-12-12","Gigabux","80034","62235","17799"
"2012-12-13","Gigabux","69275","52793","16482"
"2012-12-14","Gigabux","52814","37189","15625"
"2012-12-15","Gigabux","70435","52223","18212"
"2012-12-16","Gigabux","84952","65991","18961"
"2012-12-17","Gigabux","101693","73929","27764"
"2012-12-18","Gigabux","72665","52913","19752"
"2012-12-19","Gigabux","50387","37366","13021"
"2012-12-20","Gigabux","76100","57766","18334"
"2012-12-21","Gigabux","67003","48274","18729"
"2012-12-22","Gigabux","66496","50522","15974"
"2012-12-23","Gigabux","80171","59301","20870"
"2012-12-24","Gigabux","73232","51784","21448"
"2012-12-25","Gigabux","71715","53955","17760"
"2012-12-26","Gigabux","69357","55001","14356"
"2012-12-27","Gigabux","70182","51785","18397"
"2012-12-28","Gigabux","74056","55804","18252"
"2012-12-29","Gigabux","57222","42798","14424"
"2012-12-30","Gigabux","54204","42657","11547"
"2012-12-31","Gigabux","67860","52198","15662"
"2013-01-01","Gigabux","61054","45089","15965"
"2013-01-02","Gigabux","237869","178439","59430"
"2013-01-03","Gigabux","217638","160656","56982"
"2013-01-04","Gigabux","248461","192601","55860"
"2013-01-05","Gigabux","172649","123677","48972"
"2013-01-06","Gigabux","155290","118427","36863"
"2013-01-07","Gigabux","224381","162028","62353"
"2013-01-08","Gigabux","257424","193969","63455"
"2013-01-09","Gigabux","218453","168327","50126"
"2013-01-10","Gigabux","216294","161598","54696"
"2013-01-11","Gigabux","238131","177481","60650"
"2013-01-12","Gigabux","216367","162181","54186"
"2013-01-13","Gigabux","209500","156955","52545"
"2013-01-14","Gigabux","212619","157858","54761"
"2013-01-15","Gigabux","191232","146552","44680"
"2013-01-16","Gigabux","216555","164287","52268"
"2013-01-17","Gigabux","232070","173395","58675"
"2013-01-18","Gigabux","241111","186269","54842"
"2013-01-19","Gigabux","178940","130153","48787"
"2013-01-20","Gigabux","258891","190224","68667"
"2013-01-21","Gigabux","175026","130085","44941"
"2013-01-22","Gigabux","196513","143180","53333"
"2013-01-23","Gigabux","240687","180245","60442"
"2013-01-24","Gigabux","204607","148351","56256"
"2013-01-25","Gigabux","235948","173028","62920"
"2013-01-26","Gigabux","203378","150040","53338"
"2013-01-27","Gigabux","252627","191745","60882"
"2013-01-28","Gigabux","186329","138113","48216"
"2013-01-29","Gigabux","160388","120219","40169"
"2013-01-30","Gigabux","212581","157727","54854"
"2013-01-31","Gigabux","244664","180534","64130"
"2013-02-01","Gigabux","229999","168137","61862"
"2013-02-02","Gigabux","235751","178571","57180"
"2013-02-03","Gigabux","231275","169173","62102"
"2013-02-04","Gigabux","215411","159346","56065"
"2013-02-05","Gigabux","259477","202101","57376"
"2013-02-06","Gigabux","217386","162714","54672"
"2013-02-07","Gigabux","234043","180294","53749"
"2013-02-08","Gigabux","240872","181924","58948"
"2013-02-09","Gigabux","253531","188956","64575"
"2013-02-10","Gigabux","221612","162483","59129"
"2013-02-11","Gigabux","210747","157801","52946"
"2013-02-12","Gigabux","252572","186288","66284"
"2013-02-13","Gigabux","220745","164546","56199"
"2013-02-14","Gigabux","195902","150008","45894"
"2013-02-15","Gigabux","268258","199743","68515"
"2013-02-16","Gigabux","252330","191369","60961"
"2013-02-17","Gigabux","255558","193054","62504"
"2013-02-18","Gigabux","274925","203483","71442"
"2013-02-19","Gigabux","231426","176378","55048"
"2013-02-20","Gigabux","249326","184693","64633"
"2013-02-21","Gigabux","256521","193773","62748"
"2013-02-22","Gigabux","300133","224675","75458"
"2013-02-23","Gigabux","225770","166413","59357"
"2013-02-24","Gigabux","216272","161498","54774"
"2013-02-25","Gigabux","229857","173314","56543"
"2013-02-26","Gigabux","239796","183823","55973"
"2013-02-27","Gigabux","219659","165764","53895"
"2013-02-28","Gigabux","250631","181883","68748"
"2013-03-01","Gigabux","101368","78340","23028"
"2013-03-02","Gigabux","127614","95109","32505"
"2013-03-03","Gigabux","227071","170417","56654"
"2013-03-04","Gigabux","262456","193163","69293"
"2013-03-05","Gigabux","242002","177791","64211"
"2013-03-06","Gigabux","275042","201393","73649"
"2013-03-07","Gigabux","265826","199129","66697"
"2013-03-08","Gigabux","240278","175773","64505"
"2013-03-09","Gigabux","265623","200000","65623"
"2013-03-10","Gigabux","194604","141458","53146"
"2013-03-11","Gigabux","266197","198071","68126"
"2013-03-12","Gigabux","282340","210555","71785"
"2013-03-13","Gigabux","235294","177645","57649"
"2013-03-14","Gigabux","202197","145328","56869"
"2013-03-15","Gigabux","269196","196630","72566"
"2013-03-16","Gigabux","272321","205441","66880"
"2013-03-17","Gigabux","256358","190091","66267"
"2013-03-18","Gigabux","223442","171006","52436"
"2013-03-19","Gigabux","250488","185258","65230"
"2013-03-20","Gigabux","273731","198591","75140"
"2013-03-21","Gigabux","262759","194460","68299"
"2013-03-22","Gigabux","269467","200659","68808"
"2013-03-23","Gigabux","293489","217951","75538"
"2013-03-24","Gigabux","258495","196122","62373"
"2013-03-25","Gigabux","244923","181620","63303"
"2013-03-26","Gigabux","293738","220699","73039"
"2013-03-27","Gigabux","182715","136789","45926"
"2013-03-28","Gigabux","253520","189205","64315"
"2013-03-29","Gigabux","250964","185917","65047"
"2013-03-30","Gigabux","313229","234693","78536"
"2013-03-31","Gigabux","282544","213985","68559"
"2013-04-01","Gigabux","280827","207993","72834"
"2013-04-02","Gigabux","243862","177446","66416"
"2013-04-03","Gigabux","226410","169318","57092"
"2013-04-04","Gigabux","263607","193243","70364"
"2013-04-05","Gigabux","237221","166766","70455"
"2013-04-06","Gigabux","211179","160206","50973"
"2013-04-07","Gigabux","257240","190744","66496"
"2013-04-08","Gigabux","219191","161479","57712"
"2013-04-09","Gigabux","237142","173366","63776"
"2013-04-10","Gigabux","269851","204479","65372"
"2013-04-11","Gigabux","266446","198830","67616"
"2013-04-12","Gigabux","282380","211287","71093"
"2013-04-13","Gigabux","248192","186274","61918"
"2013-04-14","Gigabux","282782","206719","76063"
"2013-04-15","Gigabux","252266","192119","60147"
"2013-04-16","Gigabux","257674","190386","67288"
"2013-04-17","Gigabux","251143","182770","68373"
"2013-04-18","Gigabux","252257","189781","62476"
"2013-04-19","Gigabux","254117","182840","71277"
"2013-04-20","Gigabux","294774","224527","70247"
"2013-04-21","Gigabux","228499","167785","60714"
"2013-04-22","Gigabux","228118","165085","63033"
"2013-04-23","Gigabux","232169","170611","61558"
"2013-04-24","Gigabux","280230","205391","74839"
"2013-04-25","Gigabux","259132","192476","66656"
"2013-04-26","Gigabux","224318","165834","58484"
"2013-04-27","Gigabux","263261","195003","68258"
"2013-04-28","Gigabux","225328","165874","59454"
"2013-04-29","Gigabux","202726","151689","51037"
"2013-04-30","Gigabux","222742","167649","55093"
"2013-05-01","Gigabux","116111","84082","32029"
"2013-05-02","Gigabux","298070","216306","81764"
"2013-05-03","Gigabux","277870","205220","72650"
"2013-05-04","Gigabux","285254","206507","78747"
"2013-05-05","Gigabux","298913","211528","87385"
"2013-05-06","Gigabux","265962","187839","78123"
"2013-05-07","Gigabux","272183","190335","81848"
"2013-05-08","Gigabux","276698","201119","75579"
"2013-05-09","Gigabux","253424","179555","73869"
"2013-05-10","Gigabux","298074","213495","84579"
"2013-05-11","Gigabux","297631","219305","78326"
"2013-05-12","Gigabux","329856","242030","87826"
"2013-05-13","Gigabux","255860","182406","73454"
"2013-05-14","Gigabux","271084","194296","76788"
"2013-05-15","Gigabux","262214","190989","71225"
"2013-05-16","Gigabux","244368","175648","68720"
"2013-05-17","Gigabux","254802","182165","72637"
"2013-05-18","Gigabux","219775","159326","60449"
"2013-05-19","Gigabux","320168","236662","83506"
"2013-05-20","Gigabux","290981","210577","80404"
"2013-05-21","Gigabux","290042","208431","81611"
"2013-05-22","Gigabux","294855","212054","82801"
"2013-05-23","Gigabux","304043","221925","82118"
"2013-05-24","Gigabux","325483","240819","84664"
"2013-05-25","Gigabux","295452","217472","77980"
"2013-05-26","Gigabux","289208","211835","77373"
"2013-05-27","Gigabux","305833","220976","84857"
"2013-05-28","Gigabux","276524","201533","74991"
"2013-05-29","Gigabux","273394","201651","71743"
"2013-05-30","Gigabux","261165","184612","76553"
"2013-05-31","Gigabux","193133","133351","59782"
"2008-06-01","Homertech","58238","49220","9018"
"2008-06-02","Homertech","6629","5709","920"
"2008-06-03","Homertech","5839","5069","770"
"2008-06-04","Homertech","56057","53590","2467"
"2008-06-05","Homertech","25037","20026","5011"
"2008-06-06","Homertech","29996","27364","2632"
"2008-06-07","Homertech","17307","14922","2385"
"2008-06-08","Homertech","5909","5661","248"
"2008-06-09","Homertech","15788","14322","1466"
"2008-06-10","Homertech","91244","81001","10243"
"2008-06-11","Homertech","59094","48254","10840"
"2008-06-12","Homertech","6629","5709","920"
"2008-06-13","Homertech","54386","48036","6350"
"2008-06-15","Homertech","66694","59345","7349"
"2008-06-16","Homertech","6629","5709","920"
"2008-06-17","Homertech","87356","78065","9291"
"2008-06-18","Homertech","7858","7605","253"
"2008-06-19","Homertech","86196","79565","6631"
"2008-06-20","Homertech","35219","30957","4262"
"2008-06-21","Homertech","70438","61914","8524"
"2008-06-22","Homertech","5909","5661","248"
"2008-06-23","Homertech","1949","1944","5"
"2008-06-24","Homertech","73285","61649","11636"
"2008-06-25","Homertech","8578","7653","925"
"2008-06-26","Homertech","22456","20070","2386"
"2008-06-27","Homertech","32178","26876","5302"
"2008-06-28","Homertech","12967","11338","1629"
"2008-06-29","Homertech","17636","16010","1626"
"2008-06-30","Homertech","3909","2981","928"
"2008-07-01","Homertech","34435","26607","7828"
"2008-07-02","Homertech","54804","43912","10892"
"2008-07-03","Homertech","57955","54798","3157"
"2008-07-04","Homertech","16918","16151","767"
"2008-07-05","Homertech","129433","113805","15628"
"2008-07-06","Homertech","74855","64221","10634"
"2008-07-07","Homertech","16268","15026","1242"
"2008-07-08","Homertech","23056","20886","2170"
"2008-07-09","Homertech","48847","46921","1926"
"2008-07-10","Homertech","45207","40249","4958"
"2008-07-11","Homertech","66226","56789","9437"
"2008-07-12","Homertech","25757","20074","5683"
"2008-07-13","Homertech","7788","7013","775"
"2008-07-14","Homertech","5909","5661","248"
"2008-07-15","Homertech","22378","17317","5061"
"2008-07-17","Homertech","17647","15103","2544"
"2008-07-18","Homertech","21886","18431","3455"
"2008-07-19","Homertech","95063","82849","12214"
"2008-07-20","Homertech","60704","54262","6442"
"2008-07-21","Homertech","23019","18263","4756"
"2008-07-23","Homertech","48876","41988","6888"
"2008-07-24","Homertech","13258","11418","1840"
"2008-07-25","Homertech","10097","8253","1844"
"2008-07-26","Homertech","5839","5069","770"
"2008-07-27","Homertech","40989","39316","1673"
"2008-07-28","Homertech","47618","45025","2593"
"2008-07-29","Homertech","64675","58478","6197"
"2008-07-30","Homertech","17737","16266","1471"
"2008-07-31","Homertech","76277","66983","9294"
"2008-08-01","Homertech","32077","26620","5457"
"2008-08-02","Homertech","17797","16350","1447"
"2008-08-03","Homertech","27896","24348","3548"
"2008-08-04","Homertech","5839","5069","770"
"2008-08-05","Homertech","68425","54022","14403"
"2008-08-06","Homertech","150412","143696","6716"
"2008-08-07","Homertech","55315","44280","11035"
"2008-08-08","Homertech","29218","22628","6590"
"2008-08-09","Homertech","44716","38246","6470"
"2008-08-10","Homertech","17217","13759","3458"
"2008-08-11","Homertech","109835","102287","7548"
"2008-08-12","Homertech","48167","42439","5728"
"2008-08-13","Homertech","67986","57270","10716"
"2008-08-14","Homertech","39128","33938","5190"
"2008-08-15","Homertech","17647","15103","2544"
"2008-08-16","Homertech","27324","24756","2568"
"2008-08-17","Homertech","34904","30665","4239"
"2008-08-18","Homertech","29506","27270","2236"
"2008-08-19","Homertech","88746","81643","7103"
"2008-08-20","Homertech","4079","3631","448"
"2008-08-21","Homertech","30475","25177","5298"
"2008-08-23","Homertech","52236","47175","5061"
"2008-08-24","Homertech","59093","53429","5664"
"2008-08-25","Homertech","17676","16247","1429"
"2008-08-26","Homertech","69692","62138","7554"
"2008-08-27","Homertech","68776","57910","10866"
"2008-08-28","Homertech","45068","42947","2121"
"2008-08-29","Homertech","53476","49950","3526"
"2008-08-30","Homertech","66226","56789","9437"
"2008-08-31","Homertech","75885","64323","11562"
"2008-09-01","Homertech","7818","5962","1856"
"2008-09-02","Homertech","54126","47620","6506"
"2008-09-03","Homertech","27606","25644","1962"
"2008-09-05","Homertech","70706","59998","10708"
"2008-09-06","Homertech","34106","31548","2558"
"2008-09-08","Homertech","35725","30809","4916"
"2008-09-09","Homertech","11748","10730","1018"
"2008-09-10","Homertech","1949","1944","5"
"2008-09-11","Homertech","15168","10648","4520"
"2008-09-12","Homertech","16857","14463","2394"
"2008-09-13","Homertech","28925","26310","2615"
"2008-09-14","Homertech","58965","49258","9707"
"2008-09-15","Homertech","6028","5575","453"
"2008-09-16","Homertech","36916","30536","6380"
"2008-09-17","Homertech","49116","43230","5886"
"2008-09-18","Homertech","20917","20295","622"
"2008-09-19","Homertech","4079","3631","448"
"2008-09-20","Homertech","23076","20060","3016"
"2008-09-21","Homertech","81963","70249","11714"
"2008-09-22","Homertech","22126","19951","2175"
"2008-09-23","Homertech","142253","131097","11156"
"2008-09-24","Homertech","70414","63718","6696"
"2008-09-25","Homertech","32955","28721","4234"
"2008-09-26","Homertech","48237","43031","5206"
"2008-09-27","Homertech","50148","47929","2219"
"2008-09-28","Homertech","34574","30158","4416"
"2008-09-29","Homertech","45366","39371","5995"
"2008-09-30","Homertech","47037","42279","4758"
"2008-10-01","Homertech","81301","70096","11205"
"2008-10-02","Homertech","58286","52113","6173"
"2008-10-03","Homertech","23176","18940","4236"
"2008-10-04","Homertech","3909","2981","928"
"2008-10-05","Homertech","15017","13538","1479"
"2008-10-06","Homertech","55545","46590","8955"
"2008-10-07","Homertech","1949","1944","5"
"2008-10-08","Homertech","81146","71254","9892"
"2008-10-09","Homertech","78245","68783","9462"
"2008-10-10","Homertech","3909","2981","928"
"2008-10-11","Homertech","64525","58730","5795"
"2008-10-12","Homertech","26928","21244","5684"
"2008-10-13","Homertech","55606","51637","3969"
"2008-10-14","Homertech","27585","26043","1542"
"2008-10-15","Homertech","53155","46811","6344"
"2008-10-16","Homertech","54404","48325","6079"
"2008-10-17","Homertech","17616","16607","1009"
"2008-10-19","Homertech","36087","29857","6230"
"2008-10-20","Homertech","56226","46674","9552"
"2008-10-21","Homertech","61915","58515","3400"
"2008-10-22","Homertech","41058","36026","5032"
"2008-10-23","Homertech","38135","35430","2705"
"2008-10-24","Homertech","19647","17783","1864"
"2008-10-25","Homertech","36238","26967","9271"
"2008-10-26","Homertech","9159","8613","546"
"2008-10-27","Homertech","20526","17982","2544"
"2008-10-28","Homertech","29047","23838","5209"
"2008-10-29","Homertech","17817","15753","2064"
"2008-10-30","Homertech","48957","43079","5878"
"2008-10-31","Homertech","123396","113954","9442"
"2008-11-01","Homertech","9058","8357","701"
"2008-11-02","Homertech","58414","50931","7483"
"2008-11-03","Homertech","28806","26396","2410"
"2008-11-04","Homertech","45028","40695","4333"
"2008-11-05","Homertech","11108","10557","551"
"2008-11-06","Homertech","33165","31238","1927"
"2008-11-07","Homertech","30577","26383","4194"
"2008-11-08","Homertech","9159","8613","546"
"2008-11-09","Homertech","18686","14999","3687"
"2008-11-10","Homertech","9918","8700","1218"
"2008-11-11","Homertech","51107","48572","2535"
"2008-11-12","Homertech","8158","7262","896"
"2008-11-13","Homertech","47687","41735","5952"
"2008-11-14","Homertech","37034","32470","4564"
"2008-11-15","Homertech","57326","51052","6274"
"2008-11-16","Homertech","6629","5709","920"
"2008-11-17","Homertech","54916","48260","6656"
"2008-11-18","Homertech","16268","15026","1242"
"2008-11-19","Homertech","1949","1944","5"
"2008-11-20","Homertech","13018","12074","944"
"2008-11-21","Homertech","44378","39570","4808"
"2008-11-22","Homertech","74506","64246","10260"
"2008-11-23","Homertech","75625","63629","11996"
"2008-11-24","Homertech","51205","44440","6765"
"2008-11-25","Homertech","21697","19983","1714"
"2008-11-26","Homertech","6199","4365","1834"
"2008-11-27","Homertech","7858","7605","253"
"2008-11-28","Homertech","1949","1944","5"
"2008-11-29","Homertech","15017","13538","1479"
"2008-11-30","Homertech","39128","33938","5190"
"2008-12-01","Homertech","14487","13314","1173"
"2008-12-02","Homertech","15788","14322","1466"
"2008-12-03","Homertech","4079","3631","448"
"2008-12-04","Homertech","40989","39316","1673"
"2008-12-05","Homertech","6629","5709","920"
"2008-12-06","Homertech","24227","22887","1340"
"2008-12-07","Homertech","13258","11418","1840"
"2008-12-08","Homertech","15718","15399","319"
"2008-12-09","Homertech","10538","8690","1848"
"2008-12-10","Homertech","77067","67623","9444"
"2008-12-11","Homertech","3909","2981","928"
"2008-12-13","Homertech","21646","19247","2399"
"2008-12-14","Homertech","88607","84341","4266"
"2008-12-15","Homertech","39284","35782","3502"
"2008-12-16","Homertech","56347","52294","4053"
"2008-12-17","Homertech","17147","15225","1922"
"2008-12-18","Homertech","126753","112720","14033"
"2008-12-19","Homertech","26826","25956","870"
"2008-12-20","Homertech","64085","55052","9033"
"2008-12-21","Homertech","10108","7346","2762"
"2008-12-22","Homertech","26896","24879","2017"
"2008-12-23","Homertech","11767","10586","1181"
"2008-12-24","Homertech","6629","5709","920"
"2008-12-25","Homertech","6629","5709","920"
"2008-12-26","Homertech","47346","37524","9822"
"2008-12-27","Homertech","7109","6413","696"
"2008-12-28","Homertech","67406","58012","9394"
"2008-12-29","Homertech","32645","28785","3860"
"2008-12-30","Homertech","19867","17953","1914"
"2008-12-31","Homertech","25757","20074","5683"
"2009-01-01","Homertech","76861","67301","9560"
"2009-01-02","Homertech","78162","69088","9074"
"2009-01-04","Homertech","113533","100493","13040"
"2009-01-05","Homertech","109121","99428","9693"
"2009-01-06","Homertech","57636","50988","6648"
"2009-01-07","Homertech","66854","58814","8040"
"2009-01-08","Homertech","152590","136493","16097"
"2009-01-09","Homertech","55852","48450","7402"
"2009-01-10","Homertech","106552","96897","9655"
"2009-01-11","Homertech","165787","147752","18035"
"2009-01-12","Homertech","60835","53773","7062"
"2009-01-13","Homertech","18907","16663","2244"
"2009-01-14","Homertech","59584","52285","7299"
"2009-01-15","Homertech","39224","34974","4250"
"2009-01-16","Homertech","144950","123179","21771"
"2009-01-17","Homertech","127512","112806","14706"
"2009-01-18","Homertech","29766","23113","6653"
"2009-01-19","Homertech","128230","119038","9192"
"2009-01-20","Homertech","38374","34356","4018"
"2009-01-21","Homertech","43024","37994","5030"
"2009-01-22","Homertech","67832","57556","10276"
"2009-01-23","Homertech","22886","20236","2650"
"2009-01-24","Homertech","104053","93885","10168"
"2009-01-25","Homertech","120303","108364","11939"
"2009-01-26","Homertech","6028","5575","453"
"2009-01-27","Homertech","60364","53053","7311"
"2009-01-28","Homertech","91623","79125","12498"
"2009-01-29","Homertech","143331","130668","12663"
"2009-01-30","Homertech","63753","56542","7211"
"2009-01-31","Homertech","29526","26444","3082"
"2009-02-01","Homertech","66544","58878","7666"
"2009-02-02","Homertech","85110","76431","8679"
"2009-02-03","Homertech","49743","43190","6553"
"2009-02-04","Homertech","88923","76968","11955"
"2009-02-05","Homertech","70183","62270","7913"
"2009-02-06","Homertech","69795","65712","4083"
"2009-02-07","Homertech","33975","30937","3038"
"2009-02-08","Homertech","32274","29669","2605"
"2009-02-09","Homertech","92734","82286","10448"
"2009-02-10","Homertech","29384","26740","2644"
"2009-02-11","Homertech","79863","71195","8668"
"2009-02-12","Homertech","72390","63068","9322"
"2009-02-13","Homertech","83531","70950","12581"
"2009-02-14","Homertech","106080","99265","6815"
"2009-02-15","Homertech","17097","15705","1392"
"2009-02-16","Homertech","32815","25751","7064"
"2009-02-17","Homertech","65163","56732","8431"
"2009-02-18","Homertech","69255","65148","4107"
"2009-02-19","Homertech","47763","42301","5462"
"2009-02-20","Homertech","25795","21412","4383"
"2009-02-21","Homertech","53666","47988","5678"
"2009-02-22","Homertech","31984","30236","1748"
"2009-02-23","Homertech","225924","199341","26583"
"2009-02-24","Homertech","132898","115608","17290"
"2009-02-25","Homertech","111781","97377","14404"
"2009-02-26","Homertech","93641","87306","6335"
"2009-02-27","Homertech","50737","47366","3371"
"2009-02-28","Homertech","89097","75163","13934"
"2009-03-01","Homertech","68785","58089","10696"
"2009-03-02","Homertech","15718","15399","319"
"2009-03-03","Homertech","57202","48107","9095"
"2009-03-04","Homertech","68402","60371","8031"
"2009-03-05","Homertech","80992","73770","7222"
"2009-03-06","Homertech","66115","61416","4699"
"2009-03-07","Homertech","65347","55633","9714"
"2009-03-08","Homertech","71994","60425","11569"
"2009-03-09","Homertech","111695","99314","12381"
"2009-03-10","Homertech","52937","50602","2335"
"2009-03-11","Homertech","215070","196299","18771"
"2009-03-12","Homertech","45305","37683","7622"
"2009-03-13","Homertech","53752","48904","4848"
"2009-03-14","Homertech","69534","59510","10024"
"2009-03-15","Homertech","32185","26866","5319"
"2009-03-16","Homertech","33164","29189","3975"
"2009-03-17","Homertech","120960","98805","22155"
"2009-03-18","Homertech","89333","79240","10093"
"2009-03-19","Homertech","41151","37326","3825"
"2009-03-20","Homertech","53185","45908","7277"
"2009-03-21","Homertech","40166","34445","5721"
"2009-03-22","Homertech","65957","59523","6434"
"2009-03-23","Homertech","50977","48608","2369"
"2009-03-24","Homertech","20926","19199","1727"
"2009-03-25","Homertech","165619","145303","20316"
"2009-03-26","Homertech","50674","43229","7445"
"2009-03-27","Homertech","22275","20327","1948"
"2009-03-28","Homertech","34764","31379","3385"
"2009-03-29","Homertech","11108","10557","551"
"2009-03-30","Homertech","51671","41400","10271"
"2009-03-31","Homertech","60685","51281","9404"
"2009-04-01","Homertech","69864","62422","7442"
"2009-04-02","Homertech","19887","17127","2760"
"2009-04-03","Homertech","54516","48000","6516"
"2009-04-04","Homertech","9159","8613","546"
"2009-04-05","Homertech","44756","34634","10122"
"2009-04-06","Homertech","101112","91531","9581"
"2009-04-07","Homertech","63235","56713","6522"
"2009-04-08","Homertech","95463","83109","12354"
"2009-04-09","Homertech","57042","53762","3280"
"2009-04-10","Homertech","73406","59868","13538"
"2009-04-11","Homertech","44602","36908","7694"
"2009-04-12","Homertech","118404","103112","15292"
"2009-04-13","Homertech","35544","30838","4706"
"2009-04-14","Homertech","83303","67612","15691"
"2009-04-15","Homertech","143029","126223","16806"
"2009-04-16","Homertech","42886","36216","6670"
"2009-04-17","Homertech","90642","80019","10623"
"2009-04-18","Homertech","82931","67810","15121"
"2009-04-19","Homertech","81010","69318","11692"
"2009-04-20","Homertech","26254","23900","2354"
"2009-04-21","Homertech","56665","52883","3782"
"2009-04-22","Homertech","75018","62366","12652"
"2009-04-23","Homertech","38065","31383","6682"
"2009-04-24","Homertech","9748","8050","1698"
"2009-04-25","Homertech","32844","26895","5949"
"2009-04-26","Homertech","61862","53655","8207"
"2009-04-27","Homertech","85362","72404","12958"
"2009-04-28","Homertech","45881","40333","5548"
"2009-04-29","Homertech","63692","50730","12962"
"2009-04-30","Homertech","31986","30425","1561"
"2009-05-01","Homertech","31045","27773","3272"
"2009-05-02","Homertech","68258","62074","6184"
"2009-05-03","Homertech","59464","53273","6191"
"2009-05-04","Homertech","84182","78079","6103"
"2009-05-05","Homertech","118308","106701","11607"
"2009-05-06","Homertech","174299","148996","25303"
"2009-05-07","Homertech","62115","55836","6279"
"2009-05-08","Homertech","63141","56629","6512"
"2009-05-09","Homertech","34994","31440","3554"
"2009-05-10","Homertech","45292","41174","4118"
"2009-05-11","Homertech","69050","60350","8700"
"2009-05-12","Homertech","71293","62019","9274"
"2009-05-13","Homertech","32004","28521","3483"
"2009-05-14","Homertech","49452","42432","7020"
"2009-05-15","Homertech","63243","52440","10803"
"2009-05-16","Homertech","82161","72954","9207"
"2009-05-17","Homertech","50504","42579","7925"
"2009-05-18","Homertech","76362","66976","9386"
"2009-05-19","Homertech","91122","78862","12260"
"2009-05-20","Homertech","129015","120911","8104"
"2009-05-21","Homertech","83534","79429","4105"
"2009-05-22","Homertech","141458","132003","9455"
"2009-05-23","Homertech","43483","39987","3496"
"2009-05-24","Homertech","8578","7653","925"
"2009-05-25","Homertech","152720","138260","14460"
"2009-05-26","Homertech","100234","84738","15496"
"2009-05-27","Homertech","36164","34123","2041"
"2009-05-28","Homertech","66973","57550","9423"
"2009-05-29","Homertech","47904","40981","6923"
"2009-05-30","Homertech","141712","122761","18951"
"2009-05-31","Homertech","79804","68592","11212"
"2009-06-01","Homertech","21046","18431","2615"
"2009-06-02","Homertech","63164","55436","7728"
"2009-06-03","Homertech","28864","26291","2573"
"2009-06-04","Homertech","110641","96996","13645"
"2009-06-05","Homertech","81500","71965","9535"
"2009-06-06","Homertech","111713","100916","10797"
"2009-06-07","Homertech","205266","187629","17637"
"2009-06-08","Homertech","100858","88003","12855"
"2009-06-09","Homertech","66462","57551","8911"
"2009-06-10","Homertech","82699","73713","8986"
"2009-06-11","Homertech","87301","72923","14378"
"2009-06-12","Homertech","100122","90284","9838"
"2009-06-13","Homertech","52876","47348","5528"
"2009-06-14","Homertech","21566","19372","2194"
"2009-06-15","Homertech","138819","123684","15135"
"2009-06-16","Homertech","123572","108942","14630"
"2009-06-17","Homertech","41363","39019","2344"
"2009-06-18","Homertech","30255","28462","1793"
"2009-06-19","Homertech","79221","70196","9025"
"2009-06-20","Homertech","122905","106786","16119"
"2009-06-21","Homertech","85440","74657","10783"
"2009-06-22","Homertech","69002","60346","8656"
"2009-06-23","Homertech","74744","63499","11245"
"2009-06-24","Homertech","36853","29934","6919"
"2009-06-25","Homertech","41032","37967","3065"
"2009-06-26","Homertech","91679","82772","8907"
"2009-06-27","Homertech","39723","34527","5196"
"2009-06-28","Homertech","13258","11418","1840"
"2009-06-29","Homertech","37473","33608","3865"
"2009-06-30","Homertech","38153","33682","4471"
"2009-07-01","Homertech","76273","69738","6535"
"2009-07-02","Homertech","36124","33437","2687"
"2009-07-03","Homertech","158088","134704","23384"
"2009-07-04","Homertech","140941","123293","17648"
"2009-07-05","Homertech","66532","58143","8389"
"2009-07-06","Homertech","44063","39278","4785"
"2009-07-07","Homertech","51760","45422","6338"
"2009-07-08","Homertech","38665","35654","3011"
"2009-07-09","Homertech","164708","151209","13499"
"2009-07-10","Homertech","108318","95078","13240"
"2009-07-11","Homertech","164905","147957","16948"
"2009-07-12","Homertech","72002","64872","7130"
"2009-07-13","Homertech","141020","125157","15863"
"2009-07-14","Homertech","54772","47936","6836"
"2009-07-15","Homertech","41753","37113","4640"
"2009-07-16","Homertech","6629","5709","920"
"2009-07-17","Homertech","133611","116474","17137"
"2009-07-18","Homertech","69973","63441","6532"
"2009-07-19","Homertech","167037","148954","18083"
"2009-07-20","Homertech","132169","120360","11809"
"2009-07-21","Homertech","124183","109130","15053"
"2009-07-22","Homertech","83630","74194","9436"
"2009-07-23","Homertech","36684","32286","4398"
"2009-07-24","Homertech","128226","107882","20344"
"2009-07-25","Homertech","167356","151565","15791"
"2009-07-26","Homertech","84902","76341","8561"
"2009-07-27","Homertech","199486","180336","19150"
"2009-07-28","Homertech","109907","97230","12677"
"2009-07-29","Homertech","76948","66190","10758"
"2009-07-30","Homertech","96323","84489","11834"
"2009-07-31","Homertech","69154","63326","5828"
"2009-08-01","Homertech","145670","126524","19146"
"2009-08-02","Homertech","17606","15655","1951"
"2009-08-03","Homertech","54241","45719","8522"
"2009-08-04","Homertech","56201","46984","9217"
"2009-08-05","Homertech","59641","54602","5039"
"2009-08-06","Homertech","105553","92101","13452"
"2009-08-07","Homertech","94961","80319","14642"
"2009-08-08","Homertech","35557","29633","5924"
"2009-08-09","Homertech","93072","80962","12110"
"2009-08-10","Homertech","49872","45890","3982"
"2009-08-11","Homertech","37875","35014","2861"
"2009-08-12","Homertech","94774","87218","7556"
"2009-08-13","Homertech","109976","95081","14895"
"2009-08-14","Homertech","136241","122671","13570"
"2009-08-15","Homertech","90960","82271","8689"
"2009-08-16","Homertech","49276","42927","6349"
"2009-08-17","Homertech","93621","81714","11907"
"2009-08-18","Homertech","81872","74180","7692"
"2009-08-19","Homertech","83354","68348","15006"
"2009-08-20","Homertech","110633","94755","15878"
"2009-08-21","Homertech","52622","47075","5547"
"2009-08-22","Homertech","18926","16519","2407"
"2009-08-23","Homertech","39782","34848","4934"
"2009-08-24","Homertech","120218","105823","14395"
"2009-08-25","Homertech","122179","111887","10292"
"2009-08-26","Homertech","90783","80153","10630"
"2009-08-27","Homertech","114977","104271","10706"
"2009-08-28","Homertech","86839","77096","9743"
"2009-08-29","Homertech","39502","35996","3506"
"2009-08-30","Homertech","18307","14391","3916"
"2009-08-31","Homertech","29674","27502","2172"
"2009-09-01","Homertech","34395","30833","3562"
"2009-09-02","Homertech","47651","41546","6105"
"2009-09-03","Homertech","44904","35921","8983"
"2009-09-04","Homertech","165880","150102","15778"
"2009-09-05","Homertech","42328","37370","4958"
"2009-09-06","Homertech","32184","27937","4247"
"2009-09-07","Homertech","53001","46117","6884"
"2009-09-08","Homertech","204641","180258","24383"
"2009-09-09","Homertech","100162","87519","12643"
"2009-09-10","Homertech","97717","86569","11148"
"2009-09-11","Homertech","47941","43603","4338"
"2009-09-12","Homertech","145745","132206","13539"
"2009-09-13","Homertech","108709","97285","11424"
"2009-09-14","Homertech","209235","185983","23252"
"2009-09-15","Homertech","85136","75190","9946"
"2009-09-16","Homertech","66683","58846","7837"
"2009-09-17","Homertech","96701","87364","9337"
"2009-09-18","Homertech","124180","105963","18217"
"2009-09-19","Homertech","88064","79618","8446"
"2009-09-20","Homertech","33175","28731","4444"
"2009-09-21","Homertech","73850","65154","8696"
"2009-09-22","Homertech","50351","46784","3567"
"2009-09-23","Homertech","165869","136808","29061"
"2009-09-24","Homertech","43591","38949","4642"
"2009-09-25","Homertech","113262","99587","13675"
"2009-09-26","Homertech","104380","90018","14362"
"2009-09-27","Homertech","113853","99152","14701"
"2009-09-28","Homertech","42704","35700","7004"
"2009-09-29","Homertech","66822","57694","9128"
"2009-09-30","Homertech","111073","101908","9165"
"2009-10-01","Homertech","102821","89381","13440"
"2009-10-02","Homertech","114246","100046","14200"
"2009-10-03","Homertech","64562","56598","7964"
"2009-10-04","Homertech","40204","36386","3818"
"2009-10-05","Homertech","121997","107881","14116"
"2009-10-06","Homertech","35086","29463","5623"
"2009-10-07","Homertech","36615","33454","3161"
"2009-10-08","Homertech","160568","145468","15100"
"2009-10-09","Homertech","23875","20612","3263"
"2009-10-10","Homertech","78652","70962","7690"
"2009-10-11","Homertech","150526","135449","15077"
"2009-10-12","Homertech","51182","46979","4203"
"2009-10-13","Homertech","12468","10778","1690"
"2009-10-14","Homertech","73458","69134","4324"
"2009-10-15","Homertech","71051","55270","15781"
"2009-10-16","Homertech","72229","63055","9174"
"2009-10-17","Homertech","21596","19727","1869"
"2009-10-18","Homertech","57985","51081","6904"
"2009-10-19","Homertech","64302","54896","9406"
"2009-10-20","Homertech","90498","78857","11641"
"2009-10-21","Homertech","80271","70611","9660"
"2009-10-22","Homertech","55882","46687","9195"
"2009-10-23","Homertech","61495","54449","7046"
"2009-10-24","Homertech","24886","22916","1970"
"2009-10-25","Homertech","89695","77061","12634"
"2009-10-26","Homertech","67350","56761","10589"
"2009-10-27","Homertech","64532","55463","9069"
"2009-10-28","Homertech","29445","25353","4092"
"2009-10-29","Homertech","102479","89354","13125"
"2009-10-30","Homertech","97304","90122","7182"
"2009-10-31","Homertech","104482","90266","14216"
"2009-11-01","Homertech","38154","30942","7212"
"2009-11-02","Homertech","26016","23076","2940"
"2009-11-03","Homertech","118071","102113","15958"
"2009-11-04","Homertech","46951","41734","5217"
"2009-11-05","Homertech","68071","57807","10264"
"2009-11-06","Homertech","65082","56722","8360"
"2009-11-07","Homertech","56613","47839","8774"
"2009-11-08","Homertech","65594","61886","3708"
"2009-11-09","Homertech","122332","106518","15814"
"2009-11-10","Homertech","63241","52172","11069"
"2009-11-11","Homertech","124987","106182","18805"
"2009-11-12","Homertech","60363","50669","9694"
"2009-11-13","Homertech","99992","87098","12894"
"2009-11-14","Homertech","84132","78559","5573"
"2009-11-15","Homertech","134131","119201","14930"
"2009-11-16","Homertech","59653","52309","7344"
"2009-11-17","Homertech","109329","98568","10761"
"2009-11-18","Homertech","80030","72089","7941"
"2009-11-19","Homertech","101640","89561","12079"
"2009-11-20","Homertech","128548","114941","13607"
"2009-11-21","Homertech","104004","89275","14729"
"2009-11-22","Homertech","118856","103214","15642"
"2009-11-23","Homertech","52392","45448","6944"
"2009-11-24","Homertech","75147","64698","10449"
"2009-11-25","Homertech","175436","157301","18135"
"2009-11-26","Homertech","144699","128077","16622"
"2009-11-27","Homertech","133908","122365","11543"
"2009-11-28","Homertech","61022","50698","10324"
"2009-11-29","Homertech","34634","30966","3668"
"2009-11-30","Homertech","36652","31406","5246"
"2009-12-01","Homertech","15846","14217","1629"
"2009-12-02","Homertech","111581","98477","13104"
"2009-12-03","Homertech","119394","107831","11563"
"2009-12-04","Homertech","57061","52178","4883"
"2009-12-05","Homertech","114357","101891","12466"
"2009-12-06","Homertech","69220","59603","9617"
"2009-12-07","Homertech","159215","141895","17320"
"2009-12-08","Homertech","102258","91474","10784"
"2009-12-09","Homertech","80967","66264","14703"
"2009-12-10","Homertech","77455","65659","11796"
"2009-12-11","Homertech","21096","19849","1247"
"2009-12-12","Homertech","94872","84141","10731"
"2009-12-13","Homertech","120140","110609","9531"
"2009-12-14","Homertech","232635","207180","25455"
"2009-12-15","Homertech","90781","82819","7962"
"2009-12-16","Homertech","127648","113744","13904"
"2009-12-17","Homertech","31537","25930","5607"
"2009-12-18","Homertech","42033","39318","2715"
"2009-12-19","Homertech","81661","73076","8585"
"2009-12-20","Homertech","117392","107452","9940"
"2009-12-21","Homertech","175691","152259","23432"
"2009-12-22","Homertech","61321","56618","4703"
"2009-12-23","Homertech","206885","189183","17702"
"2009-12-24","Homertech","113629","95153","18476"
"2009-12-25","Homertech","100871","85121","15750"
"2009-12-26","Homertech","46643","37630","9013"
"2009-12-27","Homertech","248205","227566","20639"
"2009-12-28","Homertech","71033","63510","7523"
"2009-12-29","Homertech","91072","78282","12790"
"2009-12-30","Homertech","111091","91714","19377"
"2009-12-31","Homertech","84952","77487","7465"
"2010-01-01","Homertech","152095","139003","13092"
"2010-01-02","Homertech","101764","90249","11515"
"2010-01-03","Homertech","61932","54650","7282"
"2010-01-04","Homertech","241590","221449","20141"
"2010-01-05","Homertech","157848","141711","16137"
"2010-01-06","Homertech","67588","61546","6042"
"2010-01-07","Homertech","153167","142181","10986"
"2010-01-08","Homertech","136831","119898","16933"
"2010-01-09","Homertech","144765","131693","13072"
"2010-01-10","Homertech","155313","140877","14436"
"2010-01-11","Homertech","138033","122753","15280"
"2010-01-12","Homertech","145222","130101","15121"
"2010-01-13","Homertech","167016","145155","21861"
"2010-01-14","Homertech","94319","82500","11819"
"2010-01-15","Homertech","134975","114642","20333"
"2010-01-16","Homertech","151772","129822","21950"
"2010-01-17","Homertech","227713","199238","28475"
"2010-01-18","Homertech","72729","66159","6570"
"2010-01-19","Homertech","66909","62683","4226"
"2010-01-20","Homertech","103826","88427","15399"
"2010-01-21","Homertech","164156","141274","22882"
"2010-01-22","Homertech","183626","170629","12997"
"2010-01-23","Homertech","125211","116916","8295"
"2010-01-24","Homertech","105225","97634","7591"
"2010-01-25","Homertech","144557","114731","29826"
"2010-01-26","Homertech","57494","51284","6210"
"2010-01-27","Homertech","113137","96545","16592"
"2010-01-28","Homertech","157281","142742","14539"
"2010-01-29","Homertech","239462","210979","28483"
"2010-01-30","Homertech","22825","21623","1202"
"2010-01-31","Homertech","82910","77879","5031"
"2010-02-01","Homertech","77422","68647","8775"
"2010-02-02","Homertech","39462","34353","5109"
"2010-02-03","Homertech","107443","95089","12354"
"2010-02-04","Homertech","177623","154637","22986"
"2010-02-05","Homertech","298433","265566","32867"
"2010-02-06","Homertech","191828","171708","20120"
"2010-02-07","Homertech","65462","55297","10165"
"2010-02-08","Homertech","200303","175340","24963"
"2010-02-09","Homertech","45053","39196","5857"
"2010-02-10","Homertech","128710","118116","10594"
"2010-02-11","Homertech","123269","107103","16166"
"2010-02-12","Homertech","119551","109503","10048"
"2010-02-13","Homertech","135015","120797","14218"
"2010-02-14","Homertech","154269","136700","17569"
"2010-02-15","Homertech","96418","85979","10439"
"2010-02-16","Homertech","120825","103287","17538"
"2010-02-17","Homertech","65443","54719","10724"
"2010-02-18","Homertech","33315","29313","4002"
"2010-02-19","Homertech","79039","70275","8764"
"2010-02-20","Homertech","55664","47048","8616"
"2010-02-21","Homertech","121410","109117","12293"
"2010-02-22","Homertech","104240","93272","10968"
"2010-02-23","Homertech","121508","107510","13998"
"2010-02-24","Homertech","97568","84135","13433"
"2010-02-25","Homertech","62383","55589","6794"
"2010-02-26","Homertech","104898","93992","10906"
"2010-02-27","Homertech","157420","132702","24718"
"2010-02-28","Homertech","53933","45192","8741"
"2010-03-01","Homertech","146749","132920","13829"
"2010-03-02","Homertech","169216","151104","18112"
"2010-03-03","Homertech","168587","150473","18114"
"2010-03-04","Homertech","86567","80008","6559"
"2010-03-05","Homertech","201404","181981","19423"
"2010-03-06","Homertech","141466","125856","15610"
"2010-03-07","Homertech","109960","98324","11636"
"2010-03-08","Homertech","113736","97636","16100"
"2010-03-09","Homertech","60105","53873","6232"
"2010-03-10","Homertech","109986","93304","16682"
"2010-03-11","Homertech","87250","77673","9577"
"2010-03-12","Homertech","88182","79648","8534"
"2010-03-13","Homertech","144547","124932","19615"
"2010-03-14","Homertech","52062","48176","3886"
"2010-03-15","Homertech","163820","149757","14063"
"2010-03-16","Homertech","179920","160596","19324"
"2010-03-17","Homertech","51603","41956","9647"
"2010-03-18","Homertech","125198","110288","14910"
"2010-03-19","Homertech","99288","91677","7611"
"2010-03-20","Homertech","128689","106386","22303"
"2010-03-21","Homertech","139369","120788","18581"
"2010-03-22","Homertech","217876","197685","20191"
"2010-03-23","Homertech","140885","126974","13911"
"2010-03-24","Homertech","78040","67631","10409"
"2010-03-25","Homertech","175036","158026","17010"
"2010-03-26","Homertech","189516","167286","22230"
"2010-03-27","Homertech","108619","94828","13791"
"2010-03-28","Homertech","155777","138891","16886"
"2010-03-29","Homertech","71042","61258","9784"
"2010-03-30","Homertech","117747","102455","15292"
"2010-03-31","Homertech","160058","133794","26264"
"2010-04-01","Homertech","211507","188473","23034"
"2010-04-02","Homertech","199077","178703","20374"
"2010-04-03","Homertech","89177","79225","9952"
"2010-04-04","Homertech","107012","94752","12260"
"2010-04-05","Homertech","192156","171925","20231"
"2010-04-06","Homertech","106141","93131","13010"
"2010-04-07","Homertech","141835","127392","14443"
"2010-04-08","Homertech","78750","68959","9791"
"2010-04-09","Homertech","105612","96522","9090"
"2010-04-10","Homertech","106779","92793","13986"
"2010-04-11","Homertech","79422","68472","10950"
"2010-04-12","Homertech","121207","102602","18605"
"2010-04-13","Homertech","289341","256632","32709"
"2010-04-14","Homertech","87297","74924","12373"
"2010-04-15","Homertech","49861","45400","4461"
"2010-04-16","Homertech","208665","184520","24145"
"2010-04-17","Homertech","97930","91382","6548"
"2010-04-18","Homertech","149470","135308","14162"
"2010-04-19","Homertech","199393","173292","26101"
"2010-04-20","Homertech","100639","89927","10712"
"2010-04-21","Homertech","150972","138839","12133"
"2010-04-22","Homertech","50801","45618","5183"
"2010-04-23","Homertech","113128","92871","20257"
"2010-04-24","Homertech","140478","128693","11785"
"2010-04-25","Homertech","209662","191414","18248"
"2010-04-26","Homertech","111868","102274","9594"
"2010-04-27","Homertech","118830","101611","17219"
"2010-04-28","Homertech","69738","63415","6323"
"2010-04-29","Homertech","133196","117559","15637"
"2010-04-30","Homertech","140018","117349","22669"
"2010-05-01","Homertech","135259","123950","11309"
"2010-05-02","Homertech","81328","73070","8258"
"2010-05-03","Homertech","147406","131393","16013"
"2010-05-04","Homertech","122764","107739","15025"
"2010-05-05","Homertech","187576","171771","15805"
"2010-05-06","Homertech","86989","76136","10853"
"2010-05-07","Homertech","63944","60903","3041"
"2010-05-08","Homertech","225797","201258","24539"
"2010-05-09","Homertech","164072","138384","25688"
"2010-05-10","Homertech","183578","164272","19306"
"2010-05-11","Homertech","156444","135003","21441"
"2010-05-12","Homertech","130086","111187","18899"
"2010-05-13","Homertech","82482","73667","8815"
"2010-05-14","Homertech","47594","42601","4993"
"2010-05-15","Homertech","147455","128877","18578"
"2010-05-16","Homertech","58259","50125","8134"
"2010-05-17","Homertech","29835","25733","4102"
"2010-05-18","Homertech","131209","109176","22033"
"2010-05-19","Homertech","249406","233789","15617"
"2010-05-20","Homertech","148327","127436","20891"
"2010-05-21","Homertech","171145","153328","17817"
"2010-05-22","Homertech","104969","93519","11450"
"2010-05-23","Homertech","66648","56440","10208"
"2010-05-24","Homertech","145276","130586","14690"
"2010-05-25","Homertech","166963","147029","19934"
"2010-05-26","Homertech","97657","87158","10499"
"2010-05-27","Homertech","126225","107249","18976"
"2010-05-28","Homertech","50401","44907","5494"
"2010-05-29","Homertech","77522","68744","8778"
"2010-05-30","Homertech","61679","56894","4785"
"2010-05-31","Homertech","91031","82793","8238"
"2010-06-01","Homertech","242270","212233","30037"
"2010-06-02","Homertech","236153","205097","31056"
"2010-06-03","Homertech","166959","148027","18932"
"2010-06-04","Homertech","272579","238883","33696"
"2010-06-05","Homertech","134993","124878","10115"
"2010-06-06","Homertech","158600","140674","17926"
"2010-06-07","Homertech","204048","178935","25113"
"2010-06-08","Homertech","113641","104674","8967"
"2010-06-09","Homertech","282984","250894","32090"
"2010-06-10","Homertech","180151","163971","16180"
"2010-06-11","Homertech","171812","150100","21712"
"2010-06-12","Homertech","283742","247229","36513"
"2010-06-13","Homertech","272313","230108","42205"
"2010-06-14","Homertech","187140","163731","23409"
"2010-06-15","Homertech","170162","152757","17405"
"2010-06-16","Homertech","268102","238263","29839"
"2010-06-17","Homertech","269256","239930","29326"
"2010-06-18","Homertech","165932","144943","20989"
"2010-06-19","Homertech","172835","152338","20497"
"2010-06-20","Homertech","509978","446016","63962"
"2010-06-21","Homertech","169951","146486","23465"
"2010-06-22","Homertech","288425","256174","32251"
"2010-06-23","Homertech","364614","322560","42054"
"2010-06-24","Homertech","99933","88110","11823"
"2010-06-25","Homertech","153740","133672","20068"
"2010-06-26","Homertech","234311","204716","29595"
"2010-06-27","Homertech","313327","274790","38537"
"2010-06-28","Homertech","193247","172774","20473"
"2010-06-29","Homertech","236667","206418","30249"
"2010-06-30","Homertech","185643","170292","15351"
"2010-07-01","Homertech","205975","182043","23932"
"2010-07-02","Homertech","288434","257542","30892"
"2010-07-03","Homertech","219810","197435","22375"
"2010-07-04","Homertech","228333","185747","42586"
"2010-07-05","Homertech","242173","210529","31644"
"2010-07-06","Homertech","205574","177051","28523"
"2010-07-07","Homertech","159486","137251","22235"
"2010-07-08","Homertech","218670","187519","31151"
"2010-07-09","Homertech","214178","188984","25194"
"2010-07-10","Homertech","259605","232483","27122"
"2010-07-11","Homertech","240146","208879","31267"
"2010-07-12","Homertech","239293","212872","26421"
"2010-07-13","Homertech","308444","268552","39892"
"2010-07-14","Homertech","293765","256257","37508"
"2010-07-15","Homertech","199730","174105","25625"
"2010-07-16","Homertech","224290","195295","28995"
"2010-07-17","Homertech","163708","143020","20688"
"2010-07-18","Homertech","219945","197088","22857"
"2010-07-19","Homertech","249934","220524","29410"
"2010-07-20","Homertech","287307","247064","40243"
"2010-07-21","Homertech","336654","300350","36304"
"2010-07-22","Homertech","194286","172982","21304"
"2010-07-23","Homertech","262073","235145","26928"
"2010-07-24","Homertech","276476","247763","28713"
"2010-07-25","Homertech","185436","157319","28117"
"2010-07-26","Homertech","217475","185686","31789"
"2010-07-27","Homertech","261706","223406","38300"
"2010-07-28","Homertech","399527","351519","48008"
"2010-07-29","Homertech","143941","131451","12490"
"2010-07-30","Homertech","273197","244937","28260"
"2010-07-31","Homertech","119797","108102","11695"
"2010-08-01","Homertech","248586","224743","23843"
"2010-08-02","Homertech","229535","200889","28646"
"2010-08-03","Homertech","230814","199439","31375"
"2010-08-04","Homertech","316961","278995","37966"
"2010-08-05","Homertech","252819","230346","22473"
"2010-08-06","Homertech","272730","240479","32251"
"2010-08-07","Homertech","160681","140390","20291"
"2010-08-08","Homertech","191831","171659","20172"
"2010-08-09","Homertech","147301","135578","11723"
"2010-08-10","Homertech","214123","182961","31162"
"2010-08-11","Homertech","236150","204065","32085"
"2010-08-12","Homertech","169800","151485","18315"
"2010-08-13","Homertech","244588","220625","23963"
"2010-08-14","Homertech","250437","216204","34233"
"2010-08-15","Homertech","188454","171039","17415"
"2010-08-16","Homertech","165572","151278","14294"
"2010-08-17","Homertech","236279","209341","26938"
"2010-08-18","Homertech","172649","155030","17619"
"2010-08-19","Homertech","109608","96430","13178"
"2010-08-20","Homertech","292455","255508","36947"
"2010-08-21","Homertech","117500","103134","14366"
"2010-08-22","Homertech","253697","225109","28588"
"2010-08-23","Homertech","196856","174893","21963"
"2010-08-24","Homertech","98715","85535","13180"
"2010-08-25","Homertech","181127","160210","20917"
"2010-08-26","Homertech","184410","165047","19363"
"2010-08-27","Homertech","119435","106826","12609"
"2010-08-28","Homertech","155845","135093","20752"
"2010-08-29","Homertech","257661","230353","27308"
"2010-08-30","Homertech","252574","226164","26410"
"2010-08-31","Homertech","170165","143529","26636"
"2010-09-01","Homertech","181964","161942","20022"
"2010-09-02","Homertech","242099","217308","24791"
"2010-09-03","Homertech","244384","210377","34007"
"2010-09-04","Homertech","254125","218490","35635"
"2010-09-05","Homertech","231337","197254","34083"
"2010-09-06","Homertech","128570","115198","13372"
"2010-09-07","Homertech","278917","242234","36683"
"2010-09-08","Homertech","213116","195088","18028"
"2010-09-09","Homertech","161958","140390","21568"
"2010-09-10","Homertech","284979","251204","33775"
"2010-09-11","Homertech","246408","215143","31265"
"2010-09-12","Homertech","222908","196670","26238"
"2010-09-13","Homertech","323671","282911","40760"
"2010-09-14","Homertech","230875","204713","26162"
"2010-09-15","Homertech","91653","82489","9164"
"2010-09-16","Homertech","215304","195684","19620"
"2010-09-17","Homertech","222558","195357","27201"
"2010-09-18","Homertech","220473","198737","21736"
"2010-09-19","Homertech","209676","185654","24022"
"2010-09-20","Homertech","217168","191650","25518"
"2010-09-21","Homertech","233372","208179","25193"
"2010-09-22","Homertech","407337","361696","45641"
"2010-09-23","Homertech","236818","204006","32812"
"2010-09-24","Homertech","310104","279074","31030"
"2010-09-25","Homertech","91551","82456","9095"
"2010-09-26","Homertech","270504","243089","27415"
"2010-09-27","Homertech","354831","315751","39080"
"2010-09-28","Homertech","304632","269206","35426"
"2010-09-29","Homertech","347430","318078","29352"
"2010-09-30","Homertech","143282","128461","14821"
"2010-10-01","Homertech","111305","99367","11938"
"2010-10-02","Homertech","195438","167723","27715"
"2010-10-03","Homertech","188814","169893","18921"
"2010-10-04","Homertech","132375","118230","14145"
"2010-10-05","Homertech","206744","179821","26923"
"2010-10-06","Homertech","278443","244511","33932"
"2010-10-07","Homertech","214078","187075","27003"
"2010-10-08","Homertech","281953","256987","24966"
"2010-10-09","Homertech","233663","202279","31384"
"2010-10-10","Homertech","295370","262838","32532"
"2010-10-11","Homertech","117536","100748","16788"
"2010-10-12","Homertech","198726","181724","17002"
"2010-10-13","Homertech","472643","418920","53723"
"2010-10-14","Homertech","159811","138944","20867"
"2010-10-15","Homertech","333026","293320","39706"
"2010-10-16","Homertech","222678","192052","30626"
"2010-10-17","Homertech","209555","185727","23828"
"2010-10-18","Homertech","236298","214354","21944"
"2010-10-19","Homertech","315082","279247","35835"
"2010-10-20","Homertech","128849","112001","16848"
"2010-10-21","Homertech","290065","259125","30940"
"2010-10-22","Homertech","326556","292321","34235"
"2010-10-23","Homertech","236680","219181","17499"
"2010-10-24","Homertech","240291","211698","28593"
"2010-10-25","Homertech","196173","173241","22932"
"2010-10-26","Homertech","108071","94572","13499"
"2010-10-27","Homertech","241668","216994","24674"
"2010-10-28","Homertech","205678","182891","22787"
"2010-10-29","Homertech","237356","200917","36439"
"2010-10-30","Homertech","265821","235223","30598"
"2010-10-31","Homertech","250263","222800","27463"
"2010-11-01","Homertech","196431","179648","16783"
"2010-11-02","Homertech","342329","301639","40690"
"2010-11-03","Homertech","268565","245945","22620"
"2010-11-04","Homertech","267575","229253","38322"
"2010-11-05","Homertech","208843","183181","25662"
"2010-11-06","Homertech","155019","134772","20247"
"2010-11-07","Homertech","259639","228605","31034"
"2010-11-08","Homertech","180149","156178","23971"
"2010-11-09","Homertech","159334","142945","16389"
"2010-11-10","Homertech","162333","139377","22956"
"2010-11-11","Homertech","167410","144341","23069"
"2010-11-12","Homertech","228834","197198","31636"
"2010-11-13","Homertech","222888","203608","19280"
"2010-11-14","Homertech","205272","173917","31355"
"2010-11-15","Homertech","283011","247440","35571"
"2010-11-16","Homertech","223169","190425","32744"
"2010-11-17","Homertech","219296","191674","27622"
"2010-11-18","Homertech","138048","122930","15118"
"2010-11-19","Homertech","292464","259719","32745"
"2010-11-20","Homertech","129163","110189","18974"
"2010-11-21","Homertech","349124","313764","35360"
"2010-11-22","Homertech","294228","253554","40674"
"2010-11-23","Homertech","524956","463928","61028"
"2010-11-24","Homertech","290654","247409","43245"
"2010-11-25","Homertech","283587","253364","30223"
"2010-11-26","Homertech","235701","208987","26714"
"2010-11-27","Homertech","154304","143458","10846"
"2010-11-28","Homertech","167831","155862","11969"
"2010-11-29","Homertech","182757","162449","20308"
"2010-11-30","Homertech","265719","229130","36589"
"2010-12-01","Homertech","268192","246651","21541"
"2010-12-02","Homertech","165321","147548","17773"
"2010-12-03","Homertech","170118","151336","18782"
"2010-12-04","Homertech","142752","126834","15918"
"2010-12-05","Homertech","219744","193071","26673"
"2010-12-06","Homertech","254130","223149","30981"
"2010-12-07","Homertech","242035","216322","25713"
"2010-12-08","Homertech","196086","175495","20591"
"2010-12-09","Homertech","80128","68761","11367"
"2010-12-10","Homertech","196591","175132","21459"
"2010-12-11","Homertech","183997","158841","25156"
"2010-12-12","Homertech","337086","306888","30198"
"2010-12-13","Homertech","218618","194625","23993"
"2010-12-14","Homertech","244168","215990","28178"
"2010-12-15","Homertech","281036","246496","34540"
"2010-12-16","Homertech","278488","236433","42055"
"2010-12-17","Homertech","152394","132779","19615"
"2010-12-18","Homertech","263929","234141","29788"
"2010-12-19","Homertech","223055","193201","29854"
"2010-12-20","Homertech","194790","169418","25372"
"2010-12-21","Homertech","234849","213447","21402"
"2010-12-22","Homertech","270633","244899","25734"
"2010-12-23","Homertech","284708","256246","28462"
"2010-12-24","Homertech","353176","308814","44362"
"2010-12-25","Homertech","162400","141876","20524"
"2010-12-26","Homertech","139102","124951","14151"
"2010-12-27","Homertech","156404","139475","16929"
"2010-12-28","Homertech","187206","161644","25562"
"2010-12-29","Homertech","189103","166951","22152"
"2010-12-30","Homertech","247069","213835","33234"
"2010-12-31","Homertech","126246","110998","15248"
"2011-01-01","Homertech","248175","217027","31148"
"2011-01-02","Homertech","237926","219069","18857"
"2011-01-03","Homertech","218701","192422","26279"
"2011-01-04","Homertech","295903","255506","40397"
"2011-01-05","Homertech","378569","336866","41703"
"2011-01-06","Homertech","293933","266267","27666"
"2011-01-07","Homertech","400126","349215","50911"
"2011-01-08","Homertech","254500","216150","38350"
"2011-01-09","Homertech","309171","278161","31010"
"2011-01-10","Homertech","250665","221483","29182"
"2011-01-11","Homertech","217508","193950","23558"
"2011-01-12","Homertech","205165","180689","24476"
"2011-01-13","Homertech","201772","177433","24339"
"2011-01-14","Homertech","446458","406544","39914"
"2011-01-15","Homertech","215747","190516","25231"
"2011-01-16","Homertech","261186","232199","28987"
"2011-01-17","Homertech","409079","365531","43548"
"2011-01-18","Homertech","194368","172330","22038"
"2011-01-19","Homertech","210613","184867","25746"
"2011-01-20","Homertech","376013","320959","55054"
"2011-01-21","Homertech","222173","192645","29528"
"2011-01-22","Homertech","270374","239666","30708"
"2011-01-23","Homertech","366685","327882","38803"
"2011-01-24","Homertech","235833","210785","25048"
"2011-01-25","Homertech","385407","338833","46574"
"2011-01-26","Homertech","235482","207165","28317"
"2011-01-27","Homertech","392941","342191","50750"
"2011-01-28","Homertech","341835","302484","39351"
"2011-01-29","Homertech","228331","197269","31062"
"2011-01-30","Homertech","257855","228993","28862"
"2011-01-31","Homertech","247486","221370","26116"
"2011-02-01","Homertech","104923","92942","11981"
"2011-02-02","Homertech","144752","123885","20867"
"2011-02-03","Homertech","302391","272917","29474"
"2011-02-04","Homertech","185001","169952","15049"
"2011-02-05","Homertech","134442","118303","16139"
"2011-02-06","Homertech","237397","209551","27846"
"2011-02-07","Homertech","307561","276278","31283"
"2011-02-08","Homertech","229191","207718","21473"
"2011-02-09","Homertech","251014","219668","31346"
"2011-02-10","Homertech","128293","113090","15203"
"2011-02-11","Homertech","248214","224878","23336"
"2011-02-12","Homertech","217781","203883","13898"
"2011-02-13","Homertech","239370","214005","25365"
"2011-02-14","Homertech","277391","241436","35955"
"2011-02-15","Homertech","261387","218286","43101"
"2011-02-16","Homertech","326879","292512","34367"
"2011-02-17","Homertech","364351","319034","45317"
"2011-02-18","Homertech","274378","243640","30738"
"2011-02-19","Homertech","185662","165276","20386"
"2011-02-20","Homertech","356977","321961","35016"
"2011-02-21","Homertech","158729","148090","10639"
"2011-02-22","Homertech","569982","508045","61937"
"2011-02-23","Homertech","151530","138605","12925"
"2011-02-24","Homertech","241772","215006","26766"
"2011-02-25","Homertech","147431","131012","16419"
"2011-02-26","Homertech","281863","251807","30056"
"2011-02-27","Homertech","195480","171913","23567"
"2011-02-28","Homertech","215800","186603","29197"
"2011-03-01","Homertech","316138","282084","34054"
"2011-03-02","Homertech","404334","359671","44663"
"2011-03-03","Homertech","198751","173416","25335"
"2011-03-04","Homertech","146182","122683","23499"
"2011-03-05","Homertech","312492","283316","29176"
"2011-03-06","Homertech","180089","157047","23042"
"2011-03-07","Homertech","192972","168693","24279"
"2011-03-08","Homertech","183420","163217","20203"
"2011-03-09","Homertech","244382","223306","21076"
"2011-03-10","Homertech","255965","218142","37823"
"2011-03-11","Homertech","226235","196165","30070"
"2011-03-12","Homertech","277802","243342","34460"
"2011-03-13","Homertech","240511","215053","25458"
"2011-03-14","Homertech","218426","194707","23719"
"2011-03-15","Homertech","152471","131180","21291"
"2011-03-16","Homertech","229720","202715","27005"
"2011-03-17","Homertech","265984","239807","26177"
"2011-03-18","Homertech","219888","197833","22055"
"2011-03-19","Homertech","240593","209508","31085"
"2011-03-20","Homertech","225953","197128","28825"
"2011-03-21","Homertech","165371","149998","15373"
"2011-03-22","Homertech","215355","183006","32349"
"2011-03-23","Homertech","228495","204508","23987"
"2011-03-24","Homertech","110294","96160","14134"
"2011-03-25","Homertech","301755","273632","28123"
"2011-03-26","Homertech","366629","333354","33275"
"2011-03-27","Homertech","458927","415880","43047"
"2011-03-28","Homertech","229743","202225","27518"
"2011-03-29","Homertech","215305","193717","21588"
"2011-03-30","Homertech","252512","216738","35774"
"2011-03-31","Homertech","233208","207631","25577"
"2011-04-01","Homertech","248244","220649","27595"
"2011-04-02","Homertech","144950","127632","17318"
"2011-04-03","Homertech","320497","283700","36797"
"2011-04-04","Homertech","337954","296734","41220"
"2011-04-05","Homertech","321783","289260","32523"
"2011-04-06","Homertech","298751","255924","42827"
"2011-04-07","Homertech","267334","234929","32405"
"2011-04-08","Homertech","261269","224300","36969"
"2011-04-09","Homertech","248965","225003","23962"
"2011-04-10","Homertech","212088","184745","27343"
"2011-04-11","Homertech","127390","114336","13054"
"2011-04-12","Homertech","216791","196390","20401"
"2011-04-13","Homertech","384216","328380","55836"
"2011-04-14","Homertech","231065","208878","22187"
"2011-04-15","Homertech","277739","245016","32723"
"2011-04-16","Homertech","149409","134714","14695"
"2011-04-17","Homertech","183929","164122","19807"
"2011-04-18","Homertech","193528","169841","23687"
"2011-04-19","Homertech","172289","151724","20565"
"2011-04-20","Homertech","233987","217286","16701"
"2011-04-21","Homertech","168517","152085","16432"
"2011-04-22","Homertech","230739","211689","19050"
"2011-04-23","Homertech","283013","257062","25951"
"2011-04-24","Homertech","186230","165148","21082"
"2011-04-25","Homertech","341909","298996","42913"
"2011-04-26","Homertech","210789","183119","27670"
"2011-04-27","Homertech","152123","133664","18459"
"2011-04-28","Homertech","318530","273719","44811"
"2011-04-29","Homertech","172567","152067","20500"
"2011-04-30","Homertech","164979","144710","20269"
"2011-05-01","Homertech","361924","313662","48262"
"2011-05-02","Homertech","157365","141295","16070"
"2011-05-03","Homertech","287095","254529","32566"
"2011-05-04","Homertech","222787","199506","23281"
"2011-05-05","Homertech","276344","244901","31443"
"2011-05-06","Homertech","268833","242718","26115"
"2011-05-07","Homertech","228638","208471","20167"
"2011-05-08","Homertech","265984","235143","30841"
"2011-05-09","Homertech","212650","182397","30253"
"2011-05-10","Homertech","156613","133851","22762"
"2011-05-11","Homertech","322652","289631","33021"
"2011-05-12","Homertech","293687","262324","31363"
"2011-05-13","Homertech","232377","205796","26581"
"2011-05-14","Homertech","234016","207038","26978"
"2011-05-15","Homertech","248893","222003","26890"
"2011-05-16","Homertech","313773","279016","34757"
"2011-05-17","Homertech","192296","172409","19887"
"2011-05-18","Homertech","173522","151987","21535"
"2011-05-19","Homertech","376245","323945","52300"
"2011-05-20","Homertech","276188","241068","35120"
"2011-05-21","Homertech","199801","175196","24605"
"2011-05-22","Homertech","281751","246600","35151"
"2011-05-23","Homertech","206858","183813","23045"
"2011-05-24","Homertech","110049","100052","9997"
"2011-05-25","Homertech","322040","277009","45031"
"2011-05-26","Homertech","151455","131348","20107"
"2011-05-27","Homertech","382459","343525","38934"
"2011-05-28","Homertech","362309","317493","44816"
"2011-05-29","Homertech","279989","246605","33384"
"2011-05-30","Homertech","238759","208386","30373"
"2011-05-31","Homertech","251565","226400","25165"
"2011-06-01","Homertech","292163","260564","31599"
"2011-06-02","Homertech","400710","354027","46683"
"2011-06-03","Homertech","134978","120242","14736"
"2011-06-04","Homertech","160123","141342","18781"
"2011-06-05","Homertech","365872","323916","41956"
"2011-06-06","Homertech","138659","117824","20835"
"2011-06-07","Homertech","322111","282698","39413"
"2011-06-08","Homertech","302989","270687","32302"
"2011-06-09","Homertech","339387","294137","45250"
"2011-06-10","Homertech","353558","304729","48829"
"2011-06-11","Homertech","357186","315645","41541"
"2011-06-12","Homertech","273656","231386","42270"
"2011-06-13","Homertech","246403","213885","32518"
"2011-06-14","Homertech","307491","266377","41114"
"2011-06-15","Homertech","173774","158154","15620"
"2011-06-16","Homertech","227652","198193","29459"
"2011-06-17","Homertech","484179","427309","56870"
"2011-06-18","Homertech","361118","311236","49882"
"2011-06-19","Homertech","350681","318827","31854"
"2011-06-20","Homertech","206300","183612","22688"
"2011-06-21","Homertech","199576","171951","27625"
"2011-06-22","Homertech","329122","283965","45157"
"2011-06-23","Homertech","345677","311560","34117"
"2011-06-24","Homertech","308673","275381","33292"
"2011-06-25","Homertech","173648","153610","20038"
"2011-06-26","Homertech","342956","309826","33130"
"2011-06-27","Homertech","271211","234097","37114"
"2011-06-28","Homertech","285011","240489","44522"
"2011-06-29","Homertech","418252","364017","54235"
"2011-06-30","Homertech","357048","318195","38853"
"2011-07-01","Homertech","313675","279751","33924"
"2011-07-02","Homertech","451111","396713","54398"
"2011-07-03","Homertech","230893","200517","30376"
"2011-07-04","Homertech","268848","234378","34470"
"2011-07-05","Homertech","385558","345355","40203"
"2011-07-06","Homertech","393042","346594","46448"
"2011-07-07","Homertech","219705","187320","32385"
"2011-07-08","Homertech","183048","153523","29525"
"2011-07-09","Homertech","179591","160455","19136"
"2011-07-10","Homertech","266749","240859","25890"
"2011-07-11","Homertech","221924","194205","27719"
"2011-07-12","Homertech","344454","309548","34906"
"2011-07-13","Homertech","333598","304537","29061"
"2011-07-14","Homertech","359048","318244","40804"
"2011-07-15","Homertech","380443","330964","49479"
"2011-07-16","Homertech","325136","275511","49625"
"2011-07-17","Homertech","304575","265898","38677"
"2011-07-18","Homertech","336078","294920","41158"
"2011-07-19","Homertech","236610","211586","25024"
"2011-07-20","Homertech","280310","245955","34355"
"2011-07-21","Homertech","359142","317753","41389"
"2011-07-22","Homertech","412564","356685","55879"
"2011-07-23","Homertech","319281","284863","34418"
"2011-07-24","Homertech","253109","233087","20022"
"2011-07-25","Homertech","333481","292140","41341"
"2011-07-26","Homertech","462808","408059","54749"
"2011-07-27","Homertech","356120","318287","37833"
"2011-07-28","Homertech","335973","295654","40319"
"2011-07-29","Homertech","308240","279675","28565"
"2011-07-30","Homertech","226095","193591","32504"
"2011-07-31","Homertech","222237","192404","29833"
"2011-08-01","Homertech","306444","278763","27681"
"2011-08-02","Homertech","303356","263591","39765"
"2011-08-03","Homertech","238988","205249","33739"
"2011-08-04","Homertech","216270","195234","21036"
"2011-08-05","Homertech","377457","343155","34302"
"2011-08-06","Homertech","243363","213988","29375"
"2011-08-07","Homertech","395480","345242","50238"
"2011-08-08","Homertech","224960","194231","30729"
"2011-08-09","Homertech","264161","233222","30939"
"2011-08-10","Homertech","220055","189084","30971"
"2011-08-11","Homertech","251619","227571","24048"
"2011-08-12","Homertech","384985","338255","46730"
"2011-08-13","Homertech","314636","277347","37289"
"2011-08-14","Homertech","294949","265965","28984"
"2011-08-15","Homertech","177118","150530","26588"
"2011-08-16","Homertech","223385","201233","22152"
"2011-08-17","Homertech","454455","404555","49900"
"2011-08-18","Homertech","293404","261496","31908"
"2011-08-19","Homertech","263379","226548","36831"
"2011-08-20","Homertech","329239","298904","30335"
"2011-08-21","Homertech","270602","229791","40811"
"2011-08-22","Homertech","350907","312497","38410"
"2011-08-23","Homertech","180102","160770","19332"
"2011-08-24","Homertech","193345","170428","22917"
"2011-08-25","Homertech","386257","346148","40109"
"2011-08-26","Homertech","355863","317366","38497"
"2011-08-27","Homertech","235278","209239","26039"
"2011-08-28","Homertech","339357","305916","33441"
"2011-08-29","Homertech","315802","283902","31900"
"2011-08-30","Homertech","414485","357546","56939"
"2011-08-31","Homertech","446414","394988","51426"
"2011-09-01","Homertech","284902","260259","24643"
"2011-09-02","Homertech","249793","217372","32421"
"2011-09-03","Homertech","269701","235555","34146"
"2011-09-04","Homertech","314405","280489","33916"
"2011-09-05","Homertech","208090","181598","26492"
"2011-09-06","Homertech","142856","124167","18689"
"2011-09-07","Homertech","310422","270011","40411"
"2011-09-08","Homertech","325962","291310","34652"
"2011-09-09","Homertech","293100","249955","43145"
"2011-09-10","Homertech","311144","280003","31141"
"2011-09-11","Homertech","309376","271737","37639"
"2011-09-12","Homertech","364211","326161","38050"
"2011-09-13","Homertech","235079","207087","27992"
"2011-09-14","Homertech","221104","205113","15991"
"2011-09-15","Homertech","335237","296329","38908"
"2011-09-16","Homertech","301900","269925","31975"
"2011-09-17","Homertech","350799","313459","37340"
"2011-09-18","Homertech","281494","243653","37841"
"2011-09-19","Homertech","344047","302776","41271"
"2011-09-20","Homertech","415122","371318","43804"
"2011-09-21","Homertech","190576","161943","28633"
"2011-09-22","Homertech","196121","172132","23989"
"2011-09-23","Homertech","337171","294145","43026"
"2011-09-24","Homertech","346565","312900","33665"
"2011-09-25","Homertech","356952","313845","43107"
"2011-09-26","Homertech","212824","187774","25050"
"2011-09-27","Homertech","321597","278188","43409"
"2011-09-28","Homertech","260885","223467","37418"
"2011-09-29","Homertech","413880","373379","40501"
"2011-09-30","Homertech","266530","238323","28207"
"2011-10-01","Homertech","226504","205641","20863"
"2011-10-02","Homertech","237061","212319","24742"
"2011-10-03","Homertech","223107","197170","25937"
"2011-10-04","Homertech","195757","173289","22468"
"2011-10-05","Homertech","207606","189619","17987"
"2011-10-06","Homertech","195990","168894","27096"
"2011-10-07","Homertech","233414","203059","30355"
"2011-10-08","Homertech","220917","202687","18230"
"2011-10-09","Homertech","120583","107573","13010"
"2011-10-10","Homertech","207835","183647","24188"
"2011-10-11","Homertech","314640","277318","37322"
"2011-10-12","Homertech","229324","203230","26094"
"2011-10-13","Homertech","305662","264742","40920"
"2011-10-14","Homertech","417518","365856","51662"
"2011-10-15","Homertech","388644","339294","49350"
"2011-10-16","Homertech","230873","208402","22471"
"2011-10-17","Homertech","434837","389828","45009"
"2011-10-18","Homertech","299719","266863","32856"
"2011-10-19","Homertech","169882","148194","21688"
"2011-10-20","Homertech","395256","348844","46412"
"2011-10-21","Homertech","393749","343311","50438"
"2011-10-22","Homertech","192445","168458","23987"
"2011-10-23","Homertech","319619","279800","39819"
"2011-10-24","Homertech","275260","238392","36868"
"2011-10-25","Homertech","569279","497236","72043"
"2011-10-26","Homertech","269778","236562","33216"
"2011-10-27","Homertech","339951","302137","37814"
"2011-10-28","Homertech","294754","259403","35351"
"2011-10-29","Homertech","299045","264340","34705"
"2011-10-30","Homertech","176157","152000","24157"
"2011-10-31","Homertech","341654","302688","38966"
"2011-11-01","Homertech","289454","261202","28252"
"2011-11-02","Homertech","317414","288490","28924"
"2011-11-03","Homertech","340943","301048","39895"
"2011-11-04","Homertech","335550","295713","39837"
"2011-11-05","Homertech","300918","259902","41016"
"2011-11-06","Homertech","298169","264875","33294"
"2011-11-07","Homertech","286405","250682","35723"
"2011-11-08","Homertech","406294","353944","52350"
"2011-11-09","Homertech","530099","476995","53104"
"2011-11-10","Homertech","235970","198974","36996"
"2011-11-11","Homertech","235311","203570","31741"
"2011-11-12","Homertech","294657","263283","31374"
"2011-11-13","Homertech","302536","259986","42550"
"2011-11-14","Homertech","299837","259924","39913"
"2011-11-15","Homertech","228499","201487","27012"
"2011-11-16","Homertech","478697","434390","44307"
"2011-11-17","Homertech","325498","290267","35231"
"2011-11-18","Homertech","342960","298832","44128"
"2011-11-19","Homertech","297664","259122","38542"
"2011-11-20","Homertech","225634","197154","28480"
"2011-11-21","Homertech","184095","161846","22249"
"2011-11-22","Homertech","282065","250693","31372"
"2011-11-23","Homertech","253507","226075","27432"
"2011-11-24","Homertech","403374","352397","50977"
"2011-11-25","Homertech","343736","296839","46897"
"2011-11-26","Homertech","387455","337977","49478"
"2011-11-27","Homertech","220161","197326","22835"
"2011-11-28","Homertech","347660","311305","36355"
"2011-11-29","Homertech","267030","240211","26819"
"2011-11-30","Homertech","344521","307046","37475"
"2011-12-01","Homertech","343063","302357","40706"
"2011-12-02","Homertech","337813","293949","43864"
"2011-12-03","Homertech","236913","204850","32063"
"2011-12-04","Homertech","222740","203697","19043"
"2011-12-05","Homertech","246174","225100","21074"
"2011-12-06","Homertech","322129","280561","41568"
"2011-12-07","Homertech","287737","251300","36437"
"2011-12-08","Homertech","365352","326441","38911"
"2011-12-09","Homertech","431027","382905","48122"
"2011-12-10","Homertech","312605","282443","30162"
"2011-12-11","Homertech","449520","387971","61549"
"2011-12-12","Homertech","226343","198543","27800"
"2011-12-13","Homertech","212507","179613","32894"
"2011-12-14","Homertech","298571","269631","28940"
"2011-12-15","Homertech","399710","350720","48990"
"2011-12-16","Homertech","327779","298773","29006"
"2011-12-17","Homertech","374688","319817","54871"
"2011-12-18","Homertech","255583","228281","27302"
"2011-12-19","Homertech","373828","335480","38348"
"2011-12-20","Homertech","342353","297908","44445"
"2011-12-21","Homertech","177600","159579","18021"
"2011-12-22","Homertech","227985","210001","17984"
"2011-12-23","Homertech","178458","163774","14684"
"2011-12-24","Homertech","312151","277354","34797"
"2011-12-25","Homertech","418184","378272","39912"
"2011-12-26","Homertech","296600","259206","37394"
"2011-12-27","Homertech","355756","313252","42504"
"2011-12-28","Homertech","295954","265280","30674"
"2011-12-29","Homertech","391198","337421","53777"
"2011-12-30","Homertech","347783","314542","33241"
"2011-12-31","Homertech","270189","240579","29610"
"2012-01-01","Homertech","548784","496118","52666"
"2012-01-02","Homertech","360122","330594","29528"
"2012-01-03","Homertech","387795","349680","38115"
"2012-01-04","Homertech","497178","435373","61805"
"2012-01-05","Homertech","281813","261538","20275"
"2012-01-06","Homertech","587163","510704","76459"
"2012-01-07","Homertech","391013","344762","46251"
"2012-01-08","Homertech","363551","319709","43842"
"2012-01-09","Homertech","473724","420601","53123"
"2012-01-10","Homertech","341743","299319","42424"
"2012-01-11","Homertech","458945","400385","58560"
"2012-01-12","Homertech","513188","464706","48482"
"2012-01-13","Homertech","465374","412291","53083"
"2012-01-14","Homertech","528163","478870","49293"
"2012-01-15","Homertech","254566","228179","26387"
"2012-01-16","Homertech","449714","399890","49824"
"2012-01-17","Homertech","427877","372411","55466"
"2012-01-18","Homertech","440099","387058","53041"
"2012-01-19","Homertech","477599","428588","49011"
"2012-01-20","Homertech","340891","302403","38488"
"2012-01-21","Homertech","261421","229192","32229"
"2012-01-22","Homertech","627136","565214","61922"
"2012-01-23","Homertech","532889","462820","70069"
"2012-01-24","Homertech","455798","402689","53109"
"2012-01-25","Homertech","373779","328847","44932"
"2012-01-26","Homertech","306351","272986","33365"
"2012-01-27","Homertech","400314","342053","58261"
"2012-01-28","Homertech","564202","516086","48116"
"2012-01-29","Homertech","254667","231230","23437"
"2012-01-30","Homertech","429705","381094","48611"
"2012-01-31","Homertech","263694","229763","33931"
"2012-02-01","Homertech","476099","430606","45493"
"2012-02-02","Homertech","335697","297314","38383"
"2012-02-03","Homertech","276483","244239","32244"
"2012-02-04","Homertech","472847","419783","53064"
"2012-02-05","Homertech","394573","347687","46886"
"2012-02-06","Homertech","385139","345171","39968"
"2012-02-07","Homertech","442999","395783","47216"
"2012-02-08","Homertech","539795","483541","56254"
"2012-02-09","Homertech","609331","550258","59073"
"2012-02-10","Homertech","458907","417690","41217"
"2012-02-11","Homertech","464035","402065","61970"
"2012-02-12","Homertech","462128","400929","61199"
"2012-02-13","Homertech","471838","418369","53469"
"2012-02-14","Homertech","465044","413015","52029"
"2012-02-15","Homertech","656768","592972","63796"
"2012-02-16","Homertech","362368","323566","38802"
"2012-02-17","Homertech","529051","461472","67579"
"2012-02-18","Homertech","611329","538314","73015"
"2012-02-19","Homertech","467747","420300","47447"
"2012-02-20","Homertech","550476","491295","59181"
"2012-02-21","Homertech","515221","454513","60708"
"2012-02-22","Homertech","475374","436373","39001"
"2012-02-23","Homertech","370849","326768","44081"
"2012-02-24","Homertech","538362","475495","62867"
"2012-02-25","Homertech","290762","264430","26332"
"2012-02-26","Homertech","451411","409706","41705"
"2012-02-27","Homertech","295395","255129","40266"
"2012-02-28","Homertech","299761","268894","30867"
"2012-02-29","Homertech","352108","312302","39806"
"2012-03-01","Homertech","571474","503856","67618"
"2012-03-02","Homertech","406061","352064","53997"
"2012-03-03","Homertech","378526","343108","35418"
"2012-03-04","Homertech","571237","506192","65045"
"2012-03-05","Homertech","512916","445892","67024"
"2012-03-06","Homertech","509341","450954","58387"
"2012-03-07","Homertech","497850","435802","62048"
"2012-03-08","Homertech","600470","524644","75826"
"2012-03-09","Homertech","467626","416864","50762"
"2012-03-10","Homertech","397288","338660","58628"
"2012-03-11","Homertech","496778","440046","56732"
"2012-03-12","Homertech","403715","354210","49505"
"2012-03-13","Homertech","767355","676853","90502"
"2012-03-14","Homertech","516188","455766","60422"
"2012-03-15","Homertech","359815","319370","40445"
"2012-03-16","Homertech","501980","434088","67892"
"2012-03-17","Homertech","366419","329912","36507"
"2012-03-18","Homertech","468200","410859","57341"
"2012-03-19","Homertech","312932","281556","31376"
"2012-03-20","Homertech","338265","299346","38919"
"2012-03-21","Homertech","376717","338138","38579"
"2012-03-22","Homertech","346971","306460","40511"
"2012-03-23","Homertech","433832","386659","47173"
"2012-03-24","Homertech","431481","377715","53766"
"2012-03-25","Homertech","674296","604645","69651"
"2012-03-26","Homertech","574700","500405","74295"
"2012-03-27","Homertech","558055","491851","66204"
"2012-03-28","Homertech","463123","408868","54255"
"2012-03-29","Homertech","472921","428226","44695"
"2012-03-30","Homertech","466082","418043","48039"
"2012-03-31","Homertech","539117","480018","59099"
"2012-04-01","Homertech","441138","384862","56276"
"2012-04-02","Homertech","493640","443449","50191"
"2012-04-03","Homertech","515941","468170","47771"
"2012-04-04","Homertech","496892","433932","62960"
"2012-04-05","Homertech","504233","457924","46309"
"2012-04-06","Homertech","481521","416644","64877"
"2012-04-07","Homertech","711025","634937","76088"
"2012-04-08","Homertech","487876","434046","53830"
"2012-04-09","Homertech","526818","468994","57824"
"2012-04-10","Homertech","537895","477732","60163"
"2012-04-11","Homertech","450875","401355","49520"
"2012-04-12","Homertech","575193","511215","63978"
"2012-04-13","Homertech","520809","459110","61699"
"2012-04-14","Homertech","425075","380985","44090"
"2012-04-15","Homertech","568007","492451","75556"
"2012-04-16","Homertech","389306","348768","40538"
"2012-04-17","Homertech","319062","281791","37271"
"2012-04-18","Homertech","549440","481881","67559"
"2012-04-19","Homertech","759831","678406","81425"
"2012-04-20","Homertech","477502","425773","51729"
"2012-04-21","Homertech","605390","528797","76593"
"2012-04-22","Homertech","392359","342118","50241"
"2012-04-23","Homertech","556664","494906","61758"
"2012-04-24","Homertech","364564","317844","46720"
"2012-04-25","Homertech","416259","364058","52201"
"2012-04-26","Homertech","483325","425976","57349"
"2012-04-27","Homertech","469706","415102","54604"
"2012-04-28","Homertech","551446","482321","69125"
"2012-04-29","Homertech","558192","495455","62737"
"2012-04-30","Homertech","716831","633630","83201"
"2012-05-01","Homertech","522712","457720","64992"
"2012-05-02","Homertech","415659","368872","46787"
"2012-05-03","Homertech","627988","549505","78483"
"2012-05-04","Homertech","304931","272662","32269"
"2012-05-05","Homertech","454011","389363","64648"
"2012-05-06","Homertech","611149","543178","67971"
"2012-05-07","Homertech","390123","347352","42771"
"2012-05-08","Homertech","432210","389846","42364"
"2012-05-09","Homertech","584080","522475","61605"
"2012-05-10","Homertech","726635","626611","100024"
"2012-05-11","Homertech","548280","485640","62640"
"2012-05-12","Homertech","331914","292911","39003"
"2012-05-13","Homertech","413215","374865","38350"
"2012-05-14","Homertech","437945","388430","49515"
"2012-05-15","Homertech","612483","529206","83277"
"2012-05-16","Homertech","591586","524887","66699"
"2012-05-17","Homertech","386110","340047","46063"
"2012-05-18","Homertech","398662","356029","42633"
"2012-05-19","Homertech","495005","443451","51554"
"2012-05-20","Homertech","415449","363497","51952"
"2012-05-21","Homertech","480170","420135","60035"
"2012-05-22","Homertech","524482","460590","63892"
"2012-05-23","Homertech","452579","389256","63323"
"2012-05-24","Homertech","665089","592735","72354"
"2012-05-25","Homertech","685944","604197","81747"
"2012-05-26","Homertech","543357","477838","65519"
"2012-05-27","Homertech","572305","502270","70035"
"2012-05-28","Homertech","557789","498397","59392"
"2012-05-29","Homertech","542946","472471","70475"
"2012-05-30","Homertech","504673","450493","54180"
"2012-05-31","Homertech","371741","328227","43514"
"2012-06-01","Homertech","97030","83681","13349"
"2012-06-02","Homertech","99000","83622","15378"
"2012-06-03","Homertech","134390","117110","17280"
"2012-06-04","Homertech","326667","291808","34859"
"2012-06-05","Homertech","198743","168749","29994"
"2012-06-06","Homertech","119894","108213","11681"
"2012-06-07","Homertech","231307","195900","35407"
"2012-06-08","Homertech","240236","219291","20945"
"2012-06-09","Homertech","269913","243967","25946"
"2012-06-10","Homertech","263087","234528","28559"
"2012-06-11","Homertech","251076","222598","28478"
"2012-06-12","Homertech","155400","134304","21096"
"2012-06-13","Homertech","263037","234346","28691"
"2012-06-14","Homertech","287934","259759","28175"
"2012-06-15","Homertech","168786","145318","23468"
"2012-06-16","Homertech","146941","131869","15072"
"2012-06-17","Homertech","183871","161487","22384"
"2012-06-18","Homertech","180460","164931","15529"
"2012-06-19","Homertech","180609","159033","21576"
"2012-06-20","Homertech","177761","157421","20340"
"2012-06-21","Homertech","165660","141869","23791"
"2012-06-22","Homertech","291294","255140","36154"
"2012-06-23","Homertech","194507","176483","18024"
"2012-06-24","Homertech","230498","205174","25324"
"2012-06-25","Homertech","203551","183844","19707"
"2012-06-26","Homertech","147009","130179","16830"
"2012-06-27","Homertech","138234","122301","15933"
"2012-06-28","Homertech","267065","236256","30809"
"2012-06-29","Homertech","296046","264644","31402"
"2012-06-30","Homertech","223983","195626","28357"
"2012-07-01","Homertech","266395","232031","34364"
"2012-07-02","Homertech","418059","366479","51580"
"2012-07-03","Homertech","314931","282748","32183"
"2012-07-04","Homertech","198387","164874","33513"
"2012-07-05","Homertech","202348","180214","22134"
"2012-07-06","Homertech","156483","135607","20876"
"2012-07-07","Homertech","217620","186117","31503"
"2012-07-08","Homertech","235165","199086","36079"
"2012-07-09","Homertech","206067","182927","23140"
"2012-07-10","Homertech","229965","203004","26961"
"2012-07-11","Homertech","152724","139992","12732"
"2012-07-12","Homertech","244348","218741","25607"
"2012-07-13","Homertech","219124","188726","30398"
"2012-07-14","Homertech","191053","171266","19787"
"2012-07-15","Homertech","278065","252675","25390"
"2012-07-16","Homertech","334776","303140","31636"
"2012-07-17","Homertech","416727","364333","52394"
"2012-07-18","Homertech","194438","170619","23819"
"2012-07-19","Homertech","245518","215094","30424"
"2012-07-20","Homertech","248961","222269","26692"
"2012-07-21","Homertech","238617","206513","32104"
"2012-07-22","Homertech","191839","168866","22973"
"2012-07-23","Homertech","282037","250972","31065"
"2012-07-24","Homertech","210161","179704","30457"
"2012-07-25","Homertech","254673","227565","27108"
"2012-07-26","Homertech","231763","210183","21580"
"2012-07-27","Homertech","182019","156452","25567"
"2012-07-28","Homertech","317793","283657","34136"
"2012-07-29","Homertech","215553","187179","28374"
"2012-07-30","Homertech","198114","178623","19491"
"2012-07-31","Homertech","200226","178366","21860"
"2012-08-01","Homertech","308247","277522","30725"
"2012-08-02","Homertech","203250","185459","17791"
"2012-08-03","Homertech","214240","195960","18280"
"2012-08-04","Homertech","299221","261263","37958"
"2012-08-05","Homertech","137165","121875","15290"
"2012-08-06","Homertech","201480","180667","20813"
"2012-08-07","Homertech","368554","324328","44226"
"2012-08-08","Homertech","242552","215207","27345"
"2012-08-09","Homertech","350578","311797","38781"
"2012-08-10","Homertech","218045","196681","21364"
"2012-08-11","Homertech","246479","221903","24576"
"2012-08-12","Homertech","163341","145588","17753"
"2012-08-13","Homertech","241928","208988","32940"
"2012-08-14","Homertech","248533","220751","27782"
"2012-08-15","Homertech","147232","130818","16414"
"2012-08-16","Homertech","221439","204227","17212"
"2012-08-17","Homertech","294233","264652","29581"
"2012-08-18","Homertech","230771","206119","24652"
"2012-08-19","Homertech","216936","188494","28442"
"2012-08-20","Homertech","287920","258200","29720"
"2012-08-21","Homertech","239592","207828","31764"
"2012-08-22","Homertech","196585","171083","25502"
"2012-08-23","Homertech","252878","222058","30820"
"2012-08-24","Homertech","350934","314384","36550"
"2012-08-25","Homertech","224127","196775","27352"
"2012-08-26","Homertech","269479","239937","29542"
"2012-08-27","Homertech","186519","168511","18008"
"2012-08-28","Homertech","219368","200001","19367"
"2012-08-29","Homertech","236874","206532","30342"
"2012-08-30","Homertech","197750","176561","21189"
"2012-08-31","Homertech","133358","117020","16338"
"2012-09-01","Homertech","397067","348488","48579"
"2012-09-02","Homertech","204253","174915","29338"
"2012-09-03","Homertech","297486","262792","34694"
"2012-09-04","Homertech","182233","158999","23234"
"2012-09-05","Homertech","413982","364799","49183"
"2012-09-06","Homertech","308191","271499","36692"
"2012-09-07","Homertech","273441","251942","21499"
"2012-09-08","Homertech","203239","179552","23687"
"2012-09-09","Homertech","207449","179924","27525"
"2012-09-10","Homertech","162405","135394","27011"
"2012-09-11","Homertech","148340","130377","17963"
"2012-09-12","Homertech","206952","177846","29106"
"2012-09-13","Homertech","145563","131329","14234"
"2012-09-14","Homertech","288665","245462","43203"
"2012-09-15","Homertech","228115","206926","21189"
"2012-09-16","Homertech","262348","233566","28782"
"2012-09-17","Homertech","188689","162086","26603"
"2012-09-18","Homertech","312309","271724","40585"
"2012-09-19","Homertech","341780","305541","36239"
"2012-09-20","Homertech","170941","145677","25264"
"2012-09-21","Homertech","168854","148926","19928"
"2012-09-22","Homertech","336911","298276","38635"
"2012-09-23","Homertech","152721","138682","14039"
"2012-09-24","Homertech","199932","171731","28201"
"2012-09-25","Homertech","282974","252815","30159"
"2012-09-26","Homertech","247028","221748","25280"
"2012-09-27","Homertech","198136","174798","23338"
"2012-09-28","Homertech","165360","146465","18895"
"2012-09-29","Homertech","237887","211962","25925"
"2012-09-30","Homertech","236792","207178","29614"
"2012-10-01","Homertech","221918","199076","22842"
"2012-10-02","Homertech","290652","255621","35031"
"2012-10-03","Homertech","357970","311459","46511"
"2012-10-04","Homertech","217296","192206","25090"
"2012-10-05","Homertech","322580","288356","34224"
"2012-10-06","Homertech","247111","219976","27135"
"2012-10-07","Homertech","449690","395254","54436"
"2012-10-08","Homertech","215500","192304","23196"
"2012-10-09","Homertech","116728","103682","13046"
"2012-10-10","Homertech","269593","231763","37830"
"2012-10-11","Homertech","322123","273505","48618"
"2012-10-12","Homertech","324629","281397","43232"
"2012-10-13","Homertech","169287","154909","14378"
"2012-10-14","Homertech","410735","363780","46955"
"2012-10-15","Homertech","188847","164751","24096"
"2012-10-16","Homertech","357632","313250","44382"
"2012-10-17","Homertech","285433","255013","30420"
"2012-10-18","Homertech","277102","241177","35925"
"2012-10-19","Homertech","202042","183231","18811"
"2012-10-20","Homertech","298233","263971","34262"
"2012-10-21","Homertech","200472","179172","21300"
"2012-10-22","Homertech","289558","266235","23323"
"2012-10-23","Homertech","260888","229580","31308"
"2012-10-24","Homertech","199651","181998","17653"
"2012-10-25","Homertech","191546","168662","22884"
"2012-10-26","Homertech","213697","190133","23564"
"2012-10-27","Homertech","327912","286027","41885"
"2012-10-28","Homertech","214955","189629","25326"
"2012-10-29","Homertech","164587","147016","17571"
"2012-10-30","Homertech","277385","248297","29088"
"2012-10-31","Homertech","312604","275177","37427"
"2012-11-01","Homertech","283191","242175","41016"
"2012-11-02","Homertech","198454","174155","24299"
"2012-11-03","Homertech","241376","220137","21239"
"2012-11-04","Homertech","180675","161250","19425"
"2012-11-05","Homertech","347871","307720","40151"
"2012-11-06","Homertech","237067","211033","26034"
"2012-11-07","Homertech","217008","184777","32231"
"2012-11-08","Homertech","372728","333767","38961"
"2012-11-09","Homertech","227591","207705","19886"
"2012-11-10","Homertech","300337","261362","38975"
"2012-11-11","Homertech","313719","269546","44173"
"2012-11-12","Homertech","170819","155117","15702"
"2012-11-13","Homertech","332381","292924","39457"
"2012-11-14","Homertech","193681","168587","25094"
"2012-11-15","Homertech","274961","242675","32286"
"2012-11-16","Homertech","162604","138977","23627"
"2012-11-17","Homertech","243013","215869","27144"
"2012-11-18","Homertech","177476","167132","10344"
"2012-11-19","Homertech","281172","249502","31670"
"2012-11-20","Homertech","381911","338556","43355"
"2012-11-21","Homertech","363101","319433","43668"
"2012-11-22","Homertech","321037","274265","46772"
"2012-11-23","Homertech","252028","222628","29400"
"2012-11-24","Homertech","333972","304240","29732"
"2012-11-25","Homertech","239638","215053","24585"
"2012-11-26","Homertech","237608","201034","36574"
"2012-11-27","Homertech","404876","349338","55538"
"2012-11-28","Homertech","326700","290881","35819"
"2012-11-29","Homertech","195941","170848","25093"
"2012-11-30","Homertech","390570","353405","37165"
"2012-12-01","Homertech","287893","255612","32281"
"2012-12-02","Homertech","184290","163506","20784"
"2012-12-03","Homertech","208383","187676","20707"
"2012-12-04","Homertech","272169","242406","29763"
"2012-12-05","Homertech","204242","174697","29545"
"2012-12-06","Homertech","302868","275002","27866"
"2012-12-07","Homertech","367708","329846","37862"
"2012-12-08","Homertech","204142","175346","28796"
"2012-12-09","Homertech","309704","276542","33162"
"2012-12-10","Homertech","339480","303680","35800"
"2012-12-11","Homertech","295343","260693","34650"
"2012-12-12","Homertech","145040","129499","15541"
"2012-12-13","Homertech","178661","160761","17900"
"2012-12-14","Homertech","210499","191584","18915"
"2012-12-15","Homertech","289544","258146","31398"
"2012-12-16","Homertech","272810","248422","24388"
"2012-12-17","Homertech","158855","138935","19920"
"2012-12-18","Homertech","190623","166890","23733"
"2012-12-19","Homertech","435331","389024","46307"
"2012-12-20","Homertech","298543","264681","33862"
"2012-12-21","Homertech","341162","294741","46421"
"2012-12-22","Homertech","299610","262765","36845"
"2012-12-23","Homertech","315833","279136","36697"
"2012-12-24","Homertech","182408","157733","24675"
"2012-12-25","Homertech","225745","192995","32750"
"2012-12-26","Homertech","143193","130038","13155"
"2012-12-27","Homertech","346715","311298","35417"
"2012-12-28","Homertech","405934","370750","35184"
"2012-12-29","Homertech","187237","165002","22235"
"2012-12-30","Homertech","144069","124320","19749"
"2012-12-31","Homertech","263562","240332","23230"
"2013-01-01","Homertech","102507","91184","11323"
"2013-01-02","Homertech","741992","646363","95629"
"2013-01-03","Homertech","762846","671699","91147"
"2013-01-04","Homertech","524819","451377","73442"
"2013-01-05","Homertech","838343","744133","94210"
"2013-01-06","Homertech","677383","601890","75493"
"2013-01-07","Homertech","795313","714358","80955"
"2013-01-08","Homertech","611288","544019","67269"
"2013-01-09","Homertech","642739","564824","77915"
"2013-01-10","Homertech","626768","548277","78491"
"2013-01-11","Homertech","696580","619110","77470"
"2013-01-12","Homertech","773210","676483","96727"
"2013-01-13","Homertech","629445","565712","63733"
"2013-01-14","Homertech","707305","627151","80154"
"2013-01-15","Homertech","741903","657510","84393"
"2013-01-16","Homertech","658137","581112","77025"
"2013-01-17","Homertech","853765","761820","91945"
"2013-01-18","Homertech","561360","491790","69570"
"2013-01-19","Homertech","576139","508629","67510"
"2013-01-20","Homertech","674425","602434","71991"
"2013-01-21","Homertech","738274","659406","78868"
"2013-01-22","Homertech","738563","657175","81388"
"2013-01-23","Homertech","572997","511302","61695"
"2013-01-24","Homertech","694371","606051","88320"
"2013-01-25","Homertech","542485","478167","64318"
"2013-01-26","Homertech","811461","713624","97837"
"2013-01-27","Homertech","715135","614355","100780"
"2013-01-28","Homertech","790094","702643","87451"
"2013-01-29","Homertech","514378","454956","59422"
"2013-01-30","Homertech","663108","576913","86195"
"2013-01-31","Homertech","666379","602972","63407"
"2013-02-01","Homertech","698875","607307","91568"
"2013-02-02","Homertech","822480","742793","79687"
"2013-02-03","Homertech","827881","726184","101697"
"2013-02-04","Homertech","711590","624898","86692"
"2013-02-05","Homertech","967306","842552","124754"
"2013-02-06","Homertech","692640","598657","93983"
"2013-02-07","Homertech","917225","808401","108824"
"2013-02-08","Homertech","897574","803416","94158"
"2013-02-09","Homertech","777806","678439","99367"
"2013-02-10","Homertech","682389","603454","78935"
"2013-02-11","Homertech","814823","737428","77395"
"2013-02-12","Homertech","568865","505531","63334"
"2013-02-13","Homertech","813223","718986","94237"
"2013-02-14","Homertech","769510","674027","95483"
"2013-02-15","Homertech","807263","715109","92154"
"2013-02-16","Homertech","875152","760854","114298"
"2013-02-17","Homertech","587423","520654","66769"
"2013-02-18","Homertech","723268","655203","68065"
"2013-02-19","Homertech","721690","632072","89618"
"2013-02-20","Homertech","826183","733509","92674"
"2013-02-21","Homertech","791459","698001","93458"
"2013-02-22","Homertech","764099","689710","74389"
"2013-02-23","Homertech","742208","644301","97907"
"2013-02-24","Homertech","757103","660827","96276"
"2013-02-25","Homertech","908564","820216","88348"
"2013-02-26","Homertech","792525","684571","107954"
"2013-02-27","Homertech","728602","650275","78327"
"2013-02-28","Homertech","764974","661569","103405"
"2013-03-01","Homertech","270336","234824","35512"
"2013-03-02","Homertech","473105","424423","48682"
"2013-03-03","Homertech","863055","769611","93444"
"2013-03-04","Homertech","805853","702067","103786"
"2013-03-05","Homertech","888364","780901","107463"
"2013-03-06","Homertech","751541","670488","81053"
"2013-03-07","Homertech","805758","701828","103930"
"2013-03-08","Homertech","611800","529970","81830"
"2013-03-09","Homertech","712668","623680","88988"
"2013-03-10","Homertech","808383","714766","93617"
"2013-03-11","Homertech","957640","867898","89742"
"2013-03-12","Homertech","832428","737446","94982"
"2013-03-13","Homertech","660250","587487","72763"
"2013-03-14","Homertech","669676","589681","79995"
"2013-03-15","Homertech","792662","707341","85321"
"2013-03-16","Homertech","765145","675847","89298"
"2013-03-17","Homertech","648037","582266","65771"
"2013-03-18","Homertech","690932","618940","71992"
"2013-03-19","Homertech","919809","826010","93799"
"2013-03-20","Homertech","841340","729762","111578"
"2013-03-21","Homertech","753171","675211","77960"
"2013-03-22","Homertech","706161","620590","85571"
"2013-03-23","Homertech","754503","661382","93121"
"2013-03-24","Homertech","968255","853669","114586"
"2013-03-25","Homertech","888094","797164","90930"
"2013-03-26","Homertech","748646","650196","98450"
"2013-03-27","Homertech","706257","630948","75309"
"2013-03-28","Homertech","825498","718756","106742"
"2013-03-29","Homertech","558681","518979","39702"
"2013-03-30","Homertech","998373","881833","116540"
"2013-03-31","Homertech","629590","553488","76102"
"2013-04-01","Homertech","743194","664450","78744"
"2013-04-02","Homertech","1111586","979913","131673"
"2013-04-03","Homertech","865060","753091","111969"
"2013-04-04","Homertech","741546","662539","79007"
"2013-04-05","Homertech","993225","889557","103668"
"2013-04-06","Homertech","644605","550234","94371"
"2013-04-07","Homertech","844069","746612","97457"
"2013-04-08","Homertech","1041264","930500","110764"
"2013-04-09","Homertech","769144","677998","91146"
"2013-04-10","Homertech","738667","633986","104681"
"2013-04-11","Homertech","894405","794459","99946"
"2013-04-12","Homertech","844677","752594","92083"
"2013-04-13","Homertech","656266","586739","69527"
"2013-04-14","Homertech","860515","764706","95809"
"2013-04-15","Homertech","805995","721668","84327"
"2013-04-16","Homertech","998197","881760","116437"
"2013-04-17","Homertech","760198","666679","93519"
"2013-04-18","Homertech","798756","696784","101972"
"2013-04-19","Homertech","694716","616653","78063"
"2013-04-20","Homertech","846165","731347","114818"
"2013-04-21","Homertech","704454","611963","92491"
"2013-04-22","Homertech","717878","636563","81315"
"2013-04-23","Homertech","1058577","936818","121759"
"2013-04-24","Homertech","1011812","888648","123164"
"2013-04-25","Homertech","849406","738488","110918"
"2013-04-26","Homertech","641414","560592","80822"
"2013-04-27","Homertech","1087445","962682","124763"
"2013-04-28","Homertech","779501","689680","89821"
"2013-04-29","Homertech","845665","748910","96755"
"2013-04-30","Homertech","1000551","898646","101905"
"2013-05-01","Homertech","288311","261359","26952"
"2013-05-02","Homertech","573727","493997","79730"
"2013-05-03","Homertech","780561","682969","97592"
"2013-05-04","Homertech","784945","699607","85338"
"2013-05-05","Homertech","922628","808872","113756"
"2013-05-06","Homertech","947524","825249","122275"
"2013-05-07","Homertech","781649","699937","81712"
"2013-05-08","Homertech","751182","659552","91630"
"2013-05-09","Homertech","937473","830981","106492"
"2013-05-10","Homertech","756429","656277","100152"
"2013-05-11","Homertech","576714","507019","69695"
"2013-05-12","Homertech","796659","701131","95528"
"2013-05-13","Homertech","740852","642853","97999"
"2013-05-14","Homertech","637361","562857","74504"
"2013-05-15","Homertech","924937","804988","119949"
"2013-05-16","Homertech","465970","403807","62163"
"2013-05-17","Homertech","586946","522974","63972"
"2013-05-18","Homertech","759438","672563","86875"
"2013-05-19","Homertech","686990","611420","75570"
"2013-05-20","Homertech","632103","554634","77469"
"2013-05-21","Homertech","775176","693507","81669"
"2013-05-22","Homertech","581435","516310","65125"
"2013-05-23","Homertech","878841","774954","103887"
"2013-05-24","Homertech","713574","631437","82137"
"2013-05-25","Homertech","948473","843519","104954"
"2013-05-26","Homertech","810307","706040","104267"
"2013-05-27","Homertech","1166018","1029977","136041"
"2013-05-28","Homertech","857360","763168","94192"
"2013-05-29","Homertech","843244","747085","96159"
"2013-05-30","Homertech","663908","586729","77179"
"2013-05-31","Homertech","574737","518988","55749"
"2008-06-01","Krustybitz","23568","18466","5102"
"2008-06-02","Krustybitz","10209","8771","1438"
"2008-06-03","Krustybitz","116287","102875","13412"
"2008-06-04","Krustybitz","64697","48963","15734"
"2008-06-05","Krustybitz","6219","5933","286"
"2008-06-06","Krustybitz","11538","9679","1859"
"2008-06-07","Krustybitz","67467","52568","14899"
"2008-06-08","Krustybitz","10209","8771","1438"
"2008-06-09","Krustybitz","98274","92813","5461"
"2008-06-10","Krustybitz","42537","33683","8854"
"2008-06-11","Krustybitz","92544","73591","18953"
"2008-06-13","Krustybitz","58728","45279","13449"
"2008-06-14","Krustybitz","84495","69291","15204"
"2008-06-15","Krustybitz","33337","26160","7177"
"2008-06-16","Krustybitz","6219","5933","286"
"2008-06-17","Krustybitz","123237","107809","15428"
"2008-06-18","Krustybitz","23747","20012","3735"
"2008-06-19","Krustybitz","71457","55406","16051"
"2008-06-20","Krustybitz","104116","92439","11677"
"2008-06-21","Krustybitz","95636","87803","7833"
"2008-06-22","Krustybitz","10399","7262","3137"
"2008-06-23","Krustybitz","15558","15241","317"
"2008-06-24","Krustybitz","5779","5193","586"
"2008-06-25","Krustybitz","113656","86211","27445"
"2008-06-26","Krustybitz","21337","20434","903"
"2008-06-27","Krustybitz","196824","163826","32998"
"2008-06-28","Krustybitz","16558","15106","1452"
"2008-06-29","Krustybitz","25167","21993","3174"
"2008-06-30","Krustybitz","14699","10569","4130"
"2008-07-01","Krustybitz","10399","7262","3137"
"2008-07-02","Krustybitz","28986","24955","4031"
"2008-07-03","Krustybitz","61989","61174","815"
"2008-07-04","Krustybitz","102817","78209","24608"
"2008-07-05","Krustybitz","5779","5193","586"
"2008-07-06","Krustybitz","13438","11731","1707"
"2008-07-07","Krustybitz","24038","19877","4161"
"2008-07-08","Krustybitz","32416","28668","3748"
"2008-07-09","Krustybitz","108596","83402","25194"
"2008-07-10","Krustybitz","68208","67107","1101"
"2008-07-11","Krustybitz","26827","21966","4861"
"2008-07-12","Krustybitz","116727","103615","13112"
"2008-07-13","Krustybitz","50906","39844","11062"
"2008-07-14","Krustybitz","17428","14569","2859"
"2008-07-15","Krustybitz","15558","15241","317"
"2008-07-16","Krustybitz","7219","5798","1421"
"2008-07-17","Krustybitz","20478","15762","4716"
"2008-07-18","Krustybitz","61957","48239","13718"
"2008-07-19","Krustybitz","48519","36508","12011"
"2008-07-20","Krustybitz","12729","10127","2602"
"2008-07-21","Krustybitz","94345","72350","21995"
"2008-07-22","Krustybitz","51105","42075","9030"
"2008-07-23","Krustybitz","80537","60951","19586"
"2008-07-24","Krustybitz","7219","5798","1421"
"2008-07-25","Krustybitz","24996","22117","2879"
"2008-07-26","Krustybitz","37607","31145","6462"
"2008-07-27","Krustybitz","14699","10569","4130"
"2008-07-28","Krustybitz","101365","93967","7398"
"2008-07-29","Krustybitz","27137","22435","4702"
"2008-07-30","Krustybitz","33207","25889","7318"
"2008-07-31","Krustybitz","73987","72300","1687"
"2008-08-01","Krustybitz","12438","11866","572"
"2008-08-02","Krustybitz","30697","24946","5751"
"2008-08-03","Krustybitz","136707","132475","4232"
"2008-08-04","Krustybitz","32018","24443","7575"
"2008-08-06","Krustybitz","24038","19877","4161"
"2008-08-07","Krustybitz","60957","48374","12583"
"2008-08-08","Krustybitz","138677","132917","5760"
"2008-08-09","Krustybitz","103257","78949","24308"
"2008-08-10","Krustybitz","21619","17181","4438"
"2008-08-11","Krustybitz","33617","28307","5310"
"2008-08-12","Krustybitz","39265","33832","5433"
"2008-08-13","Krustybitz","26637","23475","3162"
"2008-08-14","Krustybitz","32018","24443","7575"
"2008-08-15","Krustybitz","24556","21377","3179"
"2008-08-16","Krustybitz","15558","15241","317"
"2008-08-17","Krustybitz","6219","5933","286"
"2008-08-18","Krustybitz","10209","8771","1438"
"2008-08-19","Krustybitz","36885","31309","5576"
"2008-08-21","Krustybitz","12729","10127","2602"
"2008-08-22","Krustybitz","158514","136089","22425"
"2008-08-23","Krustybitz","11998","11126","872"
"2008-08-24","Krustybitz","85974","65796","20178"
"2008-08-25","Krustybitz","74427","73040","1387"
"2008-08-26","Krustybitz","56414","45651","10763"
"2008-08-27","Krustybitz","74395","60105","14290"
"2008-08-28","Krustybitz","13438","11731","1707"
"2008-08-29","Krustybitz","27398","22374","5024"
"2008-08-30","Krustybitz","33496","29168","4328"
"2008-08-31","Krustybitz","6219","5933","286"
"2008-09-01","Krustybitz","26697","21695","5002"
"2008-09-02","Krustybitz","136976","133339","3637"
"2008-09-03","Krustybitz","25448","19590","5858"
"2008-09-04","Krustybitz","190714","175915","14799"
"2008-09-05","Krustybitz","52856","42628","10228"
"2008-09-07","Krustybitz","31828","25952","5876"
"2008-09-08","Krustybitz","72388","68436","3952"
"2008-09-09","Krustybitz","14699","10569","4130"
"2008-09-10","Krustybitz","78575","61434","17141"
"2008-09-11","Krustybitz","80646","61646","19000"
"2008-09-12","Krustybitz","76688","71743","4945"
"2008-09-13","Krustybitz","69437","53010","16427"
"2008-09-14","Krustybitz","25167","21993","3174"
"2008-09-15","Krustybitz","54298","41701","12597"
"2008-09-16","Krustybitz","113566","87230","26336"
"2008-09-17","Krustybitz","111737","83585","28152"
"2008-09-18","Krustybitz","19657","17664","1993"
"2008-09-19","Krustybitz","70138","53689","16449"
"2008-09-21","Krustybitz","106633","96972","9661"
"2008-09-22","Krustybitz","20918","16502","4416"
"2008-09-23","Krustybitz","22938","18898","4040"
"2008-09-24","Krustybitz","94973","90872","4101"
"2008-09-25","Krustybitz","131655","101188","30467"
"2008-09-26","Krustybitz","82136","64815","17321"
"2008-09-27","Krustybitz","76688","71743","4945"
"2008-09-28","Krustybitz","75427","72905","2522"
"2008-09-29","Krustybitz","69097","67275","1822"
"2008-09-30","Krustybitz","116287","102875","13412"
"2008-10-01","Krustybitz","20478","15762","4716"
"2008-10-02","Krustybitz","62485","49608","12877"
"2008-10-03","Krustybitz","12729","10127","2602"
"2008-10-04","Krustybitz","62957","48104","14853"
"2008-10-05","Krustybitz","84196","81071","3125"
"2008-10-06","Krustybitz","74776","57463","17313"
"2008-10-07","Krustybitz","27838","23114","4724"
"2008-10-08","Krustybitz","26257","20955","5302"
"2008-10-09","Krustybitz","69437","53010","16427"
"2008-10-10","Krustybitz","63218","47077","16141"
"2008-10-11","Krustybitz","10209","8771","1438"
"2008-10-12","Krustybitz","58728","45279","13449"
"2008-10-13","Krustybitz","111184","101027","10157"
"2008-10-14","Krustybitz","10209","8771","1438"
"2008-10-15","Krustybitz","142926","138408","4518"
"2008-10-16","Krustybitz","63483","54742","8741"
"2008-10-17","Krustybitz","56067","43349","12718"
"2008-10-18","Krustybitz","16428","14704","1724"
"2008-10-20","Krustybitz","122506","108808","13698"
"2008-10-21","Krustybitz","76688","71743","4945"
"2008-10-22","Krustybitz","97038","73016","24022"
"2008-10-23","Krustybitz","10209","8771","1438"
"2008-10-24","Krustybitz","74718","71301","3417"
"2008-10-25","Krustybitz","116473","90840","25633"
"2008-10-26","Krustybitz","23996","22252","1744"
"2008-10-27","Krustybitz","7219","5798","1421"
"2008-10-28","Krustybitz","20918","16502","4416"
"2008-10-29","Krustybitz","93535","90379","3156"
"2008-10-30","Krustybitz","9339","9308","31"
"2008-10-31","Krustybitz","80497","76494","4003"
"2008-11-01","Krustybitz","73246","57761","15485"
"2008-11-02","Krustybitz","34348","27308","7040"
"2008-11-03","Krustybitz","72198","69945","2253"
"2008-11-04","Krustybitz","71647","53897","17750"
"2008-11-05","Krustybitz","21619","17181","4438"
"2008-11-07","Krustybitz","51235","41367","9868"
"2008-11-08","Krustybitz","61989","61174","815"
"2008-11-09","Krustybitz","35057","28912","6145"
"2008-11-10","Krustybitz","28426","25830","2596"
"2008-11-11","Krustybitz","88686","82869","5817"
"2008-11-12","Krustybitz","5779","5193","586"
"2008-11-13","Krustybitz","76945","62338","14607"
"2008-11-14","Krustybitz","27838","23114","4724"
"2008-11-15","Krustybitz","49135","41633","7502"
"2008-11-16","Krustybitz","194804","178263","16541"
"2008-11-17","Krustybitz","12729","10127","2602"
"2008-11-18","Krustybitz","133954","103895","30059"
"2008-11-19","Krustybitz","123237","107809","15428"
"2008-11-20","Krustybitz","27838","23114","4724"
"2008-11-21","Krustybitz","73527","70853","2674"
"2008-11-22","Krustybitz","48519","36508","12011"
"2008-11-23","Krustybitz","124566","108717","15849"
"2008-11-24","Krustybitz","41795","35489","6306"
"2008-11-25","Krustybitz","7219","5798","1421"
"2008-11-26","Krustybitz","75955","59095","16860"
"2008-11-27","Krustybitz","60444","50273","10171"
"2008-11-28","Krustybitz","110476","84747","25729"
"2008-11-29","Krustybitz","5779","5193","586"
"2008-11-30","Krustybitz","65836","51380","14456"
"2008-12-01","Krustybitz","17428","14569","2859"
"2008-12-02","Krustybitz","165246","140123","25123"
"2008-12-03","Krustybitz","64947","51212","13735"
"2008-12-04","Krustybitz","21619","17181","4438"
"2008-12-05","Krustybitz","21619","17181","4438"
"2008-12-07","Krustybitz","10209","8771","1438"
"2008-12-08","Krustybitz","69208","66972","2236"
"2008-12-09","Krustybitz","67027","51828","15199"
"2008-12-10","Krustybitz","54738","42441","12297"
"2008-12-12","Krustybitz","40836","34105","6731"
"2008-12-13","Krustybitz","45105","37254","7851"
"2008-12-14","Krustybitz","30687","24533","6154"
"2008-12-15","Krustybitz","54225","44340","9885"
"2008-12-17","Krustybitz","67768","66367","1401"
"2008-12-18","Krustybitz","99626","90641","8985"
"2008-12-19","Krustybitz","33647","26629","7018"
"2008-12-20","Krustybitz","12729","10127","2602"
"2008-12-22","Krustybitz","21767","19157","2610"
"2008-12-23","Krustybitz","12729","10127","2602"
"2008-12-25","Krustybitz","75427","72905","2522"
"2008-12-26","Krustybitz","77236","60599","16637"
"2008-12-27","Krustybitz","129757","127541","2216"
"2008-12-28","Krustybitz","6219","5933","286"
"2008-12-29","Krustybitz","93345","73451","19894"
"2008-12-30","Krustybitz","20897","19694","1203"
"2008-12-31","Krustybitz","116727","103615","13112"
"2009-01-01","Krustybitz","173609","137236","36373"
"2009-01-02","Krustybitz","100395","79499","20896"
"2009-01-03","Krustybitz","68937","54050","14887"
"2009-01-04","Krustybitz","129514","99904","29610"
"2009-01-05","Krustybitz","342599","303653","38946"
"2009-01-06","Krustybitz","177535","149510","28025"
"2009-01-07","Krustybitz","204515","183299","21216"
"2009-01-08","Krustybitz","197955","179110","18845"
"2009-01-09","Krustybitz","183480","175766","7714"
"2009-01-10","Krustybitz","27137","22435","4702"
"2009-01-11","Krustybitz","58404","47170","11234"
"2009-01-12","Krustybitz","41276","34845","6431"
"2009-01-13","Krustybitz","258562","241085","17477"
"2009-01-14","Krustybitz","124774","95857","28917"
"2009-01-15","Krustybitz","173282","150820","22462"
"2009-01-16","Krustybitz","94545","86865","7680"
"2009-01-17","Krustybitz","97656","90199","7457"
"2009-01-18","Krustybitz","120166","90405","29761"
"2009-01-19","Krustybitz","49848","37416","12432"
"2009-01-20","Krustybitz","136275","121694","14581"
"2009-01-21","Krustybitz","62846","48407","14439"
"2009-01-22","Krustybitz","66736","53567","13169"
"2009-01-23","Krustybitz","118394","94345","24049"
"2009-01-24","Krustybitz","200382","168939","31443"
"2009-01-25","Krustybitz","27056","22026","5030"
"2009-01-26","Krustybitz","108283","102313","5970"
"2009-01-27","Krustybitz","80232","66029","14203"
"2009-01-28","Krustybitz","210713","160253","50460"
"2009-01-29","Krustybitz","148681","130409","18272"
"2009-01-30","Krustybitz","91336","84833","6503"
"2009-01-31","Krustybitz","71997","55656","16341"
"2009-02-01","Krustybitz","189533","160636","28897"
"2009-02-02","Krustybitz","54874","45285","9589"
"2009-02-03","Krustybitz","102994","83097","19897"
"2009-02-04","Krustybitz","10399","7262","3137"
"2009-02-05","Krustybitz","145125","125854","19271"
"2009-02-06","Krustybitz","190232","146702","43530"
"2009-02-07","Krustybitz","45266","37683","7583"
"2009-02-08","Krustybitz","39996","33170","6826"
"2009-02-09","Krustybitz","165505","125449","40056"
"2009-02-10","Krustybitz","88686","82869","5817"
"2009-02-11","Krustybitz","106086","92881","13205"
"2009-02-12","Krustybitz","59223","50537","8686"
"2009-02-13","Krustybitz","171702","131837","39865"
"2009-02-14","Krustybitz","104554","81121","23433"
"2009-02-15","Krustybitz","202222","172771","29451"
"2009-02-16","Krustybitz","126773","116044","10729"
"2009-02-17","Krustybitz","43356","36440","6916"
"2009-02-18","Krustybitz","104486","80997","23489"
"2009-02-19","Krustybitz","79465","63694","15771"
"2009-02-20","Krustybitz","113566","87230","26336"
"2009-02-21","Krustybitz","54035","45849","8186"
"2009-02-22","Krustybitz","91943","73059","18884"
"2009-02-23","Krustybitz","106729","88782","17947"
"2009-02-24","Krustybitz","67736","53432","14304"
"2009-02-25","Krustybitz","73955","59365","14590"
"2009-02-26","Krustybitz","203734","184303","19431"
"2009-02-27","Krustybitz","136610","109905","26705"
"2009-02-28","Krustybitz","38237","30376","7861"
"2009-03-01","Krustybitz","196158","166958","29200"
"2009-03-02","Krustybitz","79686","63071","16615"
"2009-03-03","Krustybitz","207142","190619","16523"
"2009-03-04","Krustybitz","243853","214492","29361"
"2009-03-05","Krustybitz","153203","133754","19449"
"2009-03-06","Krustybitz","86276","81687","4589"
"2009-03-07","Krustybitz","138124","104811","33313"
"2009-03-08","Krustybitz","88415","68358","20057"
"2009-03-09","Krustybitz","54298","41701","12597"
"2009-03-10","Krustybitz","76255","59349","16906"
"2009-03-11","Krustybitz","79851","66798","13053"
"2009-03-12","Krustybitz","124673","98498","26175"
"2009-03-13","Krustybitz","214654","176799","37855"
"2009-03-14","Krustybitz","171832","134426","37406"
"2009-03-15","Krustybitz","54665","45080","9585"
"2009-03-16","Krustybitz","26637","23475","3162"
"2009-03-17","Krustybitz","160574","150127","10447"
"2009-03-18","Krustybitz","97038","73016","24022"
"2009-03-19","Krustybitz","231225","204135","27090"
"2009-03-20","Krustybitz","92623","75964","16659"
"2009-03-21","Krustybitz","249185","230599","18586"
"2009-03-22","Krustybitz","71166","57145","14021"
"2009-03-23","Krustybitz","79336","61312","18024"
"2009-03-24","Krustybitz","199561","152404","47157"
"2009-03-25","Krustybitz","200335","181970","18365"
"2009-03-26","Krustybitz","115255","90075","25180"
"2009-03-27","Krustybitz","227180","205641","21539"
"2009-03-28","Krustybitz","11998","11126","872"
"2009-03-29","Krustybitz","103257","78949","24308"
"2009-03-30","Krustybitz","181591","155580","26011"
"2009-03-31","Krustybitz","28757","21604","7153"
"2009-04-01","Krustybitz","89166","84899","4267"
"2009-04-02","Krustybitz","101184","94900","6284"
"2009-04-03","Krustybitz","220172","198198","21974"
"2009-04-04","Krustybitz","184495","169982","14513"
"2009-04-05","Krustybitz","163713","141581","22132"
"2009-04-06","Krustybitz","227831","221083","6748"
"2009-04-07","Krustybitz","50393","45495","4898"
"2009-04-08","Krustybitz","104343","84712","19631"
"2009-04-09","Krustybitz","90556","71231","19325"
"2009-04-10","Krustybitz","50464","42541","7923"
"2009-04-11","Krustybitz","63043","54981","8062"
"2009-04-12","Krustybitz","164673","124530","40143"
"2009-04-13","Krustybitz","29157","24831","4326"
"2009-04-14","Krustybitz","218451","198765","19686"
"2009-04-15","Krustybitz","5779","5193","586"
"2009-04-16","Krustybitz","79206","61041","18165"
"2009-04-17","Krustybitz","65947","51077","14870"
"2009-04-18","Krustybitz","40276","34980","5296"
"2009-04-19","Krustybitz","198691","164570","34121"
"2009-04-20","Krustybitz","96134","74705","21429"
"2009-04-21","Krustybitz","212822","179807","33015"
"2009-04-22","Krustybitz","152584","131131","21453"
"2009-04-23","Krustybitz","121022","111631","9391"
"2009-04-24","Krustybitz","24436","22992","1444"
"2009-04-25","Krustybitz","194704","178753","15951"
"2009-04-26","Krustybitz","90545","87406","3139"
"2009-04-27","Krustybitz","146826","125432","21394"
"2009-04-28","Krustybitz","132127","114863","17264"
"2009-04-29","Krustybitz","113642","91126","22516"
"2009-04-30","Krustybitz","122946","109548","13398"
"2009-05-01","Krustybitz","86425","66839","19586"
"2009-05-02","Krustybitz","157862","136906","20956"
"2009-05-03","Krustybitz","95723","74952","20771"
"2009-05-04","Krustybitz","58728","45279","13449"
"2009-05-05","Krustybitz","52864","43553","9311"
"2009-05-06","Krustybitz","70138","53689","16449"
"2009-05-07","Krustybitz","80065","65713","14352"
"2009-05-08","Krustybitz","14699","10569","4130"
"2009-05-09","Krustybitz","82407","78716","3691"
"2009-05-10","Krustybitz","35395","29379","6016"
"2009-05-11","Krustybitz","132905","116070","16835"
"2009-05-12","Krustybitz","35305","30398","4907"
"2009-05-13","Krustybitz","21747","18450","3297"
"2009-05-14","Krustybitz","73382","60605","12777"
"2009-05-15","Krustybitz","87474","67769","19705"
"2009-05-16","Krustybitz","72266","56520","15746"
"2009-05-17","Krustybitz","105953","86043","19910"
"2009-05-18","Krustybitz","10209","8771","1438"
"2009-05-19","Krustybitz","11558","10386","1172"
"2009-05-20","Krustybitz","65354","56012","9342"
"2009-05-21","Krustybitz","230401","207676","22725"
"2009-05-23","Krustybitz","177282","152849","24433"
"2009-05-24","Krustybitz","130986","113444","17542"
"2009-05-25","Krustybitz","81889","71879","10010"
"2009-05-26","Krustybitz","234401","212531","21870"
"2009-05-27","Krustybitz","122833","99437","23396"
"2009-05-28","Krustybitz","78485","62453","16032"
"2009-05-29","Krustybitz","73613","61140","12473"
"2009-05-30","Krustybitz","61989","61174","815"
"2009-05-31","Krustybitz","208943","187875","21068"
"2009-06-01","Krustybitz","63694","48538","15156"
"2009-06-02","Krustybitz","119041","96015","23026"
"2009-06-03","Krustybitz","171079","138279","32800"
"2009-06-04","Krustybitz","115853","104592","11261"
"2009-06-05","Krustybitz","67768","66367","1401"
"2009-06-06","Krustybitz","58984","49092","9892"
"2009-06-07","Krustybitz","83474","67237","16237"
"2009-06-08","Krustybitz","65274","52807","12467"
"2009-06-09","Krustybitz","292049","257059","34990"
"2009-06-10","Krustybitz","158533","150792","7741"
"2009-06-11","Krustybitz","112564","88897","23667"
"2009-06-12","Krustybitz","93495","87485","6010"
"2009-06-13","Krustybitz","177771","167359","10412"
"2009-06-14","Krustybitz","201913","169013","32900"
"2009-06-15","Krustybitz","191443","162858","28585"
"2009-06-16","Krustybitz","131631","119201","12430"
"2009-06-17","Krustybitz","105093","82328","22765"
"2009-06-18","Krustybitz","110373","103099","7274"
"2009-06-19","Krustybitz","122504","110340","12164"
"2009-06-20","Krustybitz","185732","172955","12777"
"2009-06-21","Krustybitz","34496","29284","5212"
"2009-06-22","Krustybitz","179353","135039","44314"
"2009-06-23","Krustybitz","176219","155016","21203"
"2009-06-24","Krustybitz","170970","149660","21310"
"2009-06-25","Krustybitz","152452","134046","18406"
"2009-06-26","Krustybitz","148372","116867","31505"
"2009-06-27","Krustybitz","182743","154632","28111"
"2009-06-28","Krustybitz","363739","320961","42778"
"2009-06-29","Krustybitz","91911","75303","16608"
"2009-06-30","Krustybitz","126582","114989","11593"
"2009-07-01","Krustybitz","72912","60798","12114"
"2009-07-02","Krustybitz","311102","264978","46124"
"2009-07-03","Krustybitz","81665","63917","17748"
"2009-07-04","Krustybitz","238783","196145","42638"
"2009-07-05","Krustybitz","45115","37918","7197"
"2009-07-06","Krustybitz","160769","129535","31234"
"2009-07-07","Krustybitz","244439","234351","10088"
"2009-07-08","Krustybitz","100210","82831","17379"
"2009-07-09","Krustybitz","143833","127225","16608"
"2009-07-10","Krustybitz","32206","23932","8274"
"2009-07-11","Krustybitz","174151","147356","26795"
"2009-07-12","Krustybitz","110241","90325","19916"
"2009-07-13","Krustybitz","86145","82356","3789"
"2009-07-14","Krustybitz","24166","20036","4130"
"2009-07-15","Krustybitz","213382","197369","16013"
"2009-07-16","Krustybitz","174892","136229","38663"
"2009-07-17","Krustybitz","113923","104218","9705"
"2009-07-18","Krustybitz","152075","130788","21287"
"2009-07-19","Krustybitz","44755","35495","9260"
"2009-07-20","Krustybitz","159151","123954","35197"
"2009-07-21","Krustybitz","251600","221659","29941"
"2009-07-22","Krustybitz","156563","137855","18708"
"2009-07-23","Krustybitz","167394","157008","10386"
"2009-07-24","Krustybitz","96394","75378","21016"
"2009-07-25","Krustybitz","42695","36072","6623"
"2009-07-26","Krustybitz","48203","41879","6324"
"2009-07-27","Krustybitz","78417","75878","2539"
"2009-07-28","Krustybitz","223893","171102","52791"
"2009-07-29","Krustybitz","133074","120164","12910"
"2009-07-30","Krustybitz","55774","45640","10134"
"2009-07-31","Krustybitz","191639","163806","27833"
"2009-08-01","Krustybitz","86505","82969","3536"
"2009-08-02","Krustybitz","55676","46228","9448"
"2009-08-03","Krustybitz","262149","232742","29407"
"2009-08-04","Krustybitz","82559","70112","12447"
"2009-08-05","Krustybitz","271251","236866","34385"
"2009-08-06","Krustybitz","126496","111646","14850"
"2009-08-07","Krustybitz","113923","104218","9705"
"2009-08-08","Krustybitz","192693","148468","44225"
"2009-08-09","Krustybitz","308642","250876","57766"
"2009-08-10","Krustybitz","172412","151357","21055"
"2009-08-11","Krustybitz","11998","11126","872"
"2009-08-12","Krustybitz","85636","81676","3960"
"2009-08-13","Krustybitz","70726","56405","14321"
"2009-08-14","Krustybitz","140913","107031","33882"
"2009-08-15","Krustybitz","158253","150172","8081"
"2009-08-16","Krustybitz","227250","207823","19427"
"2009-08-17","Krustybitz","109431","89639","19792"
"2009-08-18","Krustybitz","102704","96391","6313"
"2009-08-19","Krustybitz","142195","139407","2788"
"2009-08-20","Krustybitz","163094","153701","9393"
"2009-08-21","Krustybitz","101825","95414","6411"
"2009-08-22","Krustybitz","49605","42271","7334"
"2009-08-23","Krustybitz","121914","96748","25166"
"2009-08-24","Krustybitz","220463","212806","7657"
"2009-08-25","Krustybitz","194930","182668","12262"
"2009-08-26","Krustybitz","129456","113742","15714"
"2009-08-27","Krustybitz","90155","69217","20938"
"2009-08-28","Krustybitz","118371","111217","7154"
"2009-08-29","Krustybitz","114554","105541","9013"
"2009-08-30","Krustybitz","181590","153056","28534"
"2009-08-31","Krustybitz","211391","178783","32608"
"2009-09-01","Krustybitz","34617","28172","6445"
"2009-09-02","Krustybitz","209979","163463","46516"
"2009-09-03","Krustybitz","76255","59349","16906"
"2009-09-04","Krustybitz","142674","124101","18573"
"2009-09-05","Krustybitz","260971","228723","32248"
"2009-09-06","Krustybitz","52173","45842","6331"
"2009-09-07","Krustybitz","64002","53782","10220"
"2009-09-08","Krustybitz","124466","93712","30754"
"2009-09-09","Krustybitz","192471","149967","42504"
"2009-09-10","Krustybitz","181242","154810","26432"
"2009-09-12","Krustybitz","114375","88595","25780"
"2009-09-13","Krustybitz","27056","22026","5030"
"2009-09-14","Krustybitz","254090","243130","10960"
"2009-09-15","Krustybitz","114732","108158","6574"
"2009-09-16","Krustybitz","21619","17181","4438"
"2009-09-17","Krustybitz","117674","108916","8758"
"2009-09-18","Krustybitz","229200","193043","36157"
"2009-09-19","Krustybitz","217612","166837","50775"
"2009-09-20","Krustybitz","107979","90153","17826"
"2009-09-21","Krustybitz","261327","221958","39369"
"2009-09-22","Krustybitz","66961","55869","11092"
"2009-09-23","Krustybitz","91146","86005","5141"
"2009-09-24","Krustybitz","142941","125531","17410"
"2009-09-25","Krustybitz","156413","136110","20303"
"2009-09-26","Krustybitz","111622","89709","21913"
"2009-09-27","Krustybitz","54343","45439","8904"
"2009-09-28","Krustybitz","118320","97794","20526"
"2009-09-29","Krustybitz","220100","169457","50643"
"2009-09-30","Krustybitz","80935","65176","15759"
"2009-10-01","Krustybitz","109484","97393","12091"
"2009-10-02","Krustybitz","12729","10127","2602"
"2009-10-03","Krustybitz","146085","110893","35192"
"2009-10-04","Krustybitz","170372","131406","38966"
"2009-10-05","Krustybitz","110363","102929","7434"
"2009-10-06","Krustybitz","83151","70240","12911"
"2009-10-07","Krustybitz","74488","67405","7083"
"2009-10-08","Krustybitz","112373","104661","7712"
"2009-10-09","Krustybitz","100150","83632","16518"
"2009-10-10","Krustybitz","70726","56405","14321"
"2009-10-11","Krustybitz","193962","162122","31840"
"2009-10-12","Krustybitz","212051","196349","15702"
"2009-10-13","Krustybitz","180232","155754","24478"
"2009-10-14","Krustybitz","148303","128316","19987"
"2009-10-15","Krustybitz","170304","144580","25724"
"2009-10-16","Krustybitz","92676","85707","6969"
"2009-10-17","Krustybitz","154053","119585","34468"
"2009-10-18","Krustybitz","143862","130137","13725"
"2009-10-19","Krustybitz","188675","171311","17364"
"2009-10-20","Krustybitz","62334","52398","9936"
"2009-10-21","Krustybitz","157155","149915","7240"
"2009-10-22","Krustybitz","104515","93574","10941"
"2009-10-23","Krustybitz","147093","111683","35410"
"2009-10-24","Krustybitz","31257","25675","5582"
"2009-10-25","Krustybitz","176802","152041","24761"
"2009-10-26","Krustybitz","160543","125155","35388"
"2009-10-27","Krustybitz","216441","197033","19408"
"2009-10-28","Krustybitz","364088","307343","56745"
"2009-10-29","Krustybitz","44384","38917","5467"
"2009-10-30","Krustybitz","141399","128961","12438"
"2009-10-31","Krustybitz","278571","242434","36137"
"2009-11-01","Krustybitz","88186","83909","4277"
"2009-11-02","Krustybitz","166191","130811","35380"
"2009-11-03","Krustybitz","64547","47985","16562"
"2009-11-04","Krustybitz","68208","67107","1101"
"2009-11-05","Krustybitz","143685","125249","18436"
"2009-11-06","Krustybitz","188701","160683","28018"
"2009-11-07","Krustybitz","112333","103371","8962"
"2009-11-08","Krustybitz","130986","113444","17542"
"2009-11-09","Krustybitz","192680","183158","9522"
"2009-11-10","Krustybitz","96083","76889","19194"
"2009-11-11","Krustybitz","89025","72379","16646"
"2009-11-12","Krustybitz","39615","35591","4024"
"2009-11-13","Krustybitz","147213","129354","17859"
"2009-11-14","Krustybitz","106875","85371","21504"
"2009-11-15","Krustybitz","43005","34421","8584"
"2009-11-16","Krustybitz","145411","131766","13645"
"2009-11-17","Krustybitz","50585","41429","9156"
"2009-11-18","Krustybitz","38034","33653","4381"
"2009-11-19","Krustybitz","87505","67590","19915"
"2009-11-20","Krustybitz","58454","47165","11289"
"2009-11-21","Krustybitz","124566","108717","15849"
"2009-11-22","Krustybitz","236130","210305","25825"
"2009-11-23","Krustybitz","68937","54050","14887"
"2009-11-24","Krustybitz","202592","187474","15118"
"2009-11-25","Krustybitz","115702","107382","8320"
"2009-11-26","Krustybitz","208663","171693","36970"
"2009-11-27","Krustybitz","77471","63165","14306"
"2009-11-28","Krustybitz","347712","298686","49026"
"2009-11-29","Krustybitz","177860","156374","21486"
"2009-11-30","Krustybitz","161743","157486","4257"
"2009-12-01","Krustybitz","141325","122486","18839"
"2009-12-02","Krustybitz","107741","88116","19625"
"2009-12-03","Krustybitz","15118","14501","617"
"2009-12-04","Krustybitz","155834","134564","21270"
"2009-12-05","Krustybitz","164214","127323","36891"
"2009-12-06","Krustybitz","155774","135365","20409"
"2009-12-07","Krustybitz","170292","147847","22445"
"2009-12-08","Krustybitz","302254","286397","15857"
"2009-12-09","Krustybitz","311401","264164","47237"
"2009-12-10","Krustybitz","123243","112821","10422"
"2009-12-11","Krustybitz","392197","316268","75929"
"2009-12-12","Krustybitz","122474","95873","26601"
"2009-12-13","Krustybitz","149273","132685","16588"
"2009-12-14","Krustybitz","40075","35206","4869"
"2009-12-15","Krustybitz","218079","183855","34224"
"2009-12-16","Krustybitz","54595","42419","12176"
"2009-12-17","Krustybitz","170565","143869","26696"
"2009-12-18","Krustybitz","47346","38299","9047"
"2009-12-19","Krustybitz","97194","75715","21479"
"2009-12-20","Krustybitz","49285","38583","10702"
"2009-12-21","Krustybitz","217080","168162","48918"
"2009-12-22","Krustybitz","188485","172820","15665"
"2009-12-23","Krustybitz","85111","73437","11674"
"2009-12-24","Krustybitz","139966","136312","3654"
"2009-12-25","Krustybitz","143054","126752","16302"
"2009-12-26","Krustybitz","44565","37004","7561"
"2009-12-27","Krustybitz","227293","203604","23689"
"2009-12-28","Krustybitz","181892","155727","26165"
"2009-12-29","Krustybitz","159104","150863","8241"
"2009-12-30","Krustybitz","227139","179110","48029"
"2009-12-31","Krustybitz","108102","86899","21203"
"2010-01-01","Krustybitz","354516","300849","53667"
"2010-01-02","Krustybitz","182320","159850","22470"
"2010-01-03","Krustybitz","296162","263915","32247"
"2010-01-04","Krustybitz","197162","150559","46603"
"2010-01-05","Krustybitz","101380","82312","19068"
"2010-01-06","Krustybitz","210176","185281","24895"
"2010-01-07","Krustybitz","146927","120328","26599"
"2010-01-08","Krustybitz","53363","44198","9165"
"2010-01-09","Krustybitz","184559","164962","19597"
"2010-01-10","Krustybitz","314445","260100","54345"
"2010-01-11","Krustybitz","181091","154065","27026"
"2010-01-12","Krustybitz","93503","77444","16059"
"2010-01-13","Krustybitz","158851","138543","20308"
"2010-01-14","Krustybitz","226201","185470","40731"
"2010-01-15","Krustybitz","204719","191406","13313"
"2010-01-16","Krustybitz","263498","200899","62599"
"2010-01-17","Krustybitz","94563","75398","19165"
"2010-01-18","Krustybitz","332736","298685","34051"
"2010-01-19","Krustybitz","75395","59970","15425"
"2010-01-20","Krustybitz","260920","245873","15047"
"2010-01-21","Krustybitz","119642","94745","24897"
"2010-01-22","Krustybitz","58143","49786","8357"
"2010-01-23","Krustybitz","144623","129036","15587"
"2010-01-24","Krustybitz","206039","160010","46029"
"2010-01-25","Krustybitz","209846","180938","28908"
"2010-01-26","Krustybitz","139001","124984","14017"
"2010-01-27","Krustybitz","194767","154793","39974"
"2010-01-28","Krustybitz","242309","201412","40897"
"2010-01-29","Krustybitz","378064","321349","56715"
"2010-01-30","Krustybitz","238979","199648","39331"
"2010-01-31","Krustybitz","187498","163758","23740"
"2010-02-01","Krustybitz","147887","134906","12981"
"2010-02-02","Krustybitz","115943","92723","23220"
"2010-02-03","Krustybitz","66075","54600","11475"
"2010-02-04","Krustybitz","278235","233562","44673"
"2010-02-05","Krustybitz","199657","170726","28931"
"2010-02-06","Krustybitz","373478","284642","88836"
"2010-02-07","Krustybitz","268637","222226","46411"
"2010-02-08","Krustybitz","53853","48612","5241"
"2010-02-09","Krustybitz","96579","83760","12819"
"2010-02-10","Krustybitz","288805","256068","32737"
"2010-02-11","Krustybitz","220359","172110","48249"
"2010-02-12","Krustybitz","268830","237994","30836"
"2010-02-13","Krustybitz","306126","248285","57841"
"2010-02-14","Krustybitz","324849","277897","46952"
"2010-02-15","Krustybitz","60957","48374","12583"
"2010-02-16","Krustybitz","104082","84773","19309"
"2010-02-17","Krustybitz","124271","116277","7994"
"2010-02-18","Krustybitz","68031","59419","8612"
"2010-02-19","Krustybitz","232999","208347","24652"
"2010-02-20","Krustybitz","193418","153178","40240"
"2010-02-21","Krustybitz","68271","61584","6687"
"2010-02-22","Krustybitz","249818","207650","42168"
"2010-02-23","Krustybitz","70780","58831","11949"
"2010-02-24","Krustybitz","210677","178963","31714"
"2010-02-25","Krustybitz","83429","71508","11921"
"2010-02-26","Krustybitz","238620","186228","52392"
"2010-02-27","Krustybitz","160698","132646","28052"
"2010-02-28","Krustybitz","304825","269523","35302"
"2010-03-01","Krustybitz","265831","234946","30885"
"2010-03-02","Krustybitz","358575","320633","37942"
"2010-03-03","Krustybitz","270399","221650","48749"
"2010-03-04","Krustybitz","148854","128753","20101"
"2010-03-05","Krustybitz","274473","228799","45674"
"2010-03-06","Krustybitz","243867","222998","20869"
"2010-03-07","Krustybitz","90415","87004","3411"
"2010-03-08","Krustybitz","274149","239781","34368"
"2010-03-09","Krustybitz","185001","158586","26415"
"2010-03-10","Krustybitz","342680","318084","24596"
"2010-03-11","Krustybitz","191541","176470","15071"
"2010-03-12","Krustybitz","160659","131694","28965"
"2010-03-13","Krustybitz","79691","64783","14908"
"2010-03-14","Krustybitz","328019","310297","17722"
"2010-03-15","Krustybitz","194336","151666","42670"
"2010-03-16","Krustybitz","206843","174106","32737"
"2010-03-17","Krustybitz","404306","369381","34925"
"2010-03-18","Krustybitz","215808","201657","14151"
"2010-03-19","Krustybitz","185410","159778","25632"
"2010-03-20","Krustybitz","277817","247191","30626"
"2010-03-21","Krustybitz","20086","16385","3701"
"2010-03-22","Krustybitz","102825","95279","7546"
"2010-03-23","Krustybitz","127523","96663","30860"
"2010-03-24","Krustybitz","278387","248333","30054"
"2010-03-25","Krustybitz","199408","186129","13279"
"2010-03-26","Krustybitz","248606","213987","34619"
"2010-03-27","Krustybitz","248588","220795","27793"
"2010-03-28","Krustybitz","149000","119651","29349"
"2010-03-29","Krustybitz","196684","179608","17076"
"2010-03-30","Krustybitz","83576","65420","18156"
"2010-03-31","Krustybitz","212489","179650","32839"
"2010-04-01","Krustybitz","306986","254070","52916"
"2010-04-02","Krustybitz","136570","109360","27210"
"2010-04-03","Krustybitz","119012","106899","12113"
"2010-04-04","Krustybitz","313258","269252","44006"
"2010-04-05","Krustybitz","60134","47365","12769"
"2010-04-06","Krustybitz","249660","222094","27566"
"2010-04-07","Krustybitz","169667","154362","15305"
"2010-04-08","Krustybitz","232538","195057","37481"
"2010-04-09","Krustybitz","179898","160718","19180"
"2010-04-10","Krustybitz","77703","63488","14215"
"2010-04-11","Krustybitz","261758","202808","58950"
"2010-04-12","Krustybitz","194610","169740","24870"
"2010-04-13","Krustybitz","265141","247773","17368"
"2010-04-14","Krustybitz","214111","194168","19943"
"2010-04-15","Krustybitz","121010","100842","20168"
"2010-04-16","Krustybitz","102589","84209","18380"
"2010-04-17","Krustybitz","268590","236046","32544"
"2010-04-18","Krustybitz","249391","221361","28030"
"2010-04-19","Krustybitz","245203","216116","29087"
"2010-04-20","Krustybitz","170458","151583","18875"
"2010-04-21","Krustybitz","205839","162736","43103"
"2010-04-22","Krustybitz","119431","93934","25497"
"2010-04-23","Krustybitz","160907","144397","16510"
"2010-04-24","Krustybitz","192817","156669","36148"
"2010-04-25","Krustybitz","153122","132859","20263"
"2010-04-26","Krustybitz","99154","94293","4861"
"2010-04-27","Krustybitz","168047","150377","17670"
"2010-04-28","Krustybitz","189701","178985","10716"
"2010-04-29","Krustybitz","120990","94137","26853"
"2010-04-30","Krustybitz","91481","76565","14916"
"2010-05-01","Krustybitz","134363","107414","26949"
"2010-05-02","Krustybitz","290407","266534","23873"
"2010-05-03","Krustybitz","258749","226385","32364"
"2010-05-04","Krustybitz","199646","160625","39021"
"2010-05-05","Krustybitz","125590","117015","8575"
"2010-05-06","Krustybitz","230147","205388","24759"
"2010-05-07","Krustybitz","228612","205321","23291"
"2010-05-08","Krustybitz","305192","260233","44959"
"2010-05-09","Krustybitz","248701","206655","42046"
"2010-05-10","Krustybitz","170762","149464","21298"
"2010-05-11","Krustybitz","233469","211608","21861"
"2010-05-12","Krustybitz","39904","31751","8153"
"2010-05-13","Krustybitz","65322","54043","11279"
"2010-05-14","Krustybitz","105742","85232","20510"
"2010-05-15","Krustybitz","123931","100304","23627"
"2010-05-16","Krustybitz","374961","306292","68669"
"2010-05-17","Krustybitz","275459","224590","50869"
"2010-05-18","Krustybitz","95995","88134","7861"
"2010-05-19","Krustybitz","192520","163049","29471"
"2010-05-20","Krustybitz","139238","114296","24942"
"2010-05-21","Krustybitz","242580","215786","26794"
"2010-05-22","Krustybitz","65782","57449","8333"
"2010-05-23","Krustybitz","309310","278856","30454"
"2010-05-24","Krustybitz","198760","168476","30284"
"2010-05-25","Krustybitz","143879","114139","29740"
"2010-05-26","Krustybitz","68505","55215","13290"
"2010-05-27","Krustybitz","155874","134875","20999"
"2010-05-28","Krustybitz","205159","192146","13013"
"2010-05-29","Krustybitz","126812","99047","27765"
"2010-05-30","Krustybitz","195615","169476","26139"
"2010-05-31","Krustybitz","147012","131834","15178"
"2010-06-01","Krustybitz","326470","247146","79324"
"2010-06-02","Krustybitz","360566","330131","30435"
"2010-06-03","Krustybitz","303687","274014","29673"
"2010-06-04","Krustybitz","254011","201087","52924"
"2010-06-05","Krustybitz","261115","217361","43754"
"2010-06-06","Krustybitz","304494","252618","51876"
"2010-06-07","Krustybitz","289359","233720","55639"
"2010-06-08","Krustybitz","502154","441360","60794"
"2010-06-09","Krustybitz","436500","368975","67525"
"2010-06-10","Krustybitz","298541","269592","28949"
"2010-06-11","Krustybitz","357459","301322","56137"
"2010-06-12","Krustybitz","293721","248342","45379"
"2010-06-13","Krustybitz","173394","157579","15815"
"2010-06-14","Krustybitz","589631","540834","48797"
"2010-06-15","Krustybitz","252297","195667","56630"
"2010-06-16","Krustybitz","292559","251148","41411"
"2010-06-17","Krustybitz","535087","444013","91074"
"2010-06-18","Krustybitz","254544","216331","38213"
"2010-06-19","Krustybitz","397217","345025","52192"
"2010-06-20","Krustybitz","342999","291398","51601"
"2010-06-21","Krustybitz","323192","267148","56044"
"2010-06-22","Krustybitz","338732","281835","56897"
"2010-06-23","Krustybitz","427126","338613","88513"
"2010-06-24","Krustybitz","322292","287653","34639"
"2010-06-25","Krustybitz","470400","411208","59192"
"2010-06-26","Krustybitz","253881","232993","20888"
"2010-06-27","Krustybitz","550905","444137","106768"
"2010-06-28","Krustybitz","420570","337915","82655"
"2010-06-29","Krustybitz","396778","341797","54981"
"2010-06-30","Krustybitz","378823","353941","24882"
"2010-07-01","Krustybitz","423880","390258","33622"
"2010-07-02","Krustybitz","617481","524010","93471"
"2010-07-03","Krustybitz","390922","318107","72815"
"2010-07-04","Krustybitz","180145","142155","37990"
"2010-07-05","Krustybitz","354016","286675","67341"
"2010-07-06","Krustybitz","175310","151558","23752"
"2010-07-07","Krustybitz","324544","263084","61460"
"2010-07-08","Krustybitz","398508","345400","53108"
"2010-07-09","Krustybitz","252789","196960","55829"
"2010-07-10","Krustybitz","203179","156256","46923"
"2010-07-11","Krustybitz","334146","287748","46398"
"2010-07-12","Krustybitz","336333","290913","45420"
"2010-07-13","Krustybitz","314351","276897","37454"
"2010-07-14","Krustybitz","223116","193737","29379"
"2010-07-15","Krustybitz","412455","344134","68321"
"2010-07-16","Krustybitz","344753","294774","49979"
"2010-07-17","Krustybitz","403421","357687","45734"
"2010-07-18","Krustybitz","280679","240766","39913"
"2010-07-19","Krustybitz","419015","362430","56585"
"2010-07-20","Krustybitz","319770","282979","36791"
"2010-07-21","Krustybitz","300663","240365","60298"
"2010-07-22","Krustybitz","380991","339818","41173"
"2010-07-23","Krustybitz","346756","278308","68448"
"2010-07-24","Krustybitz","330397","270730","59667"
"2010-07-25","Krustybitz","249383","195740","53643"
"2010-07-26","Krustybitz","422879","359937","62942"
"2010-07-27","Krustybitz","353609","308184","45425"
"2010-07-28","Krustybitz","338970","311979","26991"
"2010-07-29","Krustybitz","262652","211814","50838"
"2010-07-30","Krustybitz","591120","501274","89846"
"2010-07-31","Krustybitz","425756","382683","43073"
"2010-08-01","Krustybitz","340827","272301","68526"
"2010-08-02","Krustybitz","538875","473384","65491"
"2010-08-03","Krustybitz","285403","238619","46784"
"2010-08-04","Krustybitz","512020","457315","54705"
"2010-08-05","Krustybitz","310545","272253","38292"
"2010-08-06","Krustybitz","388400","336589","51811"
"2010-08-07","Krustybitz","549663","484581","65082"
"2010-08-08","Krustybitz","284641","243698","40943"
"2010-08-09","Krustybitz","447186","411047","36139"
"2010-08-10","Krustybitz","581296","527310","53986"
"2010-08-11","Krustybitz","458820","399154","59666"
"2010-08-12","Krustybitz","405968","343267","62701"
"2010-08-13","Krustybitz","424623","366836","57787"
"2010-08-14","Krustybitz","330842","260563","70279"
"2010-08-15","Krustybitz","251209","211434","39775"
"2010-08-16","Krustybitz","303852","256338","47514"
"2010-08-17","Krustybitz","276755","248014","28741"
"2010-08-18","Krustybitz","502105","437195","64910"
"2010-08-19","Krustybitz","365555","303956","61599"
"2010-08-20","Krustybitz","200684","180920","19764"
"2010-08-21","Krustybitz","306233","288080","18153"
"2010-08-22","Krustybitz","414161","315469","98692"
"2010-08-23","Krustybitz","597891","496196","101695"
"2010-08-24","Krustybitz","384531","342548","41983"
"2010-08-25","Krustybitz","318477","277890","40587"
"2010-08-26","Krustybitz","500080","474957","25123"
"2010-08-27","Krustybitz","489289","416443","72846"
"2010-08-28","Krustybitz","677118","586960","90158"
"2010-08-29","Krustybitz","387957","322683","65274"
"2010-08-30","Krustybitz","362335","322566","39769"
"2010-08-31","Krustybitz","271068","227831","43237"
"2010-09-01","Krustybitz","323769","270883","52886"
"2010-09-02","Krustybitz","449517","367528","81989"
"2010-09-03","Krustybitz","307958","280482","27476"
"2010-09-04","Krustybitz","200306","155352","44954"
"2010-09-05","Krustybitz","369609","304717","64892"
"2010-09-06","Krustybitz","332638","301218","31420"
"2010-09-07","Krustybitz","380197","350132","30065"
"2010-09-08","Krustybitz","342095","311374","30721"
"2010-09-09","Krustybitz","401900","308795","93105"
"2010-09-10","Krustybitz","227984","201136","26848"
"2010-09-11","Krustybitz","473295","434669","38626"
"2010-09-12","Krustybitz","283395","222171","61224"
"2010-09-13","Krustybitz","228846","214563","14283"
"2010-09-14","Krustybitz","302771","271204","31567"
"2010-09-15","Krustybitz","213706","170449","43257"
"2010-09-16","Krustybitz","301675","282395","19280"
"2010-09-17","Krustybitz","257646","218619","39027"
"2010-09-18","Krustybitz","403549","342740","60809"
"2010-09-19","Krustybitz","398450","327546","70904"
"2010-09-20","Krustybitz","590158","541449","48709"
"2010-09-21","Krustybitz","200428","174769","25659"
"2010-09-22","Krustybitz","291635","230348","61287"
"2010-09-23","Krustybitz","256553","220174","36379"
"2010-09-24","Krustybitz","317696","274479","43217"
"2010-09-25","Krustybitz","389710","349691","40019"
"2010-09-26","Krustybitz","492076","415271","76805"
"2010-09-27","Krustybitz","389559","315273","74286"
"2010-09-28","Krustybitz","180423","151500","28923"
"2010-09-29","Krustybitz","375260","309651","65609"
"2010-09-30","Krustybitz","387434","312087","75347"
"2010-10-01","Krustybitz","449178","397992","51186"
"2010-10-02","Krustybitz","490926","438929","51997"
"2010-10-03","Krustybitz","333570","295892","37678"
"2010-10-04","Krustybitz","430729","336893","93836"
"2010-10-05","Krustybitz","288296","248812","39484"
"2010-10-06","Krustybitz","277757","216479","61278"
"2010-10-07","Krustybitz","641607","567985","73622"
"2010-10-08","Krustybitz","644109","570128","73981"
"2010-10-09","Krustybitz","519176","444750","74426"
"2010-10-10","Krustybitz","115627","95408","20219"
"2010-10-11","Krustybitz","444609","372860","71749"
"2010-10-12","Krustybitz","349293","289495","59798"
"2010-10-13","Krustybitz","514061","468517","45544"
"2010-10-14","Krustybitz","353312","305318","47994"
"2010-10-15","Krustybitz","392552","334530","58022"
"2010-10-16","Krustybitz","476402","399043","77359"
"2010-10-17","Krustybitz","349880","288951","60929"
"2010-10-18","Krustybitz","264689","220619","44070"
"2010-10-19","Krustybitz","270408","233779","36629"
"2010-10-20","Krustybitz","266554","226910","39644"
"2010-10-21","Krustybitz","364189","303905","60284"
"2010-10-22","Krustybitz","397211","337202","60009"
"2010-10-23","Krustybitz","477016","451682","25334"
"2010-10-24","Krustybitz","318612","281691","36921"
"2010-10-25","Krustybitz","303777","244545","59232"
"2010-10-26","Krustybitz","446340","389547","56793"
"2010-10-27","Krustybitz","397458","310772","86686"
"2010-10-28","Krustybitz","485011","430282","54729"
"2010-10-29","Krustybitz","269232","209156","60076"
"2010-10-30","Krustybitz","203782","167001","36781"
"2010-10-31","Krustybitz","436745","389211","47534"
"2010-11-01","Krustybitz","513386","456193","57193"
"2010-11-02","Krustybitz","282010","228144","53866"
"2010-11-03","Krustybitz","370773","313587","57186"
"2010-11-04","Krustybitz","230606","193290","37316"
"2010-11-05","Krustybitz","386873","310845","76028"
"2010-11-06","Krustybitz","304381","257875","46506"
"2010-11-07","Krustybitz","227295","182925","44370"
"2010-11-08","Krustybitz","274335","242391","31944"
"2010-11-09","Krustybitz","225868","206839","19029"
"2010-11-10","Krustybitz","120961","97907","23054"
"2010-11-11","Krustybitz","293646","275223","18423"
"2010-11-12","Krustybitz","346791","301063","45728"
"2010-11-13","Krustybitz","253409","208817","44592"
"2010-11-14","Krustybitz","374313","301951","72362"
"2010-11-15","Krustybitz","572907","501245","71662"
"2010-11-16","Krustybitz","297677","262487","35190"
"2010-11-17","Krustybitz","196079","185491","10588"
"2010-11-18","Krustybitz","507996","439282","68714"
"2010-11-19","Krustybitz","646867","597183","49684"
"2010-11-20","Krustybitz","390820","317238","73582"
"2010-11-21","Krustybitz","281203","222915","58288"
"2010-11-22","Krustybitz","450281","391999","58282"
"2010-11-23","Krustybitz","337075","304239","32836"
"2010-11-24","Krustybitz","322709","271090","51619"
"2010-11-25","Krustybitz","357507","312607","44900"
"2010-11-26","Krustybitz","117178","96806","20372"
"2010-11-27","Krustybitz","386367","351695","34672"
"2010-11-28","Krustybitz","156155","123933","32222"
"2010-11-29","Krustybitz","317243","263834","53409"
"2010-11-30","Krustybitz","505400","462144","43256"
"2010-12-01","Krustybitz","353991","307510","46481"
"2010-12-02","Krustybitz","291009","254300","36709"
"2010-12-03","Krustybitz","281591","237247","44344"
"2010-12-04","Krustybitz","471599","406478","65121"
"2010-12-05","Krustybitz","460385","379105","81280"
"2010-12-06","Krustybitz","200677","174926","25751"
"2010-12-07","Krustybitz","394951","333693","61258"
"2010-12-08","Krustybitz","403478","349378","54100"
"2010-12-09","Krustybitz","476609","427694","48915"
"2010-12-10","Krustybitz","305819","245214","60605"
"2010-12-11","Krustybitz","275242","230968","44274"
"2010-12-12","Krustybitz","427805","369048","58757"
"2010-12-13","Krustybitz","337173","279643","57530"
"2010-12-14","Krustybitz","405010","342222","62788"
"2010-12-15","Krustybitz","499146","430998","68148"
"2010-12-16","Krustybitz","399662","355257","44405"
"2010-12-17","Krustybitz","272042","218183","53859"
"2010-12-18","Krustybitz","271048","220218","50830"
"2010-12-19","Krustybitz","555159","487326","67833"
"2010-12-20","Krustybitz","409836","358759","51077"
"2010-12-21","Krustybitz","329775","302080","27695"
"2010-12-22","Krustybitz","296494","261265","35229"
"2010-12-23","Krustybitz","422936","396798","26138"
"2010-12-24","Krustybitz","416563","383888","32675"
"2010-12-25","Krustybitz","411611","335035","76576"
"2010-12-26","Krustybitz","334554","271373","63181"
"2010-12-27","Krustybitz","309631","271290","38341"
"2010-12-28","Krustybitz","416554","378912","37642"
"2010-12-29","Krustybitz","431349","361349","70000"
"2010-12-30","Krustybitz","184322","150196","34126"
"2010-12-31","Krustybitz","369868","310456","59412"
"2011-01-01","Krustybitz","286665","255044","31621"
"2011-01-02","Krustybitz","252311","201704","50607"
"2011-01-03","Krustybitz","324300","269234","55066"
"2011-01-04","Krustybitz","407187","346484","60703"
"2011-01-05","Krustybitz","526839","483839","43000"
"2011-01-06","Krustybitz","419370","369970","49400"
"2011-01-07","Krustybitz","387913","343309","44604"
"2011-01-08","Krustybitz","249450","220070","29380"
"2011-01-09","Krustybitz","460275","425695","34580"
"2011-01-10","Krustybitz","555337","478485","76852"
"2011-01-11","Krustybitz","368889","317628","51261"
"2011-01-12","Krustybitz","249077","205145","43932"
"2011-01-13","Krustybitz","493760","421558","72202"
"2011-01-14","Krustybitz","645292","541490","103802"
"2011-01-15","Krustybitz","634242","553541","80701"
"2011-01-16","Krustybitz","429632","392229","37403"
"2011-01-17","Krustybitz","223908","192606","31302"
"2011-01-18","Krustybitz","423106","362036","61070"
"2011-01-19","Krustybitz","466177","407495","58682"
"2011-01-20","Krustybitz","465298","394441","70857"
"2011-01-21","Krustybitz","431509","370171","61338"
"2011-01-22","Krustybitz","457037","398406","58631"
"2011-01-23","Krustybitz","150379","135733","14646"
"2011-01-24","Krustybitz","522922","406198","116724"
"2011-01-25","Krustybitz","240064","191301","48763"
"2011-01-26","Krustybitz","360136","317314","42822"
"2011-01-27","Krustybitz","338948","283491","55457"
"2011-01-28","Krustybitz","308430","275428","33002"
"2011-01-29","Krustybitz","450068","357913","92155"
"2011-01-30","Krustybitz","402112","359082","43030"
"2011-01-31","Krustybitz","307192","269931","37261"
"2011-02-01","Krustybitz","290982","245888","45094"
"2011-02-02","Krustybitz","271159","226821","44338"
"2011-02-03","Krustybitz","290847","237134","53713"
"2011-02-04","Krustybitz","512817","441440","71377"
"2011-02-05","Krustybitz","280663","219616","61047"
"2011-02-06","Krustybitz","481934","420808","61126"
"2011-02-07","Krustybitz","344058","275868","68190"
"2011-02-08","Krustybitz","511015","440404","70611"
"2011-02-09","Krustybitz","355087","316434","38653"
"2011-02-10","Krustybitz","686052","617008","69044"
"2011-02-11","Krustybitz","404187","331586","72601"
"2011-02-12","Krustybitz","496514","417040","79474"
"2011-02-13","Krustybitz","479505","421175","58330"
"2011-02-14","Krustybitz","428948","361793","67155"
"2011-02-15","Krustybitz","605270","516700","88570"
"2011-02-16","Krustybitz","328538","277252","51286"
"2011-02-17","Krustybitz","368037","317166","50871"
"2011-02-18","Krustybitz","325035","281967","43068"
"2011-02-19","Krustybitz","432169","381936","50233"
"2011-02-20","Krustybitz","334120","289418","44702"
"2011-02-21","Krustybitz","490106","426546","63560"
"2011-02-22","Krustybitz","352782","278370","74412"
"2011-02-23","Krustybitz","626756","555665","71091"
"2011-02-24","Krustybitz","640708","545537","95171"
"2011-02-25","Krustybitz","348715","288972","59743"
"2011-02-26","Krustybitz","426457","365299","61158"
"2011-02-27","Krustybitz","282691","242859","39832"
"2011-02-28","Krustybitz","464724","409608","55116"
"2011-03-01","Krustybitz","335259","266604","68655"
"2011-03-02","Krustybitz","439601","368096","71505"
"2011-03-03","Krustybitz","374624","297628","76996"
"2011-03-04","Krustybitz","661046","521356","139690"
"2011-03-05","Krustybitz","394273","328867","65406"
"2011-03-06","Krustybitz","355501","291083","64418"
"2011-03-07","Krustybitz","404593","355279","49314"
"2011-03-08","Krustybitz","397312","349116","48196"
"2011-03-09","Krustybitz","401604","323887","77717"
"2011-03-10","Krustybitz","261805","219613","42192"
"2011-03-11","Krustybitz","536903","463769","73134"
"2011-03-12","Krustybitz","327384","303106","24278"
"2011-03-13","Krustybitz","486316","422500","63816"
"2011-03-14","Krustybitz","237188","200110","37078"
"2011-03-15","Krustybitz","503676","452712","50964"
"2011-03-16","Krustybitz","554135","490000","64135"
"2011-03-17","Krustybitz","303584","250639","52945"
"2011-03-18","Krustybitz","396821","335963","60858"
"2011-03-19","Krustybitz","489157","424969","64188"
"2011-03-20","Krustybitz","495514","445929","49585"
"2011-03-21","Krustybitz","554425","493054","61371"
"2011-03-22","Krustybitz","478772","413286","65486"
"2011-03-23","Krustybitz","721510","643084","78426"
"2011-03-24","Krustybitz","345922","295728","50194"
"2011-03-25","Krustybitz","315242","278157","37085"
"2011-03-26","Krustybitz","512668","443363","69305"
"2011-03-27","Krustybitz","275662","233364","42298"
"2011-03-28","Krustybitz","397234","345619","51615"
"2011-03-29","Krustybitz","540382","481805","58577"
"2011-03-30","Krustybitz","481188","416910","64278"
"2011-03-31","Krustybitz","499844","449514","50330"
"2011-04-01","Krustybitz","451721","387833","63888"
"2011-04-02","Krustybitz","187816","152582","35234"
"2011-04-03","Krustybitz","236395","187601","48794"
"2011-04-04","Krustybitz","367920","318119","49801"
"2011-04-05","Krustybitz","331118","259520","71598"
"2011-04-06","Krustybitz","191217","168306","22911"
"2011-04-07","Krustybitz","417864","346439","71425"
"2011-04-08","Krustybitz","271058","234803","36255"
"2011-04-09","Krustybitz","243707","203641","40066"
"2011-04-10","Krustybitz","354698","281310","73388"
"2011-04-11","Krustybitz","398730","341488","57242"
"2011-04-12","Krustybitz","351201","304544","46657"
"2011-04-13","Krustybitz","316890","265093","51797"
"2011-04-14","Krustybitz","323993","283018","40975"
"2011-04-15","Krustybitz","369200","334646","34554"
"2011-04-16","Krustybitz","459098","367461","91637"
"2011-04-17","Krustybitz","458354","361173","97181"
"2011-04-18","Krustybitz","314354","274522","39832"
"2011-04-19","Krustybitz","372470","324998","47472"
"2011-04-20","Krustybitz","361549","302942","58607"
"2011-04-21","Krustybitz","417825","360166","57659"
"2011-04-22","Krustybitz","494415","425376","69039"
"2011-04-23","Krustybitz","515140","420096","95044"
"2011-04-24","Krustybitz","457740","395461","62279"
"2011-04-25","Krustybitz","314962","260186","54776"
"2011-04-26","Krustybitz","626925","571776","55149"
"2011-04-27","Krustybitz","440763","371448","69315"
"2011-04-28","Krustybitz","393032","326885","66147"
"2011-04-29","Krustybitz","364836","305411","59425"
"2011-04-30","Krustybitz","288628","242730","45898"
"2011-05-01","Krustybitz","596924","549601","47323"
"2011-05-02","Krustybitz","170115","152191","17924"
"2011-05-03","Krustybitz","289079","244128","44951"
"2011-05-04","Krustybitz","414977","352238","62739"
"2011-05-05","Krustybitz","429855","386507","43348"
"2011-05-06","Krustybitz","567882","507656","60226"
"2011-05-07","Krustybitz","424127","347676","76451"
"2011-05-08","Krustybitz","581428","520137","61291"
"2011-05-09","Krustybitz","362432","324464","37968"
"2011-05-10","Krustybitz","332125","281070","51055"
"2011-05-11","Krustybitz","407285","352040","55245"
"2011-05-12","Krustybitz","393408","317043","76365"
"2011-05-13","Krustybitz","385933","342696","43237"
"2011-05-14","Krustybitz","396816","346440","50376"
"2011-05-15","Krustybitz","292207","232802","59405"
"2011-05-16","Krustybitz","440724","391116","49608"
"2011-05-17","Krustybitz","325318","271455","53863"
"2011-05-18","Krustybitz","418400","370373","48027"
"2011-05-19","Krustybitz","177267","157281","19986"
"2011-05-20","Krustybitz","337475","284764","52711"
"2011-05-21","Krustybitz","317336","284966","32370"
"2011-05-22","Krustybitz","544419","478380","66039"
"2011-05-23","Krustybitz","359783","331930","27853"
"2011-05-24","Krustybitz","612582","522266","90316"
"2011-05-25","Krustybitz","570025","484705","85320"
"2011-05-26","Krustybitz","520368","476296","44072"
"2011-05-27","Krustybitz","435318","355028","80290"
"2011-05-28","Krustybitz","669984","558645","111339"
"2011-05-29","Krustybitz","350150","278982","71168"
"2011-05-30","Krustybitz","381222","303238","77984"
"2011-05-31","Krustybitz","501963","408946","93017"
"2011-06-01","Krustybitz","575913","476523","99390"
"2011-06-02","Krustybitz","332010","270598","61412"
"2011-06-03","Krustybitz","472378","426833","45545"
"2011-06-04","Krustybitz","421969","387721","34248"
"2011-06-05","Krustybitz","300462","250389","50073"
"2011-06-06","Krustybitz","376718","325971","50747"
"2011-06-07","Krustybitz","552521","467486","85035"
"2011-06-08","Krustybitz","478872","393092","85780"
"2011-06-09","Krustybitz","623609","513204","110405"
"2011-06-10","Krustybitz","409035","338888","70147"
"2011-06-11","Krustybitz","551188","470455","80733"
"2011-06-12","Krustybitz","359106","316011","43095"
"2011-06-13","Krustybitz","565663","495287","70376"
"2011-06-14","Krustybitz","666805","614711","52094"
"2011-06-15","Krustybitz","460359","393437","66922"
"2011-06-16","Krustybitz","294027","249593","44434"
"2011-06-17","Krustybitz","437005","380909","56096"
"2011-06-18","Krustybitz","574420","492532","81888"
"2011-06-19","Krustybitz","441405","390513","50892"
"2011-06-20","Krustybitz","435923","378693","57230"
"2011-06-21","Krustybitz","443977","389533","54444"
"2011-06-22","Krustybitz","632597","539922","92675"
"2011-06-23","Krustybitz","549991","470863","79128"
"2011-06-24","Krustybitz","362600","310814","51786"
"2011-06-25","Krustybitz","318021","277964","40057"
"2011-06-26","Krustybitz","403717","350116","53601"
"2011-06-27","Krustybitz","283403","222879","60524"
"2011-06-28","Krustybitz","411922","379028","32894"
"2011-06-29","Krustybitz","546004","467232","78772"
"2011-06-30","Krustybitz","751094","660194","90900"
"2011-07-01","Krustybitz","908810","811084","97726"
"2011-07-02","Krustybitz","170496","138496","32000"
"2011-07-03","Krustybitz","455004","418580","36424"
"2011-07-04","Krustybitz","395486","343560","51926"
"2011-07-05","Krustybitz","710673","636340","74333"
"2011-07-06","Krustybitz","451682","387371","64311"
"2011-07-07","Krustybitz","202091","167194","34897"
"2011-07-08","Krustybitz","442414","349110","93304"
"2011-07-09","Krustybitz","675771","569651","106120"
"2011-07-10","Krustybitz","589839","477086","112753"
"2011-07-11","Krustybitz","307390","244870","62520"
"2011-07-12","Krustybitz","533166","459236","73930"
"2011-07-13","Krustybitz","548808","458089","90719"
"2011-07-14","Krustybitz","343116","289667","53449"
"2011-07-15","Krustybitz","336720","265355","71365"
"2011-07-16","Krustybitz","485244","413487","71757"
"2011-07-17","Krustybitz","436138","370217","65921"
"2011-07-18","Krustybitz","382398","315933","66465"
"2011-07-19","Krustybitz","422717","357437","65280"
"2011-07-20","Krustybitz","342881","286750","56131"
"2011-07-21","Krustybitz","481443","408532","72911"
"2011-07-22","Krustybitz","603357","491013","112344"
"2011-07-23","Krustybitz","625771","546760","79011"
"2011-07-24","Krustybitz","424971","375022","49949"
"2011-07-25","Krustybitz","387048","352897","34151"
"2011-07-26","Krustybitz","402363","369458","32905"
"2011-07-27","Krustybitz","566326","496440","69886"
"2011-07-28","Krustybitz","641666","535439","106227"
"2011-07-29","Krustybitz","449104","371520","77584"
"2011-07-30","Krustybitz","564744","482929","81815"
"2011-07-31","Krustybitz","568760","478491","90269"
"2011-08-01","Krustybitz","444998","387302","57696"
"2011-08-02","Krustybitz","311898","271066","40832"
"2011-08-03","Krustybitz","297054","245454","51600"
"2011-08-04","Krustybitz","456351","393938","62413"
"2011-08-05","Krustybitz","401104","345256","55848"
"2011-08-06","Krustybitz","954185","865946","88239"
"2011-08-07","Krustybitz","492206","403049","89157"
"2011-08-08","Krustybitz","724568","649916","74652"
"2011-08-09","Krustybitz","415399","354554","60845"
"2011-08-10","Krustybitz","544766","448375","96391"
"2011-08-11","Krustybitz","467028","388159","78869"
"2011-08-12","Krustybitz","635734","592213","43521"
"2011-08-13","Krustybitz","663042","554335","108707"
"2011-08-14","Krustybitz","531761","446332","85429"
"2011-08-15","Krustybitz","426218","374426","51792"
"2011-08-16","Krustybitz","555054","460879","94175"
"2011-08-17","Krustybitz","785147","635126","150021"
"2011-08-18","Krustybitz","166058","146850","19208"
"2011-08-19","Krustybitz","491155","440462","50693"
"2011-08-20","Krustybitz","365713","325999","39714"
"2011-08-21","Krustybitz","572643","488196","84447"
"2011-08-22","Krustybitz","326635","281530","45105"
"2011-08-23","Krustybitz","315983","274937","41046"
"2011-08-24","Krustybitz","456110","424729","31381"
"2011-08-25","Krustybitz","523325","453241","70084"
"2011-08-26","Krustybitz","618127","530203","87924"
"2011-08-27","Krustybitz","546868","481463","65405"
"2011-08-28","Krustybitz","527905","471230","56675"
"2011-08-29","Krustybitz","391754","346937","44817"
"2011-08-30","Krustybitz","440574","379446","61128"
"2011-08-31","Krustybitz","557067","496436","60631"
"2011-09-01","Krustybitz","386850","330507","56343"
"2011-09-02","Krustybitz","593062","521460","71602"
"2011-09-03","Krustybitz","669757","595266","74491"
"2011-09-04","Krustybitz","444402","367967","76435"
"2011-09-05","Krustybitz","691971","575680","116291"
"2011-09-06","Krustybitz","573425","519707","53718"
"2011-09-07","Krustybitz","356528","313172","43356"
"2011-09-08","Krustybitz","463617","424771","38846"
"2011-09-09","Krustybitz","469880","370498","99382"
"2011-09-10","Krustybitz","603084","511953","91131"
"2011-09-11","Krustybitz","200204","175413","24791"
"2011-09-12","Krustybitz","409402","340633","68769"
"2011-09-13","Krustybitz","323190","270825","52365"
"2011-09-14","Krustybitz","609770","551395","58375"
"2011-09-15","Krustybitz","419689","385351","34338"
"2011-09-16","Krustybitz","599298","528261","71037"
"2011-09-17","Krustybitz","654628","523826","130802"
"2011-09-18","Krustybitz","507976","442326","65650"
"2011-09-19","Krustybitz","632063","562593","69470"
"2011-09-20","Krustybitz","637957","573061","64896"
"2011-09-21","Krustybitz","425020","391118","33902"
"2011-09-22","Krustybitz","597146","513944","83202"
"2011-09-23","Krustybitz","212560","175571","36989"
"2011-09-24","Krustybitz","307855","260357","47498"
"2011-09-25","Krustybitz","244047","214068","29979"
"2011-09-26","Krustybitz","588993","518343","70650"
"2011-09-27","Krustybitz","447795","399856","47939"
"2011-09-28","Krustybitz","420956","360651","60305"
"2011-09-29","Krustybitz","627998","550808","77190"
"2011-09-30","Krustybitz","444576","358748","85828"
"2011-10-01","Krustybitz","278622","232168","46454"
"2011-10-02","Krustybitz","338067","274450","63617"
"2011-10-03","Krustybitz","386665","303446","83219"
"2011-10-04","Krustybitz","875832","754486","121346"
"2011-10-05","Krustybitz","468534","395844","72690"
"2011-10-06","Krustybitz","447604","400002","47602"
"2011-10-07","Krustybitz","536690","453819","82871"
"2011-10-08","Krustybitz","468702","427736","40966"
"2011-10-09","Krustybitz","545378","464492","80886"
"2011-10-10","Krustybitz","358056","298060","59996"
"2011-10-11","Krustybitz","606819","548839","57980"
"2011-10-12","Krustybitz","614485","528994","85491"
"2011-10-13","Krustybitz","299568","239562","60006"
"2011-10-14","Krustybitz","312113","260857","51256"
"2011-10-15","Krustybitz","272994","232180","40814"
"2011-10-16","Krustybitz","500501","438602","61899"
"2011-10-17","Krustybitz","270164","243065","27099"
"2011-10-18","Krustybitz","372229","305983","66246"
"2011-10-19","Krustybitz","324663","271365","53298"
"2011-10-20","Krustybitz","441228","399549","41679"
"2011-10-21","Krustybitz","559392","479619","79773"
"2011-10-22","Krustybitz","512103","462613","49490"
"2011-10-23","Krustybitz","600941","501016","99925"
"2011-10-24","Krustybitz","521222","438247","82975"
"2011-10-25","Krustybitz","435817","380940","54877"
"2011-10-26","Krustybitz","552844","463824","89020"
"2011-10-27","Krustybitz","632944","533493","99451"
"2011-10-28","Krustybitz","823792","681543","142249"
"2011-10-29","Krustybitz","518411","439240","79171"
"2011-10-30","Krustybitz","471716","396501","75215"
"2011-10-31","Krustybitz","471977","397793","74184"
"2011-11-01","Krustybitz","339418","267004","72414"
"2011-11-02","Krustybitz","415106","346264","68842"
"2011-11-03","Krustybitz","642890","560848","82042"
"2011-11-04","Krustybitz","672222","591587","80635"
"2011-11-05","Krustybitz","422481","371796","50685"
"2011-11-06","Krustybitz","698857","614437","84420"
"2011-11-07","Krustybitz","463369","375870","87499"
"2011-11-08","Krustybitz","503717","436942","66775"
"2011-11-09","Krustybitz","329636","294770","34866"
"2011-11-10","Krustybitz","659333","568109","91224"
"2011-11-11","Krustybitz","597552","517502","80050"
"2011-11-12","Krustybitz","508920","413950","94970"
"2011-11-13","Krustybitz","644914","541304","103610"
"2011-11-14","Krustybitz","532567","426530","106037"
"2011-11-15","Krustybitz","453738","382139","71599"
"2011-11-16","Krustybitz","722522","611934","110588"
"2011-11-17","Krustybitz","495735","408024","87711"
"2011-11-18","Krustybitz","443320","368341","74979"
"2011-11-19","Krustybitz","496685","421876","74809"
"2011-11-20","Krustybitz","289025","236959","52066"
"2011-11-21","Krustybitz","333843","293417","40426"
"2011-11-22","Krustybitz","513273","435726","77547"
"2011-11-23","Krustybitz","442437","386835","55602"
"2011-11-24","Krustybitz","579276","487822","91454"
"2011-11-25","Krustybitz","463237","396362","66875"
"2011-11-26","Krustybitz","462721","392614","70107"
"2011-11-27","Krustybitz","319038","281485","37553"
"2011-11-28","Krustybitz","305376","262272","43104"
"2011-11-29","Krustybitz","269272","226353","42919"
"2011-11-30","Krustybitz","428928","363027","65901"
"2011-12-01","Krustybitz","470686","397210","73476"
"2011-12-02","Krustybitz","694551","607627","86924"
"2011-12-03","Krustybitz","581911","470101","111810"
"2011-12-04","Krustybitz","136054","112474","23580"
"2011-12-05","Krustybitz","399574","345313","54261"
"2011-12-06","Krustybitz","348790","306453","42337"
"2011-12-07","Krustybitz","452591","356118","96473"
"2011-12-08","Krustybitz","402928","337728","65200"
"2011-12-09","Krustybitz","383830","341437","42393"
"2011-12-10","Krustybitz","451003","370644","80359"
"2011-12-11","Krustybitz","321808","253769","68039"
"2011-12-12","Krustybitz","371328","291999","79329"
"2011-12-13","Krustybitz","399017","347174","51843"
"2011-12-14","Krustybitz","345761","283993","61768"
"2011-12-15","Krustybitz","262844","213037","49807"
"2011-12-16","Krustybitz","627044","557781","69263"
"2011-12-17","Krustybitz","635734","562810","72924"
"2011-12-18","Krustybitz","524780","456213","68567"
"2011-12-19","Krustybitz","567994","487352","80642"
"2011-12-20","Krustybitz","497433","412882","84551"
"2011-12-21","Krustybitz","413980","350274","63706"
"2011-12-22","Krustybitz","688909","565194","123715"
"2011-12-23","Krustybitz","512662","444020","68642"
"2011-12-24","Krustybitz","526615","456854","69761"
"2011-12-25","Krustybitz","718312","641950","76362"
"2011-12-26","Krustybitz","332019","291142","40877"
"2011-12-27","Krustybitz","666899","566581","100318"
"2011-12-28","Krustybitz","618917","535110","83807"
"2011-12-29","Krustybitz","375305","310977","64328"
"2011-12-30","Krustybitz","271194","240030","31164"
"2011-12-31","Krustybitz","687618","564385","123233"
"2012-01-01","Krustybitz","517741","449037","68704"
"2012-01-02","Krustybitz","989137","866584","122553"
"2012-01-03","Krustybitz","420138","347397","72741"
"2012-01-04","Krustybitz","545602","467734","77868"
"2012-01-05","Krustybitz","724642","597452","127190"
"2012-01-06","Krustybitz","526581","453414","73167"
"2012-01-07","Krustybitz","899706","783107","116599"
"2012-01-08","Krustybitz","563166","475221","87945"
"2012-01-09","Krustybitz","626326","548096","78230"
"2012-01-10","Krustybitz","1039241","900947","138294"
"2012-01-11","Krustybitz","742474","643832","98642"
"2012-01-12","Krustybitz","601422","483720","117702"
"2012-01-13","Krustybitz","795441","674192","121249"
"2012-01-14","Krustybitz","617531","525430","92101"
"2012-01-15","Krustybitz","773952","705285","68667"
"2012-01-16","Krustybitz","558715","469140","89575"
"2012-01-17","Krustybitz","500649","414709","85940"
"2012-01-18","Krustybitz","861058","767238","93820"
"2012-01-19","Krustybitz","356906","301319","55587"
"2012-01-20","Krustybitz","852624","728866","123758"
"2012-01-21","Krustybitz","912929","765565","147364"
"2012-01-22","Krustybitz","512124","467523","44601"
"2012-01-23","Krustybitz","817364","704705","112659"
"2012-01-24","Krustybitz","514246","416273","97973"
"2012-01-25","Krustybitz","613802","509252","104550"
"2012-01-26","Krustybitz","875644","734233","141411"
"2012-01-27","Krustybitz","274224","226202","48022"
"2012-01-28","Krustybitz","524111","410907","113204"
"2012-01-29","Krustybitz","544827","473413","71414"
"2012-01-30","Krustybitz","562151","484738","77413"
"2012-01-31","Krustybitz","657501","579650","77851"
"2012-02-01","Krustybitz","849824","755698","94126"
"2012-02-02","Krustybitz","498637","396877","101760"
"2012-02-03","Krustybitz","993487","859249","134238"
"2012-02-04","Krustybitz","735638","622998","112640"
"2012-02-05","Krustybitz","685085","611838","73247"
"2012-02-06","Krustybitz","496654","421961","74693"
"2012-02-07","Krustybitz","977273","887912","89361"
"2012-02-08","Krustybitz","592187","508917","83270"
"2012-02-09","Krustybitz","715354","612929","102425"
"2012-02-10","Krustybitz","709236","612081","97155"
"2012-02-11","Krustybitz","733623","604397","129226"
"2012-02-12","Krustybitz","581493","471113","110380"
"2012-02-13","Krustybitz","785888","676168","109720"
"2012-02-14","Krustybitz","939244","808462","130782"
"2012-02-15","Krustybitz","642723","548974","93749"
"2012-02-16","Krustybitz","704896","638195","66701"
"2012-02-17","Krustybitz","823900","678521","145379"
"2012-02-18","Krustybitz","318577","286578","31999"
"2012-02-19","Krustybitz","491215","417478","73737"
"2012-02-20","Krustybitz","722479","597255","125224"
"2012-02-21","Krustybitz","950675","837846","112829"
"2012-02-22","Krustybitz","573918","495392","78526"
"2012-02-23","Krustybitz","1060754","957838","102916"
"2012-02-24","Krustybitz","587652","513180","74472"
"2012-02-25","Krustybitz","754321","668489","85832"
"2012-02-26","Krustybitz","825368","694791","130577"
"2012-02-27","Krustybitz","793072","664611","128461"
"2012-02-28","Krustybitz","763463","650758","112705"
"2012-02-29","Krustybitz","526721","473437","53284"
"2012-03-01","Krustybitz","787226","648229","138997"
"2012-03-02","Krustybitz","969291","829378","139913"
"2012-03-03","Krustybitz","687045","614909","72136"
"2012-03-04","Krustybitz","456884","408975","47909"
"2012-03-05","Krustybitz","905671","747306","158365"
"2012-03-06","Krustybitz","1082405","967892","114513"
"2012-03-07","Krustybitz","809747","701741","108006"
"2012-03-08","Krustybitz","741142","642114","99028"
"2012-03-09","Krustybitz","692413","612758","79655"
"2012-03-10","Krustybitz","597044","501154","95890"
"2012-03-11","Krustybitz","774231","710318","63913"
"2012-03-12","Krustybitz","427645","368530","59115"
"2012-03-13","Krustybitz","883209","731638","151571"
"2012-03-14","Krustybitz","595768","513348","82420"
"2012-03-15","Krustybitz","692983","610884","82099"
"2012-03-16","Krustybitz","623494","536507","86987"
"2012-03-17","Krustybitz","582747","498867","83880"
"2012-03-18","Krustybitz","693230","611135","82095"
"2012-03-19","Krustybitz","799167","690071","109096"
"2012-03-20","Krustybitz","690573","584564","106009"
"2012-03-21","Krustybitz","710726","628305","82421"
"2012-03-22","Krustybitz","990577","851002","139575"
"2012-03-23","Krustybitz","871405","714994","156411"
"2012-03-24","Krustybitz","625618","543562","82056"
"2012-03-25","Krustybitz","653376","572810","80566"
"2012-03-26","Krustybitz","795738","677106","118632"
"2012-03-27","Krustybitz","500698","424066","76632"
"2012-03-28","Krustybitz","618003","531920","86083"
"2012-03-29","Krustybitz","696289","591976","104313"
"2012-03-30","Krustybitz","929852","768046","161806"
"2012-03-31","Krustybitz","496582","409380","87202"
"2012-04-01","Krustybitz","741762","655122","86640"
"2012-04-02","Krustybitz","815273","719649","95624"
"2012-04-03","Krustybitz","570115","497016","73099"
"2012-04-04","Krustybitz","551563","472839","78724"
"2012-04-05","Krustybitz","873078","764731","108347"
"2012-04-06","Krustybitz","809714","686714","123000"
"2012-04-07","Krustybitz","727364","610327","117037"
"2012-04-08","Krustybitz","990819","865105","125714"
"2012-04-09","Krustybitz","992886","840293","152593"
"2012-04-10","Krustybitz","954856","841994","112862"
"2012-04-11","Krustybitz","602365","520442","81923"
"2012-04-12","Krustybitz","515295","425839","89456"
"2012-04-13","Krustybitz","889022","779589","109433"
"2012-04-14","Krustybitz","794470","702720","91750"
"2012-04-15","Krustybitz","695862","573857","122005"
"2012-04-16","Krustybitz","862371","761552","100819"
"2012-04-17","Krustybitz","693653","592575","101078"
"2012-04-18","Krustybitz","640355","557225","83130"
"2012-04-19","Krustybitz","702563","638575","63988"
"2012-04-20","Krustybitz","896810","755837","140973"
"2012-04-21","Krustybitz","994767","843032","151735"
"2012-04-22","Krustybitz","873466","733686","139780"
"2012-04-23","Krustybitz","716618","638534","78084"
"2012-04-24","Krustybitz","795604","691349","104255"
"2012-04-25","Krustybitz","838830","697353","141477"
"2012-04-26","Krustybitz","721789","614193","107596"
"2012-04-27","Krustybitz","722935","589827","133108"
"2012-04-28","Krustybitz","661754","554123","107631"
"2012-04-29","Krustybitz","771324","657480","113844"
"2012-04-30","Krustybitz","560900","480676","80224"
"2012-05-01","Krustybitz","658494","566376","92118"
"2012-05-02","Krustybitz","1296141","1140651","155490"
"2012-05-03","Krustybitz","728042","647397","80645"
"2012-05-04","Krustybitz","577465","469056","108409"
"2012-05-05","Krustybitz","957755","851056","106699"
"2012-05-06","Krustybitz","539176","438428","100748"
"2012-05-07","Krustybitz","615469","524728","90741"
"2012-05-08","Krustybitz","1134359","987542","146817"
"2012-05-09","Krustybitz","976840","879469","97371"
"2012-05-10","Krustybitz","1136107","955960","180147"
"2012-05-11","Krustybitz","632981","519715","113266"
"2012-05-12","Krustybitz","676135","603898","72237"
"2012-05-13","Krustybitz","733490","618772","114718"
"2012-05-14","Krustybitz","746219","614171","132048"
"2012-05-15","Krustybitz","705690","635224","70466"
"2012-05-16","Krustybitz","885367","793208","92159"
"2012-05-17","Krustybitz","851190","749481","101709"
"2012-05-18","Krustybitz","696208","593229","102979"
"2012-05-19","Krustybitz","552101","472212","79889"
"2012-05-20","Krustybitz","721362","611578","109784"
"2012-05-21","Krustybitz","776552","673345","103207"
"2012-05-22","Krustybitz","768869","618556","150313"
"2012-05-23","Krustybitz","862060","766347","95713"
"2012-05-24","Krustybitz","781335","683778","97557"
"2012-05-25","Krustybitz","655468","567053","88415"
"2012-05-26","Krustybitz","1002351","852568","149783"
"2012-05-27","Krustybitz","836889","721385","115504"
"2012-05-28","Krustybitz","628425","572920","55505"
"2012-05-29","Krustybitz","1025895","957640","68255"
"2012-05-30","Krustybitz","1048981","905935","143046"
"2012-05-31","Krustybitz","845105","740134","104971"
"2012-06-01","Krustybitz","301242","266209","35033"
"2012-06-02","Krustybitz","195021","167568","27453"
"2012-06-03","Krustybitz","287271","256694","30577"
"2012-06-04","Krustybitz","324791","286028","38763"
"2012-06-05","Krustybitz","334372","294396","39976"
"2012-06-06","Krustybitz","446047","393514","52533"
"2012-06-07","Krustybitz","274603","220603","54000"
"2012-06-08","Krustybitz","246868","218537","28331"
"2012-06-09","Krustybitz","424352","372758","51594"
"2012-06-10","Krustybitz","153163","126633","26530"
"2012-06-11","Krustybitz","175023","165224","9799"
"2012-06-12","Krustybitz","272415","243166","29249"
"2012-06-13","Krustybitz","506896","439893","67003"
"2012-06-14","Krustybitz","270681","227596","43085"
"2012-06-15","Krustybitz","466775","412649","54126"
"2012-06-16","Krustybitz","367600","304469","63131"
"2012-06-17","Krustybitz","177541","154522","23019"
"2012-06-18","Krustybitz","483888","433192","50696"
"2012-06-19","Krustybitz","166299","133928","32371"
"2012-06-20","Krustybitz","285433","239627","45806"
"2012-06-21","Krustybitz","388199","337769","50430"
"2012-06-22","Krustybitz","410731","362842","47889"
"2012-06-23","Krustybitz","283044","252580","30464"
"2012-06-24","Krustybitz","337498","297604","39894"
"2012-06-25","Krustybitz","453459","382258","71201"
"2012-06-26","Krustybitz","305001","239661","65340"
"2012-06-27","Krustybitz","423897","377982","45915"
"2012-06-28","Krustybitz","254444","229792","24652"
"2012-06-29","Krustybitz","159120","124163","34957"
"2012-06-30","Krustybitz","441051","405115","35936"
"2012-07-01","Krustybitz","253352","214808","38544"
"2012-07-02","Krustybitz","193162","175206","17956"
"2012-07-03","Krustybitz","369392","302630","66762"
"2012-07-04","Krustybitz","426586","348417","78169"
"2012-07-05","Krustybitz","358383","313318","45065"
"2012-07-06","Krustybitz","534496","454402","80094"
"2012-07-07","Krustybitz","325844","271149","54695"
"2012-07-08","Krustybitz","404267","361416","42851"
"2012-07-09","Krustybitz","302594","266185","36409"
"2012-07-10","Krustybitz","399310","352656","46654"
"2012-07-11","Krustybitz","339922","295323","44599"
"2012-07-12","Krustybitz","570755","499758","70997"
"2012-07-13","Krustybitz","347542","300166","47376"
"2012-07-14","Krustybitz","345608","291126","54482"
"2012-07-15","Krustybitz","423262","369039","54223"
"2012-07-16","Krustybitz","292149","234176","57973"
"2012-07-17","Krustybitz","329902","303661","26241"
"2012-07-18","Krustybitz","321725","261986","59739"
"2012-07-19","Krustybitz","222447","176206","46241"
"2012-07-20","Krustybitz","355381","295319","60062"
"2012-07-21","Krustybitz","521264","420707","100557"
"2012-07-22","Krustybitz","616739","530954","85785"
"2012-07-23","Krustybitz","499118","416932","82186"
"2012-07-24","Krustybitz","185416","162958","22458"
"2012-07-25","Krustybitz","586687","478121","108566"
"2012-07-26","Krustybitz","357096","283719","73377"
"2012-07-27","Krustybitz","286624","254576","32048"
"2012-07-28","Krustybitz","541931","472267","69664"
"2012-07-29","Krustybitz","381372","327026","54346"
"2012-07-30","Krustybitz","350900","290476","60424"
"2012-07-31","Krustybitz","423021","358940","64081"
"2012-08-01","Krustybitz","270364","228293","42071"
"2012-08-02","Krustybitz","370576","341929","28647"
"2012-08-03","Krustybitz","400231","369065","31166"
"2012-08-04","Krustybitz","219973","192924","27049"
"2012-08-05","Krustybitz","229214","197627","31587"
"2012-08-06","Krustybitz","454100","397444","56656"
"2012-08-07","Krustybitz","259963","237223","22740"
"2012-08-08","Krustybitz","471640","395175","76465"
"2012-08-09","Krustybitz","291343","245760","45583"
"2012-08-10","Krustybitz","238106","190278","47828"
"2012-08-11","Krustybitz","316374","275506","40868"
"2012-08-12","Krustybitz","506255","445985","60270"
"2012-08-13","Krustybitz","212217","168278","43939"
"2012-08-14","Krustybitz","415927","358586","57341"
"2012-08-15","Krustybitz","394888","353730","41158"
"2012-08-16","Krustybitz","375582","317723","57859"
"2012-08-17","Krustybitz","458692","397754","60938"
"2012-08-18","Krustybitz","344915","296308","48607"
"2012-08-19","Krustybitz","417289","355118","62171"
"2012-08-20","Krustybitz","203224","181879","21345"
"2012-08-21","Krustybitz","202627","173181","29446"
"2012-08-22","Krustybitz","473826","433798","40028"
"2012-08-23","Krustybitz","423751","385988","37763"
"2012-08-24","Krustybitz","505252","422493","82759"
"2012-08-25","Krustybitz","182232","150389","31843"
"2012-08-26","Krustybitz","426682","344590","82092"
"2012-08-27","Krustybitz","214435","184087","30348"
"2012-08-28","Krustybitz","282621","223250","59371"
"2012-08-29","Krustybitz","282757","235199","47558"
"2012-08-30","Krustybitz","211504","186311","25193"
"2012-08-31","Krustybitz","308012","287580","20432"
"2012-09-01","Krustybitz","328203","299424","28779"
"2012-09-02","Krustybitz","438637","399579","39058"
"2012-09-03","Krustybitz","508977","468624","40353"
"2012-09-04","Krustybitz","310305","259373","50932"
"2012-09-05","Krustybitz","383675","304500","79175"
"2012-09-06","Krustybitz","284960","242220","42740"
"2012-09-07","Krustybitz","506486","437804","68682"
"2012-09-08","Krustybitz","340404","309647","30757"
"2012-09-09","Krustybitz","290083","242245","47838"
"2012-09-10","Krustybitz","379280","294621","84659"
"2012-09-11","Krustybitz","429810","364362","65448"
"2012-09-12","Krustybitz","148123","122879","25244"
"2012-09-13","Krustybitz","194185","172971","21214"
"2012-09-14","Krustybitz","267454","243592","23862"
"2012-09-15","Krustybitz","494977","427561","67416"
"2012-09-16","Krustybitz","389398","318599","70799"
"2012-09-17","Krustybitz","278876","230285","48591"
"2012-09-18","Krustybitz","495032","423217","71815"
"2012-09-19","Krustybitz","402158","345569","56589"
"2012-09-20","Krustybitz","336097","284037","52060"
"2012-09-21","Krustybitz","431062","363018","68044"
"2012-09-22","Krustybitz","522015","419148","102867"
"2012-09-23","Krustybitz","502307","446310","55997"
"2012-09-24","Krustybitz","337439","279460","57979"
"2012-09-25","Krustybitz","353093","289384","63709"
"2012-09-26","Krustybitz","622310","565354","56956"
"2012-09-27","Krustybitz","348269","279238","69031"
"2012-09-28","Krustybitz","483886","425742","58144"
"2012-09-29","Krustybitz","255410","229306","26104"
"2012-09-30","Krustybitz","276053","237511","38542"
"2012-10-01","Krustybitz","563378","481280","82098"
"2012-10-02","Krustybitz","446543","387717","58826"
"2012-10-03","Krustybitz","462397","392585","69812"
"2012-10-04","Krustybitz","721259","630240","91019"
"2012-10-05","Krustybitz","286457","227176","59281"
"2012-10-06","Krustybitz","364292","341952","22340"
"2012-10-07","Krustybitz","524396","469181","55215"
"2012-10-08","Krustybitz","357342","295634","61708"
"2012-10-09","Krustybitz","384501","314114","70387"
"2012-10-10","Krustybitz","196295","174464","21831"
"2012-10-11","Krustybitz","444154","391188","52966"
"2012-10-12","Krustybitz","323977","290939","33038"
"2012-10-13","Krustybitz","371119","291797","79322"
"2012-10-14","Krustybitz","754634","664873","89761"
"2012-10-15","Krustybitz","396852","368769","28083"
"2012-10-16","Krustybitz","497777","397069","100708"
"2012-10-17","Krustybitz","326219","277398","48821"
"2012-10-18","Krustybitz","570778","484994","85784"
"2012-10-19","Krustybitz","497992","419659","78333"
"2012-10-20","Krustybitz","379961","307792","72169"
"2012-10-21","Krustybitz","415808","358700","57108"
"2012-10-22","Krustybitz","346475","276933","69542"
"2012-10-23","Krustybitz","583104","514363","68741"
"2012-10-24","Krustybitz","332233","305657","26576"
"2012-10-25","Krustybitz","244120","213194","30926"
"2012-10-26","Krustybitz","368282","301088","67194"
"2012-10-27","Krustybitz","606820","518165","88655"
"2012-10-28","Krustybitz","455902","425894","30008"
"2012-10-29","Krustybitz","338057","278266","59791"
"2012-10-30","Krustybitz","393657","343480","50177"
"2012-10-31","Krustybitz","519703","438597","81106"
"2012-11-01","Krustybitz","338178","298086","40092"
"2012-11-02","Krustybitz","272706","256922","15784"
"2012-11-03","Krustybitz","378549","311810","66739"
"2012-11-04","Krustybitz","554967","489014","65953"
"2012-11-05","Krustybitz","457189","382591","74598"
"2012-11-06","Krustybitz","421397","360021","61376"
"2012-11-07","Krustybitz","375469","339763","35706"
"2012-11-08","Krustybitz","285827","250944","34883"
"2012-11-09","Krustybitz","364798","317316","47482"
"2012-11-10","Krustybitz","450114","399282","50832"
"2012-11-11","Krustybitz","384312","332918","51394"
"2012-11-12","Krustybitz","537336","431265","106071"
"2012-11-13","Krustybitz","555379","448221","107158"
"2012-11-14","Krustybitz","415148","355906","59242"
"2012-11-15","Krustybitz","505659","435981","69678"
"2012-11-16","Krustybitz","403463","336031","67432"
"2012-11-17","Krustybitz","252103","216876","35227"
"2012-11-18","Krustybitz","472573","420248","52325"
"2012-11-19","Krustybitz","420353","330591","89762"
"2012-11-20","Krustybitz","389471","348921","40550"
"2012-11-21","Krustybitz","475774","389589","86185"
"2012-11-22","Krustybitz","293251","248314","44937"
"2012-11-23","Krustybitz","601027","529224","71803"
"2012-11-24","Krustybitz","491548","424364","67184"
"2012-11-25","Krustybitz","363361","317712","45649"
"2012-11-26","Krustybitz","398605","349018","49587"
"2012-11-27","Krustybitz","467588","389243","78345"
"2012-11-28","Krustybitz","498959","430787","68172"
"2012-11-29","Krustybitz","394943","335594","59349"
"2012-11-30","Krustybitz","469209","394655","74554"
"2012-12-01","Krustybitz","427077","334436","92641"
"2012-12-02","Krustybitz","328932","286879","42053"
"2012-12-03","Krustybitz","376168","324571","51597"
"2012-12-04","Krustybitz","472112","376877","95235"
"2012-12-05","Krustybitz","395116","355105","40011"
"2012-12-06","Krustybitz","367335","312048","55287"
"2012-12-07","Krustybitz","325191","268521","56670"
"2012-12-08","Krustybitz","331062","290119","40943"
"2012-12-09","Krustybitz","480987","417630","63357"
"2012-12-10","Krustybitz","295431","252997","42434"
"2012-12-11","Krustybitz","365964","313530","52434"
"2012-12-12","Krustybitz","307640","257175","50465"
"2012-12-13","Krustybitz","463171","384246","78925"
"2012-12-14","Krustybitz","495587","454752","40835"
"2012-12-15","Krustybitz","387888","349767","38121"
"2012-12-16","Krustybitz","532616","440371","92245"
"2012-12-17","Krustybitz","342849","301787","41062"
"2012-12-18","Krustybitz","288692","230149","58543"
"2012-12-19","Krustybitz","672612","610255","62357"
"2012-12-20","Krustybitz","408870","360683","48187"
"2012-12-21","Krustybitz","451015","390581","60434"
"2012-12-22","Krustybitz","492903","433036","59867"
"2012-12-23","Krustybitz","566884","450423","116461"
"2012-12-24","Krustybitz","400773","343577","57196"
"2012-12-25","Krustybitz","256918","236750","20168"
"2012-12-26","Krustybitz","374135","313526","60609"
"2012-12-27","Krustybitz","464093","380592","83501"
"2012-12-28","Krustybitz","467860","424270","43590"
"2012-12-29","Krustybitz","708656","566658","141998"
"2012-12-30","Krustybitz","419844","345739","74105"
"2012-12-31","Krustybitz","289012","240636","48376"
"2013-01-01","Krustybitz","357290","311810","45480"
"2013-01-02","Krustybitz","1369685","1190185","179500"
"2013-01-03","Krustybitz","1052149","893669","158480"
"2013-01-04","Krustybitz","771057","646920","124137"
"2013-01-05","Krustybitz","1201028","1062548","138480"
"2013-01-06","Krustybitz","1002255","853436","148819"
"2013-01-07","Krustybitz","799017","676383","122634"
"2013-01-08","Krustybitz","750920","646439","104481"
"2013-01-09","Krustybitz","1156689","1024686","132003"
"2013-01-10","Krustybitz","1063742","914977","148765"
"2013-01-11","Krustybitz","941557","784644","156913"
"2013-01-12","Krustybitz","1199213","1053174","146039"
"2013-01-13","Krustybitz","920057","765642","154415"
"2013-01-14","Krustybitz","610618","505043","105575"
"2013-01-15","Krustybitz","1196258","1047063","149195"
"2013-01-16","Krustybitz","1212718","1039042","173676"
"2013-01-17","Krustybitz","1258572","1057147","201425"
"2013-01-18","Krustybitz","984185","847021","137164"
"2013-01-19","Krustybitz","1237835","1059261","178574"
"2013-01-20","Krustybitz","1174212","970719","203493"
"2013-01-21","Krustybitz","1492304","1297644","194660"
"2013-01-22","Krustybitz","1227031","1046859","180172"
"2013-01-23","Krustybitz","837192","720642","116550"
"2013-01-24","Krustybitz","985289","845205","140084"
"2013-01-25","Krustybitz","907615","757203","150412"
"2013-01-26","Krustybitz","678102","593752","84350"
"2013-01-27","Krustybitz","1356704","1180739","175965"
"2013-01-28","Krustybitz","1477443","1301380","176063"
"2013-01-29","Krustybitz","1078816","908990","169826"
"2013-01-30","Krustybitz","935488","769776","165712"
"2013-01-31","Krustybitz","1198250","1020922","177328"
"2013-02-01","Krustybitz","1318138","1140852","177286"
"2013-02-02","Krustybitz","1195897","1033068","162829"
"2013-02-03","Krustybitz","1035139","874091","161048"
"2013-02-04","Krustybitz","1025301","874602","150699"
"2013-02-05","Krustybitz","1170108","1031037","139071"
"2013-02-06","Krustybitz","1238156","1063674","174482"
"2013-02-07","Krustybitz","1024374","859046","165328"
"2013-02-08","Krustybitz","1044816","907055","137761"
"2013-02-09","Krustybitz","1692811","1445612","247199"
"2013-02-10","Krustybitz","1001287","878090","123197"
"2013-02-11","Krustybitz","1133974","997259","136715"
"2013-02-12","Krustybitz","1031317","862993","168324"
"2013-02-13","Krustybitz","1031761","897586","134175"
"2013-02-14","Krustybitz","1224133","1050601","173532"
"2013-02-15","Krustybitz","1838539","1619664","218875"
"2013-02-16","Krustybitz","1457670","1273261","184409"
"2013-02-17","Krustybitz","987819","840908","146911"
"2013-02-18","Krustybitz","1070717","938881","131836"
"2013-02-19","Krustybitz","1652579","1332579","320000"
"2013-02-20","Krustybitz","1039512","847944","191568"
"2013-02-21","Krustybitz","1453894","1242620","211274"
"2013-02-22","Krustybitz","1329439","1109078","220361"
"2013-02-23","Krustybitz","1059029","861960","197069"
"2013-02-24","Krustybitz","1198208","1042879","155329"
"2013-02-25","Krustybitz","1276177","1105196","170981"
"2013-02-26","Krustybitz","1321031","1158400","162631"
"2013-02-27","Krustybitz","1167015","995431","171584"
"2013-02-28","Krustybitz","1272907","1099402","173505"
"2013-03-01","Krustybitz","1060192","919713","140479"
"2013-03-02","Krustybitz","571401","517351","54050"
"2013-03-03","Krustybitz","1358606","1151624","206982"
"2013-03-04","Krustybitz","1419236","1193928","225308"
"2013-03-05","Krustybitz","1269790","1170038","99752"
"2013-03-06","Krustybitz","1251107","1049364","201743"
"2013-03-07","Krustybitz","1393279","1160808","232471"
"2013-03-08","Krustybitz","1053870","923664","130206"
"2013-03-09","Krustybitz","1036513","873323","163190"
"2013-03-10","Krustybitz","1005103","801580","203523"
"2013-03-11","Krustybitz","944928","832493","112435"
"2013-03-12","Krustybitz","1154701","1005615","149086"
"2013-03-13","Krustybitz","1741754","1463190","278564"
"2013-03-14","Krustybitz","1174500","1031945","142555"
"2013-03-15","Krustybitz","1407893","1168084","239809"
"2013-03-16","Krustybitz","1237051","1067014","170037"
"2013-03-17","Krustybitz","1250175","1039818","210357"
"2013-03-18","Krustybitz","1166370","996917","169453"
"2013-03-19","Krustybitz","1207442","1022485","184957"
"2013-03-20","Krustybitz","1468740","1245386","223354"
"2013-03-21","Krustybitz","858965","755598","103367"
"2013-03-22","Krustybitz","1377491","1192923","184568"
"2013-03-23","Krustybitz","1057353","917964","139389"
"2013-03-24","Krustybitz","1460691","1241351","219340"
"2013-03-25","Krustybitz","1358396","1186487","171909"
"2013-03-26","Krustybitz","1494978","1250511","244467"
"2013-03-27","Krustybitz","1150133","1013916","136217"
"2013-03-28","Krustybitz","1258891","1068090","190801"
"2013-03-29","Krustybitz","1345539","1155143","190396"
"2013-03-30","Krustybitz","1291730","1095351","196379"
"2013-03-31","Krustybitz","1289974","1156080","133894"
"2013-04-01","Krustybitz","954491","818105","136386"
"2013-04-02","Krustybitz","901258","752999","148259"
"2013-04-03","Krustybitz","1641295","1358627","282668"
"2013-04-04","Krustybitz","1270450","1118039","152411"
"2013-04-05","Krustybitz","1166830","1004488","162342"
"2013-04-06","Krustybitz","1042974","884326","158648"
"2013-04-07","Krustybitz","1653892","1422710","231182"
"2013-04-08","Krustybitz","1277490","1123011","154479"
"2013-04-09","Krustybitz","1210071","1043363","166708"
"2013-04-10","Krustybitz","1040653","907618","133035"
"2013-04-11","Krustybitz","1681512","1391810","289702"
"2013-04-12","Krustybitz","1354158","1178588","175570"
"2013-04-13","Krustybitz","1483615","1313593","170022"
"2013-04-14","Krustybitz","1203802","1029987","173815"
"2013-04-15","Krustybitz","1317737","1162090","155647"
"2013-04-16","Krustybitz","1735283","1481002","254281"
"2013-04-17","Krustybitz","1112038","956463","155575"
"2013-04-18","Krustybitz","773784","650011","123773"
"2013-04-19","Krustybitz","1395050","1168229","226821"
"2013-04-20","Krustybitz","948704","815730","132974"
"2013-04-21","Krustybitz","1594125","1372961","221164"
"2013-04-22","Krustybitz","1144027","964704","179323"
"2013-04-23","Krustybitz","1886309","1619237","267072"
"2013-04-24","Krustybitz","1383221","1172168","211053"
"2013-04-25","Krustybitz","1007560","842802","164758"
"2013-04-26","Krustybitz","1273155","1098491","174664"
"2013-04-27","Krustybitz","1306402","1137833","168569"
"2013-04-28","Krustybitz","1316743","1146806","169937"
"2013-04-29","Krustybitz","1311006","1098490","212516"
"2013-04-30","Krustybitz","827249","717845","109404"
"2013-05-01","Krustybitz","272569","236985","35584"
"2013-05-02","Krustybitz","1347423","1174583","172840"
"2013-05-03","Krustybitz","1170053","1015021","155032"
"2013-05-04","Krustybitz","1162160","953254","208906"
"2013-05-05","Krustybitz","1059577","934935","124642"
"2013-05-06","Krustybitz","1201561","994527","207034"
"2013-05-07","Krustybitz","964155","801877","162278"
"2013-05-08","Krustybitz","1420622","1185835","234787"
"2013-05-09","Krustybitz","1044419","912774","131645"
"2013-05-10","Krustybitz","1020647","867404","153243"
"2013-05-11","Krustybitz","1510782","1311167","199615"
"2013-05-12","Krustybitz","1082134","931338","150796"
"2013-05-13","Krustybitz","1115056","963646","151410"
"2013-05-14","Krustybitz","1321953","1140238","181715"
"2013-05-15","Krustybitz","1153939","960091","193848"
"2013-05-16","Krustybitz","1552386","1308731","243655"
"2013-05-17","Krustybitz","1213115","1053551","159564"
"2013-05-18","Krustybitz","904165","794874","109291"
"2013-05-19","Krustybitz","1280726","1075460","205266"
"2013-05-20","Krustybitz","890625","775558","115067"
"2013-05-21","Krustybitz","909295","770080","139215"
"2013-05-22","Krustybitz","872986","750149","122837"
"2013-05-23","Krustybitz","1000655","837718","162937"
"2013-05-24","Krustybitz","1428032","1228761","199271"
"2013-05-25","Krustybitz","972036","841143","130893"
"2013-05-26","Krustybitz","1449272","1298455","150817"
"2013-05-27","Krustybitz","1114161","966320","147841"
"2013-05-28","Krustybitz","1021082","906379","114703"
"2013-05-29","Krustybitz","1186251","1014993","171258"
"2013-05-30","Krustybitz","1031698","864739","166959"
"2013-05-31","Krustybitz","1080299","933901","146398"
"2008-06-01","Lemmon","39377","38759","618"
"2008-06-02","Lemmon","89624","82689","6935"
"2008-06-03","Lemmon","8028","7071","957"
"2008-06-04","Lemmon","20847","19212","1635"
"2008-06-05","Lemmon","99396","88664","10732"
"2008-06-06","Lemmon","65366","58294","7072"
"2008-06-07","Lemmon","72648","67400","5248"
"2008-06-08","Lemmon","8749","7655","1094"
"2008-06-09","Lemmon","64897","61496","3401"
"2008-06-10","Lemmon","36388","32155","4233"
"2008-06-11","Lemmon","7789","7348","441"
"2008-06-12","Lemmon","73555","67969","5586"
"2008-06-13","Lemmon","49287","43623","5664"
"2008-06-14","Lemmon","122515","116507","6008"
"2008-06-15","Lemmon","46226","42294","3932"
"2008-06-16","Lemmon","115464","103003","12461"
"2008-06-17","Lemmon","73401","67234","6167"
"2008-06-18","Lemmon","81606","75569","6037"
"2008-06-19","Lemmon","60017","56211","3806"
"2008-06-20","Lemmon","28477","26164","2313"
"2008-06-21","Lemmon","64903","61492","3411"
"2008-06-22","Lemmon","145843","137270","8573"
"2008-06-23","Lemmon","97407","90041","7366"
"2008-06-24","Lemmon","19667","19136","531"
"2008-06-25","Lemmon","98646","87823","10823"
"2008-06-26","Lemmon","54856","46315","8541"
"2008-06-27","Lemmon","481974","438428","43546"
"2008-06-28","Lemmon","71276","68208","3068"
"2008-06-29","Lemmon","66064","58349","7715"
"2008-06-30","Lemmon","63395","60286","3109"
"2008-07-01","Lemmon","32865","30637","2228"
"2008-07-02","Lemmon","38706","35292","3414"
"2008-07-03","Lemmon","88234","83147","5087"
"2008-07-04","Lemmon","53217","47667","5550"
"2008-07-05","Lemmon","68898","60700","8198"
"2008-07-06","Lemmon","91307","78159","13148"
"2008-07-07","Lemmon","10688","9460","1228"
"2008-07-08","Lemmon","23347","18623","4724"
"2008-07-09","Lemmon","18797","16145","2652"
"2008-07-10","Lemmon","58044","49756","8288"
"2008-07-11","Lemmon","7948","7744","204"
"2008-07-12","Lemmon","41395","37938","3457"
"2008-07-13","Lemmon","81797","72168","9629"
"2008-07-14","Lemmon","116246","102518","13728"
"2008-07-15","Lemmon","47215","40642","6573"
"2008-07-16","Lemmon","15558","11275","4283"
"2008-07-17","Lemmon","13868","12663","1205"
"2008-07-18","Lemmon","15578","14696","882"
"2008-07-19","Lemmon","438154","399478","38676"
"2008-07-20","Lemmon","99823","89576","10247"
"2008-07-21","Lemmon","144304","125424","18880"
"2008-07-22","Lemmon","64125","56544","7581"
"2008-07-23","Lemmon","121094","110731","10363"
"2008-07-24","Lemmon","73275","67492","5783"
"2008-07-25","Lemmon","90695","84432","6263"
"2008-07-26","Lemmon","26697","24755","1942"
"2008-07-27","Lemmon","60918","56753","4165"
"2008-07-28","Lemmon","26518","20938","5580"
"2008-07-29","Lemmon","46835","41681","5154"
"2008-07-30","Lemmon","80985","70757","10228"
"2008-07-31","Lemmon","40077","36265","3812"
"2008-08-01","Lemmon","478956","435557","43399"
"2008-08-02","Lemmon","460697","419147","41550"
"2008-08-03","Lemmon","77875","68610","9265"
"2008-08-04","Lemmon","49183","47209","1974"
"2008-08-05","Lemmon","90475","84663","5812"
"2008-08-06","Lemmon","66193","61439","4754"
"2008-08-07","Lemmon","39368","37871","1497"
"2008-08-08","Lemmon","74017","65708","8309"
"2008-08-09","Lemmon","48686","40222","8464"
"2008-08-10","Lemmon","28408","28208","200"
"2008-08-11","Lemmon","20426","18564","1862"
"2008-08-12","Lemmon","102374","92378","9996"
"2008-08-13","Lemmon","50105","41866","8239"
"2008-08-14","Lemmon","41087","39907","1180"
"2008-08-16","Lemmon","13798","13287","511"
"2008-08-17","Lemmon","135765","120513","15252"
"2008-08-18","Lemmon","120544","111525","9019"
"2008-08-19","Lemmon","25816","24712","1104"
"2008-08-20","Lemmon","47086","41566","5520"
"2008-08-21","Lemmon","23526","22440","1086"
"2008-08-22","Lemmon","48504","42514","5990"
"2008-08-23","Lemmon","62958","59691","3267"
"2008-08-24","Lemmon","151993","133663","18330"
"2008-08-25","Lemmon","78272","72164","6108"
"2008-08-26","Lemmon","30954","30479","475"
"2008-08-27","Lemmon","5119","5008","111"
"2008-08-28","Lemmon","497162","456087","41075"
"2008-08-29","Lemmon","83782","76614","7168"
"2008-08-30","Lemmon","121884","111601","10283"
"2008-08-31","Lemmon","5119","5008","111"
"2008-09-01","Lemmon","57108","54148","2960"
"2008-09-02","Lemmon","86545","80619","5926"
"2008-09-03","Lemmon","107715","97018","10697"
"2008-09-04","Lemmon","119792","103883","15909"
"2008-09-05","Lemmon","31588","31411","177"
"2008-09-06","Lemmon","41307","39676","1631"
"2008-09-07","Lemmon","463424","423502","39922"
"2008-09-09","Lemmon","34258","33751","507"
"2008-09-10","Lemmon","482915","438429","44486"
"2008-09-11","Lemmon","30917","27944","2973"
"2008-09-12","Lemmon","10717","9717","1000"
"2008-09-13","Lemmon","83495","74039","9456"
"2008-09-14","Lemmon","35765","31812","3953"
"2008-09-15","Lemmon","5869","5849","20"
"2008-09-16","Lemmon","103237","92163","11074"
"2008-09-17","Lemmon","5119","5008","111"
"2008-09-18","Lemmon","39297","34218","5079"
"2008-09-19","Lemmon","55795","51051","4744"
"2008-09-20","Lemmon","39368","37871","1497"
"2008-09-21","Lemmon","67952","60732","7220"
"2008-09-22","Lemmon","109484","104137","5347"
"2008-09-23","Lemmon","141116","125560","15556"
"2008-09-24","Lemmon","20707","19122","1585"
"2008-09-25","Lemmon","80714","75915","4799"
"2008-09-26","Lemmon","18908","17407","1501"
"2008-09-27","Lemmon","409026","373871","35155"
"2008-09-28","Lemmon","25807","23824","1983"
"2008-09-29","Lemmon","15167","13498","1669"
"2008-09-30","Lemmon","7789","7348","441"
"2008-10-01","Lemmon","72114","68705","3409"
"2008-10-02","Lemmon","62227","59156","3071"
"2008-10-03","Lemmon","93496","86303","7193"
"2008-10-04","Lemmon","60727","60154","573"
"2008-10-05","Lemmon","85572","77089","8483"
"2008-10-06","Lemmon","93536","83703","9833"
"2008-10-07","Lemmon","69325","61166","8159"
"2008-10-08","Lemmon","109463","101749","7714"
"2008-10-09","Lemmon","4848","3868","980"
"2008-10-10","Lemmon","12908","12356","552"
"2008-10-11","Lemmon","73966","68488","5478"
"2008-10-12","Lemmon","16858","14340","2518"
"2008-10-13","Lemmon","7789","7348","441"
"2008-10-14","Lemmon","47357","42706","4651"
"2008-10-15","Lemmon","96284","85609","10675"
"2008-10-16","Lemmon","35765","31812","3953"
"2008-10-17","Lemmon","8028","7071","957"
"2008-10-18","Lemmon","34449","30350","4099"
"2008-10-19","Lemmon","8028","7071","957"
"2008-10-20","Lemmon","89666","85817","3849"
"2008-10-21","Lemmon","52276","50227","2049"
"2008-10-22","Lemmon","12899","11468","1431"
"2008-10-23","Lemmon","29427","23001","6426"
"2008-10-24","Lemmon","134744","125862","8882"
"2008-10-25","Lemmon","24895","22651","2244"
"2008-10-26","Lemmon","211670","194563","17107"
"2008-10-27","Lemmon","18807","16096","2711"
"2008-10-28","Lemmon","129186","118051","11135"
"2008-10-29","Lemmon","51925","49408","2517"
"2008-10-30","Lemmon","39297","34218","5079"
"2008-10-31","Lemmon","103237","92163","11074"
"2008-11-01","Lemmon","42887","38695","4192"
"2008-11-02","Lemmon","27666","25950","1716"
"2008-11-03","Lemmon","104456","95966","8490"
"2008-11-04","Lemmon","80995","76473","4522"
"2008-11-05","Lemmon","94525","84267","10258"
"2008-11-06","Lemmon","28477","26164","2313"
"2008-11-07","Lemmon","14838","13273","1565"
"2008-11-08","Lemmon","57134","50056","7078"
"2008-11-09","Lemmon","52467","46826","5641"
"2008-11-10","Lemmon","1939","1805","134"
"2008-11-11","Lemmon","404217","370202","34015"
"2008-11-12","Lemmon","165507","157029","8478"
"2008-11-13","Lemmon","20697","19704","993"
"2008-11-14","Lemmon","177831","163207","14624"
"2008-11-15","Lemmon","27746","25629","2117"
"2008-11-16","Lemmon","34578","33088","1490"
"2008-11-17","Lemmon","24036","23303","733"
"2008-11-18","Lemmon","61047","59491","1556"
"2008-11-19","Lemmon","126255","111758","14497"
"2008-11-20","Lemmon","39568","35358","4210"
"2008-11-21","Lemmon","123237","116154","7083"
"2008-11-22","Lemmon","26469","26403","66"
"2008-11-23","Lemmon","122832","111289","11543"
"2008-11-24","Lemmon","110214","101264","8950"
"2008-11-25","Lemmon","103774","91516","12258"
"2008-11-26","Lemmon","90025","76101","13924"
"2008-11-27","Lemmon","7789","7348","441"
"2008-11-28","Lemmon","10238","10016","222"
"2008-11-29","Lemmon","9728","9153","575"
"2008-11-30","Lemmon","75784","71220","4564"
"2008-12-01","Lemmon","18917","18295","622"
"2008-12-02","Lemmon","1939","1805","134"
"2008-12-03","Lemmon","47348","41818","5530"
"2008-12-04","Lemmon","78464","73779","4685"
"2008-12-05","Lemmon","4848","3868","980"
"2008-12-06","Lemmon","54225","47993","6232"
"2008-12-07","Lemmon","36595","32852","3743"
"2008-12-08","Lemmon","21826","20358","1468"
"2008-12-09","Lemmon","56106","50361","5745"
"2008-12-10","Lemmon","68084","59768","8316"
"2008-12-11","Lemmon","142863","134115","8748"
"2008-12-12","Lemmon","28697","23288","5409"
"2008-12-13","Lemmon","1939","1805","134"
"2008-12-14","Lemmon","18018","16476","1542"
"2008-12-15","Lemmon","52467","46826","5641"
"2008-12-16","Lemmon","99345","90475","8870"
"2008-12-17","Lemmon","8028","7071","957"
"2008-12-18","Lemmon","112494","100224","12270"
"2008-12-19","Lemmon","59087","53353","5734"
"2008-12-20","Lemmon","85547","78868","6679"
"2008-12-21","Lemmon","445406","407026","38380"
"2008-12-22","Lemmon","81535","71916","9619"
"2008-12-23","Lemmon","110635","101734","8901"
"2008-12-24","Lemmon","37005","34147","2858"
"2008-12-25","Lemmon","75857","71159","4698"
"2008-12-26","Lemmon","18027","17364","663"
"2008-12-27","Lemmon","41997","37764","4233"
"2008-12-28","Lemmon","90515","80896","9619"
"2008-12-30","Lemmon","66836","63301","3535"
"2008-12-31","Lemmon","75857","71159","4698"
"2009-01-01","Lemmon","161683","143606","18077"
"2009-01-02","Lemmon","229229","205399","23830"
"2009-01-03","Lemmon","65253","56001","9252"
"2009-01-04","Lemmon","82582","73117","9465"
"2009-01-05","Lemmon","152342","137519","14823"
"2009-01-06","Lemmon","260509","237976","22533"
"2009-01-07","Lemmon","25798","22936","2862"
"2009-01-08","Lemmon","43043","37474","5569"
"2009-01-09","Lemmon","177599","163325","14274"
"2009-01-10","Lemmon","41507","37163","4344"
"2009-01-11","Lemmon","181782","167615","14167"
"2009-01-12","Lemmon","97154","87192","9962"
"2009-01-13","Lemmon","59525","53639","5886"
"2009-01-14","Lemmon","83304","77440","5864"
"2009-01-15","Lemmon","171295","159744","11551"
"2009-01-16","Lemmon","110672","98451","12221"
"2009-01-17","Lemmon","142855","130503","12352"
"2009-01-18","Lemmon","96194","85881","10313"
"2009-01-19","Lemmon","194212","182285","11927"
"2009-01-20","Lemmon","42593","39790","2803"
"2009-01-21","Lemmon","128403","117388","11015"
"2009-01-22","Lemmon","143332","134750","8582"
"2009-01-23","Lemmon","103872","93424","10448"
"2009-01-24","Lemmon","169141","153676","15465"
"2009-01-25","Lemmon","116903","109030","7873"
"2009-01-26","Lemmon","15817","14419","1398"
"2009-01-27","Lemmon","196742","177031","19711"
"2009-01-28","Lemmon","115504","102609","12895"
"2009-01-29","Lemmon","276090","242489","33601"
"2009-01-30","Lemmon","78654","72126","6528"
"2009-01-31","Lemmon","161752","148655","13097"
"2009-02-01","Lemmon","104942","94584","10358"
"2009-02-02","Lemmon","91525","81321","10204"
"2009-02-03","Lemmon","31635","29125","2510"
"2009-02-04","Lemmon","76803","70065","6738"
"2009-02-05","Lemmon","105226","96950","8276"
"2009-02-06","Lemmon","44063","40960","3103"
"2009-02-07","Lemmon","93312","83860","9452"
"2009-02-08","Lemmon","124456","112511","11945"
"2009-02-09","Lemmon","140913","133051","7862"
"2009-02-10","Lemmon","85290","74833","10457"
"2009-02-11","Lemmon","267088","248037","19051"
"2009-02-12","Lemmon","78724","70094","8630"
"2009-02-13","Lemmon","566371","516922","49449"
"2009-02-14","Lemmon","104592","94073","10519"
"2009-02-15","Lemmon","111456","97735","13721"
"2009-02-16","Lemmon","515421","475438","39983"
"2009-02-17","Lemmon","67764","58671","9093"
"2009-02-18","Lemmon","103003","92779","10224"
"2009-02-19","Lemmon","28806","26389","2417"
"2009-02-20","Lemmon","582228","539173","43055"
"2009-02-21","Lemmon","201691","186947","14744"
"2009-02-22","Lemmon","161323","146423","14900"
"2009-02-23","Lemmon","144373","130978","13395"
"2009-02-24","Lemmon","103829","96983","6846"
"2009-02-25","Lemmon","102285","91358","10927"
"2009-02-26","Lemmon","123876","116444","7432"
"2009-02-27","Lemmon","176472","155472","21000"
"2009-02-28","Lemmon","224427","211502","12925"
"2009-03-01","Lemmon","177433","161688","15745"
"2009-03-02","Lemmon","107161","96091","11070"
"2009-03-03","Lemmon","35387","34405","982"
"2009-03-04","Lemmon","140244","123547","16697"
"2009-03-05","Lemmon","64994","61057","3937"
"2009-03-06","Lemmon","47222","39614","7608"
"2009-03-07","Lemmon","192682","178062","14620"
"2009-03-09","Lemmon","46155","43544","2611"
"2009-03-10","Lemmon","90604","81403","9201"
"2009-03-11","Lemmon","83083","79256","3827"
"2009-03-12","Lemmon","174693","154462","20231"
"2009-03-13","Lemmon","187649","169729","17920"
"2009-03-14","Lemmon","116253","102896","13357"
"2009-03-15","Lemmon","122081","108018","14063"
"2009-03-16","Lemmon","104451","94239","10212"
"2009-03-17","Lemmon","34014","31726","2288"
"2009-03-18","Lemmon","175158","160979","14179"
"2009-03-19","Lemmon","129013","122067","6946"
"2009-03-20","Lemmon","90582","84625","5957"
"2009-03-21","Lemmon","155166","143373","11793"
"2009-03-22","Lemmon","72684","64876","7808"
"2009-03-23","Lemmon","539291","492797","46494"
"2009-03-24","Lemmon","99352","91842","7510"
"2009-03-25","Lemmon","127314","117560","9754"
"2009-03-26","Lemmon","85533","73714","11819"
"2009-03-27","Lemmon","65784","59775","6009"
"2009-03-28","Lemmon","113312","104750","8562"
"2009-03-29","Lemmon","38403","36102","2301"
"2009-03-30","Lemmon","110895","98464","12431"
"2009-03-31","Lemmon","124067","113043","11024"
"2009-04-01","Lemmon","155389","140103","15286"
"2009-04-02","Lemmon","71413","63917","7496"
"2009-04-03","Lemmon","76545","65984","10561"
"2009-04-04","Lemmon","163272","147827","15445"
"2009-04-05","Lemmon","93054","85853","7201"
"2009-04-06","Lemmon","48107","43547","4560"
"2009-04-07","Lemmon","94445","84940","9505"
"2009-04-08","Lemmon","129693","121859","7834"
"2009-04-09","Lemmon","118325","107692","10633"
"2009-04-10","Lemmon","77821","69809","8012"
"2009-04-11","Lemmon","62095","58254","3841"
"2009-04-12","Lemmon","76536","68615","7921"
"2009-04-13","Lemmon","66303","63286","3017"
"2009-04-14","Lemmon","110895","98464","12431"
"2009-04-15","Lemmon","562039","514813","47226"
"2009-04-16","Lemmon","179191","158773","20418"
"2009-04-17","Lemmon","55482","50955","4527"
"2009-04-18","Lemmon","79985","68575","11410"
"2009-04-19","Lemmon","79820","72672","7148"
"2009-04-20","Lemmon","140232","129839","10393"
"2009-04-21","Lemmon","114431","106039","8392"
"2009-04-22","Lemmon","429157","390860","38297"
"2009-04-23","Lemmon","502449","460245","42204"
"2009-04-24","Lemmon","73925","66626","7299"
"2009-04-25","Lemmon","56884","49234","7650"
"2009-04-26","Lemmon","584797","527014","57783"
"2009-04-27","Lemmon","152633","134518","18115"
"2009-04-28","Lemmon","128138","117732","10406"
"2009-04-29","Lemmon","47576","42167","5409"
"2009-04-30","Lemmon","72513","65775","6738"
"2009-05-01","Lemmon","102526","95049","7477"
"2009-05-02","Lemmon","730043","668311","61732"
"2009-05-03","Lemmon","122234","107814","14420"
"2009-05-04","Lemmon","92212","83731","8481"
"2009-05-05","Lemmon","68813","61152","7661"
"2009-05-06","Lemmon","158631","140857","17774"
"2009-05-07","Lemmon","81001","76469","4532"
"2009-05-08","Lemmon","46864","41938","4926"
"2009-05-09","Lemmon","37465","33894","3571"
"2009-05-10","Lemmon","101255","94547","6708"
"2009-05-11","Lemmon","176259","161782","14477"
"2009-05-12","Lemmon","133516","120072","13444"
"2009-05-13","Lemmon","61943","54793","7150"
"2009-05-14","Lemmon","36425","33908","2517"
"2009-05-15","Lemmon","178831","164038","14793"
"2009-05-16","Lemmon","225880","201079","24801"
"2009-05-17","Lemmon","31315","29788","1527"
"2009-05-18","Lemmon","116612","104496","12116"
"2009-05-19","Lemmon","50066","47282","2784"
"2009-05-20","Lemmon","75722","68126","7596"
"2009-05-21","Lemmon","108124","99758","8366"
"2009-05-22","Lemmon","154130","141853","12277"
"2009-05-23","Lemmon","92271","84852","7419"
"2009-05-24","Lemmon","73794","67692","6102"
"2009-05-25","Lemmon","47067","38967","8100"
"2009-05-26","Lemmon","102614","93722","8892"
"2009-05-27","Lemmon","70646","65906","4740"
"2009-05-28","Lemmon","42293","39502","2791"
"2009-05-29","Lemmon","140643","125587","15056"
"2009-05-30","Lemmon","180141","167201","12940"
"2009-05-31","Lemmon","582951","528948","54003"
"2009-06-01","Lemmon","268937","249340","19597"
"2009-06-02","Lemmon","121632","106121","15511"
"2009-06-03","Lemmon","159271","141648","17623"
"2009-06-04","Lemmon","183255","160549","22706"
"2009-06-05","Lemmon","87851","80857","6994"
"2009-06-06","Lemmon","265670","233330","32340"
"2009-06-07","Lemmon","93883","87152","6731"
"2009-06-08","Lemmon","148328","130941","17387"
"2009-06-09","Lemmon","169499","150042","19457"
"2009-06-10","Lemmon","213374","191177","22197"
"2009-06-11","Lemmon","207178","193164","14014"
"2009-06-12","Lemmon","98574","87246","11328"
"2009-06-13","Lemmon","183448","167797","15651"
"2009-06-14","Lemmon","171878","150744","21134"
"2009-06-15","Lemmon","168639","147190","21449"
"2009-06-16","Lemmon","122316","111623","10693"
"2009-06-17","Lemmon","202109","181874","20235"
"2009-06-18","Lemmon","146858","131274","15584"
"2009-06-19","Lemmon","59006","51536","7470"
"2009-06-20","Lemmon","31706","27564","4142"
"2009-06-21","Lemmon","129602","112347","17255"
"2009-06-22","Lemmon","189011","170765","18246"
"2009-06-23","Lemmon","163730","145603","18127"
"2009-06-24","Lemmon","281777","256701","25076"
"2009-06-25","Lemmon","141051","131432","9619"
"2009-06-26","Lemmon","106689","96405","10284"
"2009-06-27","Lemmon","9097","8380","717"
"2009-06-28","Lemmon","109292","104130","5162"
"2009-06-29","Lemmon","112611","100256","12355"
"2009-06-30","Lemmon","79787","72733","7054"
"2009-07-01","Lemmon","493081","449446","43635"
"2009-07-02","Lemmon","33325","30032","3293"
"2009-07-03","Lemmon","131583","122965","8618"
"2009-07-04","Lemmon","245457","221942","23515"
"2009-07-05","Lemmon","186948","167854","19094"
"2009-07-06","Lemmon","197067","175779","21288"
"2009-07-07","Lemmon","77723","70557","7166"
"2009-07-08","Lemmon","148260","127020","21240"
"2009-07-09","Lemmon","253347","226233","27114"
"2009-07-10","Lemmon","40373","35134","5239"
"2009-07-11","Lemmon","128188","115889","12299"
"2009-07-12","Lemmon","269807","253370","16437"
"2009-07-13","Lemmon","137439","127618","9821"
"2009-07-14","Lemmon","204299","187472","16827"
"2009-07-15","Lemmon","547596","498829","48767"
"2009-07-16","Lemmon","127491","117529","9962"
"2009-07-17","Lemmon","177940","158522","19418"
"2009-07-18","Lemmon","136590","122823","13767"
"2009-07-19","Lemmon","114675","98859","15816"
"2009-07-20","Lemmon","171921","153622","18299"
"2009-07-21","Lemmon","120760","108937","11823"
"2009-07-22","Lemmon","217917","193769","24148"
"2009-07-23","Lemmon","148420","132999","15421"
"2009-07-24","Lemmon","88313","78252","10061"
"2009-07-25","Lemmon","125153","115670","9483"
"2009-07-26","Lemmon","218854","197443","21411"
"2009-07-27","Lemmon","158377","146227","12150"
"2009-07-28","Lemmon","73969","67714","6255"
"2009-07-29","Lemmon","110647","102200","8447"
"2009-07-30","Lemmon","151921","141848","10073"
"2009-07-31","Lemmon","874699","800517","74182"
"2009-08-01","Lemmon","67484","61269","6215"
"2009-08-02","Lemmon","481861","440495","41366"
"2009-08-03","Lemmon","503129","459550","43579"
"2009-08-04","Lemmon","274506","250000","24506"
"2009-08-05","Lemmon","486212","443064","43148"
"2009-08-06","Lemmon","190739","173918","16821"
"2009-08-07","Lemmon","174809","156267","18542"
"2009-08-08","Lemmon","148733","135231","13502"
"2009-08-09","Lemmon","87462","73456","14006"
"2009-08-10","Lemmon","166340","152189","14151"
"2009-08-11","Lemmon","100311","92489","7822"
"2009-08-12","Lemmon","120535","110637","9898"
"2009-08-13","Lemmon","128550","116562","11988"
"2009-08-14","Lemmon","140839","129280","11559"
"2009-08-15","Lemmon","175250","159057","16193"
"2009-08-16","Lemmon","165291","147649","17642"
"2009-08-17","Lemmon","171879","157080","14799"
"2009-08-18","Lemmon","162153","150313","11840"
"2009-08-19","Lemmon","189129","176151","12978"
"2009-08-20","Lemmon","248136","219010","29126"
"2009-08-21","Lemmon","274996","249358","25638"
"2009-08-22","Lemmon","253577","227497","26080"
"2009-08-23","Lemmon","62713","56010","6703"
"2009-08-24","Lemmon","143391","126506","16885"
"2009-08-25","Lemmon","555971","503622","52349"
"2009-08-26","Lemmon","117349","106519","10830"
"2009-08-27","Lemmon","62433","56639","5794"
"2009-08-28","Lemmon","413120","379617","33503"
"2009-08-29","Lemmon","124722","114036","10686"
"2009-08-30","Lemmon","52936","47109","5827"
"2009-08-31","Lemmon","175570","159255","16315"
"2009-09-01","Lemmon","158468","143249","15219"
"2009-09-02","Lemmon","87942","82735","5207"
"2009-09-03","Lemmon","200621","176614","24007"
"2009-09-04","Lemmon","185110","162570","22540"
"2009-09-05","Lemmon","291587","265849","25738"
"2009-09-06","Lemmon","97452","86255","11197"
"2009-09-07","Lemmon","77970","71331","6639"
"2009-09-08","Lemmon","115820","107469","8351"
"2009-09-09","Lemmon","242034","218679","23355"
"2009-09-10","Lemmon","130782","120890","9892"
"2009-09-11","Lemmon","111785","99395","12390"
"2009-09-12","Lemmon","23596","21816","1780"
"2009-09-13","Lemmon","129318","113278","16040"
"2009-09-14","Lemmon","74840","68159","6681"
"2009-09-15","Lemmon","103189","90031","13158"
"2009-09-16","Lemmon","140103","122004","18099"
"2009-09-17","Lemmon","150860","133434","17426"
"2009-09-18","Lemmon","442413","404279","38134"
"2009-09-19","Lemmon","226047","215235","10812"
"2009-09-20","Lemmon","164378","149559","14819"
"2009-09-21","Lemmon","469331","431063","38268"
"2009-09-22","Lemmon","151905","136858","15047"
"2009-09-23","Lemmon","472153","430972","41181"
"2009-09-24","Lemmon","521190","478246","42944"
"2009-09-25","Lemmon","79990","72652","7338"
"2009-09-26","Lemmon","579398","528235","51163"
"2009-09-27","Lemmon","494636","450391","44245"
"2009-09-28","Lemmon","209729","187588","22141"
"2009-09-29","Lemmon","193960","173706","20254"
"2009-09-30","Lemmon","1076480","981496","94984"
"2009-10-01","Lemmon","335699","300502","35197"
"2009-10-02","Lemmon","193630","179211","14419"
"2009-10-03","Lemmon","228988","210680","18308"
"2009-10-04","Lemmon","261260","233180","28080"
"2009-10-05","Lemmon","120034","110662","9372"
"2009-10-06","Lemmon","81924","76183","5741"
"2009-10-07","Lemmon","134032","123339","10693"
"2009-10-08","Lemmon","180963","163757","17206"
"2009-10-09","Lemmon","87644","77617","10027"
"2009-10-10","Lemmon","180394","168562","11832"
"2009-10-11","Lemmon","222948","202874","20074"
"2009-10-12","Lemmon","98058","90539","7519"
"2009-10-13","Lemmon","44177","39503","4674"
"2009-10-14","Lemmon","170658","149896","20762"
"2009-10-15","Lemmon","146560","134859","11701"
"2009-10-16","Lemmon","650752","591729","59023"
"2009-10-17","Lemmon","188730","173664","15066"
"2009-10-18","Lemmon","198869","179758","19111"
"2009-10-19","Lemmon","125881","113174","12707"
"2009-10-20","Lemmon","114013","104258","9755"
"2009-10-21","Lemmon","121990","109662","12328"
"2009-10-22","Lemmon","176230","156489","19741"
"2009-10-23","Lemmon","23335","20627","2708"
"2009-10-24","Lemmon","145721","133504","12217"
"2009-10-25","Lemmon","163949","146428","17521"
"2009-10-26","Lemmon","223337","208936","14401"
"2009-10-27","Lemmon","50065","48219","1846"
"2009-10-28","Lemmon","637092","574571","62521"
"2009-10-29","Lemmon","143157","129193","13964"
"2009-10-30","Lemmon","38383","36019","2364"
"2009-10-31","Lemmon","200722","177914","22808"
"2009-11-01","Lemmon","599933","545993","53940"
"2009-11-02","Lemmon","38646","38224","422"
"2009-11-03","Lemmon","94864","84920","9944"
"2009-11-04","Lemmon","118392","105905","12487"
"2009-11-05","Lemmon","112781","100085","12696"
"2009-11-06","Lemmon","201678","182647","19031"
"2009-11-07","Lemmon","55285","52210","3075"
"2009-11-08","Lemmon","151600","136175","15425"
"2009-11-09","Lemmon","144930","133694","11236"
"2009-11-10","Lemmon","187041","173437","13604"
"2009-11-11","Lemmon","139674","130024","9650"
"2009-11-12","Lemmon","44294","40583","3711"
"2009-11-13","Lemmon","152750","138802","13948"
"2009-11-14","Lemmon","115031","107671","7360"
"2009-11-15","Lemmon","585369","539073","46296"
"2009-11-16","Lemmon","175547","157318","18229"
"2009-11-17","Lemmon","92054","82371","9683"
"2009-11-18","Lemmon","79243","71845","7398"
"2009-11-19","Lemmon","196681","178543","18138"
"2009-11-20","Lemmon","527700","486863","40837"
"2009-11-21","Lemmon","76655","66631","10024"
"2009-11-22","Lemmon","147023","133889","13134"
"2009-11-23","Lemmon","191269","173523","17746"
"2009-11-24","Lemmon","111842","103228","8614"
"2009-11-25","Lemmon","470073","429097","40976"
"2009-11-26","Lemmon","442753","403018","39735"
"2009-11-27","Lemmon","74093","69697","4396"
"2009-11-28","Lemmon","142532","133002","9530"
"2009-11-29","Lemmon","92422","82929","9493"
"2009-11-30","Lemmon","145630","135605","10025"
"2009-12-01","Lemmon","557228","510077","47151"
"2009-12-02","Lemmon","27203","24286","2917"
"2009-12-03","Lemmon","106564","102980","3584"
"2009-12-04","Lemmon","85672","78879","6793"
"2009-12-05","Lemmon","36654","33680","2974"
"2009-12-06","Lemmon","433902","397636","36266"
"2009-12-07","Lemmon","120078","110251","9827"
"2009-12-08","Lemmon","177319","156015","21304"
"2009-12-09","Lemmon","154961","140458","14503"
"2009-12-10","Lemmon","628316","569949","58367"
"2009-12-11","Lemmon","162027","141950","20077"
"2009-12-12","Lemmon","184156","160212","23944"
"2009-12-13","Lemmon","35282","33080","2202"
"2009-12-14","Lemmon","216458","194807","21651"
"2009-12-15","Lemmon","20445","18870","1575"
"2009-12-16","Lemmon","229942","210990","18952"
"2009-12-17","Lemmon","146541","135209","11332"
"2009-12-18","Lemmon","517289","472647","44642"
"2009-12-19","Lemmon","191380","174339","17041"
"2009-12-20","Lemmon","289975","261425","28550"
"2009-12-21","Lemmon","147876","126309","21567"
"2009-12-22","Lemmon","166527","156664","9863"
"2009-12-23","Lemmon","485732","439311","46421"
"2009-12-24","Lemmon","90356","80500","9856"
"2009-12-25","Lemmon","213869","195208","18661"
"2009-12-26","Lemmon","141812","126408","15404"
"2009-12-27","Lemmon","124872","114579","10293"
"2009-12-28","Lemmon","158229","145819","12410"
"2009-12-29","Lemmon","576319","528477","47842"
"2009-12-30","Lemmon","42015","39682","2333"
"2009-12-31","Lemmon","155397","138591","16806"
"2010-01-01","Lemmon","202568","190335","12233"
"2010-01-02","Lemmon","262587","236484","26103"
"2010-01-03","Lemmon","207976","189166","18810"
"2010-01-04","Lemmon","265270","235348","29922"
"2010-01-05","Lemmon","94140","88480","5660"
"2010-01-06","Lemmon","678979","622187","56792"
"2010-01-07","Lemmon","279859","250446","29413"
"2010-01-08","Lemmon","166808","150018","16790"
"2010-01-09","Lemmon","694003","627503","66500"
"2010-01-10","Lemmon","200849","178680","22169"
"2010-01-11","Lemmon","201247","183567","17680"
"2010-01-12","Lemmon","291833","258179","33654"
"2010-01-13","Lemmon","287573","266272","21301"
"2010-01-14","Lemmon","267905","240153","27752"
"2010-01-15","Lemmon","188529","169458","19071"
"2010-01-16","Lemmon","547900","500801","47099"
"2010-01-17","Lemmon","142231","126925","15306"
"2010-01-18","Lemmon","519642","476719","42923"
"2010-01-19","Lemmon","152590","140123","12467"
"2010-01-20","Lemmon","526345","481440","44905"
"2010-01-21","Lemmon","137648","128283","9365"
"2010-01-22","Lemmon","192390","177517","14873"
"2010-01-23","Lemmon","179923","158922","21001"
"2010-01-24","Lemmon","173429","154086","19343"
"2010-01-25","Lemmon","190201","174365","15836"
"2010-01-26","Lemmon","161006","144462","16544"
"2010-01-27","Lemmon","52205","46574","5631"
"2010-01-28","Lemmon","143819","133324","10495"
"2010-01-29","Lemmon","383384","354740","28644"
"2010-01-30","Lemmon","173959","158343","15616"
"2010-01-31","Lemmon","285527","266290","19237"
"2010-02-01","Lemmon","281783","257954","23829"
"2010-02-02","Lemmon","146665","129177","17488"
"2010-02-03","Lemmon","533380","493317","40063"
"2010-02-04","Lemmon","278426","251037","27389"
"2010-02-05","Lemmon","563956","519592","44364"
"2010-02-06","Lemmon","156567","145502","11065"
"2010-02-07","Lemmon","223736","200385","23351"
"2010-02-08","Lemmon","143616","129268","14348"
"2010-02-09","Lemmon","56172","52403","3769"
"2010-02-10","Lemmon","284603","251836","32767"
"2010-02-11","Lemmon","156777","138611","18166"
"2010-02-12","Lemmon","253273","227232","26041"
"2010-02-13","Lemmon","221421","197341","24080"
"2010-02-14","Lemmon","388354","357529","30825"
"2010-02-15","Lemmon","211825","193477","18348"
"2010-02-16","Lemmon","951523","864373","87150"
"2010-02-17","Lemmon","252181","224022","28159"
"2010-02-18","Lemmon","232606","206842","25764"
"2010-02-19","Lemmon","608834","557389","51445"
"2010-02-20","Lemmon","216609","202147","14462"
"2010-02-21","Lemmon","213587","194457","19130"
"2010-02-22","Lemmon","183886","165552","18334"
"2010-02-23","Lemmon","664273","604294","59979"
"2010-02-24","Lemmon","257498","242092","15406"
"2010-02-25","Lemmon","343500","323577","19923"
"2010-02-26","Lemmon","162188","142559","19629"
"2010-02-27","Lemmon","591632","540757","50875"
"2010-02-28","Lemmon","612764","556395","56369"
"2010-03-01","Lemmon","309994","285817","24177"
"2010-03-02","Lemmon","227777","208726","19051"
"2010-03-03","Lemmon","571729","521653","50076"
"2010-03-04","Lemmon","196936","175978","20958"
"2010-03-05","Lemmon","387668","358529","29139"
"2010-03-06","Lemmon","236457","219042","17415"
"2010-03-07","Lemmon","217732","202942","14790"
"2010-03-08","Lemmon","88367","74280","14087"
"2010-03-09","Lemmon","198909","181321","17588"
"2010-03-10","Lemmon","172610","150583","22027"
"2010-03-11","Lemmon","105440","97152","8288"
"2010-03-12","Lemmon","297949","266562","31387"
"2010-03-13","Lemmon","535657","487988","47669"
"2010-03-14","Lemmon","161468","150189","11279"
"2010-03-15","Lemmon","337930","309715","28215"
"2010-03-16","Lemmon","164688","148970","15718"
"2010-03-17","Lemmon","580277","530685","49592"
"2010-03-18","Lemmon","168247","146458","21789"
"2010-03-19","Lemmon","255875","240355","15520"
"2010-03-20","Lemmon","166119","154210","11909"
"2010-03-21","Lemmon","150140","136632","13508"
"2010-03-22","Lemmon","206679","186698","19981"
"2010-03-23","Lemmon","260536","237956","22580"
"2010-03-24","Lemmon","359422","326271","33151"
"2010-03-25","Lemmon","100550","90452","10098"
"2010-03-26","Lemmon","384168","343939","40229"
"2010-03-27","Lemmon","197855","179258","18597"
"2010-03-28","Lemmon","196546","175349","21197"
"2010-03-29","Lemmon","159348","143978","15370"
"2010-03-30","Lemmon","663927","612089","51838"
"2010-03-31","Lemmon","124998","114397","10601"
"2010-04-01","Lemmon","175435","159776","15659"
"2010-04-02","Lemmon","116732","102896","13836"
"2010-04-03","Lemmon","139924","124507","15417"
"2010-04-04","Lemmon","630943","578311","52632"
"2010-04-05","Lemmon","235513","211366","24147"
"2010-04-06","Lemmon","197115","176936","20179"
"2010-04-07","Lemmon","297522","270244","27278"
"2010-04-08","Lemmon","147286","134254","13032"
"2010-04-09","Lemmon","98841","93610","5231"
"2010-04-10","Lemmon","194997","179360","15637"
"2010-04-11","Lemmon","84715","75119","9596"
"2010-04-12","Lemmon","311472","285696","25776"
"2010-04-13","Lemmon","135380","120830","14550"
"2010-04-14","Lemmon","81112","74274","6838"
"2010-04-15","Lemmon","741395","680484","60911"
"2010-04-16","Lemmon","151379","142127","9252"
"2010-04-17","Lemmon","121678","108462","13216"
"2010-04-18","Lemmon","156505","142234","14271"
"2010-04-19","Lemmon","351652","321521","30131"
"2010-04-20","Lemmon","231817","204761","27056"
"2010-04-21","Lemmon","48832","46289","2543"
"2010-04-22","Lemmon","191476","176174","15302"
"2010-04-23","Lemmon","351811","319560","32251"
"2010-04-24","Lemmon","117327","105530","11797"
"2010-04-25","Lemmon","200863","179877","20986"
"2010-04-26","Lemmon","244471","220432","24039"
"2010-04-27","Lemmon","389522","346752","42770"
"2010-04-28","Lemmon","572680","524258","48422"
"2010-04-29","Lemmon","159634","148487","11147"
"2010-04-30","Lemmon","258462","239907","18555"
"2010-05-01","Lemmon","183490","161775","21715"
"2010-05-02","Lemmon","154173","143122","11051"
"2010-05-03","Lemmon","127164","115849","11315"
"2010-05-04","Lemmon","262595","236851","25744"
"2010-05-05","Lemmon","233006","218014","14992"
"2010-05-06","Lemmon","229886","215396","14490"
"2010-05-07","Lemmon","392421","354216","38205"
"2010-05-08","Lemmon","362336","328363","33973"
"2010-05-09","Lemmon","190659","171552","19107"
"2010-05-10","Lemmon","209087","190163","18924"
"2010-05-11","Lemmon","215317","190889","24428"
"2010-05-12","Lemmon","117708","106099","11609"
"2010-05-13","Lemmon","574428","525418","49010"
"2010-05-14","Lemmon","151057","138364","12693"
"2010-05-15","Lemmon","208307","196077","12230"
"2010-05-16","Lemmon","1183296","1084779","98517"
"2010-05-17","Lemmon","1013071","927727","85344"
"2010-05-18","Lemmon","205053","189908","15145"
"2010-05-19","Lemmon","319605","287317","32288"
"2010-05-20","Lemmon","270146","248785","21361"
"2010-05-21","Lemmon","790957","720463","70494"
"2010-05-22","Lemmon","205486","183667","21819"
"2010-05-23","Lemmon","259298","233585","25713"
"2010-05-24","Lemmon","87941","80430","7511"
"2010-05-25","Lemmon","370545","338335","32210"
"2010-05-26","Lemmon","609637","560613","49024"
"2010-05-27","Lemmon","112693","107005","5688"
"2010-05-28","Lemmon","217525","201740","15785"
"2010-05-29","Lemmon","544675","497599","47076"
"2010-05-30","Lemmon","576665","524885","51780"
"2010-05-31","Lemmon","176485","164143","12342"
"2010-06-01","Lemmon","155147","138897","16250"
"2010-06-02","Lemmon","300164","282630","17534"
"2010-06-03","Lemmon","295881","277615","18266"
"2010-06-04","Lemmon","676417","628928","47489"
"2010-06-05","Lemmon","335046","299483","35563"
"2010-06-06","Lemmon","844843","769843","75000"
"2010-06-07","Lemmon","652149","595461","56688"
"2010-06-08","Lemmon","815890","756020","59870"
"2010-06-09","Lemmon","525056","478388","46668"
"2010-06-10","Lemmon","688794","624607","64187"
"2010-06-11","Lemmon","949613","860852","88761"
"2010-06-12","Lemmon","240623","216894","23729"
"2010-06-13","Lemmon","239127","220176","18951"
"2010-06-14","Lemmon","436888","399609","37279"
"2010-06-15","Lemmon","308416","284145","24271"
"2010-06-16","Lemmon","209006","187737","21269"
"2010-06-17","Lemmon","385101","347190","37911"
"2010-06-18","Lemmon","283019","262557","20462"
"2010-06-19","Lemmon","298010","270322","27688"
"2010-06-20","Lemmon","433492","396187","37305"
"2010-06-21","Lemmon","321364","288966","32398"
"2010-06-22","Lemmon","1038462","947860","90602"
"2010-06-23","Lemmon","419330","372944","46386"
"2010-06-24","Lemmon","1184178","1072203","111975"
"2010-06-25","Lemmon","752917","679835","73082"
"2010-06-26","Lemmon","442377","402162","40215"
"2010-06-27","Lemmon","467344","427617","39727"
"2010-06-28","Lemmon","322341","292675","29666"
"2010-06-29","Lemmon","362309","325526","36783"
"2010-06-30","Lemmon","420671","374925","45746"
"2010-07-01","Lemmon","403889","366438","37451"
"2010-07-02","Lemmon","405880","377826","28054"
"2010-07-03","Lemmon","437541","397131","40410"
"2010-07-04","Lemmon","458966","419824","39142"
"2010-07-05","Lemmon","205839","183551","22288"
"2010-07-06","Lemmon","337810","307360","30450"
"2010-07-07","Lemmon","778746","710728","68018"
"2010-07-08","Lemmon","760223","698509","61714"
"2010-07-09","Lemmon","317720","295253","22467"
"2010-07-10","Lemmon","944199","864141","80058"
"2010-07-11","Lemmon","891903","809788","82115"
"2010-07-12","Lemmon","729084","659110","69974"
"2010-07-13","Lemmon","296536","268857","27679"
"2010-07-14","Lemmon","286891","259229","27662"
"2010-07-15","Lemmon","486172","445201","40971"
"2010-07-16","Lemmon","224227","204929","19298"
"2010-07-17","Lemmon","376379","339785","36594"
"2010-07-18","Lemmon","354717","314420","40297"
"2010-07-19","Lemmon","380792","352555","28237"
"2010-07-20","Lemmon","441354","403367","37987"
"2010-07-21","Lemmon","243168","223838","19330"
"2010-07-22","Lemmon","1065672","973762","91910"
"2010-07-23","Lemmon","493869","443475","50394"
"2010-07-24","Lemmon","577588","514087","63501"
"2010-07-25","Lemmon","395484","367613","27871"
"2010-07-26","Lemmon","440346","410075","30271"
"2010-07-27","Lemmon","715349","649842","65507"
"2010-07-28","Lemmon","561631","518395","43236"
"2010-07-29","Lemmon","268048","246972","21076"
"2010-07-30","Lemmon","412411","371140","41271"
"2010-07-31","Lemmon","748987","689429","59558"
"2010-08-01","Lemmon","462664","421392","41272"
"2010-08-02","Lemmon","252686","229358","23328"
"2010-08-03","Lemmon","310922","283998","26924"
"2010-08-04","Lemmon","806976","745656","61320"
"2010-08-05","Lemmon","343995","315144","28851"
"2010-08-06","Lemmon","535771","488469","47302"
"2010-08-07","Lemmon","291166","268779","22387"
"2010-08-08","Lemmon","457201","410918","46283"
"2010-08-09","Lemmon","389415","349358","40057"
"2010-08-10","Lemmon","567628","511688","55940"
"2010-08-11","Lemmon","441874","399818","42056"
"2010-08-12","Lemmon","494725","460236","34489"
"2010-08-13","Lemmon","418210","384564","33646"
"2010-08-14","Lemmon","742753","677164","65589"
"2010-08-15","Lemmon","823214","746224","76990"
"2010-08-16","Lemmon","565889","515306","50583"
"2010-08-17","Lemmon","618169","563908","54261"
"2010-08-18","Lemmon","741953","679962","61991"
"2010-08-19","Lemmon","554136","513142","40994"
"2010-08-20","Lemmon","852224","780887","71337"
"2010-08-21","Lemmon","297849","267718","30131"
"2010-08-22","Lemmon","166761","152628","14133"
"2010-08-23","Lemmon","414941","370086","44855"
"2010-08-24","Lemmon","351017","317879","33138"
"2010-08-25","Lemmon","279091","253158","25933"
"2010-08-26","Lemmon","434879","388391","46488"
"2010-08-27","Lemmon","230118","210606","19512"
"2010-08-28","Lemmon","828838","756540","72298"
"2010-08-29","Lemmon","332769","299173","33596"
"2010-08-30","Lemmon","532415","494343","38072"
"2010-08-31","Lemmon","408698","370237","38461"
"2010-09-01","Lemmon","1331468","1212798","118670"
"2010-09-02","Lemmon","966424","880159","86265"
"2010-09-03","Lemmon","475612","432726","42886"
"2010-09-04","Lemmon","457137","416102","41035"
"2010-09-05","Lemmon","390140","353714","36426"
"2010-09-06","Lemmon","349477","319259","30218"
"2010-09-07","Lemmon","693522","635035","58487"
"2010-09-08","Lemmon","737270","672082","65188"
"2010-09-09","Lemmon","292684","275565","17119"
"2010-09-10","Lemmon","403295","367077","36218"
"2010-09-11","Lemmon","385498","359381","26117"
"2010-09-12","Lemmon","424486","380039","44447"
"2010-09-13","Lemmon","781725","709367","72358"
"2010-09-14","Lemmon","365741","329224","36517"
"2010-09-15","Lemmon","497943","447012","50931"
"2010-09-16","Lemmon","484500","453572","30928"
"2010-09-17","Lemmon","1130628","1032640","97988"
"2010-09-18","Lemmon","425630","395334","30296"
"2010-09-19","Lemmon","746799","678480","68319"
"2010-09-20","Lemmon","489129","452148","36981"
"2010-09-21","Lemmon","359506","327764","31742"
"2010-09-22","Lemmon","605639","557373","48266"
"2010-09-23","Lemmon","493909","446082","47827"
"2010-09-24","Lemmon","662475","602669","59806"
"2010-09-25","Lemmon","483336","426518","56818"
"2010-09-26","Lemmon","1081964","986614","95350"
"2010-09-27","Lemmon","768878","702740","66138"
"2010-09-28","Lemmon","263366","244734","18632"
"2010-09-29","Lemmon","677058","616206","60852"
"2010-09-30","Lemmon","260528","232117","28411"
"2010-10-01","Lemmon","218252","197708","20544"
"2010-10-02","Lemmon","767022","704668","62354"
"2010-10-03","Lemmon","499475","448691","50784"
"2010-10-04","Lemmon","413112","372064","41048"
"2010-10-05","Lemmon","532255","489425","42830"
"2010-10-06","Lemmon","658207","595996","62211"
"2010-10-07","Lemmon","723828","650239","73589"
"2010-10-08","Lemmon","1048817","948396","100421"
"2010-10-09","Lemmon","654778","599466","55312"
"2010-10-10","Lemmon","812732","734930","77802"
"2010-10-11","Lemmon","427346","397442","29904"
"2010-10-12","Lemmon","483439","440079","43360"
"2010-10-13","Lemmon","402834","365635","37199"
"2010-10-14","Lemmon","455084","411005","44079"
"2010-10-15","Lemmon","722505","652865","69640"
"2010-10-16","Lemmon","772011","704534","67477"
"2010-10-17","Lemmon","604748","554212","50536"
"2010-10-18","Lemmon","352873","320528","32345"
"2010-10-19","Lemmon","359168","327342","31826"
"2010-10-20","Lemmon","412158","373167","38991"
"2010-10-21","Lemmon","675176","618183","56993"
"2010-10-22","Lemmon","848908","772590","76318"
"2010-10-23","Lemmon","334114","300566","33548"
"2010-10-24","Lemmon","341522","312030","29492"
"2010-10-25","Lemmon","347137","314700","32437"
"2010-10-26","Lemmon","307532","280059","27473"
"2010-10-27","Lemmon","1249277","1140799","108478"
"2010-10-28","Lemmon","719130","656180","62950"
"2010-10-29","Lemmon","540079","495206","44873"
"2010-10-30","Lemmon","407503","366297","41206"
"2010-10-31","Lemmon","212533","199436","13097"
"2010-11-01","Lemmon","447135","411146","35989"
"2010-11-02","Lemmon","699563","641656","57907"
"2010-11-03","Lemmon","1229450","1117819","111631"
"2010-11-04","Lemmon","381576","342048","39528"
"2010-11-05","Lemmon","284546","264634","19912"
"2010-11-06","Lemmon","243110","220512","22598"
"2010-11-07","Lemmon","388077","351193","36884"
"2010-11-08","Lemmon","971003","877589","93414"
"2010-11-09","Lemmon","520854","473517","47337"
"2010-11-10","Lemmon","468202","427037","41165"
"2010-11-11","Lemmon","258304","241415","16889"
"2010-11-12","Lemmon","238301","215912","22389"
"2010-11-13","Lemmon","443976","408165","35811"
"2010-11-14","Lemmon","452333","423649","28684"
"2010-11-15","Lemmon","553953","508081","45872"
"2010-11-16","Lemmon","498362","466066","32296"
"2010-11-17","Lemmon","454516","417058","37458"
"2010-11-18","Lemmon","297495","266774","30721"
"2010-11-19","Lemmon","278141","244676","33465"
"2010-11-20","Lemmon","588269","524206","64063"
"2010-11-21","Lemmon","779520","720670","58850"
"2010-11-22","Lemmon","464626","418458","46168"
"2010-11-23","Lemmon","328850","295280","33570"
"2010-11-24","Lemmon","248977","228147","20830"
"2010-11-25","Lemmon","322907","296198","26709"
"2010-11-26","Lemmon","274172","245318","28854"
"2010-11-27","Lemmon","861997","794998","66999"
"2010-11-28","Lemmon","858591","780506","78085"
"2010-11-29","Lemmon","413240","381673","31567"
"2010-11-30","Lemmon","382275","348357","33918"
"2010-12-01","Lemmon","263363","234194","29169"
"2010-12-02","Lemmon","201262","188466","12796"
"2010-12-03","Lemmon","575291","526796","48495"
"2010-12-04","Lemmon","537211","482358","54853"
"2010-12-05","Lemmon","311846","280687","31159"
"2010-12-06","Lemmon","433607","398302","35305"
"2010-12-07","Lemmon","148844","133051","15793"
"2010-12-08","Lemmon","433325","396408","36917"
"2010-12-09","Lemmon","523307","471415","51892"
"2010-12-10","Lemmon","462001","421347","40654"
"2010-12-11","Lemmon","415991","375964","40027"
"2010-12-12","Lemmon","369455","330026","39429"
"2010-12-13","Lemmon","740858","679218","61640"
"2010-12-14","Lemmon","348189","314075","34114"
"2010-12-15","Lemmon","457067","416510","40557"
"2010-12-16","Lemmon","168523","151188","17335"
"2010-12-17","Lemmon","320862","291904","28958"
"2010-12-18","Lemmon","415166","381897","33269"
"2010-12-19","Lemmon","1045291","956392","88899"
"2010-12-20","Lemmon","408661","373765","34896"
"2010-12-21","Lemmon","341721","313412","28309"
"2010-12-22","Lemmon","413649","379182","34467"
"2010-12-23","Lemmon","260934","233947","26987"
"2010-12-24","Lemmon","740186","677178","63008"
"2010-12-25","Lemmon","173581","160454","13127"
"2010-12-26","Lemmon","779626","715519","64107"
"2010-12-27","Lemmon","512912","471859","41053"
"2010-12-28","Lemmon","302015","279024","22991"
"2010-12-29","Lemmon","502792","452762","50030"
"2010-12-30","Lemmon","342435","314165","28270"
"2010-12-31","Lemmon","1156855","1058773","98082"
"2011-01-01","Lemmon","400794","358161","42633"
"2011-01-02","Lemmon","800945","725554","75391"
"2011-01-03","Lemmon","525300","489056","36244"
"2011-01-04","Lemmon","688232","637906","50326"
"2011-01-05","Lemmon","408209","369977","38232"
"2011-01-06","Lemmon","399212","368069","31143"
"2011-01-07","Lemmon","614819","561079","53740"
"2011-01-08","Lemmon","390920","339315","51605"
"2011-01-09","Lemmon","814712","744941","69771"
"2011-01-10","Lemmon","403304","358822","44482"
"2011-01-11","Lemmon","786071","712941","73130"
"2011-01-12","Lemmon","821744","759438","62306"
"2011-01-13","Lemmon","393602","352561","41041"
"2011-01-14","Lemmon","468293","426041","42252"
"2011-01-15","Lemmon","1358079","1238447","119632"
"2011-01-16","Lemmon","942868","855089","87779"
"2011-01-17","Lemmon","809449","727338","82111"
"2011-01-18","Lemmon","256045","231223","24822"
"2011-01-19","Lemmon","628847","576732","52115"
"2011-01-20","Lemmon","505868","455839","50029"
"2011-01-21","Lemmon","851249","775279","75970"
"2011-01-22","Lemmon","836713","771216","65497"
"2011-01-23","Lemmon","573551","530865","42686"
"2011-01-24","Lemmon","814279","753746","60533"
"2011-01-25","Lemmon","927311","856644","70667"
"2011-01-26","Lemmon","497878","452510","45368"
"2011-01-27","Lemmon","926096","845320","80776"
"2011-01-28","Lemmon","667115","599105","68010"
"2011-01-29","Lemmon","468227","432571","35656"
"2011-01-30","Lemmon","510132","461774","48358"
"2011-01-31","Lemmon","424311","386438","37873"
"2011-02-01","Lemmon","990583","911621","78962"
"2011-02-02","Lemmon","618909","567030","51879"
"2011-02-03","Lemmon","741723","681399","60324"
"2011-02-04","Lemmon","1089025","991268","97757"
"2011-02-05","Lemmon","438823","398122","40701"
"2011-02-06","Lemmon","366136","331034","35102"
"2011-02-07","Lemmon","214899","195964","18935"
"2011-02-08","Lemmon","1019601","937639","81962"
"2011-02-09","Lemmon","341118","310802","30316"
"2011-02-10","Lemmon","852348","766369","85979"
"2011-02-11","Lemmon","398061","368237","29824"
"2011-02-12","Lemmon","306824","281322","25502"
"2011-02-13","Lemmon","1924568","1756054","168514"
"2011-02-14","Lemmon","465700","421884","43816"
"2011-02-15","Lemmon","349209","327833","21376"
"2011-02-16","Lemmon","940751","870297","70454"
"2011-02-17","Lemmon","524041","469955","54086"
"2011-02-18","Lemmon","451282","408554","42728"
"2011-02-19","Lemmon","796561","723246","73315"
"2011-02-20","Lemmon","572388","517941","54447"
"2011-02-21","Lemmon","385575","343015","42560"
"2011-02-22","Lemmon","557449","497853","59596"
"2011-02-23","Lemmon","589975","541236","48739"
"2011-02-24","Lemmon","406473","365800","40673"
"2011-02-25","Lemmon","352614","325040","27574"
"2011-02-26","Lemmon","494747","455010","39737"
"2011-02-27","Lemmon","565522","518475","47047"
"2011-02-28","Lemmon","327619","294444","33175"
"2011-03-01","Lemmon","434160","404597","29563"
"2011-03-02","Lemmon","604488","551476","53012"
"2011-03-03","Lemmon","790933","716221","74712"
"2011-03-04","Lemmon","510923","476121","34802"
"2011-03-05","Lemmon","295564","269153","26411"
"2011-03-06","Lemmon","421931","390770","31161"
"2011-03-07","Lemmon","484983","433123","51860"
"2011-03-08","Lemmon","394429","360108","34321"
"2011-03-09","Lemmon","290026","258003","32023"
"2011-03-10","Lemmon","407951","382542","25409"
"2011-03-11","Lemmon","340344","304882","35462"
"2011-03-12","Lemmon","909167","825347","83820"
"2011-03-13","Lemmon","485004","447472","37532"
"2011-03-14","Lemmon","378635","345076","33559"
"2011-03-15","Lemmon","295874","267850","28024"
"2011-03-16","Lemmon","450537","409598","40939"
"2011-03-17","Lemmon","498219","457903","40316"
"2011-03-18","Lemmon","886039","813162","72877"
"2011-03-19","Lemmon","570068","527051","43017"
"2011-03-20","Lemmon","328483","302454","26029"
"2011-03-21","Lemmon","624986","573585","51401"
"2011-03-22","Lemmon","264050","234185","29865"
"2011-03-23","Lemmon","558064","507418","50646"
"2011-03-24","Lemmon","550601","506292","44309"
"2011-03-25","Lemmon","424806","384684","40122"
"2011-03-26","Lemmon","697498","633454","64044"
"2011-03-27","Lemmon","261276","240081","21195"
"2011-03-28","Lemmon","339450","310197","29253"
"2011-03-29","Lemmon","266898","242498","24400"
"2011-03-30","Lemmon","694408","631250","63158"
"2011-03-31","Lemmon","821285","742165","79120"
"2011-04-01","Lemmon","731307","672789","58518"
"2011-04-02","Lemmon","299277","279465","19812"
"2011-04-03","Lemmon","481922","440548","41374"
"2011-04-04","Lemmon","527627","475243","52384"
"2011-04-05","Lemmon","425987","390930","35057"
"2011-04-06","Lemmon","461707","411099","50608"
"2011-04-07","Lemmon","405985","362262","43723"
"2011-04-08","Lemmon","493215","450399","42816"
"2011-04-09","Lemmon","585451","530224","55227"
"2011-04-10","Lemmon","887724","815911","71813"
"2011-04-11","Lemmon","370136","332383","37753"
"2011-04-12","Lemmon","441333","398038","43295"
"2011-04-13","Lemmon","417887","381422","36465"
"2011-04-14","Lemmon","484092","438746","45346"
"2011-04-15","Lemmon","943016","854125","88891"
"2011-04-16","Lemmon","924042","846717","77325"
"2011-04-17","Lemmon","368116","339750","28366"
"2011-04-18","Lemmon","260425","243756","16669"
"2011-04-19","Lemmon","251989","227014","24975"
"2011-04-20","Lemmon","459160","419721","39439"
"2011-04-21","Lemmon","568019","525837","42182"
"2011-04-22","Lemmon","458348","420978","37370"
"2011-04-23","Lemmon","877979","796181","81798"
"2011-04-24","Lemmon","380875","346257","34618"
"2011-04-25","Lemmon","992273","906387","85886"
"2011-04-26","Lemmon","678927","617710","61217"
"2011-04-27","Lemmon","474439","433981","40458"
"2011-04-28","Lemmon","441473","395615","45858"
"2011-04-29","Lemmon","828065","759909","68156"
"2011-04-30","Lemmon","728737","666023","62714"
"2011-05-01","Lemmon","421936","385648","36288"
"2011-05-02","Lemmon","297668","278373","19295"
"2011-05-03","Lemmon","1107789","1007063","100726"
"2011-05-04","Lemmon","903633","819330","84303"
"2011-05-05","Lemmon","417022","376315","40707"
"2011-05-06","Lemmon","714126","651696","62430"
"2011-05-07","Lemmon","687887","623656","64231"
"2011-05-08","Lemmon","820905","745762","75143"
"2011-05-09","Lemmon","385278","354758","30520"
"2011-05-10","Lemmon","783821","706969","76852"
"2011-05-11","Lemmon","399741","369846","29895"
"2011-05-12","Lemmon","335201","301955","33246"
"2011-05-13","Lemmon","422628","381518","41110"
"2011-05-14","Lemmon","388698","346844","41854"
"2011-05-15","Lemmon","351307","321927","29380"
"2011-05-16","Lemmon","1217101","1114898","102203"
"2011-05-17","Lemmon","399017","357055","41962"
"2011-05-18","Lemmon","652287","585142","67145"
"2011-05-19","Lemmon","639815","585878","53937"
"2011-05-20","Lemmon","481597","444186","37411"
"2011-05-21","Lemmon","474868","433525","41343"
"2011-05-22","Lemmon","310126","282179","27947"
"2011-05-23","Lemmon","513154","462307","50847"
"2011-05-24","Lemmon","355153","313228","41925"
"2011-05-25","Lemmon","518297","469542","48755"
"2011-05-26","Lemmon","660618","602691","57927"
"2011-05-27","Lemmon","501778","458454","43324"
"2011-05-28","Lemmon","308636","283246","25390"
"2011-05-29","Lemmon","388048","356771","31277"
"2011-05-30","Lemmon","470483","434948","35535"
"2011-05-31","Lemmon","784297","722013","62284"
"2011-06-01","Lemmon","1049763","955443","94320"
"2011-06-02","Lemmon","524435","471997","52438"
"2011-06-03","Lemmon","1145801","1049103","96698"
"2011-06-04","Lemmon","629480","573886","55594"
"2011-06-05","Lemmon","479411","434309","45102"
"2011-06-06","Lemmon","928977","844748","84229"
"2011-06-07","Lemmon","1346071","1226321","119750"
"2011-06-08","Lemmon","945853","859466","86387"
"2011-06-09","Lemmon","514621","473821","40800"
"2011-06-10","Lemmon","541668","495083","46585"
"2011-06-11","Lemmon","905933","828219","77714"
"2011-06-12","Lemmon","373251","336307","36944"
"2011-06-13","Lemmon","850203","773042","77161"
"2011-06-14","Lemmon","427144","385096","42048"
"2011-06-15","Lemmon","339328","311293","28035"
"2011-06-16","Lemmon","671972","619555","52417"
"2011-06-17","Lemmon","307079","271891","35188"
"2011-06-18","Lemmon","943359","863264","80095"
"2011-06-19","Lemmon","391422","351374","40048"
"2011-06-20","Lemmon","627600","560826","66774"
"2011-06-21","Lemmon","904210","830031","74179"
"2011-06-22","Lemmon","472377","434586","37791"
"2011-06-23","Lemmon","637145","576578","60567"
"2011-06-24","Lemmon","804346","732736","71610"
"2011-06-25","Lemmon","509656","460260","49396"
"2011-06-26","Lemmon","624259","569500","54759"
"2011-06-27","Lemmon","897816","812127","85689"
"2011-06-28","Lemmon","649233","586234","62999"
"2011-06-29","Lemmon","1068109","967507","100602"
"2011-06-30","Lemmon","1373288","1255266","118022"
"2011-07-01","Lemmon","456538","406449","50089"
"2011-07-02","Lemmon","457161","417288","39873"
"2011-07-03","Lemmon","503751","466178","37573"
"2011-07-04","Lemmon","484363","434992","49371"
"2011-07-05","Lemmon","1031638","953561","78077"
"2011-07-06","Lemmon","370371","335873","34498"
"2011-07-07","Lemmon","704467","639604","64863"
"2011-07-08","Lemmon","546224","495007","51217"
"2011-07-09","Lemmon","576441","529117","47324"
"2011-07-10","Lemmon","572131","523192","48939"
"2011-07-11","Lemmon","956136","864708","91428"
"2011-07-12","Lemmon","996874","911578","85296"
"2011-07-13","Lemmon","887999","800038","87961"
"2011-07-14","Lemmon","552993","510923","42070"
"2011-07-15","Lemmon","560687","507731","52956"
"2011-07-16","Lemmon","915954","829234","86720"
"2011-07-17","Lemmon","958335","880147","78188"
"2011-07-18","Lemmon","541258","492554","48704"
"2011-07-19","Lemmon","451523","406337","45186"
"2011-07-20","Lemmon","546434","497531","48903"
"2011-07-21","Lemmon","450579","407689","42890"
"2011-07-22","Lemmon","549753","500027","49726"
"2011-07-23","Lemmon","571615","521318","50297"
"2011-07-24","Lemmon","1045253","959452","85801"
"2011-07-25","Lemmon","917229","829602","87627"
"2011-07-26","Lemmon","297841","265126","32715"
"2011-07-27","Lemmon","1036019","932769","103250"
"2011-07-28","Lemmon","486721","436908","49813"
"2011-07-29","Lemmon","827342","753963","73379"
"2011-07-30","Lemmon","729392","666179","63213"
"2011-07-31","Lemmon","989888","907263","82625"
"2011-08-01","Lemmon","866279","792965","73314"
"2011-08-02","Lemmon","490721","451784","38937"
"2011-08-03","Lemmon","542479","511842","30637"
"2011-08-04","Lemmon","655328","590983","64345"
"2011-08-05","Lemmon","503681","456664","47017"
"2011-08-06","Lemmon","755602","693747","61855"
"2011-08-07","Lemmon","611296","547701","63595"
"2011-08-08","Lemmon","317769","287119","30650"
"2011-08-09","Lemmon","740316","670371","69945"
"2011-08-10","Lemmon","1069012","971353","97659"
"2011-08-11","Lemmon","647791","592681","55110"
"2011-08-12","Lemmon","828093","761615","66478"
"2011-08-13","Lemmon","311465","284211","27254"
"2011-08-14","Lemmon","893600","818705","74895"
"2011-08-15","Lemmon","524872","467861","57011"
"2011-08-16","Lemmon","457130","423407","33723"
"2011-08-17","Lemmon","1087067","991566","95501"
"2011-08-18","Lemmon","409867","365187","44680"
"2011-08-19","Lemmon","591454","535507","55947"
"2011-08-20","Lemmon","1373116","1260919","112197"
"2011-08-21","Lemmon","1381968","1256527","125441"
"2011-08-22","Lemmon","705113","643383","61730"
"2011-08-23","Lemmon","691486","631110","60376"
"2011-08-24","Lemmon","599190","539942","59248"
"2011-08-25","Lemmon","806956","732990","73966"
"2011-08-26","Lemmon","440798","407501","33297"
"2011-08-27","Lemmon","582502","531063","51439"
"2011-08-28","Lemmon","1066408","976948","89460"
"2011-08-29","Lemmon","411062","374433","36629"
"2011-08-30","Lemmon","410236","370673","39563"
"2011-08-31","Lemmon","816363","744529","71834"
"2011-09-01","Lemmon","1027777","944653","83124"
"2011-09-02","Lemmon","879880","803346","76534"
"2011-09-03","Lemmon","1069696","963652","106044"
"2011-09-04","Lemmon","737221","663928","73293"
"2011-09-05","Lemmon","359671","325491","34180"
"2011-09-06","Lemmon","996242","904955","91287"
"2011-09-07","Lemmon","1003895","919264","84631"
"2011-09-08","Lemmon","575942","526633","49309"
"2011-09-09","Lemmon","568890","515836","53054"
"2011-09-10","Lemmon","926439","843208","83231"
"2011-09-11","Lemmon","454828","406899","47929"
"2011-09-12","Lemmon","475006","436239","38767"
"2011-09-13","Lemmon","1839331","1676632","162699"
"2011-09-14","Lemmon","800988","726518","74470"
"2011-09-15","Lemmon","664379","611445","52934"
"2011-09-16","Lemmon","1076194","979201","96993"
"2011-09-17","Lemmon","484767","439937","44830"
"2011-09-18","Lemmon","763957","690893","73064"
"2011-09-19","Lemmon","479311","450959","28352"
"2011-09-20","Lemmon","1136222","1032256","103966"
"2011-09-21","Lemmon","768130","696577","71553"
"2011-09-22","Lemmon","220175","201458","18717"
"2011-09-23","Lemmon","568544","523713","44831"
"2011-09-24","Lemmon","1440971","1314062","126909"
"2011-09-25","Lemmon","1017059","935324","81735"
"2011-09-26","Lemmon","578906","525705","53201"
"2011-09-27","Lemmon","287214","257197","30017"
"2011-09-28","Lemmon","692170","637081","55089"
"2011-09-29","Lemmon","528929","481087","47842"
"2011-09-30","Lemmon","575870","525656","50214"
"2011-10-01","Lemmon","491639","447700","43939"
"2011-10-02","Lemmon","548540","491493","57047"
"2011-10-03","Lemmon","561149","520761","40388"
"2011-10-04","Lemmon","669638","605850","63788"
"2011-10-05","Lemmon","1023884","935842","88042"
"2011-10-06","Lemmon","471929","434402","37527"
"2011-10-07","Lemmon","706918","643528","63390"
"2011-10-08","Lemmon","352233","314763","37470"
"2011-10-09","Lemmon","507910","463209","44701"
"2011-10-10","Lemmon","413044","376494","36550"
"2011-10-11","Lemmon","393710","355443","38267"
"2011-10-12","Lemmon","878434","807907","70527"
"2011-10-13","Lemmon","409977","375697","34280"
"2011-10-14","Lemmon","905632","811951","93681"
"2011-10-15","Lemmon","462014","417440","44574"
"2011-10-16","Lemmon","446255","404121","42134"
"2011-10-17","Lemmon","642569","585359","57210"
"2011-10-18","Lemmon","478160","442005","36155"
"2011-10-19","Lemmon","447379","411261","36118"
"2011-10-20","Lemmon","331030","299590","31440"
"2011-10-21","Lemmon","919449","829764","89685"
"2011-10-22","Lemmon","720956","664257","56699"
"2011-10-23","Lemmon","988736","902544","86192"
"2011-10-24","Lemmon","461730","415858","45872"
"2011-10-25","Lemmon","1035671","948716","86955"
"2011-10-26","Lemmon","689893","647027","42866"
"2011-10-27","Lemmon","748391","682552","65839"
"2011-10-28","Lemmon","1094751","1004226","90525"
"2011-10-29","Lemmon","575777","523476","52301"
"2011-10-30","Lemmon","871284","792200","79084"
"2011-10-31","Lemmon","753151","696073","57078"
"2011-11-01","Lemmon","913476","824660","88816"
"2011-11-02","Lemmon","555985","507435","48550"
"2011-11-03","Lemmon","483019","438531","44488"
"2011-11-04","Lemmon","944721","855927","88794"
"2011-11-05","Lemmon","923415","834205","89210"
"2011-11-06","Lemmon","594795","539772","55023"
"2011-11-07","Lemmon","534265","483867","50398"
"2011-11-08","Lemmon","542572","498754","43818"
"2011-11-09","Lemmon","1072854","982354","90500"
"2011-11-10","Lemmon","843970","766779","77191"
"2011-11-11","Lemmon","891815","805464","86351"
"2011-11-12","Lemmon","773972","702112","71860"
"2011-11-13","Lemmon","363104","328100","35004"
"2011-11-14","Lemmon","504268","457398","46870"
"2011-11-15","Lemmon","693467","634980","58487"
"2011-11-16","Lemmon","971701","891931","79770"
"2011-11-17","Lemmon","640311","574591","65720"
"2011-11-18","Lemmon","800488","727517","72971"
"2011-11-19","Lemmon","246639","220295","26344"
"2011-11-20","Lemmon","941478","860720","80758"
"2011-11-21","Lemmon","548294","489905","58389"
"2011-11-22","Lemmon","621934","559421","62513"
"2011-11-23","Lemmon","498034","443165","54869"
"2011-11-24","Lemmon","400595","351230","49365"
"2011-11-25","Lemmon","876186","796002","80184"
"2011-11-26","Lemmon","923590","842199","81391"
"2011-11-27","Lemmon","628580","573370","55210"
"2011-11-28","Lemmon","455373","423479","31894"
"2011-11-29","Lemmon","723230","675318","47912"
"2011-11-30","Lemmon","569265","519213","50052"
"2011-12-01","Lemmon","490006","439144","50862"
"2011-12-02","Lemmon","427682","392537","35145"
"2011-12-03","Lemmon","560026","510064","49962"
"2011-12-04","Lemmon","1150265","1057880","92385"
"2011-12-05","Lemmon","1470045","1346764","123281"
"2011-12-06","Lemmon","1182183","1072572","109611"
"2011-12-07","Lemmon","383769","355384","28385"
"2011-12-08","Lemmon","826990","759374","67616"
"2011-12-09","Lemmon","527210","479689","47521"
"2011-12-10","Lemmon","748430","682681","65749"
"2011-12-11","Lemmon","602002","546231","55771"
"2011-12-12","Lemmon","510528","473133","37395"
"2011-12-13","Lemmon","593331","537951","55380"
"2011-12-14","Lemmon","414048","382342","31706"
"2011-12-15","Lemmon","1076717","978079","98638"
"2011-12-16","Lemmon","524352","475111","49241"
"2011-12-17","Lemmon","613681","556486","57195"
"2011-12-18","Lemmon","738835","669154","69681"
"2011-12-19","Lemmon","564997","512174","52823"
"2011-12-20","Lemmon","553672","501719","51953"
"2011-12-21","Lemmon","344052","319416","24636"
"2011-12-22","Lemmon","502786","459856","42930"
"2011-12-23","Lemmon","426960","395309","31651"
"2011-12-24","Lemmon","526638","478135","48503"
"2011-12-25","Lemmon","895017","829952","65065"
"2011-12-26","Lemmon","941078","864030","77048"
"2011-12-27","Lemmon","449163","409175","39988"
"2011-12-28","Lemmon","560717","518349","42368"
"2011-12-29","Lemmon","630124","572950","57174"
"2011-12-30","Lemmon","516601","474135","42466"
"2011-12-31","Lemmon","510096","457395","52701"
"2012-01-01","Lemmon","1439535","1325419","114116"
"2012-01-02","Lemmon","1015949","930104","85845"
"2012-01-03","Lemmon","1165077","1056596","108481"
"2012-01-04","Lemmon","790591","727253","63338"
"2012-01-05","Lemmon","734905","674962","59943"
"2012-01-06","Lemmon","1143126","1051550","91576"
"2012-01-07","Lemmon","373142","341730","31412"
"2012-01-08","Lemmon","1920389","1751475","168914"
"2012-01-09","Lemmon","804898","726878","78020"
"2012-01-10","Lemmon","1525635","1382633","143002"
"2012-01-11","Lemmon","785203","719672","65531"
"2012-01-12","Lemmon","658883","598284","60599"
"2012-01-13","Lemmon","932049","833790","98259"
"2012-01-14","Lemmon","774082","705036","69046"
"2012-01-15","Lemmon","1207940","1102525","105415"
"2012-01-16","Lemmon","2049228","1870785","178443"
"2012-01-17","Lemmon","1538470","1410305","128165"
"2012-01-18","Lemmon","1276921","1156308","120613"
"2012-01-19","Lemmon","443685","396800","46885"
"2012-01-20","Lemmon","1723095","1588400","134695"
"2012-01-21","Lemmon","1045030","955695","89335"
"2012-01-22","Lemmon","921284","839496","81788"
"2012-01-23","Lemmon","619977","569130","50847"
"2012-01-24","Lemmon","1269231","1165414","103817"
"2012-01-25","Lemmon","1049865","953100","96765"
"2012-01-26","Lemmon","645204","602424","42780"
"2012-01-27","Lemmon","1292472","1187496","104976"
"2012-01-28","Lemmon","765431","693608","71823"
"2012-01-29","Lemmon","770155","693503","76652"
"2012-01-30","Lemmon","969854","888256","81598"
"2012-01-31","Lemmon","596284","541483","54801"
"2012-02-01","Lemmon","2148250","1964225","184025"
"2012-02-02","Lemmon","639563","587358","52205"
"2012-02-03","Lemmon","1164409","1054362","110047"
"2012-02-04","Lemmon","1131769","1026837","104932"
"2012-02-05","Lemmon","946707","847421","99286"
"2012-02-06","Lemmon","1955279","1798833","156446"
"2012-02-07","Lemmon","823059","746503","76556"
"2012-02-08","Lemmon","525880","475973","49907"
"2012-02-09","Lemmon","727028","659387","67641"
"2012-02-10","Lemmon","1037560","946190","91370"
"2012-02-11","Lemmon","1701779","1546201","155578"
"2012-02-12","Lemmon","766324","697796","68528"
"2012-02-13","Lemmon","774816","698787","76029"
"2012-02-14","Lemmon","870443","800923","69520"
"2012-02-15","Lemmon","866900","792521","74379"
"2012-02-16","Lemmon","840791","751680","89111"
"2012-02-17","Lemmon","1361938","1240910","121028"
"2012-02-18","Lemmon","1065773","971862","93911"
"2012-02-19","Lemmon","725095","665599","59496"
"2012-02-20","Lemmon","762984","694232","68752"
"2012-02-21","Lemmon","910666","827588","83078"
"2012-02-22","Lemmon","675338","606120","69218"
"2012-02-23","Lemmon","1073695","976582","97113"
"2012-02-24","Lemmon","1476510","1339750","136760"
"2012-02-25","Lemmon","1376556","1253496","123060"
"2012-02-26","Lemmon","1659496","1512374","147122"
"2012-02-27","Lemmon","1568778","1427297","141481"
"2012-02-28","Lemmon","698896","644819","54077"
"2012-02-29","Lemmon","535809","476142","59667"
"2012-03-01","Lemmon","1335482","1220319","115163"
"2012-03-02","Lemmon","1549623","1399030","150593"
"2012-03-03","Lemmon","942689","857192","85497"
"2012-03-04","Lemmon","680203","609134","71069"
"2012-03-05","Lemmon","720404","649316","71088"
"2012-03-06","Lemmon","2092584","1911992","180592"
"2012-03-07","Lemmon","1007348","905766","101582"
"2012-03-08","Lemmon","1352179","1230027","122152"
"2012-03-09","Lemmon","741428","668784","72644"
"2012-03-10","Lemmon","1017738","936383","81355"
"2012-03-11","Lemmon","501009","456552","44457"
"2012-03-12","Lemmon","931976","837804","94172"
"2012-03-13","Lemmon","684141","622069","62072"
"2012-03-14","Lemmon","1314470","1197354","117116"
"2012-03-15","Lemmon","1406594","1286247","120347"
"2012-03-16","Lemmon","987139","897784","89355"
"2012-03-17","Lemmon","1300579","1181893","118686"
"2012-03-18","Lemmon","829177","752991","76186"
"2012-03-19","Lemmon","802337","725745","76592"
"2012-03-20","Lemmon","801100","729655","71445"
"2012-03-21","Lemmon","1719522","1567323","152199"
"2012-03-22","Lemmon","953974","871647","82327"
"2012-03-23","Lemmon","583760","522505","61255"
"2012-03-24","Lemmon","1240550","1124183","116367"
"2012-03-25","Lemmon","1697898","1552376","145522"
"2012-03-26","Lemmon","856868","767690","89178"
"2012-03-27","Lemmon","1013962","925771","88191"
"2012-03-28","Lemmon","683962","628890","55072"
"2012-03-29","Lemmon","850700","776117","74583"
"2012-03-30","Lemmon","578393","520047","58346"
"2012-03-31","Lemmon","756292","683762","72530"
"2012-04-01","Lemmon","1450163","1317538","132625"
"2012-04-02","Lemmon","753062","682299","70763"
"2012-04-03","Lemmon","706096","642195","63901"
"2012-04-04","Lemmon","918655","840540","78115"
"2012-04-05","Lemmon","1800557","1646229","154328"
"2012-04-06","Lemmon","942940","866449","76491"
"2012-04-07","Lemmon","1350477","1226985","123492"
"2012-04-08","Lemmon","1457927","1326292","131635"
"2012-04-09","Lemmon","534836","480949","53887"
"2012-04-10","Lemmon","1329671","1206936","122735"
"2012-04-11","Lemmon","1263731","1141863","121868"
"2012-04-12","Lemmon","757031","682762","74269"
"2012-04-13","Lemmon","1645842","1505024","140818"
"2012-04-14","Lemmon","631775","569760","62015"
"2012-04-15","Lemmon","589653","525972","63681"
"2012-04-16","Lemmon","891903","810997","80906"
"2012-04-17","Lemmon","934362","862930","71432"
"2012-04-18","Lemmon","1190999","1075889","115110"
"2012-04-19","Lemmon","814974","723363","91611"
"2012-04-20","Lemmon","1297565","1168579","128986"
"2012-04-21","Lemmon","1465065","1328687","136378"
"2012-04-22","Lemmon","624639","570550","54089"
"2012-04-23","Lemmon","820567","740219","80348"
"2012-04-24","Lemmon","1858928","1694876","164052"
"2012-04-25","Lemmon","878623","789108","89515"
"2012-04-26","Lemmon","1723275","1573834","149441"
"2012-04-27","Lemmon","736422","659472","76950"
"2012-04-28","Lemmon","628862","585050","43812"
"2012-04-29","Lemmon","1098734","1004784","93950"
"2012-04-30","Lemmon","999825","905201","94624"
"2012-05-01","Lemmon","1162152","1067138","95014"
"2012-05-02","Lemmon","1142520","1039257","103263"
"2012-05-03","Lemmon","963554","870803","92751"
"2012-05-04","Lemmon","1062638","951825","110813"
"2012-05-05","Lemmon","1207041","1092438","114603"
"2012-05-06","Lemmon","835543","754227","81316"
"2012-05-07","Lemmon","1475917","1341891","134026"
"2012-05-08","Lemmon","942366","856917","85449"
"2012-05-09","Lemmon","1351989","1238970","113019"
"2012-05-10","Lemmon","1670512","1513166","157346"
"2012-05-11","Lemmon","1392894","1284220","108674"
"2012-05-12","Lemmon","1114180","1010369","103811"
"2012-05-13","Lemmon","820800","747212","73588"
"2012-05-14","Lemmon","601562","557400","44162"
"2012-05-15","Lemmon","818393","738941","79452"
"2012-05-16","Lemmon","859157","770669","88488"
"2012-05-17","Lemmon","1410776","1281446","129330"
"2012-05-18","Lemmon","865117","783774","81343"
"2012-05-19","Lemmon","1204297","1096841","107456"
"2012-05-20","Lemmon","705395","635652","69743"
"2012-05-21","Lemmon","668341","606030","62311"
"2012-05-22","Lemmon","1575394","1432402","142992"
"2012-05-23","Lemmon","1328497","1200340","128157"
"2012-05-24","Lemmon","965900","888736","77164"
"2012-05-25","Lemmon","1228723","1126291","102432"
"2012-05-26","Lemmon","1306561","1173855","132706"
"2012-05-27","Lemmon","806790","721818","84972"
"2012-05-28","Lemmon","1258349","1156547","101802"
"2012-05-29","Lemmon","1021481","946199","75282"
"2012-05-30","Lemmon","1433074","1314547","118527"
"2012-05-31","Lemmon","386936","358454","28482"
"2012-06-01","Lemmon","173390","162635","10755"
"2012-06-02","Lemmon","261841","234406","27435"
"2012-06-03","Lemmon","255218","239151","16067"
"2012-06-04","Lemmon","574481","518408","56073"
"2012-06-05","Lemmon","471310","441877","29433"
"2012-06-06","Lemmon","361365","325438","35927"
"2012-06-07","Lemmon","824105","749599","74506"
"2012-06-08","Lemmon","474533","434489","40044"
"2012-06-09","Lemmon","875651","796393","79258"
"2012-06-10","Lemmon","505172","454811","50361"
"2012-06-11","Lemmon","355131","323285","31846"
"2012-06-12","Lemmon","647084","587532","59552"
"2012-06-13","Lemmon","541915","502943","38972"
"2012-06-14","Lemmon","309243","282435","26808"
"2012-06-15","Lemmon","373585","341445","32140"
"2012-06-16","Lemmon","463064","412426","50638"
"2012-06-17","Lemmon","695823","630005","65818"
"2012-06-18","Lemmon","409843","374570","35273"
"2012-06-19","Lemmon","367139","329431","37708"
"2012-06-20","Lemmon","348044","314257","33787"
"2012-06-21","Lemmon","468269","429867","38402"
"2012-06-22","Lemmon","410517","370352","40165"
"2012-06-23","Lemmon","572614","530735","41879"
"2012-06-24","Lemmon","466411","426201","40210"
"2012-06-25","Lemmon","275202","248486","26716"
"2012-06-26","Lemmon","409774","374823","34951"
"2012-06-27","Lemmon","319555","294420","25135"
"2012-06-28","Lemmon","391012","353157","37855"
"2012-06-29","Lemmon","315735","282365","33370"
"2012-06-30","Lemmon","332284","301525","30759"
"2012-07-01","Lemmon","318370","290672","27698"
"2012-07-02","Lemmon","368245","329939","38306"
"2012-07-03","Lemmon","404137","369268","34869"
"2012-07-04","Lemmon","681274","619557","61717"
"2012-07-05","Lemmon","471254","428244","43010"
"2012-07-06","Lemmon","375101","332522","42579"
"2012-07-07","Lemmon","254360","234185","20175"
"2012-07-08","Lemmon","840629","761264","79365"
"2012-07-09","Lemmon","297105","269746","27359"
"2012-07-10","Lemmon","459948","410829","49119"
"2012-07-11","Lemmon","1048058","967430","80628"
"2012-07-12","Lemmon","951646","863730","87916"
"2012-07-13","Lemmon","188377","170363","18014"
"2012-07-14","Lemmon","528382","486180","42202"
"2012-07-15","Lemmon","502081","454590","47491"
"2012-07-16","Lemmon","434141","396282","37859"
"2012-07-17","Lemmon","412611","364640","47971"
"2012-07-18","Lemmon","345464","312291","33173"
"2012-07-19","Lemmon","297795","272923","24872"
"2012-07-20","Lemmon","742108","680929","61179"
"2012-07-21","Lemmon","469424","415550","53874"
"2012-07-22","Lemmon","476555","440709","35846"
"2012-07-23","Lemmon","340539","311786","28753"
"2012-07-24","Lemmon","297769","268597","29172"
"2012-07-25","Lemmon","326401","304480","21921"
"2012-07-26","Lemmon","393441","354816","38625"
"2012-07-27","Lemmon","477025","427626","49399"
"2012-07-28","Lemmon","843463","770946","72517"
"2012-07-29","Lemmon","372215","346425","25790"
"2012-07-30","Lemmon","811841","749085","62756"
"2012-07-31","Lemmon","275796","250077","25719"
"2012-08-01","Lemmon","360785","328492","32293"
"2012-08-02","Lemmon","436707","402563","34144"
"2012-08-03","Lemmon","418073","377563","40510"
"2012-08-04","Lemmon","359855","320060","39795"
"2012-08-05","Lemmon","211010","195152","15858"
"2012-08-06","Lemmon","392135","356027","36108"
"2012-08-07","Lemmon","579461","529761","49700"
"2012-08-08","Lemmon","1067237","973348","93889"
"2012-08-09","Lemmon","716130","648232","67898"
"2012-08-10","Lemmon","393755","349881","43874"
"2012-08-11","Lemmon","423579","388756","34823"
"2012-08-12","Lemmon","705901","646702","59199"
"2012-08-13","Lemmon","197800","177754","20046"
"2012-08-14","Lemmon","864971","782801","82170"
"2012-08-15","Lemmon","392499","361686","30813"
"2012-08-16","Lemmon","311524","290112","21412"
"2012-08-17","Lemmon","792269","725684","66585"
"2012-08-18","Lemmon","790551","710565","79986"
"2012-08-19","Lemmon","255760","231354","24406"
"2012-08-20","Lemmon","475418","428651","46767"
"2012-08-21","Lemmon","750708","682715","67993"
"2012-08-22","Lemmon","377143","344460","32683"
"2012-08-23","Lemmon","381576","344583","36993"
"2012-08-24","Lemmon","333178","302128","31050"
"2012-08-25","Lemmon","365477","336129","29348"
"2012-08-26","Lemmon","285513","262699","22814"
"2012-08-27","Lemmon","386996","354533","32463"
"2012-08-28","Lemmon","889150","806722","82428"
"2012-08-29","Lemmon","845325","772571","72754"
"2012-08-30","Lemmon","302847","274612","28235"
"2012-08-31","Lemmon","685281","626093","59188"
"2012-09-01","Lemmon","319712","293758","25954"
"2012-09-02","Lemmon","401947","361597","40350"
"2012-09-03","Lemmon","865177","796273","68904"
"2012-09-04","Lemmon","581855","523558","58297"
"2012-09-05","Lemmon","759676","696060","63616"
"2012-09-06","Lemmon","517300","469719","47581"
"2012-09-07","Lemmon","511758","470570","41188"
"2012-09-08","Lemmon","795770","720940","74830"
"2012-09-09","Lemmon","705895","652543","53352"
"2012-09-10","Lemmon","215665","194360","21305"
"2012-09-11","Lemmon","830192","757467","72725"
"2012-09-12","Lemmon","410943","371330","39613"
"2012-09-13","Lemmon","838185","770411","67774"
"2012-09-14","Lemmon","475709","434330","41379"
"2012-09-15","Lemmon","475531","436630","38901"
"2012-09-16","Lemmon","761839","687615","74224"
"2012-09-17","Lemmon","366527","329164","37363"
"2012-09-18","Lemmon","356685","332799","23886"
"2012-09-19","Lemmon","351874","321637","30237"
"2012-09-20","Lemmon","377404","341727","35677"
"2012-09-21","Lemmon","366103","328688","37415"
"2012-09-22","Lemmon","797706","729640","68066"
"2012-09-23","Lemmon","592318","543482","48836"
"2012-09-24","Lemmon","388453","348678","39775"
"2012-09-25","Lemmon","431762","397507","34255"
"2012-09-26","Lemmon","367127","334604","32523"
"2012-09-27","Lemmon","890172","824210","65962"
"2012-09-28","Lemmon","803433","736466","66967"
"2012-09-29","Lemmon","486433","444041","42392"
"2012-09-30","Lemmon","356489","327323","29166"
"2012-10-01","Lemmon","461450","420667","40783"
"2012-10-02","Lemmon","574964","524566","50398"
"2012-10-03","Lemmon","382393","341981","40412"
"2012-10-04","Lemmon","306968","278967","28001"
"2012-10-05","Lemmon","830347","761622","68725"
"2012-10-06","Lemmon","731387","668841","62546"
"2012-10-07","Lemmon","1062907","966401","96506"
"2012-10-08","Lemmon","397910","369245","28665"
"2012-10-09","Lemmon","355962","328327","27635"
"2012-10-10","Lemmon","443122","400153","42969"
"2012-10-11","Lemmon","216241","199175","17066"
"2012-10-12","Lemmon","395140","361762","33378"
"2012-10-13","Lemmon","908317","827888","80429"
"2012-10-14","Lemmon","594532","557051","37481"
"2012-10-15","Lemmon","452659","416510","36149"
"2012-10-16","Lemmon","378608","345808","32800"
"2012-10-17","Lemmon","349722","313218","36504"
"2012-10-18","Lemmon","798824","720170","78654"
"2012-10-19","Lemmon","499180","445135","54045"
"2012-10-20","Lemmon","553972","502485","51487"
"2012-10-21","Lemmon","814168","752625","61543"
"2012-10-22","Lemmon","546824","494246","52578"
"2012-10-23","Lemmon","332235","303084","29151"
"2012-10-24","Lemmon","840306","768671","71635"
"2012-10-25","Lemmon","534887","485932","48955"
"2012-10-26","Lemmon","731087","665450","65637"
"2012-10-27","Lemmon","905776","825798","79978"
"2012-10-28","Lemmon","799142","725700","73442"
"2012-10-29","Lemmon","913620","828035","85585"
"2012-10-30","Lemmon","433055","391021","42034"
"2012-10-31","Lemmon","229169","203061","26108"
"2012-11-01","Lemmon","475800","432822","42978"
"2012-11-02","Lemmon","551262","493784","57478"
"2012-11-03","Lemmon","1122229","1017645","104584"
"2012-11-04","Lemmon","471731","423917","47814"
"2012-11-05","Lemmon","388944","362076","26868"
"2012-11-06","Lemmon","996701","906075","90626"
"2012-11-07","Lemmon","849393","777180","72213"
"2012-11-08","Lemmon","431280","388881","42399"
"2012-11-09","Lemmon","561743","520777","40966"
"2012-11-10","Lemmon","960928","870320","90608"
"2012-11-11","Lemmon","249590","229992","19598"
"2012-11-12","Lemmon","240789","228465","12324"
"2012-11-13","Lemmon","489273","443645","45628"
"2012-11-14","Lemmon","709004","644013","64991"
"2012-11-15","Lemmon","681863","627343","54520"
"2012-11-16","Lemmon","1465324","1328322","137002"
"2012-11-17","Lemmon","415840","374729","41111"
"2012-11-18","Lemmon","792114","720381","71733"
"2012-11-19","Lemmon","659080","603425","55655"
"2012-11-20","Lemmon","578979","519257","59722"
"2012-11-21","Lemmon","497342","452517","44825"
"2012-11-22","Lemmon","482634","441226","41408"
"2012-11-23","Lemmon","449862","406081","43781"
"2012-11-24","Lemmon","407285","362991","44294"
"2012-11-25","Lemmon","556380","491752","64628"
"2012-11-26","Lemmon","357040","331456","25584"
"2012-11-27","Lemmon","449705","407190","42515"
"2012-11-28","Lemmon","436115","396248","39867"
"2012-11-29","Lemmon","360408","325577","34831"
"2012-11-30","Lemmon","791697","721940","69757"
"2012-12-01","Lemmon","462415","429354","33061"
"2012-12-02","Lemmon","354547","323464","31083"
"2012-12-03","Lemmon","1163905","1060115","103790"
"2012-12-04","Lemmon","840431","758795","81636"
"2012-12-05","Lemmon","300528","271582","28946"
"2012-12-06","Lemmon","499834","457458","42376"
"2012-12-07","Lemmon","520304","476099","44205"
"2012-12-08","Lemmon","435924","390925","44999"
"2012-12-09","Lemmon","353505","321876","31629"
"2012-12-10","Lemmon","504783","466389","38394"
"2012-12-11","Lemmon","544367","487322","57045"
"2012-12-12","Lemmon","559881","507111","52770"
"2012-12-13","Lemmon","875441","792424","83017"
"2012-12-14","Lemmon","729393","666888","62505"
"2012-12-15","Lemmon","451107","407146","43961"
"2012-12-16","Lemmon","447265","406635","40630"
"2012-12-17","Lemmon","432622","400117","32505"
"2012-12-18","Lemmon","238522","222996","15526"
"2012-12-19","Lemmon","1086963","986494","100469"
"2012-12-20","Lemmon","525070","475696","49374"
"2012-12-21","Lemmon","849891","777663","72228"
"2012-12-22","Lemmon","497209","455717","41492"
"2012-12-23","Lemmon","473914","431386","42528"
"2012-12-24","Lemmon","541477","485042","56435"
"2012-12-25","Lemmon","520044","477904","42140"
"2012-12-26","Lemmon","504101","456083","48018"
"2012-12-27","Lemmon","469802","430880","38922"
"2012-12-28","Lemmon","474472","432394","42078"
"2012-12-29","Lemmon","904128","826287","77841"
"2012-12-30","Lemmon","917829","830948","86881"
"2012-12-31","Lemmon","346413","312607","33806"
"2013-01-01","Lemmon","288883","263327","25556"
"2013-01-02","Lemmon","1731550","1584229","147321"
"2013-01-03","Lemmon","942168","854689","87479"
"2013-01-04","Lemmon","1113284","1019299","93985"
"2013-01-05","Lemmon","1119150","1019521","99629"
"2013-01-06","Lemmon","1186688","1070258","116430"
"2013-01-07","Lemmon","2122589","1941234","181355"
"2013-01-08","Lemmon","2756159","2489594","266565"
"2013-01-09","Lemmon","1359875","1249640","110235"
"2013-01-10","Lemmon","1831147","1674179","156968"
"2013-01-11","Lemmon","1681574","1518627","162947"
"2013-01-12","Lemmon","2301661","2091097","210564"
"2013-01-13","Lemmon","1393700","1283983","109717"
"2013-01-14","Lemmon","1424723","1295417","129306"
"2013-01-15","Lemmon","1931057","1783941","147116"
"2013-01-16","Lemmon","999130","905688","93442"
"2013-01-17","Lemmon","2645914","2408080","237834"
"2013-01-18","Lemmon","2223747","2022266","201481"
"2013-01-19","Lemmon","2157554","1959512","198042"
"2013-01-20","Lemmon","1215331","1104016","111315"
"2013-01-21","Lemmon","940482","855472","85010"
"2013-01-22","Lemmon","1176686","1069468","107218"
"2013-01-23","Lemmon","1468071","1350390","117681"
"2013-01-24","Lemmon","2326708","2112501","214207"
"2013-01-25","Lemmon","1697126","1548246","148880"
"2013-01-26","Lemmon","1138448","1020404","118044"
"2013-01-27","Lemmon","1745859","1592595","153264"
"2013-01-28","Lemmon","2266789","2062889","203900"
"2013-01-29","Lemmon","1263635","1159499","104136"
"2013-01-30","Lemmon","1466909","1347634","119275"
"2013-01-31","Lemmon","2078152","1888630","189522"
"2013-02-01","Lemmon","2314213","2096678","217535"
"2013-02-02","Lemmon","2135735","1943955","191780"
"2013-02-03","Lemmon","1408221","1292339","115882"
"2013-02-04","Lemmon","1668008","1533142","134866"
"2013-02-05","Lemmon","1527282","1392353","134929"
"2013-02-06","Lemmon","1365830","1251763","114067"
"2013-02-07","Lemmon","1412310","1284000","128310"
"2013-02-08","Lemmon","1462500","1326503","135997"
"2013-02-09","Lemmon","1669786","1532693","137093"
"2013-02-10","Lemmon","1378701","1250700","128001"
"2013-02-11","Lemmon","1608028","1466822","141206"
"2013-02-12","Lemmon","1700437","1537518","162919"
"2013-02-13","Lemmon","1975237","1799640","175597"
"2013-02-14","Lemmon","2564224","2327249","236975"
"2013-02-15","Lemmon","1266965","1147275","119690"
"2013-02-16","Lemmon","1722235","1566932","155303"
"2013-02-17","Lemmon","1375533","1247796","127737"
"2013-02-18","Lemmon","2449922","2231006","218916"
"2013-02-19","Lemmon","1103637","1012571","91066"
"2013-02-20","Lemmon","2290314","2083403","206911"
"2013-02-21","Lemmon","3231046","2930818","300228"
"2013-02-22","Lemmon","2857804","2615139","242665"
"2013-02-23","Lemmon","2273213","2087909","185304"
"2013-02-24","Lemmon","1633174","1497492","135682"
"2013-02-25","Lemmon","2006853","1832311","174542"
"2013-02-26","Lemmon","1338096","1232206","105890"
"2013-02-27","Lemmon","1672260","1524213","148047"
"2013-02-28","Lemmon","1628056","1468760","159296"
"2013-03-01","Lemmon","969061","874263","94798"
"2013-03-02","Lemmon","698535","639197","59338"
"2013-03-03","Lemmon","2561608","2332839","228769"
"2013-03-04","Lemmon","1673458","1522749","150709"
"2013-03-05","Lemmon","1268085","1150945","117140"
"2013-03-06","Lemmon","2075886","1899328","176558"
"2013-03-07","Lemmon","1267448","1152587","114861"
"2013-03-08","Lemmon","1575444","1427182","148262"
"2013-03-09","Lemmon","2195936","2005206","190730"
"2013-03-10","Lemmon","1605417","1475634","129783"
"2013-03-11","Lemmon","1737751","1572472","165279"
"2013-03-12","Lemmon","1887379","1715331","172048"
"2013-03-13","Lemmon","2216314","2012299","204015"
"2013-03-14","Lemmon","1439446","1327501","111945"
"2013-03-15","Lemmon","2035451","1857958","177493"
"2013-03-16","Lemmon","1259735","1139876","119859"
"2013-03-17","Lemmon","1348092","1224996","123096"
"2013-03-18","Lemmon","2676865","2448156","228709"
"2013-03-19","Lemmon","1447619","1326323","121296"
"2013-03-20","Lemmon","2533462","2286134","247328"
"2013-03-21","Lemmon","1703028","1562515","140513"
"2013-03-22","Lemmon","1771005","1594947","176058"
"2013-03-23","Lemmon","1877071","1717317","159754"
"2013-03-24","Lemmon","2304517","2091967","212550"
"2013-03-25","Lemmon","2090289","1904552","185737"
"2013-03-26","Lemmon","1492898","1363318","129580"
"2013-03-27","Lemmon","2716778","2459528","257250"
"2013-03-28","Lemmon","1322866","1208271","114595"
"2013-03-29","Lemmon","1986351","1800932","185419"
"2013-03-30","Lemmon","1259930","1144333","115597"
"2013-03-31","Lemmon","1841157","1671690","169467"
"2013-04-01","Lemmon","1422292","1287512","134780"
"2013-04-02","Lemmon","2259369","2064659","194710"
"2013-04-03","Lemmon","1508662","1369223","139439"
"2013-04-04","Lemmon","2496865","2274474","222391"
"2013-04-05","Lemmon","2615585","2376240","239345"
"2013-04-06","Lemmon","2158568","1957945","200623"
"2013-04-07","Lemmon","2509896","2274665","235231"
"2013-04-08","Lemmon","1960216","1777471","182745"
"2013-04-09","Lemmon","2060866","1874927","185939"
"2013-04-10","Lemmon","1280711","1160290","120421"
"2013-04-11","Lemmon","1837283","1672303","164980"
"2013-04-12","Lemmon","2215490","2016781","198709"
"2013-04-13","Lemmon","1637966","1505931","132035"
"2013-04-14","Lemmon","1353608","1227413","126195"
"2013-04-15","Lemmon","1981705","1803844","177861"
"2013-04-16","Lemmon","2128279","1953982","174297"
"2013-04-17","Lemmon","1305083","1189511","115572"
"2013-04-18","Lemmon","3003828","2755197","248631"
"2013-04-19","Lemmon","1677705","1525855","151850"
"2013-04-20","Lemmon","2839469","2579259","260210"
"2013-04-21","Lemmon","2463764","2244916","218848"
"2013-04-22","Lemmon","1497316","1339729","157587"
"2013-04-23","Lemmon","1969874","1790459","179415"
"2013-04-24","Lemmon","1311199","1176420","134779"
"2013-04-25","Lemmon","1361083","1241825","119258"
"2013-04-26","Lemmon","1410060","1291457","118603"
"2013-04-27","Lemmon","2349094","2124979","224115"
"2013-04-28","Lemmon","1528660","1394396","134264"
"2013-04-29","Lemmon","2656226","2441147","215079"
"2013-04-30","Lemmon","1614853","1469946","144907"
"2013-05-01","Lemmon","459557","417050","42507"
"2013-05-02","Lemmon","1321046","1207559","113487"
"2013-05-03","Lemmon","1713640","1553907","159733"
"2013-05-04","Lemmon","1900852","1732794","168058"
"2013-05-05","Lemmon","1350326","1244109","106217"
"2013-05-06","Lemmon","1999656","1830392","169264"
"2013-05-07","Lemmon","1696552","1560549","136003"
"2013-05-08","Lemmon","1726617","1573520","153097"
"2013-05-09","Lemmon","1779401","1638307","141094"
"2013-05-10","Lemmon","1476809","1354866","121943"
"2013-05-11","Lemmon","1382106","1251126","130980"
"2013-05-12","Lemmon","1655977","1512610","143367"
"2013-05-13","Lemmon","1274720","1145680","129040"
"2013-05-14","Lemmon","1975256","1790847","184409"
"2013-05-15","Lemmon","1827961","1664788","163173"
"2013-05-16","Lemmon","1865950","1706997","158953"
"2013-05-17","Lemmon","1961610","1777731","183879"
"2013-05-18","Lemmon","1885785","1718365","167420"
"2013-05-19","Lemmon","876720","802049","74671"
"2013-05-20","Lemmon","1634489","1498143","136346"
"2013-05-21","Lemmon","1490722","1353744","136978"
"2013-05-22","Lemmon","1854326","1684956","169370"
"2013-05-23","Lemmon","1426863","1299414","127449"
"2013-05-24","Lemmon","2274402","2071880","202522"
"2013-05-25","Lemmon","1405293","1279779","125514"
"2013-05-26","Lemmon","1614794","1467429","147365"
"2013-05-27","Lemmon","1164703","1049111","115592"
"2013-05-28","Lemmon","1329947","1226179","103768"
"2013-05-29","Lemmon","2122701","1933839","188862"
"2013-05-30","Lemmon","1520186","1397440","122746"
"2013-05-31","Lemmon","1186733","1079419","107314"
"2008-06-01","McDowell","2898","2784","114"
"2008-06-02","McDowell","5058","3281","1777"
"2008-06-03","McDowell","54124","44086","10038"
"2008-06-04","McDowell","33944","26147","7797"
"2008-06-05","McDowell","34815","25900","8915"
"2008-06-06","McDowell","38812","29705","9107"
"2008-06-07","McDowell","39273","31133","8140"
"2008-06-08","McDowell","34293","26209","8084"
"2008-06-09","McDowell","81524","59861","21663"
"2008-06-10","McDowell","41620","32106","9514"
"2008-06-11","McDowell","41341","33048","8293"
"2008-06-12","McDowell","98160","74687","23473"
"2008-06-13","McDowell","39553","30432","9121"
"2008-06-14","McDowell","6454","4233","2221"
"2008-06-15","McDowell","41932","30755","11177"
"2008-06-16","McDowell","34511","25786","8725"
"2008-06-17","McDowell","33945","25944","8001"
"2008-06-18","McDowell","6766","4612","2154"
"2008-06-19","McDowell","37453","28218","9235"
"2008-06-20","McDowell","10085","6228","3857"
"2008-06-21","McDowell","32985","25889","7096"
"2008-06-22","McDowell","14231","12686","1545"
"2008-06-23","McDowell","22460","14613","7847"
"2008-06-24","McDowell","43638","31363","12275"
"2008-06-25","McDowell","98458","75549","22909"
"2008-06-26","McDowell","72429","54224","18205"
"2008-06-27","McDowell","10233","8177","2056"
"2008-06-28","McDowell","47641","38657","8984"
"2008-06-29","McDowell","3297","2914","383"
"2008-06-30","McDowell","15281","10512","4769"
"2008-07-01","McDowell","17750","12316","5434"
"2008-07-02","McDowell","5608","3532","2076"
"2008-07-03","McDowell","4965","2829","2136"
"2008-07-04","McDowell","90020","70059","19961"
"2008-07-05","McDowell","21792","14481","7311"
"2008-07-06","McDowell","10843","7891","2952"
"2008-07-07","McDowell","24456","16211","8245"
"2008-07-08","McDowell","3297","2424","873"
"2008-07-09","McDowell","68672","51952","16720"
"2008-07-10","McDowell","20039","14552","5487"
"2008-07-11","McDowell","22807","15616","7191"
"2008-07-12","McDowell","40458","27183","13275"
"2008-07-13","McDowell","37864","27587","10277"
"2008-07-14","McDowell","20239","14703","5536"
"2008-07-15","McDowell","7925","5668","2257"
"2008-07-16","McDowell","93928","70807","23121"
"2008-07-17","McDowell","37543","28996","8547"
"2008-07-18","McDowell","64583","50403","14180"
"2008-07-19","McDowell","12783","9264","3519"
"2008-07-20","McDowell","9564","5905","3659"
"2008-07-21","McDowell","26780","15838","10942"
"2008-07-22","McDowell","51991","40966","11025"
"2008-07-23","McDowell","17919","14380","3539"
"2008-07-24","McDowell","21821","15792","6029"
"2008-07-25","McDowell","118155","91742","26413"
"2008-07-26","McDowell","7633","6258","1375"
"2008-07-27","McDowell","35211","28049","7162"
"2008-07-28","McDowell","35764","27945","7819"
"2008-07-29","McDowell","25903","22399","3504"
"2008-07-30","McDowell","46911","38791","8120"
"2008-07-31","McDowell","9024","7435","1589"
"2008-08-01","McDowell","12084","9569","2515"
"2008-08-02","McDowell","31670","22500","9170"
"2008-08-03","McDowell","98584","82935","15649"
"2008-08-04","McDowell","12443","9328","3115"
"2008-08-05","McDowell","32311","23831","8480"
"2008-08-06","McDowell","37302","28383","8919"
"2008-08-07","McDowell","135657","104221","31436"
"2008-08-08","McDowell","13062","8049","5013"
"2008-08-09","McDowell","32264","24509","7755"
"2008-08-10","McDowell","29613","25008","4605"
"2008-08-11","McDowell","89601","68815","20786"
"2008-08-12","McDowell","37304","28659","8645"
"2008-08-13","McDowell","5177","2998","2179"
"2008-08-14","McDowell","8414","5509","2905"
"2008-08-15","McDowell","43048","32138","10910"
"2008-08-16","McDowell","45687","35586","10101"
"2008-08-17","McDowell","80968","60947","20021"
"2008-08-18","McDowell","8297","5562","2735"
"2008-08-19","McDowell","38905","28397","10508"
"2008-08-20","McDowell","12085","9359","2726"
"2008-08-21","McDowell","36302","27581","8721"
"2008-08-22","McDowell","48440","39167","9273"
"2008-08-23","McDowell","38865","27275","11590"
"2008-08-24","McDowell","13434","9665","3769"
"2008-08-25","McDowell","18179","13705","4474"
"2008-08-26","McDowell","17430","12302","5128"
"2008-08-27","McDowell","22867","15358","7509"
"2008-08-28","McDowell","17481","12969","4512"
"2008-08-29","McDowell","10681","7836","2845"
"2008-08-30","McDowell","89519","69239","20280"
"2008-08-31","McDowell","10843","8587","2256"
"2008-09-01","McDowell","28964","20948","8016"
"2008-09-02","McDowell","71326","52710","18616"
"2008-09-03","McDowell","38726","32353","6373"
"2008-09-04","McDowell","4078","2951","1127"
"2008-09-05","McDowell","10405","6676","3729"
"2008-09-06","McDowell","36692","27360","9332"
"2008-09-07","McDowell","39622","30291","9331"
"2008-09-08","McDowell","5795","4233","1562"
"2008-09-09","McDowell","12983","9815","3168"
"2008-09-10","McDowell","50061","39206","10855"
"2008-09-11","McDowell","30293","21840","8453"
"2008-09-12","McDowell","37122","27500","9622"
"2008-09-13","McDowell","10514","6825","3689"
"2008-09-14","McDowell","8356","4745","3611"
"2008-09-15","McDowell","16374","12299","4075"
"2008-09-16","McDowell","29384","24377","5007"
"2008-09-17","McDowell","16422","10089","6333"
"2008-09-18","McDowell","55202","45074","10128"
"2008-09-19","McDowell","37308","32361","4947"
"2008-09-20","McDowell","66903","55111","11792"
"2008-09-21","McDowell","88389","68754","19635"
"2008-09-22","McDowell","14701","9647","5054"
"2008-09-23","McDowell","59086","45478","13608"
"2008-09-24","McDowell","38450","27900","10550"
"2008-09-25","McDowell","14922","10188","4734"
"2008-09-26","McDowell","31374","23926","7448"
"2008-09-27","McDowell","7215","5184","2031"
"2008-09-28","McDowell","40960","27751","13209"
"2008-09-29","McDowell","10411","8607","1804"
"2008-09-30","McDowell","18448","13174","5274"
"2008-10-01","McDowell","12261","7119","5142"
"2008-10-02","McDowell","52016","39612","12404"
"2008-10-03","McDowell","33146","24651","8495"
"2008-10-04","McDowell","35364","24579","10785"
"2008-10-05","McDowell","17371","12914","4457"
"2008-10-06","McDowell","15613","8500","7113"
"2008-10-07","McDowell","56927","40304","16623"
"2008-10-08","McDowell","63199","46241","16958"
"2008-10-09","McDowell","30342","26156","4186"
"2008-10-10","McDowell","38865","28384","10481"
"2008-10-11","McDowell","55594","44686","10908"
"2008-10-12","McDowell","24692","21833","2859"
"2008-10-13","McDowell","38073","28891","9182"
"2008-10-14","McDowell","6296","4241","2055"
"2008-10-15","McDowell","53694","43444","10250"
"2008-10-16","McDowell","14583","10725","3858"
"2008-10-17","McDowell","37739","27387","10352"
"2008-10-18","McDowell","92488","75097","17391"
"2008-10-19","McDowell","7275","4707","2568"
"2008-10-20","McDowell","28513","22337","6176"
"2008-10-21","McDowell","13522","9325","4197"
"2008-10-22","McDowell","55924","43321","12603"
"2008-10-23","McDowell","38871","28835","10036"
"2008-10-24","McDowell","24357","17980","6377"
"2008-10-25","McDowell","16041","9874","6167"
"2008-10-26","McDowell","52226","38384","13842"
"2008-10-27","McDowell","19351","13098","6253"
"2008-10-28","McDowell","29002","23619","5383"
"2008-10-29","McDowell","45383","36642","8741"
"2008-10-30","McDowell","11370","7913","3457"
"2008-10-31","McDowell","13430","9909","3521"
"2008-11-01","McDowell","48848","39786","9062"
"2008-11-02","McDowell","18381","12896","5485"
"2008-11-03","McDowell","3557","2784","773"
"2008-11-04","McDowell","70519","51312","19207"
"2008-11-05","McDowell","70911","53247","17664"
"2008-11-06","McDowell","59670","44395","15275"
"2008-11-07","McDowell","24787","16206","8581"
"2008-11-08","McDowell","32655","23723","8932"
"2008-11-09","McDowell","38671","29562","9109"
"2008-11-10","McDowell","61161","46751","14410"
"2008-11-11","McDowell","9982","7787","2195"
"2008-11-12","McDowell","39492","29174","10318"
"2008-11-13","McDowell","38372","28144","10228"
"2008-11-14","McDowell","26174","22709","3465"
"2008-11-15","McDowell","13142","9737","3405"
"2008-11-16","McDowell","46290","34495","11795"
"2008-11-17","McDowell","11815","6492","5323"
"2008-11-18","McDowell","9735","5808","3927"
"2008-11-19","McDowell","63659","55754","7905"
"2008-11-20","McDowell","14093","10254","3839"
"2008-11-21","McDowell","19120","14180","4940"
"2008-11-22","McDowell","19292","11682","7610"
"2008-11-23","McDowell","32434","24971","7463"
"2008-11-24","McDowell","11283","8310","2973"
"2008-11-25","McDowell","14080","9376","4704"
"2008-11-26","McDowell","44832","36998","7834"
"2008-11-27","McDowell","5766","4664","1102"
"2008-11-28","McDowell","24005","21919","2086"
"2008-11-29","McDowell","35972","27019","8953"
"2008-11-30","McDowell","11513","6916","4597"
"2008-12-01","McDowell","7526","4935","2591"
"2008-12-02","McDowell","15732","11247","4485"
"2008-12-03","McDowell","6955","4541","2414"
"2008-12-04","McDowell","15822","11222","4600"
"2008-12-05","McDowell","31681","23821","7860"
"2008-12-06","McDowell","65151","49725","15426"
"2008-12-07","McDowell","62768","52035","10733"
"2008-12-08","McDowell","39262","29165","10097"
"2008-12-09","McDowell","38373","27988","10385"
"2008-12-10","McDowell","13533","8973","4560"
"2008-12-11","McDowell","18151","11110","7041"
"2008-12-12","McDowell","30834","23515","7319"
"2008-12-13","McDowell","12196","8250","3946"
"2008-12-14","McDowell","8045","5914","2131"
"2008-12-15","McDowell","7376","5334","2042"
"2008-12-16","McDowell","62685","47957","14728"
"2008-12-17","McDowell","10573","8231","2342"
"2008-12-18","McDowell","38753","29281","9472"
"2008-12-19","McDowell","52595","39298","13297"
"2008-12-20","McDowell","22219","16360","5859"
"2008-12-21","McDowell","44990","37998","6992"
"2008-12-22","McDowell","38401","28171","10230"
"2008-12-23","McDowell","7047","5066","1981"
"2008-12-24","McDowell","13021","7337","5684"
"2008-12-25","McDowell","31083","21274","9809"
"2008-12-26","McDowell","19812","13046","6766"
"2008-12-27","McDowell","10815","7985","2830"
"2008-12-28","McDowell","35093","27033","8060"
"2008-12-29","McDowell","44885","34233","10652"
"2008-12-30","McDowell","12383","8178","4205"
"2008-12-31","McDowell","14801","9798","5003"
"2009-01-01","McDowell","27868","17605","10263"
"2009-01-02","McDowell","66066","49315","16751"
"2009-01-03","McDowell","47209","35822","11387"
"2009-01-04","McDowell","82514","61688","20826"
"2009-01-05","McDowell","157401","118890","38511"
"2009-01-06","McDowell","58238","47256","10982"
"2009-01-07","McDowell","21825","15513","6312"
"2009-01-08","McDowell","89300","69996","19304"
"2009-01-09","McDowell","58213","43804","14409"
"2009-01-10","McDowell","64868","46829","18039"
"2009-01-11","McDowell","45919","33601","12318"
"2009-01-12","McDowell","23024","15181","7843"
"2009-01-13","McDowell","85366","67169","18197"
"2009-01-14","McDowell","23379","16684","6695"
"2009-01-15","McDowell","53133","39938","13195"
"2009-01-16","McDowell","28544","19427","9117"
"2009-01-17","McDowell","103147","79114","24033"
"2009-01-18","McDowell","58297","46391","11906"
"2009-01-19","McDowell","84786","62901","21885"
"2009-01-20","McDowell","112659","88589","24070"
"2009-01-21","McDowell","30291","21427","8864"
"2009-01-22","McDowell","16656","12086","4570"
"2009-01-23","McDowell","62635","46157","16478"
"2009-01-24","McDowell","127171","97304","29867"
"2009-01-25","McDowell","114222","85985","28237"
"2009-01-26","McDowell","89539","74555","14984"
"2009-01-27","McDowell","55376","38520","16856"
"2009-01-28","McDowell","49246","37838","11408"
"2009-01-29","McDowell","75457","57975","17482"
"2009-01-30","McDowell","51420","36589","14831"
"2009-01-31","McDowell","46029","38650","7379"
"2009-02-01","McDowell","83112","63743","19369"
"2009-02-02","McDowell","120287","93607","26680"
"2009-02-03","McDowell","46395","37125","9270"
"2009-02-04","McDowell","25376","16226","9150"
"2009-02-05","McDowell","73450","52898","20552"
"2009-02-06","McDowell","54112","41309","12803"
"2009-02-07","McDowell","52037","38564","13473"
"2009-02-08","McDowell","92190","71104","21086"
"2009-02-09","McDowell","35540","24990","10550"
"2009-02-10","McDowell","44091","31765","12326"
"2009-02-11","McDowell","41000","31343","9657"
"2009-02-12","McDowell","100386","72698","27688"
"2009-02-13","McDowell","115486","86372","29114"
"2009-02-14","McDowell","62583","48141","14442"
"2009-02-15","McDowell","16776","12282","4494"
"2009-02-16","McDowell","45327","34075","11252"
"2009-02-17","McDowell","14610","10955","3655"
"2009-02-18","McDowell","53577","39513","14064"
"2009-02-19","McDowell","89824","66420","23404"
"2009-02-20","McDowell","19078","12728","6350"
"2009-02-21","McDowell","117137","87627","29510"
"2009-02-22","McDowell","65054","44967","20087"
"2009-02-23","McDowell","58846","47383","11463"
"2009-02-24","McDowell","18348","13725","4623"
"2009-02-25","McDowell","17677","12577","5100"
"2009-02-26","McDowell","40760","27917","12843"
"2009-02-27","McDowell","45985","33895","12090"
"2009-02-28","McDowell","46246","33428","12818"
"2009-03-01","McDowell","119870","94113","25757"
"2009-03-02","McDowell","20274","14743","5531"
"2009-03-03","McDowell","36089","26293","9796"
"2009-03-04","McDowell","56753","43474","13279"
"2009-03-05","McDowell","23087","15548","7539"
"2009-03-06","McDowell","60286","48813","11473"
"2009-03-07","McDowell","112913","87471","25442"
"2009-03-08","McDowell","49136","35719","13417"
"2009-03-09","McDowell","59771","43021","16750"
"2009-03-10","McDowell","139030","100970","38060"
"2009-03-11","McDowell","35588","25988","9600"
"2009-03-12","McDowell","68322","52838","15484"
"2009-03-13","McDowell","89286","71095","18191"
"2009-03-14","McDowell","85440","62095","23345"
"2009-03-15","McDowell","82201","62422","19779"
"2009-03-16","McDowell","82128","68801","13327"
"2009-03-17","McDowell","118382","91365","27017"
"2009-03-18","McDowell","45717","34231","11486"
"2009-03-19","McDowell","74296","55922","18374"
"2009-03-20","McDowell","114669","87325","27344"
"2009-03-21","McDowell","64641","45875","18766"
"2009-03-22","McDowell","65554","52324","13230"
"2009-03-23","McDowell","36223","28190","8033"
"2009-03-24","McDowell","84353","62116","22237"
"2009-03-25","McDowell","53677","39004","14673"
"2009-03-26","McDowell","27034","17957","9077"
"2009-03-27","McDowell","51645","37133","14512"
"2009-03-28","McDowell","44508","32864","11644"
"2009-03-29","McDowell","6895","4745","2150"
"2009-03-30","McDowell","10512","7655","2857"
"2009-03-31","McDowell","55989","42328","13661"
"2009-04-01","McDowell","69273","58502","10771"
"2009-04-02","McDowell","124062","94747","29315"
"2009-04-03","McDowell","23226","16419","6807"
"2009-04-04","McDowell","132912","101880","31032"
"2009-04-05","McDowell","74378","55106","19272"
"2009-04-06","McDowell","82822","61299","21523"
"2009-04-07","McDowell","13950","10540","3410"
"2009-04-08","McDowell","87893","63700","24193"
"2009-04-09","McDowell","53755","41428","12327"
"2009-04-10","McDowell","65156","49595","15561"
"2009-04-11","McDowell","99201","71841","27360"
"2009-04-12","McDowell","47730","38258","9472"
"2009-04-13","McDowell","85364","67455","17909"
"2009-04-14","McDowell","83035","62970","20065"
"2009-04-15","McDowell","44040","31441","12599"
"2009-04-16","McDowell","50087","38630","11457"
"2009-04-17","McDowell","127488","99504","27984"
"2009-04-18","McDowell","44400","31140","13260"
"2009-04-19","McDowell","86004","63506","22498"
"2009-04-20","McDowell","45916","35249","10667"
"2009-04-21","McDowell","43393","33125","10268"
"2009-04-22","McDowell","17378","13029","4349"
"2009-04-23","McDowell","127227","96912","30315"
"2009-04-24","McDowell","29773","21563","8210"
"2009-04-25","McDowell","51157","38671","12486"
"2009-04-26","McDowell","42844","34995","7849"
"2009-04-27","McDowell","58748","44805","13943"
"2009-04-28","McDowell","44885","34562","10323"
"2009-04-29","McDowell","58184","42594","15590"
"2009-04-30","McDowell","103160","75354","27806"
"2009-05-01","McDowell","46043","35149","10894"
"2009-05-02","McDowell","51808","37347","14461"
"2009-05-03","McDowell","28263","21165","7098"
"2009-05-04","McDowell","51399","36921","14478"
"2009-05-05","McDowell","17278","12742","4536"
"2009-05-06","McDowell","178545","134722","43823"
"2009-05-07","McDowell","48208","35520","12688"
"2009-05-08","McDowell","46777","32346","14431"
"2009-05-09","McDowell","44535","34310","10225"
"2009-05-10","McDowell","51746","37998","13748"
"2009-05-11","McDowell","53277","37598","15679"
"2009-05-12","McDowell","19099","12263","6836"
"2009-05-13","McDowell","131903","96988","34915"
"2009-05-14","McDowell","79045","59775","19270"
"2009-05-15","McDowell","32296","23501","8795"
"2009-05-16","McDowell","109550","83583","25967"
"2009-05-17","McDowell","80825","60754","20071"
"2009-05-18","McDowell","70130","51721","18409"
"2009-05-19","McDowell","68745","52159","16586"
"2009-05-20","McDowell","134105","104351","29754"
"2009-05-21","McDowell","49765","38645","11120"
"2009-05-22","McDowell","37243","27827","9416"
"2009-05-23","McDowell","81435","61942","19493"
"2009-05-24","McDowell","81455","64816","16639"
"2009-05-25","McDowell","97614","79201","18413"
"2009-05-26","McDowell","84507","66011","18496"
"2009-05-27","McDowell","20577","15485","5092"
"2009-05-28","McDowell","106093","76146","29947"
"2009-05-29","McDowell","57101","42380","14721"
"2009-05-30","McDowell","18139","14497","3642"
"2009-05-31","McDowell","61550","44936","16614"
"2009-06-01","McDowell","53142","39218","13924"
"2009-06-02","McDowell","77505","61917","15588"
"2009-06-03","McDowell","137747","100710","37037"
"2009-06-04","McDowell","24637","16861","7776"
"2009-06-05","McDowell","73249","58312","14937"
"2009-06-06","McDowell","52428","40355","12073"
"2009-06-07","McDowell","52729","38211","14518"
"2009-06-08","McDowell","76060","60470","15590"
"2009-06-09","McDowell","59351","42279","17072"
"2009-06-10","McDowell","53435","38146","15289"
"2009-06-11","McDowell","84202","63659","20543"
"2009-06-12","McDowell","129478","100471","29007"
"2009-06-13","McDowell","55293","39649","15644"
"2009-06-14","McDowell","47748","35533","12215"
"2009-06-15","McDowell","108645","84072","24573"
"2009-06-16","McDowell","45988","32175","13813"
"2009-06-17","McDowell","123499","89997","33502"
"2009-06-18","McDowell","57189","43520","13669"
"2009-06-19","McDowell","130856","103329","27527"
"2009-06-20","McDowell","52964","40556","12408"
"2009-06-21","McDowell","27981","21493","6488"
"2009-06-22","McDowell","46374","37583","8791"
"2009-06-23","McDowell","155457","122586","32871"
"2009-06-24","McDowell","163649","128576","35073"
"2009-06-25","McDowell","132637","98437","34200"
"2009-06-26","McDowell","53851","38256","15595"
"2009-06-27","McDowell","81391","62391","19000"
"2009-06-28","McDowell","54454","41641","12813"
"2009-06-29","McDowell","50179","36518","13661"
"2009-06-30","McDowell","133245","102741","30504"
"2009-07-01","McDowell","37828","26234","11594"
"2009-07-02","McDowell","103155","78989","24166"
"2009-07-03","McDowell","88701","68119","20582"
"2009-07-04","McDowell","71725","55590","16135"
"2009-07-05","McDowell","47206","35781","11425"
"2009-07-06","McDowell","35198","25384","9814"
"2009-07-07","McDowell","33435","27165","6270"
"2009-07-08","McDowell","82146","67483","14663"
"2009-07-09","McDowell","108461","84649","23812"
"2009-07-10","McDowell","82103","62560","19543"
"2009-07-11","McDowell","107689","78628","29061"
"2009-07-12","McDowell","71464","51250","20214"
"2009-07-13","McDowell","144461","115143","29318"
"2009-07-14","McDowell","47867","37391","10476"
"2009-07-15","McDowell","107976","83503","24473"
"2009-07-16","McDowell","15119","11468","3651"
"2009-07-17","McDowell","72785","57080","15705"
"2009-07-18","McDowell","71403","53321","18082"
"2009-07-19","McDowell","51901","38437","13464"
"2009-07-20","McDowell","82229","61628","20601"
"2009-07-21","McDowell","144104","108581","35523"
"2009-07-22","McDowell","67783","50442","17341"
"2009-07-23","McDowell","18705","14861","3844"
"2009-07-24","McDowell","70619","50484","20135"
"2009-07-25","McDowell","47494","34696","12798"
"2009-07-26","McDowell","79025","59533","19492"
"2009-07-27","McDowell","42965","31022","11943"
"2009-07-28","McDowell","24704","16502","8202"
"2009-07-29","McDowell","76855","59575","17280"
"2009-07-30","McDowell","109159","83984","25175"
"2009-07-31","McDowell","113779","81371","32408"
"2009-08-01","McDowell","66779","48907","17872"
"2009-08-02","McDowell","159623","120411","39212"
"2009-08-03","McDowell","89489","65174","24315"
"2009-08-04","McDowell","65171","47492","17679"
"2009-08-05","McDowell","24684","17154","7530"
"2009-08-06","McDowell","124006","90946","33060"
"2009-08-07","McDowell","52355","39930","12425"
"2009-08-08","McDowell","40326","27149","13177"
"2009-08-09","McDowell","54742","41154","13588"
"2009-08-10","McDowell","67296","50922","16374"
"2009-08-11","McDowell","42844","29334","13510"
"2009-08-12","McDowell","76807","58911","17896"
"2009-08-13","McDowell","86283","64370","21913"
"2009-08-14","McDowell","61631","45405","16226"
"2009-08-15","McDowell","73292","56809","16483"
"2009-08-16","McDowell","126534","95394","31140"
"2009-08-17","McDowell","116011","91531","24480"
"2009-08-18","McDowell","114206","87611","26595"
"2009-08-19","McDowell","97205","73740","23465"
"2009-08-20","McDowell","62181","49367","12814"
"2009-08-21","McDowell","123756","100448","23308"
"2009-08-22","McDowell","119466","93806","25660"
"2009-08-23","McDowell","95739","71019","24720"
"2009-08-24","McDowell","35779","23076","12703"
"2009-08-25","McDowell","137747","104987","32760"
"2009-08-26","McDowell","92618","66823","25795"
"2009-08-27","McDowell","76527","58897","17630"
"2009-08-28","McDowell","35813","23844","11969"
"2009-08-29","McDowell","76364","55275","21089"
"2009-08-30","McDowell","84273","63333","20940"
"2009-08-31","McDowell","130415","94885","35530"
"2009-09-01","McDowell","75654","53425","22229"
"2009-09-02","McDowell","111688","83083","28605"
"2009-09-03","McDowell","121796","91504","30292"
"2009-09-04","McDowell","106102","81176","24926"
"2009-09-05","McDowell","74726","62288","12438"
"2009-09-06","McDowell","41670","30033","11637"
"2009-09-07","McDowell","68861","47332","21529"
"2009-09-08","McDowell","44316","36126","8190"
"2009-09-09","McDowell","182467","139126","43341"
"2009-09-10","McDowell","108105","81499","26606"
"2009-09-11","McDowell","32632","21886","10746"
"2009-09-12","McDowell","82530","62374","20156"
"2009-09-13","McDowell","58229","44082","14147"
"2009-09-14","McDowell","84268","64840","19428"
"2009-09-15","McDowell","79396","61867","17529"
"2009-09-16","McDowell","56233","41917","14316"
"2009-09-17","McDowell","64068","48229","15839"
"2009-09-18","McDowell","59684","46392","13292"
"2009-09-19","McDowell","45103","36229","8874"
"2009-09-20","McDowell","71942","53246","18696"
"2009-09-21","McDowell","146991","113135","33856"
"2009-09-22","McDowell","29430","19731","9699"
"2009-09-23","McDowell","55048","40530","14518"
"2009-09-24","McDowell","117477","89650","27827"
"2009-09-25","McDowell","105537","82932","22605"
"2009-09-26","McDowell","67153","50114","17039"
"2009-09-27","McDowell","98140","70619","27521"
"2009-09-28","McDowell","94010","68495","25515"
"2009-09-29","McDowell","43981","29692","14289"
"2009-09-30","McDowell","108066","78044","30022"
"2009-10-01","McDowell","56291","41209","15082"
"2009-10-02","McDowell","20013","16078","3935"
"2009-10-03","McDowell","77631","60448","17183"
"2009-10-04","McDowell","24375","17416","6959"
"2009-10-05","McDowell","102848","79232","23616"
"2009-10-06","McDowell","158768","123710","35058"
"2009-10-07","McDowell","127778","95750","32028"
"2009-10-08","McDowell","73324","53329","19995"
"2009-10-09","McDowell","123902","96578","27324"
"2009-10-10","McDowell","95005","74001","21004"
"2009-10-11","McDowell","144276","110736","33540"
"2009-10-12","McDowell","124444","96258","28186"
"2009-10-13","McDowell","59535","48790","10745"
"2009-10-14","McDowell","91409","66544","24865"
"2009-10-15","McDowell","64701","51510","13191"
"2009-10-16","McDowell","91436","71889","19547"
"2009-10-17","McDowell","73592","56325","17267"
"2009-10-18","McDowell","125149","92329","32820"
"2009-10-19","McDowell","24163","17923","6240"
"2009-10-20","McDowell","140550","104103","36447"
"2009-10-21","McDowell","91505","69513","21992"
"2009-10-22","McDowell","131264","100123","31141"
"2009-10-23","McDowell","20057","15190","4867"
"2009-10-24","McDowell","93460","70701","22759"
"2009-10-25","McDowell","75885","56140","19745"
"2009-10-26","McDowell","95315","77852","17463"
"2009-10-27","McDowell","65411","47826","17585"
"2009-10-28","McDowell","167818","126682","41136"
"2009-10-29","McDowell","75829","55949","19880"
"2009-10-30","McDowell","91863","69564","22299"
"2009-10-31","McDowell","96950","70936","26014"
"2009-11-01","McDowell","21990","15940","6050"
"2009-11-02","McDowell","112996","85066","27930"
"2009-11-03","McDowell","71870","52898","18972"
"2009-11-04","McDowell","146119","111124","34995"
"2009-11-05","McDowell","53486","40819","12667"
"2009-11-06","McDowell","42448","27990","14458"
"2009-11-07","McDowell","78001","57908","20093"
"2009-11-08","McDowell","38334","26856","11478"
"2009-11-09","McDowell","54182","41980","12202"
"2009-11-10","McDowell","83043","64049","18994"
"2009-11-11","McDowell","71458","55428","16030"
"2009-11-12","McDowell","158735","124197","34538"
"2009-11-13","McDowell","69218","52648","16570"
"2009-11-14","McDowell","59515","44004","15511"
"2009-11-15","McDowell","22437","13654","8783"
"2009-11-16","McDowell","25534","19513","6021"
"2009-11-17","McDowell","161098","123783","37315"
"2009-11-18","McDowell","28211","21057","7154"
"2009-11-19","McDowell","139615","111797","27818"
"2009-11-20","McDowell","148372","110235","38137"
"2009-11-21","McDowell","60395","45829","14566"
"2009-11-22","McDowell","74184","57729","16455"
"2009-11-23","McDowell","73848","56543","17305"
"2009-11-24","McDowell","78683","58768","19915"
"2009-11-25","McDowell","92385","68450","23935"
"2009-11-26","McDowell","110476","81406","29070"
"2009-11-27","McDowell","53903","38402","15501"
"2009-11-28","McDowell","76404","58201","18203"
"2009-11-29","McDowell","73406","51080","22326"
"2009-11-30","McDowell","27147","18521","8626"
"2009-12-01","McDowell","22144","14944","7200"
"2009-12-02","McDowell","106293","81695","24598"
"2009-12-03","McDowell","104981","83064","21917"
"2009-12-04","McDowell","112119","85334","26785"
"2009-12-05","McDowell","32966","23220","9746"
"2009-12-06","McDowell","52371","39925","12446"
"2009-12-07","McDowell","32242","23211","9031"
"2009-12-08","McDowell","116828","87055","29773"
"2009-12-09","McDowell","26084","20385","5699"
"2009-12-10","McDowell","44542","31319","13223"
"2009-12-11","McDowell","60499","42949","17550"
"2009-12-12","McDowell","67887","51105","16782"
"2009-12-13","McDowell","62162","46522","15640"
"2009-12-14","McDowell","72047","53771","18276"
"2009-12-15","McDowell","52822","40751","12071"
"2009-12-16","McDowell","26640","21401","5239"
"2009-12-17","McDowell","48754","41186","7568"
"2009-12-18","McDowell","20799","13529","7270"
"2009-12-19","McDowell","39045","33435","5610"
"2009-12-20","McDowell","69126","53130","15996"
"2009-12-21","McDowell","126346","96105","30241"
"2009-12-22","McDowell","131873","96724","35149"
"2009-12-23","McDowell","66032","46324","19708"
"2009-12-24","McDowell","77226","61256","15970"
"2009-12-25","McDowell","83406","63823","19583"
"2009-12-26","McDowell","36646","24684","11962"
"2009-12-27","McDowell","118893","93085","25808"
"2009-12-28","McDowell","90517","66646","23871"
"2009-12-29","McDowell","51216","32315","18901"
"2009-12-30","McDowell","71548","50264","21284"
"2009-12-31","McDowell","75253","59716","15537"
"2010-01-01","McDowell","235959","184152","51807"
"2010-01-02","McDowell","157559","116761","40798"
"2010-01-03","McDowell","141782","111478","30304"
"2010-01-04","McDowell","126331","89174","37157"
"2010-01-05","McDowell","58992","48695","10297"
"2010-01-06","McDowell","147141","110855","36286"
"2010-01-07","McDowell","169108","123798","45310"
"2010-01-08","McDowell","174109","134146","39963"
"2010-01-09","McDowell","176958","136464","40494"
"2010-01-10","McDowell","170163","131057","39106"
"2010-01-11","McDowell","172639","132735","39904"
"2010-01-12","McDowell","163384","123360","40024"
"2010-01-13","McDowell","124919","91146","33773"
"2010-01-14","McDowell","110236","81116","29120"
"2010-01-15","McDowell","104158","76339","27819"
"2010-01-16","McDowell","95008","79293","15715"
"2010-01-17","McDowell","172580","136680","35900"
"2010-01-18","McDowell","201602","149129","52473"
"2010-01-19","McDowell","63994","47159","16835"
"2010-01-20","McDowell","82146","61131","21015"
"2010-01-21","McDowell","229865","176100","53765"
"2010-01-22","McDowell","170485","127347","43138"
"2010-01-23","McDowell","46228","38632","7596"
"2010-01-24","McDowell","81500","61095","20405"
"2010-01-25","McDowell","138232","108618","29614"
"2010-01-26","McDowell","61846","45881","15965"
"2010-01-27","McDowell","93770","75253","18517"
"2010-01-28","McDowell","79227","60204","19023"
"2010-01-29","McDowell","138220","104256","33964"
"2010-01-30","McDowell","127166","93846","33320"
"2010-01-31","McDowell","53120","36925","16195"
"2010-02-01","McDowell","128680","99331","29349"
"2010-02-02","McDowell","41626","27573","14053"
"2010-02-03","McDowell","181553","134106","47447"
"2010-02-04","McDowell","124594","99521","25073"
"2010-02-05","McDowell","100899","76716","24183"
"2010-02-06","McDowell","121171","90378","30793"
"2010-02-07","McDowell","120021","93074","26947"
"2010-02-08","McDowell","75863","59230","16633"
"2010-02-09","McDowell","137851","103203","34648"
"2010-02-10","McDowell","117135","88834","28301"
"2010-02-11","McDowell","123894","98134","25760"
"2010-02-12","McDowell","104614","82988","21626"
"2010-02-13","McDowell","99231","73550","25681"
"2010-02-14","McDowell","134258","98807","35451"
"2010-02-15","McDowell","105076","78874","26202"
"2010-02-16","McDowell","80932","59463","21469"
"2010-02-17","McDowell","140677","111479","29198"
"2010-02-18","McDowell","162753","124106","38647"
"2010-02-19","McDowell","37301","23720","13581"
"2010-02-20","McDowell","71347","51368","19979"
"2010-02-21","McDowell","126263","97177","29086"
"2010-02-22","McDowell","188644","139316","49328"
"2010-02-23","McDowell","124014","90850","33164"
"2010-02-24","McDowell","133083","102653","30430"
"2010-02-25","McDowell","83810","61883","21927"
"2010-02-26","McDowell","186073","140459","45614"
"2010-02-27","McDowell","266307","210277","56030"
"2010-02-28","McDowell","199608","152849","46759"
"2010-03-01","McDowell","166537","124813","41724"
"2010-03-02","McDowell","162601","118276","44325"
"2010-03-03","McDowell","141362","111323","30039"
"2010-03-04","McDowell","139820","106804","33016"
"2010-03-05","McDowell","117525","94716","22809"
"2010-03-06","McDowell","114976","83931","31045"
"2010-03-07","McDowell","70770","51235","19535"
"2010-03-08","McDowell","135407","103130","32277"
"2010-03-09","McDowell","61015","43451","17564"
"2010-03-10","McDowell","132282","99565","32717"
"2010-03-11","McDowell","41507","28481","13026"
"2010-03-12","McDowell","159530","119182","40348"
"2010-03-13","McDowell","79649","57386","22263"
"2010-03-14","McDowell","163695","133205","30490"
"2010-03-15","McDowell","109078","78717","30361"
"2010-03-16","McDowell","175754","135275","40479"
"2010-03-17","McDowell","175806","135057","40749"
"2010-03-18","McDowell","131232","98221","33011"
"2010-03-19","McDowell","171617","134634","36983"
"2010-03-20","McDowell","170366","129765","40601"
"2010-03-21","McDowell","121711","95569","26142"
"2010-03-22","McDowell","191404","144901","46503"
"2010-03-23","McDowell","80863","61694","19169"
"2010-03-24","McDowell","71575","53515","18060"
"2010-03-25","McDowell","117655","89119","28536"
"2010-03-26","McDowell","133360","97091","36269"
"2010-03-27","McDowell","69209","52551","16658"
"2010-03-28","McDowell","79443","56793","22650"
"2010-03-29","McDowell","120170","87465","32705"
"2010-03-30","McDowell","145276","108669","36607"
"2010-03-31","McDowell","172314","130114","42200"
"2010-04-01","McDowell","131683","95485","36198"
"2010-04-02","McDowell","159926","119723","40203"
"2010-04-03","McDowell","191961","142471","49490"
"2010-04-04","McDowell","129669","98736","30933"
"2010-04-05","McDowell","63086","44980","18106"
"2010-04-06","McDowell","108637","78953","29684"
"2010-04-07","McDowell","110558","81317","29241"
"2010-04-08","McDowell","122225","85854","36371"
"2010-04-09","McDowell","106177","76902","29275"
"2010-04-10","McDowell","103511","82176","21335"
"2010-04-11","McDowell","115803","87960","27843"
"2010-04-12","McDowell","84032","62686","21346"
"2010-04-13","McDowell","59785","45192","14593"
"2010-04-14","McDowell","144507","109601","34906"
"2010-04-15","McDowell","77797","58730","19067"
"2010-04-16","McDowell","156079","122790","33289"
"2010-04-17","McDowell","70686","51545","19141"
"2010-04-18","McDowell","135600","101253","34347"
"2010-04-19","McDowell","128060","92189","35871"
"2010-04-20","McDowell","52352","37956","14396"
"2010-04-21","McDowell","157878","116702","41176"
"2010-04-22","McDowell","173021","130297","42724"
"2010-04-23","McDowell","81575","59237","22338"
"2010-04-24","McDowell","102524","79912","22612"
"2010-04-25","McDowell","154973","116780","38193"
"2010-04-26","McDowell","144887","113880","31007"
"2010-04-27","McDowell","112340","78792","33548"
"2010-04-28","McDowell","95568","72003","23565"
"2010-04-29","McDowell","121698","90673","31025"
"2010-04-30","McDowell","66357","47846","18511"
"2010-05-01","McDowell","102689","78087","24602"
"2010-05-02","McDowell","82184","64084","18100"
"2010-05-03","McDowell","134375","97022","37353"
"2010-05-04","McDowell","102935","83574","19361"
"2010-05-05","McDowell","60416","44236","16180"
"2010-05-06","McDowell","292316","220457","71859"
"2010-05-07","McDowell","82705","63101","19604"
"2010-05-08","McDowell","96952","73013","23939"
"2010-05-09","McDowell","46162","32654","13508"
"2010-05-10","McDowell","151023","108386","42637"
"2010-05-11","McDowell","191872","143953","47919"
"2010-05-12","McDowell","209727","164538","45189"
"2010-05-13","McDowell","187649","146928","40721"
"2010-05-14","McDowell","161534","120528","41006"
"2010-05-15","McDowell","108501","86943","21558"
"2010-05-16","McDowell","141774","109431","32343"
"2010-05-17","McDowell","57089","44152","12937"
"2010-05-18","McDowell","62293","46019","16274"
"2010-05-19","McDowell","123112","100939","22173"
"2010-05-20","McDowell","73533","55460","18073"
"2010-05-21","McDowell","181663","137563","44100"
"2010-05-22","McDowell","60958","44268","16690"
"2010-05-23","McDowell","108767","84079","24688"
"2010-05-24","McDowell","54190","40920","13270"
"2010-05-25","McDowell","60815","45470","15345"
"2010-05-26","McDowell","221936","162977","58959"
"2010-05-27","McDowell","70749","52496","18253"
"2010-05-28","McDowell","107521","79183","28338"
"2010-05-29","McDowell","86121","62459","23662"
"2010-05-30","McDowell","59476","45017","14459"
"2010-05-31","McDowell","124605","93036","31569"
"2010-06-01","McDowell","119711","87812","31899"
"2010-06-02","McDowell","183739","141433","42306"
"2010-06-03","McDowell","252540","191709","60831"
"2010-06-04","McDowell","160159","121479","38680"
"2010-06-05","McDowell","180090","129491","50599"
"2010-06-06","McDowell","179894","134224","45670"
"2010-06-07","McDowell","139265","111291","27974"
"2010-06-08","McDowell","301175","225050","76125"
"2010-06-09","McDowell","190569","145888","44681"
"2010-06-10","McDowell","206827","161617","45210"
"2010-06-11","McDowell","150786","110460","40326"
"2010-06-12","McDowell","109272","78397","30875"
"2010-06-13","McDowell","79608","57942","21666"
"2010-06-14","McDowell","194803","151278","43525"
"2010-06-15","McDowell","291530","227821","63709"
"2010-06-16","McDowell","222128","171266","50862"
"2010-06-17","McDowell","154986","113268","41718"
"2010-06-18","McDowell","199777","152984","46793"
"2010-06-19","McDowell","211886","159718","52168"
"2010-06-20","McDowell","170292","133280","37012"
"2010-06-21","McDowell","106982","78673","28309"
"2010-06-22","McDowell","191858","146544","45314"
"2010-06-23","McDowell","181614","135766","45848"
"2010-06-24","McDowell","171626","134382","37244"
"2010-06-25","McDowell","189466","130958","58508"
"2010-06-26","McDowell","244972","177409","67563"
"2010-06-27","McDowell","103108","73272","29836"
"2010-06-28","McDowell","220820","173821","46999"
"2010-06-29","McDowell","348932","267373","81559"
"2010-06-30","McDowell","302499","222469","80030"
"2010-07-01","McDowell","119691","95868","23823"
"2010-07-02","McDowell","224195","170459","53736"
"2010-07-03","McDowell","223007","170556","52451"
"2010-07-04","McDowell","176086","130509","45577"
"2010-07-05","McDowell","214536","162764","51772"
"2010-07-06","McDowell","169606","124884","44722"
"2010-07-07","McDowell","242456","186339","56117"
"2010-07-08","McDowell","234344","180934","53410"
"2010-07-09","McDowell","143460","112260","31200"
"2010-07-10","McDowell","135698","116131","19567"
"2010-07-11","McDowell","276791","206131","70660"
"2010-07-12","McDowell","238866","176427","62439"
"2010-07-13","McDowell","181943","138693","43250"
"2010-07-14","McDowell","193546","143864","49682"
"2010-07-15","McDowell","173370","135460","37910"
"2010-07-16","McDowell","204767","154467","50300"
"2010-07-17","McDowell","193049","148324","44725"
"2010-07-18","McDowell","162413","120373","42040"
"2010-07-19","McDowell","116703","90737","25966"
"2010-07-20","McDowell","118019","83770","34249"
"2010-07-21","McDowell","316981","238567","78414"
"2010-07-22","McDowell","174640","140617","34023"
"2010-07-23","McDowell","257977","190664","67313"
"2010-07-24","McDowell","250659","186207","64452"
"2010-07-25","McDowell","276453","206487","69966"
"2010-07-26","McDowell","154367","118380","35987"
"2010-07-27","McDowell","131325","97989","33336"
"2010-07-28","McDowell","202185","153785","48400"
"2010-07-29","McDowell","143240","106167","37073"
"2010-07-30","McDowell","178538","132262","46276"
"2010-07-31","McDowell","87955","67608","20347"
"2010-08-01","McDowell","195417","155544","39873"
"2010-08-02","McDowell","287019","220096","66923"
"2010-08-03","McDowell","216473","159094","57379"
"2010-08-04","McDowell","212731","170216","42515"
"2010-08-05","McDowell","224049","171934","52115"
"2010-08-06","McDowell","268980","200024","68956"
"2010-08-07","McDowell","226935","170488","56447"
"2010-08-08","McDowell","270324","200536","69788"
"2010-08-09","McDowell","231865","176440","55425"
"2010-08-10","McDowell","217323","161023","56300"
"2010-08-11","McDowell","245108","188767","56341"
"2010-08-12","McDowell","272720","211213","61507"
"2010-08-13","McDowell","120776","90352","30424"
"2010-08-14","McDowell","209091","158791","50300"
"2010-08-15","McDowell","122867","92606","30261"
"2010-08-16","McDowell","205238","148019","57219"
"2010-08-17","McDowell","185463","138153","47310"
"2010-08-18","McDowell","180272","128519","51753"
"2010-08-19","McDowell","240768","182590","58178"
"2010-08-20","McDowell","179063","140029","39034"
"2010-08-21","McDowell","323275","248124","75151"
"2010-08-22","McDowell","202697","149513","53184"
"2010-08-23","McDowell","65417","46207","19210"
"2010-08-24","McDowell","274394","206843","67551"
"2010-08-25","McDowell","265384","200479","64905"
"2010-08-26","McDowell","344726","269633","75093"
"2010-08-27","McDowell","186918","148569","38349"
"2010-08-28","McDowell","219193","171155","48038"
"2010-08-29","McDowell","289740","219075","70665"
"2010-08-30","McDowell","179949","136678","43271"
"2010-08-31","McDowell","330525","257595","72930"
"2010-09-01","McDowell","182315","140058","42257"
"2010-09-02","McDowell","295412","224521","70891"
"2010-09-03","McDowell","256108","197074","59034"
"2010-09-04","McDowell","189483","144113","45370"
"2010-09-05","McDowell","238219","179970","58249"
"2010-09-06","McDowell","215061","164609","50452"
"2010-09-07","McDowell","237232","181948","55284"
"2010-09-08","McDowell","104619","75967","28652"
"2010-09-09","McDowell","294565","217023","77542"
"2010-09-10","McDowell","187306","140293","47013"
"2010-09-11","McDowell","228172","180640","47532"
"2010-09-12","McDowell","292055","229793","62262"
"2010-09-13","McDowell","116242","81209","35033"
"2010-09-14","McDowell","245008","186155","58853"
"2010-09-15","McDowell","266454","201389","65065"
"2010-09-16","McDowell","262749","206724","56025"
"2010-09-17","McDowell","184163","143514","40649"
"2010-09-18","McDowell","265588","201424","64164"
"2010-09-19","McDowell","228289","170164","58125"
"2010-09-20","McDowell","219493","174207","45286"
"2010-09-21","McDowell","225326","167556","57770"
"2010-09-22","McDowell","216178","158374","57804"
"2010-09-23","McDowell","210026","156920","53106"
"2010-09-24","McDowell","352466","278315","74151"
"2010-09-25","McDowell","195183","143313","51870"
"2010-09-26","McDowell","245120","190195","54925"
"2010-09-27","McDowell","154438","115705","38733"
"2010-09-28","McDowell","171403","126073","45330"
"2010-09-29","McDowell","95731","70653","25078"
"2010-09-30","McDowell","272738","207414","65324"
"2010-10-01","McDowell","112043","86723","25320"
"2010-10-02","McDowell","183658","140507","43151"
"2010-10-03","McDowell","183535","137815","45720"
"2010-10-04","McDowell","217664","160472","57192"
"2010-10-05","McDowell","191627","144818","46809"
"2010-10-06","McDowell","177593","139073","38520"
"2010-10-07","McDowell","309887","235653","74234"
"2010-10-08","McDowell","163270","118598","44672"
"2010-10-09","McDowell","221727","165429","56298"
"2010-10-10","McDowell","250496","192451","58045"
"2010-10-11","McDowell","171014","124148","46866"
"2010-10-12","McDowell","161733","122873","38860"
"2010-10-13","McDowell","248383","187015","61368"
"2010-10-14","McDowell","200441","151570","48871"
"2010-10-15","McDowell","186276","135118","51158"
"2010-10-16","McDowell","170763","127545","43218"
"2010-10-17","McDowell","163784","125043","38741"
"2010-10-18","McDowell","322787","248335","74452"
"2010-10-19","McDowell","196695","146462","50233"
"2010-10-20","McDowell","243967","185706","58261"
"2010-10-21","McDowell","198078","148207","49871"
"2010-10-22","McDowell","109635","83561","26074"
"2010-10-23","McDowell","213696","161921","51775"
"2010-10-24","McDowell","173529","135254","38275"
"2010-10-25","McDowell","211750","153843","57907"
"2010-10-26","McDowell","310921","237306","73615"
"2010-10-27","McDowell","170978","126642","44336"
"2010-10-28","McDowell","166059","123044","43015"
"2010-10-29","McDowell","258584","198175","60409"
"2010-10-30","McDowell","149121","111574","37547"
"2010-10-31","McDowell","133453","95650","37803"
"2010-11-01","McDowell","251852","190184","61668"
"2010-11-02","McDowell","199006","154181","44825"
"2010-11-03","McDowell","150409","109010","41399"
"2010-11-04","McDowell","263717","195702","68015"
"2010-11-05","McDowell","237575","174402","63173"
"2010-11-06","McDowell","204768","156046","48722"
"2010-11-07","McDowell","295513","216991","78522"
"2010-11-08","McDowell","253809","204589","49220"
"2010-11-09","McDowell","257171","194996","62175"
"2010-11-10","McDowell","253280","190723","62557"
"2010-11-11","McDowell","224888","165832","59056"
"2010-11-12","McDowell","145048","113623","31425"
"2010-11-13","McDowell","201028","148694","52334"
"2010-11-14","McDowell","213550","157374","56176"
"2010-11-15","McDowell","192328","147105","45223"
"2010-11-16","McDowell","156036","121353","34683"
"2010-11-17","McDowell","191466","143969","47497"
"2010-11-18","McDowell","148244","103494","44750"
"2010-11-19","McDowell","196985","148000","48985"
"2010-11-20","McDowell","182309","130530","51779"
"2010-11-21","McDowell","162092","114232","47860"
"2010-11-22","McDowell","73445","54205","19240"
"2010-11-23","McDowell","175328","127710","47618"
"2010-11-24","McDowell","255226","195703","59523"
"2010-11-25","McDowell","361410","268468","92942"
"2010-11-26","McDowell","134232","94417","39815"
"2010-11-27","McDowell","175578","126476","49102"
"2010-11-28","McDowell","156752","123603","33149"
"2010-11-29","McDowell","276187","210889","65298"
"2010-11-30","McDowell","342023","261312","80711"
"2010-12-01","McDowell","167285","125207","42078"
"2010-12-02","McDowell","359663","276491","83172"
"2010-12-03","McDowell","201260","152424","48836"
"2010-12-04","McDowell","275804","216748","59056"
"2010-12-05","McDowell","219084","162618","56466"
"2010-12-06","McDowell","209481","154189","55292"
"2010-12-07","McDowell","196086","146761","49325"
"2010-12-08","McDowell","128505","92623","35882"
"2010-12-09","McDowell","235798","178530","57268"
"2010-12-10","McDowell","311238","241582","69656"
"2010-12-11","McDowell","327960","257686","70274"
"2010-12-12","McDowell","220967","163332","57635"
"2010-12-13","McDowell","237919","182738","55181"
"2010-12-14","McDowell","286765","216447","70318"
"2010-12-15","McDowell","195551","148580","46971"
"2010-12-16","McDowell","141296","103159","38137"
"2010-12-17","McDowell","165961","118405","47556"
"2010-12-18","McDowell","266391","204694","61697"
"2010-12-19","McDowell","219216","165896","53320"
"2010-12-20","McDowell","370972","276534","94438"
"2010-12-21","McDowell","126546","91672","34874"
"2010-12-22","McDowell","146003","107754","38249"
"2010-12-23","McDowell","197510","146012","51498"
"2010-12-24","McDowell","202867","148834","54033"
"2010-12-25","McDowell","165137","120120","45017"
"2010-12-26","McDowell","289787","211780","78007"
"2010-12-27","McDowell","306272","235591","70681"
"2010-12-28","McDowell","163007","120682","42325"
"2010-12-29","McDowell","314846","240328","74518"
"2010-12-30","McDowell","359129","278563","80566"
"2010-12-31","McDowell","224765","169628","55137"
"2011-01-01","McDowell","220634","167308","53326"
"2011-01-02","McDowell","250461","194122","56339"
"2011-01-03","McDowell","140694","107536","33158"
"2011-01-04","McDowell","225566","169423","56143"
"2011-01-05","McDowell","170695","123796","46899"
"2011-01-06","McDowell","303854","230920","72934"
"2011-01-07","McDowell","289739","217874","71865"
"2011-01-08","McDowell","347134","269514","77620"
"2011-01-09","McDowell","158718","116306","42412"
"2011-01-10","McDowell","295206","218603","76603"
"2011-01-11","McDowell","289355","218505","70850"
"2011-01-12","McDowell","340377","257543","82834"
"2011-01-13","McDowell","396240","310401","85839"
"2011-01-14","McDowell","244974","180682","64292"
"2011-01-15","McDowell","316766","247308","69458"
"2011-01-16","McDowell","210602","156597","54005"
"2011-01-17","McDowell","323858","247735","76123"
"2011-01-18","McDowell","244351","186486","57865"
"2011-01-19","McDowell","208295","152844","55451"
"2011-01-20","McDowell","335778","259374","76404"
"2011-01-21","McDowell","358615","274279","84336"
"2011-01-22","McDowell","216235","160739","55496"
"2011-01-23","McDowell","381876","294960","86916"
"2011-01-24","McDowell","124899","88944","35955"
"2011-01-25","McDowell","194934","150060","44874"
"2011-01-26","McDowell","365453","276540","88913"
"2011-01-27","McDowell","358983","275154","83829"
"2011-01-28","McDowell","308378","236689","71689"
"2011-01-29","McDowell","247217","188141","59076"
"2011-01-30","McDowell","204748","155061","49687"
"2011-01-31","McDowell","255314","185481","69833"
"2011-02-01","McDowell","294980","229688","65292"
"2011-02-02","McDowell","182964","134421","48543"
"2011-02-03","McDowell","126954","96543","30411"
"2011-02-04","McDowell","179235","133824","45411"
"2011-02-05","McDowell","239787","184018","55769"
"2011-02-06","McDowell","239778","182139","57639"
"2011-02-07","McDowell","385464","301156","84308"
"2011-02-08","McDowell","186590","133875","52715"
"2011-02-09","McDowell","333139","255121","78018"
"2011-02-10","McDowell","233005","177151","55854"
"2011-02-11","McDowell","212540","153614","58926"
"2011-02-12","McDowell","204438","152639","51799"
"2011-02-13","McDowell","281183","206679","74504"
"2011-02-14","McDowell","340852","258072","82780"
"2011-02-15","McDowell","240762","185813","54949"
"2011-02-16","McDowell","138088","102256","35832"
"2011-02-17","McDowell","187620","139607","48013"
"2011-02-18","McDowell","185221","144558","40663"
"2011-02-19","McDowell","200623","146256","54367"
"2011-02-20","McDowell","204100","167605","36495"
"2011-02-21","McDowell","153009","109800","43209"
"2011-02-22","McDowell","222956","171812","51144"
"2011-02-23","McDowell","204554","149700","54854"
"2011-02-24","McDowell","162714","116243","46471"
"2011-02-25","McDowell","201728","149545","52183"
"2011-02-26","McDowell","252949","189763","63186"
"2011-02-27","McDowell","191188","138303","52885"
"2011-02-28","McDowell","182147","136398","45749"
"2011-03-01","McDowell","288581","217123","71458"
"2011-03-02","McDowell","387536","293468","94068"
"2011-03-03","McDowell","137580","95408","42172"
"2011-03-04","McDowell","203529","153778","49751"
"2011-03-05","McDowell","265706","204423","61283"
"2011-03-06","McDowell","304313","224774","79539"
"2011-03-07","McDowell","250240","190153","60087"
"2011-03-08","McDowell","210939","162810","48129"
"2011-03-09","McDowell","204050","151800","52250"
"2011-03-10","McDowell","256424","191370","65054"
"2011-03-11","McDowell","281569","217020","64549"
"2011-03-12","McDowell","215495","160558","54937"
"2011-03-13","McDowell","210255","156760","53495"
"2011-03-14","McDowell","211603","154426","57177"
"2011-03-15","McDowell","195327","147974","47353"
"2011-03-16","McDowell","244941","185960","58981"
"2011-03-17","McDowell","268163","199522","68641"
"2011-03-18","McDowell","202225","152126","50099"
"2011-03-19","McDowell","207582","154169","53413"
"2011-03-20","McDowell","256261","188870","67391"
"2011-03-21","McDowell","255741","194928","60813"
"2011-03-22","McDowell","103556","68789","34767"
"2011-03-23","McDowell","219270","155553","63717"
"2011-03-24","McDowell","375684","290836","84848"
"2011-03-25","McDowell","282565","210210","72355"
"2011-03-26","McDowell","383310","292321","90989"
"2011-03-27","McDowell","291848","219447","72401"
"2011-03-28","McDowell","378221","292803","85418"
"2011-03-29","McDowell","237124","172626","64498"
"2011-03-30","McDowell","291475","221593","69882"
"2011-03-31","McDowell","326247","250630","75617"
"2011-04-01","McDowell","170270","124127","46143"
"2011-04-02","McDowell","228641","172923","55718"
"2011-04-03","McDowell","117119","82627","34492"
"2011-04-04","McDowell","214623","170066","44557"
"2011-04-05","McDowell","314556","237568","76988"
"2011-04-06","McDowell","241236","179670","61566"
"2011-04-07","McDowell","208177","157905","50272"
"2011-04-08","McDowell","161714","121543","40171"
"2011-04-09","McDowell","292263","215213","77050"
"2011-04-10","McDowell","225641","168685","56956"
"2011-04-11","McDowell","221599","168194","53405"
"2011-04-12","McDowell","223777","168697","55080"
"2011-04-13","McDowell","229318","166745","62573"
"2011-04-14","McDowell","264028","202161","61867"
"2011-04-15","McDowell","181226","136043","45183"
"2011-04-16","McDowell","285058","218330","66728"
"2011-04-17","McDowell","232830","167158","65672"
"2011-04-18","McDowell","271952","207342","64610"
"2011-04-19","McDowell","347787","264449","83338"
"2011-04-20","McDowell","290328","219580","70748"
"2011-04-21","McDowell","188440","143315","45125"
"2011-04-22","McDowell","227005","165194","61811"
"2011-04-23","McDowell","265153","196225","68928"
"2011-04-24","McDowell","280994","214399","66595"
"2011-04-25","McDowell","203269","149605","53664"
"2011-04-26","McDowell","158302","121971","36331"
"2011-04-27","McDowell","194690","151717","42973"
"2011-04-28","McDowell","318460","240795","77665"
"2011-04-29","McDowell","243141","182920","60221"
"2011-04-30","McDowell","201312","149495","51817"
"2011-05-01","McDowell","275201","210660","64541"
"2011-05-02","McDowell","196525","150363","46162"
"2011-05-03","McDowell","243422","186619","56803"
"2011-05-04","McDowell","255268","191294","63974"
"2011-05-05","McDowell","242916","185033","57883"
"2011-05-06","McDowell","222679","168257","54422"
"2011-05-07","McDowell","201189","149033","52156"
"2011-05-08","McDowell","292221","219596","72625"
"2011-05-09","McDowell","227671","172733","54938"
"2011-05-10","McDowell","200381","153509","46872"
"2011-05-11","McDowell","192626","145379","47247"
"2011-05-12","McDowell","214635","165527","49108"
"2011-05-13","McDowell","226002","161343","64659"
"2011-05-14","McDowell","173563","133261","40302"
"2011-05-15","McDowell","192226","135609","56617"
"2011-05-16","McDowell","218803","167142","51661"
"2011-05-17","McDowell","233323","173989","59334"
"2011-05-18","McDowell","232308","172904","59404"
"2011-05-19","McDowell","199734","148945","50789"
"2011-05-20","McDowell","218401","163304","55097"
"2011-05-21","McDowell","115896","86747","29149"
"2011-05-22","McDowell","240638","181634","59004"
"2011-05-23","McDowell","150570","119313","31257"
"2011-05-24","McDowell","278241","206072","72169"
"2011-05-25","McDowell","253459","191966","61493"
"2011-05-26","McDowell","232934","182153","50781"
"2011-05-27","McDowell","335393","258679","76714"
"2011-05-28","McDowell","118450","91581","26869"
"2011-05-29","McDowell","287063","222180","64883"
"2011-05-30","McDowell","299245","226682","72563"
"2011-05-31","McDowell","280268","214730","65538"
"2011-06-01","McDowell","181164","144257","36907"
"2011-06-02","McDowell","236661","174636","62025"
"2011-06-03","McDowell","186151","132806","53345"
"2011-06-04","McDowell","236291","170009","66282"
"2011-06-05","McDowell","421582","326900","94682"
"2011-06-06","McDowell","146139","98105","48034"
"2011-06-07","McDowell","338759","259429","79330"
"2011-06-08","McDowell","399531","311131","88400"
"2011-06-09","McDowell","228547","172307","56240"
"2011-06-10","McDowell","276878","214624","62254"
"2011-06-11","McDowell","275430","207512","67918"
"2011-06-12","McDowell","286995","208694","78301"
"2011-06-13","McDowell","276104","201483","74621"
"2011-06-14","McDowell","326207","249765","76442"
"2011-06-15","McDowell","220607","169973","50634"
"2011-06-16","McDowell","219808","162528","57280"
"2011-06-17","McDowell","314135","233216","80919"
"2011-06-18","McDowell","144207","106268","37939"
"2011-06-19","McDowell","256836","193340","63496"
"2011-06-20","McDowell","321974","239096","82878"
"2011-06-21","McDowell","190739","144269","46470"
"2011-06-22","McDowell","314507","236470","78037"
"2011-06-23","McDowell","297763","233318","64445"
"2011-06-24","McDowell","315698","239541","76157"
"2011-06-25","McDowell","391768","297503","94265"
"2011-06-26","McDowell","314797","239429","75368"
"2011-06-27","McDowell","267090","202481","64609"
"2011-06-28","McDowell","293375","221601","71774"
"2011-06-29","McDowell","194293","148823","45470"
"2011-06-30","McDowell","241989","178062","63927"
"2011-07-01","McDowell","413337","320361","92976"
"2011-07-02","McDowell","301021","218952","82069"
"2011-07-03","McDowell","417453","309760","107693"
"2011-07-04","McDowell","279436","211823","67613"
"2011-07-05","McDowell","251847","189620","62227"
"2011-07-06","McDowell","181766","134582","47184"
"2011-07-07","McDowell","303986","227786","76200"
"2011-07-08","McDowell","253059","178193","74866"
"2011-07-09","McDowell","233937","180601","53336"
"2011-07-10","McDowell","248021","182631","65390"
"2011-07-11","McDowell","336232","255111","81121"
"2011-07-12","McDowell","262400","209615","52785"
"2011-07-13","McDowell","258962","193057","65905"
"2011-07-14","McDowell","283213","209504","73709"
"2011-07-15","McDowell","272968","202789","70179"
"2011-07-16","McDowell","250968","192825","58143"
"2011-07-17","McDowell","307084","226027","81057"
"2011-07-18","McDowell","210795","147744","63051"
"2011-07-19","McDowell","444056","331432","112624"
"2011-07-20","McDowell","260429","195066","65363"
"2011-07-21","McDowell","483166","368873","114293"
"2011-07-22","McDowell","300569","221417","79152"
"2011-07-23","McDowell","308200","223725","84475"
"2011-07-24","McDowell","178923","125299","53624"
"2011-07-25","McDowell","352507","271467","81040"
"2011-07-26","McDowell","223246","163904","59342"
"2011-07-27","McDowell","278938","210257","68681"
"2011-07-28","McDowell","321263","236965","84298"
"2011-07-29","McDowell","218332","163210","55122"
"2011-07-30","McDowell","187081","141199","45882"
"2011-07-31","McDowell","328018","259645","68373"
"2011-08-01","McDowell","215642","161086","54556"
"2011-08-02","McDowell","272799","206695","66104"
"2011-08-03","McDowell","260990","198362","62628"
"2011-08-04","McDowell","359035","273883","85152"
"2011-08-05","McDowell","172018","122815","49203"
"2011-08-06","McDowell","307062","234936","72126"
"2011-08-07","McDowell","482127","368499","113628"
"2011-08-08","McDowell","305585","230797","74788"
"2011-08-09","McDowell","337797","256761","81036"
"2011-08-10","McDowell","241037","175693","65344"
"2011-08-11","McDowell","212570","160024","52546"
"2011-08-12","McDowell","303008","230921","72087"
"2011-08-13","McDowell","236598","176055","60543"
"2011-08-14","McDowell","305296","226038","79258"
"2011-08-15","McDowell","208882","164379","44503"
"2011-08-16","McDowell","345857","255679","90178"
"2011-08-17","McDowell","218889","163304","55585"
"2011-08-18","McDowell","246760","176742","70018"
"2011-08-19","McDowell","327276","248538","78738"
"2011-08-20","McDowell","151594","108415","43179"
"2011-08-21","McDowell","334005","266193","67812"
"2011-08-22","McDowell","395531","294668","100863"
"2011-08-23","McDowell","253071","188918","64153"
"2011-08-24","McDowell","255883","197714","58169"
"2011-08-25","McDowell","172709","125751","46958"
"2011-08-26","McDowell","268031","211371","56660"
"2011-08-27","McDowell","320209","240000","80209"
"2011-08-28","McDowell","142660","107198","35462"
"2011-08-29","McDowell","407632","312616","95016"
"2011-08-30","McDowell","219313","165125","54188"
"2011-08-31","McDowell","360301","278986","81315"
"2011-09-01","McDowell","295432","225364","70068"
"2011-09-02","McDowell","404406","307560","96846"
"2011-09-03","McDowell","266506","199866","66640"
"2011-09-04","McDowell","398494","301491","97003"
"2011-09-05","McDowell","214094","158274","55820"
"2011-09-06","McDowell","291089","227626","63463"
"2011-09-07","McDowell","325373","243416","81957"
"2011-09-08","McDowell","407485","312450","95035"
"2011-09-09","McDowell","209664","154518","55146"
"2011-09-10","McDowell","308079","234130","73949"
"2011-09-11","McDowell","324433","244077","80356"
"2011-09-12","McDowell","355978","270779","85199"
"2011-09-13","McDowell","190060","134578","55482"
"2011-09-14","McDowell","208244","151498","56746"
"2011-09-15","McDowell","383063","291274","91789"
"2011-09-16","McDowell","224563","169271","55292"
"2011-09-17","McDowell","378857","293695","85162"
"2011-09-18","McDowell","265661","201651","64010"
"2011-09-19","McDowell","234980","172999","61981"
"2011-09-20","McDowell","225478","173924","51554"
"2011-09-21","McDowell","311329","227476","83853"
"2011-09-22","McDowell","206405","154053","52352"
"2011-09-23","McDowell","227249","180473","46776"
"2011-09-24","McDowell","224807","164353","60454"
"2011-09-25","McDowell","296257","215241","81016"
"2011-09-26","McDowell","291267","229842","61425"
"2011-09-27","McDowell","537475","407788","129687"
"2011-09-28","McDowell","353026","264291","88735"
"2011-09-29","McDowell","290756","221190","69566"
"2011-09-30","McDowell","155150","110259","44891"
"2011-10-01","McDowell","204149","149731","54418"
"2011-10-02","McDowell","384491","296344","88147"
"2011-10-03","McDowell","400749","306189","94560"
"2011-10-04","McDowell","192331","137867","54464"
"2011-10-05","McDowell","232332","172628","59704"
"2011-10-06","McDowell","350037","275394","74643"
"2011-10-07","McDowell","248971","185921","63050"
"2011-10-08","McDowell","321450","246891","74559"
"2011-10-09","McDowell","342937","267498","75439"
"2011-10-10","McDowell","193147","144903","48244"
"2011-10-11","McDowell","327948","257125","70823"
"2011-10-12","McDowell","267824","201396","66428"
"2011-10-13","McDowell","262017","203911","58106"
"2011-10-14","McDowell","265176","206995","58181"
"2011-10-15","McDowell","269127","204077","65050"
"2011-10-16","McDowell","310386","238480","71906"
"2011-10-17","McDowell","371260","281492","89768"
"2011-10-18","McDowell","322448","247276","75172"
"2011-10-19","McDowell","285975","216828","69147"
"2011-10-20","McDowell","307714","239730","67984"
"2011-10-21","McDowell","376525","284610","91915"
"2011-10-22","McDowell","292887","225668","67219"
"2011-10-23","McDowell","218127","155061","63066"
"2011-10-24","McDowell","273788","201769","72019"
"2011-10-25","McDowell","192777","142356","50421"
"2011-10-26","McDowell","334235","263658","70577"
"2011-10-27","McDowell","225820","173271","52549"
"2011-10-28","McDowell","260174","195077","65097"
"2011-10-29","McDowell","310815","232494","78321"
"2011-10-30","McDowell","294072","226589","67483"
"2011-10-31","McDowell","245112","181951","63161"
"2011-11-01","McDowell","413424","311578","101846"
"2011-11-02","McDowell","271693","210384","61309"
"2011-11-03","McDowell","355155","268860","86295"
"2011-11-04","McDowell","264172","194981","69191"
"2011-11-05","McDowell","238029","171564","66465"
"2011-11-06","McDowell","246138","186970","59168"
"2011-11-07","McDowell","277569","204132","73437"
"2011-11-08","McDowell","352445","268272","84173"
"2011-11-09","McDowell","257515","194785","62730"
"2011-11-10","McDowell","270922","207796","63126"
"2011-11-11","McDowell","260585","189598","70987"
"2011-11-12","McDowell","338375","259162","79213"
"2011-11-13","McDowell","427909","317979","109930"
"2011-11-14","McDowell","247290","185295","61995"
"2011-11-15","McDowell","409928","312840","97088"
"2011-11-16","McDowell","363705","270577","93128"
"2011-11-17","McDowell","327021","246126","80895"
"2011-11-18","McDowell","467238","361634","105604"
"2011-11-19","McDowell","283390","208340","75050"
"2011-11-20","McDowell","392530","295805","96725"
"2011-11-21","McDowell","415572","310243","105329"
"2011-11-22","McDowell","249590","195402","54188"
"2011-11-23","McDowell","295854","222972","72882"
"2011-11-24","McDowell","319925","236689","83236"
"2011-11-25","McDowell","277445","211298","66147"
"2011-11-26","McDowell","291171","210868","80303"
"2011-11-27","McDowell","469565","356752","112813"
"2011-11-28","McDowell","368699","277829","90870"
"2011-11-29","McDowell","214308","163301","51007"
"2011-11-30","McDowell","428480","334020","94460"
"2011-12-01","McDowell","201227","142111","59116"
"2011-12-02","McDowell","266433","196376","70057"
"2011-12-03","McDowell","290793","218383","72410"
"2011-12-04","McDowell","332458","250468","81990"
"2011-12-05","McDowell","249880","188060","61820"
"2011-12-06","McDowell","270298","205478","64820"
"2011-12-07","McDowell","285756","216307","69449"
"2011-12-08","McDowell","293670","228245","65425"
"2011-12-09","McDowell","254746","195382","59364"
"2011-12-10","McDowell","176883","131859","45024"
"2011-12-11","McDowell","265208","196270","68938"
"2011-12-12","McDowell","250995","189396","61599"
"2011-12-13","McDowell","234738","173950","60788"
"2011-12-14","McDowell","284357","220142","64215"
"2011-12-15","McDowell","175489","137677","37812"
"2011-12-16","McDowell","372284","290118","82166"
"2011-12-17","McDowell","396110","300547","95563"
"2011-12-18","McDowell","266638","194432","72206"
"2011-12-19","McDowell","292424","212894","79530"
"2011-12-20","McDowell","304162","230335","73827"
"2011-12-21","McDowell","486788","374995","111793"
"2011-12-22","McDowell","205589","149207","56382"
"2011-12-23","McDowell","163858","124660","39198"
"2011-12-24","McDowell","360126","272303","87823"
"2011-12-25","McDowell","325243","245374","79869"
"2011-12-26","McDowell","355149","274862","80287"
"2011-12-27","McDowell","237008","175747","61261"
"2011-12-28","McDowell","250154","184634","65520"
"2011-12-29","McDowell","228348","168173","60175"
"2011-12-30","McDowell","191423","145796","45627"
"2011-12-31","McDowell","250127","192373","57754"
"2012-01-01","McDowell","368263","282959","85304"
"2012-01-02","McDowell","304507","228045","76462"
"2012-01-03","McDowell","205859","153469","52390"
"2012-01-04","McDowell","390321","284100","106221"
"2012-01-05","McDowell","420013","309411","110602"
"2012-01-06","McDowell","258253","197744","60509"
"2012-01-07","McDowell","327893","243269","84624"
"2012-01-08","McDowell","531110","408865","122245"
"2012-01-09","McDowell","259739","191031","68708"
"2012-01-10","McDowell","352602","258349","94253"
"2012-01-11","McDowell","473533","365302","108231"
"2012-01-12","McDowell","431954","326564","105390"
"2012-01-13","McDowell","430224","330328","99896"
"2012-01-14","McDowell","441651","323317","118334"
"2012-01-15","McDowell","448418","340696","107722"
"2012-01-16","McDowell","347901","265217","82684"
"2012-01-17","McDowell","233238","173784","59454"
"2012-01-18","McDowell","461212","351462","109750"
"2012-01-19","McDowell","526594","395153","131441"
"2012-01-20","McDowell","470705","358338","112367"
"2012-01-21","McDowell","497534","375666","121868"
"2012-01-22","McDowell","442965","337292","105673"
"2012-01-23","McDowell","347630","260638","86992"
"2012-01-24","McDowell","473379","358798","114581"
"2012-01-25","McDowell","433105","325464","107641"
"2012-01-26","McDowell","448992","339301","109691"
"2012-01-27","McDowell","428026","321700","106326"
"2012-01-28","McDowell","662302","506383","155919"
"2012-01-29","McDowell","361052","280953","80099"
"2012-01-30","McDowell","350614","261001","89613"
"2012-01-31","McDowell","441542","348336","93206"
"2012-02-01","McDowell","534798","407249","127549"
"2012-02-02","McDowell","481934","361182","120752"
"2012-02-03","McDowell","354429","273743","80686"
"2012-02-04","McDowell","427590","325583","102007"
"2012-02-05","McDowell","387368","296970","90398"
"2012-02-06","McDowell","412247","314704","97543"
"2012-02-07","McDowell","348945","257449","91496"
"2012-02-08","McDowell","480850","375856","104994"
"2012-02-09","McDowell","472690","366685","106005"
"2012-02-10","McDowell","490027","369923","120104"
"2012-02-11","McDowell","563710","427666","136044"
"2012-02-12","McDowell","376177","279848","96329"
"2012-02-13","McDowell","315222","232724","82498"
"2012-02-14","McDowell","347869","269512","78357"
"2012-02-15","McDowell","376228","286286","89942"
"2012-02-16","McDowell","683902","520572","163330"
"2012-02-17","McDowell","401298","304293","97005"
"2012-02-18","McDowell","381432","290413","91019"
"2012-02-19","McDowell","416809","313890","102919"
"2012-02-20","McDowell","499085","377161","121924"
"2012-02-21","McDowell","435632","325588","110044"
"2012-02-22","McDowell","476328","359694","116634"
"2012-02-23","McDowell","627955","489110","138845"
"2012-02-24","McDowell","362156","274034","88122"
"2012-02-25","McDowell","337401","261008","76393"
"2012-02-26","McDowell","441915","334256","107659"
"2012-02-27","McDowell","379084","281827","97257"
"2012-02-28","McDowell","366750","281448","85302"
"2012-02-29","McDowell","409340","308886","100454"
"2012-03-01","McDowell","600408","455314","145094"
"2012-03-02","McDowell","314763","241834","72929"
"2012-03-03","McDowell","570752","443055","127697"
"2012-03-04","McDowell","352744","259674","93070"
"2012-03-05","McDowell","361194","266135","95059"
"2012-03-06","McDowell","553635","423757","129878"
"2012-03-07","McDowell","485576","375268","110308"
"2012-03-08","McDowell","474814","366920","107894"
"2012-03-09","McDowell","383137","288813","94324"
"2012-03-10","McDowell","480351","360111","120240"
"2012-03-11","McDowell","670678","523500","147178"
"2012-03-12","McDowell","414081","317573","96508"
"2012-03-13","McDowell","400302","310131","90171"
"2012-03-14","McDowell","439387","333988","105399"
"2012-03-15","McDowell","546167","413828","132339"
"2012-03-16","McDowell","387678","286300","101378"
"2012-03-17","McDowell","468741","353182","115559"
"2012-03-18","McDowell","527117","406787","120330"
"2012-03-19","McDowell","511144","390448","120696"
"2012-03-20","McDowell","388477","304269","84208"
"2012-03-21","McDowell","405334","309195","96139"
"2012-03-22","McDowell","593486","452409","141077"
"2012-03-23","McDowell","464752","358454","106298"
"2012-03-24","McDowell","370763","282586","88177"
"2012-03-25","McDowell","564199","425785","138414"
"2012-03-26","McDowell","346940","262109","84831"
"2012-03-27","McDowell","460189","353162","107027"
"2012-03-28","McDowell","423664","312461","111203"
"2012-03-29","McDowell","398178","295333","102845"
"2012-03-30","McDowell","432174","330094","102080"
"2012-03-31","McDowell","399030","303871","95159"
"2012-04-01","McDowell","439504","332782","106722"
"2012-04-02","McDowell","242230","178383","63847"
"2012-04-03","McDowell","407534","301966","105568"
"2012-04-04","McDowell","342278","254654","87624"
"2012-04-05","McDowell","489503","361896","127607"
"2012-04-06","McDowell","438573","325899","112674"
"2012-04-07","McDowell","526860","403962","122898"
"2012-04-08","McDowell","462622","347014","115608"
"2012-04-09","McDowell","604332","458118","146214"
"2012-04-10","McDowell","490662","370140","120522"
"2012-04-11","McDowell","433686","324838","108848"
"2012-04-12","McDowell","479624","371772","107852"
"2012-04-13","McDowell","362208","273831","88377"
"2012-04-14","McDowell","522570","396531","126039"
"2012-04-15","McDowell","498424","380475","117949"
"2012-04-16","McDowell","468975","358785","110190"
"2012-04-17","McDowell","567716","437148","130568"
"2012-04-18","McDowell","348291","260490","87801"
"2012-04-19","McDowell","245792","180896","64896"
"2012-04-20","McDowell","403798","315922","87876"
"2012-04-21","McDowell","557011","416753","140258"
"2012-04-22","McDowell","437363","330940","106423"
"2012-04-23","McDowell","532848","408336","124512"
"2012-04-24","McDowell","474667","355375","119292"
"2012-04-25","McDowell","388661","291738","96923"
"2012-04-26","McDowell","542815","421428","121387"
"2012-04-27","McDowell","537825","403230","134595"
"2012-04-28","McDowell","541446","420914","120532"
"2012-04-29","McDowell","489146","358374","130772"
"2012-04-30","McDowell","491769","378446","113323"
"2012-05-01","McDowell","503501","382977","120524"
"2012-05-02","McDowell","514375","392109","122266"
"2012-05-03","McDowell","315116","232714","82402"
"2012-05-04","McDowell","374357","282145","92212"
"2012-05-05","McDowell","614423","468192","146231"
"2012-05-06","McDowell","376118","280594","95524"
"2012-05-07","McDowell","453457","334722","118735"
"2012-05-08","McDowell","393208","303342","89866"
"2012-05-09","McDowell","602495","463942","138553"
"2012-05-10","McDowell","476354","368872","107482"
"2012-05-11","McDowell","566100","429379","136721"
"2012-05-12","McDowell","379141","275392","103749"
"2012-05-13","McDowell","338946","248245","90701"
"2012-05-14","McDowell","470532","358794","111738"
"2012-05-15","McDowell","537336","410377","126959"
"2012-05-16","McDowell","488596","368307","120289"
"2012-05-17","McDowell","521497","395659","125838"
"2012-05-18","McDowell","514887","393734","121153"
"2012-05-19","McDowell","482947","373443","109504"
"2012-05-20","McDowell","394753","296700","98053"
"2012-05-21","McDowell","515434","386502","128932"
"2012-05-22","McDowell","521560","395794","125766"
"2012-05-23","McDowell","619947","460984","158963"
"2012-05-24","McDowell","446849","337686","109163"
"2012-05-25","McDowell","590529","449786","140743"
"2012-05-26","McDowell","462024","347623","114401"
"2012-05-27","McDowell","390681","290083","100598"
"2012-05-28","McDowell","327424","246813","80611"
"2012-05-29","McDowell","241382","173540","67842"
"2012-05-30","McDowell","385359","287625","97734"
"2012-05-31","McDowell","372974","273576","99398"
"2012-06-01","McDowell","34210","25027","9183"
"2012-06-02","McDowell","187536","138680","48856"
"2012-06-03","McDowell","236424","180341","56083"
"2012-06-04","McDowell","161986","127306","34680"
"2012-06-05","McDowell","154704","114414","40290"
"2012-06-06","McDowell","133747","105558","28189"
"2012-06-07","McDowell","164931","116895","48036"
"2012-06-08","McDowell","215210","162894","52316"
"2012-06-09","McDowell","346220","261042","85178"
"2012-06-10","McDowell","201454","156128","45326"
"2012-06-11","McDowell","142397","98652","43745"
"2012-06-12","McDowell","147669","111339","36330"
"2012-06-13","McDowell","141394","103457","37937"
"2012-06-14","McDowell","273333","209653","63680"
"2012-06-15","McDowell","110107","75879","34228"
"2012-06-16","McDowell","185300","139401","45899"
"2012-06-17","McDowell","148609","108039","40570"
"2012-06-18","McDowell","205502","151277","54225"
"2012-06-19","McDowell","180258","127245","53013"
"2012-06-20","McDowell","114854","84643","30211"
"2012-06-21","McDowell","145278","108406","36872"
"2012-06-22","McDowell","257274","189499","67775"
"2012-06-23","McDowell","205572","162209","43363"
"2012-06-24","McDowell","269828","203171","66657"
"2012-06-25","McDowell","214246","166986","47260"
"2012-06-26","McDowell","217050","164159","52891"
"2012-06-27","McDowell","205035","157002","48033"
"2012-06-28","McDowell","190757","147064","43693"
"2012-06-29","McDowell","71685","50805","20880"
"2012-06-30","McDowell","193568","143880","49688"
"2012-07-01","McDowell","235025","178996","56029"
"2012-07-02","McDowell","144534","106181","38353"
"2012-07-03","McDowell","209948","161204","48744"
"2012-07-04","McDowell","153396","114759","38637"
"2012-07-05","McDowell","85927","60601","25326"
"2012-07-06","McDowell","280301","216980","63321"
"2012-07-07","McDowell","303499","234142","69357"
"2012-07-08","McDowell","142635","99732","42903"
"2012-07-09","McDowell","315867","247997","67870"
"2012-07-10","McDowell","247447","186634","60813"
"2012-07-11","McDowell","288340","219194","69146"
"2012-07-12","McDowell","230563","173484","57079"
"2012-07-13","McDowell","206118","161681","44437"
"2012-07-14","McDowell","268098","206866","61232"
"2012-07-15","McDowell","268936","198604","70332"
"2012-07-16","McDowell","231879","172308","59571"
"2012-07-17","McDowell","277924","208367","69557"
"2012-07-18","McDowell","181379","139192","42187"
"2012-07-19","McDowell","171791","128240","43551"
"2012-07-20","McDowell","177945","129343","48602"
"2012-07-21","McDowell","173177","129889","43288"
"2012-07-22","McDowell","264898","202281","62617"
"2012-07-23","McDowell","191098","143714","47384"
"2012-07-24","McDowell","282842","208372","74470"
"2012-07-25","McDowell","146408","105944","40464"
"2012-07-26","McDowell","237055","180837","56218"
"2012-07-27","McDowell","260091","193840","66251"
"2012-07-28","McDowell","333854","257907","75947"
"2012-07-29","McDowell","256132","188391","67741"
"2012-07-30","McDowell","120595","89125","31470"
"2012-07-31","McDowell","172498","135028","37470"
"2012-08-01","McDowell","230399","171951","58448"
"2012-08-02","McDowell","241475","183784","57691"
"2012-08-03","McDowell","190682","150978","39704"
"2012-08-04","McDowell","360266","277339","82927"
"2012-08-05","McDowell","225064","169282","55782"
"2012-08-06","McDowell","197223","146280","50943"
"2012-08-07","McDowell","227237","172374","54863"
"2012-08-08","McDowell","249044","192152","56892"
"2012-08-09","McDowell","112387","80566","31821"
"2012-08-10","McDowell","172271","120635","51636"
"2012-08-11","McDowell","198922","154130","44792"
"2012-08-12","McDowell","181815","137758","44057"
"2012-08-13","McDowell","223219","174239","48980"
"2012-08-14","McDowell","282664","215664","67000"
"2012-08-15","McDowell","231636","181912","49724"
"2012-08-16","McDowell","233765","173433","60332"
"2012-08-17","McDowell","249694","189403","60291"
"2012-08-18","McDowell","157855","117109","40746"
"2012-08-19","McDowell","331961","250703","81258"
"2012-08-20","McDowell","267346","203067","64279"
"2012-08-21","McDowell","237138","183330","53808"
"2012-08-22","McDowell","124365","94011","30354"
"2012-08-23","McDowell","189653","134642","55011"
"2012-08-24","McDowell","229467","172367","57100"
"2012-08-25","McDowell","283529","218601","64928"
"2012-08-26","McDowell","214000","158879","55121"
"2012-08-27","McDowell","129528","94393","35135"
"2012-08-28","McDowell","139840","110865","28975"
"2012-08-29","McDowell","163016","122192","40824"
"2012-08-30","McDowell","200108","151783","48325"
"2012-08-31","McDowell","170327","126884","43443"
"2012-09-01","McDowell","200502","152172","48330"
"2012-09-02","McDowell","118902","89746","29156"
"2012-09-03","McDowell","298830","224303","74527"
"2012-09-04","McDowell","149282","110670","38612"
"2012-09-05","McDowell","220629","166709","53920"
"2012-09-06","McDowell","245119","191093","54026"
"2012-09-07","McDowell","277448","217160","60288"
"2012-09-08","McDowell","209568","158222","51346"
"2012-09-09","McDowell","304245","236379","67866"
"2012-09-10","McDowell","221481","165568","55913"
"2012-09-11","McDowell","320406","244093","76313"
"2012-09-12","McDowell","233916","180687","53229"
"2012-09-13","McDowell","163992","118971","45021"
"2012-09-14","McDowell","277853","208649","69204"
"2012-09-15","McDowell","176593","131650","44943"
"2012-09-16","McDowell","168728","127115","41613"
"2012-09-17","McDowell","212826","171901","40925"
"2012-09-18","McDowell","261089","202538","58551"
"2012-09-19","McDowell","191256","137604","53652"
"2012-09-20","McDowell","300771","229470","71301"
"2012-09-21","McDowell","208119","160063","48056"
"2012-09-22","McDowell","274135","206010","68125"
"2012-09-23","McDowell","196520","156178","40342"
"2012-09-24","McDowell","227497","178343","49154"
"2012-09-25","McDowell","320901","244269","76632"
"2012-09-26","McDowell","216165","160275","55890"
"2012-09-27","McDowell","189218","139685","49533"
"2012-09-28","McDowell","195456","153772","41684"
"2012-09-29","McDowell","161797","117219","44578"
"2012-09-30","McDowell","272928","208315","64613"
"2012-10-01","McDowell","193801","146805","46996"
"2012-10-02","McDowell","229141","175559","53582"
"2012-10-03","McDowell","261027","197027","64000"
"2012-10-04","McDowell","193436","143556","49880"
"2012-10-05","McDowell","242057","181574","60483"
"2012-10-06","McDowell","214214","162348","51866"
"2012-10-07","McDowell","195701","150171","45530"
"2012-10-08","McDowell","344156","260763","83393"
"2012-10-09","McDowell","228072","172762","55310"
"2012-10-10","McDowell","219831","164458","55373"
"2012-10-11","McDowell","293155","233068","60087"
"2012-10-12","McDowell","244673","181260","63413"
"2012-10-13","McDowell","294454","225779","68675"
"2012-10-14","McDowell","212255","169000","43255"
"2012-10-15","McDowell","424165","325766","98399"
"2012-10-16","McDowell","270509","210449","60060"
"2012-10-17","McDowell","168708","124762","43946"
"2012-10-18","McDowell","212029","164355","47674"
"2012-10-19","McDowell","169071","125299","43772"
"2012-10-20","McDowell","154624","123203","31421"
"2012-10-21","McDowell","174995","125838","49157"
"2012-10-22","McDowell","162270","118453","43817"
"2012-10-23","McDowell","253741","193994","59747"
"2012-10-24","McDowell","245656","183329","62327"
"2012-10-25","McDowell","280488","206615","73873"
"2012-10-26","McDowell","339287","256310","82977"
"2012-10-27","McDowell","253623","197317","56306"
"2012-10-28","McDowell","215069","165910","49159"
"2012-10-29","McDowell","170079","126902","43177"
"2012-10-30","McDowell","160958","122868","38090"
"2012-10-31","McDowell","186738","136101","50637"
"2012-11-01","McDowell","286193","226118","60075"
"2012-11-02","McDowell","178000","133077","44923"
"2012-11-03","McDowell","305720","232923","72797"
"2012-11-04","McDowell","250604","189822","60782"
"2012-11-05","McDowell","313852","236226","77626"
"2012-11-06","McDowell","179100","131093","48007"
"2012-11-07","McDowell","107026","78709","28317"
"2012-11-08","McDowell","285551","216424","69127"
"2012-11-09","McDowell","206074","155958","50116"
"2012-11-10","McDowell","289260","213772","75488"
"2012-11-11","McDowell","129628","100991","28637"
"2012-11-12","McDowell","160099","123229","36870"
"2012-11-13","McDowell","201278","152667","48611"
"2012-11-14","McDowell","158610","119375","39235"
"2012-11-15","McDowell","217130","158164","58966"
"2012-11-16","McDowell","234803","182547","52256"
"2012-11-17","McDowell","228596","168017","60579"
"2012-11-18","McDowell","260902","201842","59060"
"2012-11-19","McDowell","331249","260365","70884"
"2012-11-20","McDowell","274358","214291","60067"
"2012-11-21","McDowell","262185","196665","65520"
"2012-11-22","McDowell","226301","174176","52125"
"2012-11-23","McDowell","162089","118133","43956"
"2012-11-24","McDowell","279148","211309","67839"
"2012-11-25","McDowell","271124","207343","63781"
"2012-11-26","McDowell","315470","244264","71206"
"2012-11-27","McDowell","309117","236080","73037"
"2012-11-28","McDowell","302181","233790","68391"
"2012-11-29","McDowell","355505","275956","79549"
"2012-11-30","McDowell","357104","276345","80759"
"2012-12-01","McDowell","270599","209832","60767"
"2012-12-02","McDowell","327309","255354","71955"
"2012-12-03","McDowell","202459","150463","51996"
"2012-12-04","McDowell","206295","151917","54378"
"2012-12-05","McDowell","307720","232197","75523"
"2012-12-06","McDowell","349934","274551","75383"
"2012-12-07","McDowell","190561","137144","53417"
"2012-12-08","McDowell","262847","196726","66121"
"2012-12-09","McDowell","273860","207395","66465"
"2012-12-10","McDowell","211507","162112","49395"
"2012-12-11","McDowell","170392","123727","46665"
"2012-12-12","McDowell","153472","109035","44437"
"2012-12-13","McDowell","312844","235577","77267"
"2012-12-14","McDowell","296388","230625","65763"
"2012-12-15","McDowell","317968","241269","76699"
"2012-12-16","McDowell","109740","80188","29552"
"2012-12-17","McDowell","318779","246086","72693"
"2012-12-18","McDowell","244645","189119","55526"
"2012-12-19","McDowell","246460","186834","59626"
"2012-12-20","McDowell","324428","244353","80075"
"2012-12-21","McDowell","200934","148693","52241"
"2012-12-22","McDowell","236559","177903","58656"
"2012-12-23","McDowell","227435","171269","56166"
"2012-12-24","McDowell","206871","149659","57212"
"2012-12-25","McDowell","259720","198893","60827"
"2012-12-26","McDowell","176200","138682","37518"
"2012-12-27","McDowell","160407","116818","43589"
"2012-12-28","McDowell","227272","176363","50909"
"2012-12-29","McDowell","222551","167902","54649"
"2012-12-30","McDowell","260633","200573","60060"
"2012-12-31","McDowell","249765","183314","66451"
"2013-01-01","McDowell","161443","125484","35959"
"2013-01-02","McDowell","536688","396420","140268"
"2013-01-03","McDowell","851111","652142","198969"
"2013-01-04","McDowell","770918","570470","200448"
"2013-01-05","McDowell","717850","541330","176520"
"2013-01-06","McDowell","661897","498344","163553"
"2013-01-07","McDowell","797604","601352","196252"
"2013-01-08","McDowell","515180","380438","134742"
"2013-01-09","McDowell","561328","415725","145603"
"2013-01-10","McDowell","612498","454301","158197"
"2013-01-11","McDowell","821940","639375","182565"
"2013-01-12","McDowell","730485","543133","187352"
"2013-01-13","McDowell","738743","542029","196714"
"2013-01-14","McDowell","765429","562714","202715"
"2013-01-15","McDowell","688302","513727","174575"
"2013-01-16","McDowell","715809","549793","166016"
"2013-01-17","McDowell","685697","517312","168385"
"2013-01-18","McDowell","788787","606803","181984"
"2013-01-19","McDowell","629809","466964","162845"
"2013-01-20","McDowell","818982","615216","203766"
"2013-01-21","McDowell","600861","446333","154528"
"2013-01-22","McDowell","743860","556456","187404"
"2013-01-23","McDowell","815473","610530","204943"
"2013-01-24","McDowell","903439","666499","236940"
"2013-01-25","McDowell","609512","451443","158069"
"2013-01-26","McDowell","627307","471200","156107"
"2013-01-27","McDowell","615104","461618","153486"
"2013-01-28","McDowell","631294","473112","158182"
"2013-01-29","McDowell","807809","629984","177825"
"2013-01-30","McDowell","644641","489547","155094"
"2013-01-31","McDowell","560835","415862","144973"
"2013-02-01","McDowell","567891","423371","144520"
"2013-02-02","McDowell","841942","657963","183979"
"2013-02-03","McDowell","823150","622768","200382"
"2013-02-04","McDowell","781144","587936","193208"
"2013-02-05","McDowell","749440","571036","178404"
"2013-02-06","McDowell","611825","459504","152321"
"2013-02-07","McDowell","633735","466165","167570"
"2013-02-08","McDowell","703191","523304","179887"
"2013-02-09","McDowell","695482","508755","186727"
"2013-02-10","McDowell","568457","413850","154607"
"2013-02-11","McDowell","724535","553919","170616"
"2013-02-12","McDowell","572391","416267","156124"
"2013-02-13","McDowell","920711","703807","216904"
"2013-02-14","McDowell","921530","702757","218773"
"2013-02-15","McDowell","829893","630456","199437"
"2013-02-16","McDowell","745054","571564","173490"
"2013-02-17","McDowell","851481","635891","215590"
"2013-02-18","McDowell","673190","501865","171325"
"2013-02-19","McDowell","1030893","795587","235306"
"2013-02-20","McDowell","671172","497004","174168"
"2013-02-21","McDowell","681858","509831","172027"
"2013-02-22","McDowell","935886","705609","230277"
"2013-02-23","McDowell","806280","599054","207226"
"2013-02-24","McDowell","524353","394872","129481"
"2013-02-25","McDowell","746097","547986","198111"
"2013-02-26","McDowell","788719","588611","200108"
"2013-02-27","McDowell","775210","575335","199875"
"2013-02-28","McDowell","712224","534115","178109"
"2013-03-01","McDowell","367143","286277","80866"
"2013-03-02","McDowell","398356","302527","95829"
"2013-03-03","McDowell","789752","596170","193582"
"2013-03-04","McDowell","951781","715052","236729"
"2013-03-05","McDowell","693236","518525","174711"
"2013-03-06","McDowell","561396","418989","142407"
"2013-03-07","McDowell","713764","536641","177123"
"2013-03-08","McDowell","650598","488658","161940"
"2013-03-09","McDowell","671620","496472","175148"
"2013-03-10","McDowell","701635","536734","164901"
"2013-03-11","McDowell","698048","528360","169688"
"2013-03-12","McDowell","685705","513653","172052"
"2013-03-13","McDowell","824672","626800","197872"
"2013-03-14","McDowell","847551","643048","204503"
"2013-03-15","McDowell","687506","514712","172794"
"2013-03-16","McDowell","489972","371680","118292"
"2013-03-17","McDowell","752125","560545","191580"
"2013-03-18","McDowell","779990","586421","193569"
"2013-03-19","McDowell","782859","585701","197158"
"2013-03-20","McDowell","907337","688380","218957"
"2013-03-21","McDowell","1000209","754237","245972"
"2013-03-22","McDowell","885111","671433","213678"
"2013-03-23","McDowell","481537","353854","127683"
"2013-03-24","McDowell","792014","591629","200385"
"2013-03-25","McDowell","664847","495140","169707"
"2013-03-26","McDowell","766674","567599","199075"
"2013-03-27","McDowell","993100","755769","237331"
"2013-03-28","McDowell","592953","442012","150941"
"2013-03-29","McDowell","904278","678342","225936"
"2013-03-30","McDowell","829135","626786","202349"
"2013-03-31","McDowell","736067","558060","178007"
"2013-04-01","McDowell","706979","539419","167560"
"2013-04-02","McDowell","968117","732657","235460"
"2013-04-03","McDowell","816608","610344","206264"
"2013-04-04","McDowell","804027","598833","205194"
"2013-04-05","McDowell","811333","612329","199004"
"2013-04-06","McDowell","888713","677309","211404"
"2013-04-07","McDowell","893769","676366","217403"
"2013-04-08","McDowell","953383","726801","226582"
"2013-04-09","McDowell","845677","638568","207109"
"2013-04-10","McDowell","964146","725492","238654"
"2013-04-11","McDowell","884371","670292","214079"
"2013-04-12","McDowell","824429","620791","203638"
"2013-04-13","McDowell","689038","514168","174870"
"2013-04-14","McDowell","799258","599092","200166"
"2013-04-15","McDowell","762279","577094","185185"
"2013-04-16","McDowell","781733","572242","209491"
"2013-04-17","McDowell","843026","638186","204840"
"2013-04-18","McDowell","745003","553655","191348"
"2013-04-19","McDowell","671736","493552","178184"
"2013-04-20","McDowell","836747","628946","207801"
"2013-04-21","McDowell","659314","493234","166080"
"2013-04-22","McDowell","1008234","746249","261985"
"2013-04-23","McDowell","790881","585818","205063"
"2013-04-24","McDowell","656748","476912","179836"
"2013-04-25","McDowell","784234","583961","200273"
"2013-04-26","McDowell","691166","508410","182756"
"2013-04-27","McDowell","735322","548532","186790"
"2013-04-28","McDowell","768765","587875","180890"
"2013-04-29","McDowell","961169","739735","221434"
"2013-04-30","McDowell","724193","528998","195195"
"2013-05-01","McDowell","427188","319611","107577"
"2013-05-02","McDowell","784866","596743","188123"
"2013-05-03","McDowell","773197","559881","213316"
"2013-05-04","McDowell","686843","503900","182943"
"2013-05-05","McDowell","1129732","847276","282456"
"2013-05-06","McDowell","814698","610359","204339"
"2013-05-07","McDowell","750018","568063","181955"
"2013-05-08","McDowell","747975","544133","203842"
"2013-05-09","McDowell","723619","529068","194551"
"2013-05-10","McDowell","926908","696687","230221"
"2013-05-11","McDowell","689591","503540","186051"
"2013-05-12","McDowell","850593","624999","225594"
"2013-05-13","McDowell","966047","722707","243340"
"2013-05-14","McDowell","821607","603249","218358"
"2013-05-15","McDowell","929234","693246","235988"
"2013-05-16","McDowell","943308","710548","232760"
"2013-05-17","McDowell","962941","711970","250971"
"2013-05-18","McDowell","778092","564339","213753"
"2013-05-19","McDowell","1084179","814392","269787"
"2013-05-20","McDowell","882797","651219","231578"
"2013-05-21","McDowell","856505","640283","216222"
"2013-05-22","McDowell","960305","728261","232044"
"2013-05-23","McDowell","953748","711978","241770"
"2013-05-24","McDowell","673863","481500","192363"
"2013-05-25","McDowell","871288","633146","238142"
"2013-05-26","McDowell","647788","487227","160561"
"2013-05-27","McDowell","875570","643270","232300"
"2013-05-28","McDowell","819848","609180","210668"
"2013-05-29","McDowell","728656","544921","183735"
"2013-05-30","McDowell","884803","648620","236183"
"2013-05-31","McDowell","449765","327255","122510"
"2008-06-01","Megachango","23980","16653","7327"
"2008-06-02","Megachango","18223","15959","2264"
"2008-06-03","Megachango","35776","27065","8711"
"2008-06-04","Megachango","106197","85314","20883"
"2008-06-05","Megachango","40972","33541","7431"
"2008-06-06","Megachango","49121","34761","14360"
"2008-06-07","Megachango","211169","171331","39838"
"2008-06-08","Megachango","110045","76392","33653"
"2008-06-09","Megachango","150758","130986","19772"
"2008-06-10","Megachango","97763","74871","22892"
"2008-06-11","Megachango","112171","84039","28132"
"2008-06-12","Megachango","96718","80626","16092"
"2008-06-13","Megachango","39583","30965","8618"
"2008-06-14","Megachango","50428","39242","11186"
"2008-06-15","Megachango","57830","46203","11627"
"2008-06-16","Megachango","82602","67446","15156"
"2008-06-17","Megachango","122024","97809","24215"
"2008-06-18","Megachango","67607","48866","18741"
"2008-06-19","Megachango","81329","68556","12773"
"2008-06-20","Megachango","44689","37893","6796"
"2008-06-21","Megachango","72891","55309","17582"
"2008-06-22","Megachango","50190","38476","11714"
"2008-06-23","Megachango","58395","45532","12863"
"2008-06-24","Megachango","141662","104007","37655"
"2008-06-25","Megachango","40224","34023","6201"
"2008-06-26","Megachango","225790","186399","39391"
"2008-06-27","Megachango","64614","50977","13637"
"2008-06-28","Megachango","61428","43348","18080"
"2008-06-29","Megachango","66838","52880","13958"
"2008-06-30","Megachango","102207","84111","18096"
"2008-07-01","Megachango","78279","63235","15044"
"2008-07-02","Megachango","57199","46399","10800"
"2008-07-03","Megachango","81317","59207","22110"
"2008-07-04","Megachango","74530","64005","10525"
"2008-07-05","Megachango","75065","60311","14754"
"2008-07-06","Megachango","50961","36895","14066"
"2008-07-07","Megachango","102474","81444","21030"
"2008-07-08","Megachango","109629","92714","16915"
"2008-07-09","Megachango","146380","118772","27608"
"2008-07-10","Megachango","57937","41635","16302"
"2008-07-11","Megachango","34151","21460","12691"
"2008-07-12","Megachango","54582","41494","13088"
"2008-07-13","Megachango","227352","196981","30371"
"2008-07-14","Megachango","84480","61117","23363"
"2008-07-15","Megachango","68086","47734","20352"
"2008-07-16","Megachango","47938","38663","9275"
"2008-07-17","Megachango","73927","55972","17955"
"2008-07-18","Megachango","83927","68964","14963"
"2008-07-19","Megachango","139221","118687","20534"
"2008-07-20","Megachango","87947","71263","16684"
"2008-07-21","Megachango","106657","78071","28586"
"2008-07-22","Megachango","45035","37488","7547"
"2008-07-23","Megachango","57048","46449","10599"
"2008-07-24","Megachango","90347","66249","24098"
"2008-07-25","Megachango","70711","56761","13950"
"2008-07-26","Megachango","113057","89204","23853"
"2008-07-27","Megachango","117329","83767","33562"
"2008-07-28","Megachango","72117","61736","10381"
"2008-07-29","Megachango","137541","111208","26333"
"2008-07-30","Megachango","139794","115486","24308"
"2008-07-31","Megachango","51676","37291","14385"
"2008-08-01","Megachango","114188","101306","12882"
"2008-08-02","Megachango","46820","42801","4019"
"2008-08-03","Megachango","53861","36576","17285"
"2008-08-04","Megachango","79253","69575","9678"
"2008-08-05","Megachango","66887","57266","9621"
"2008-08-06","Megachango","58998","48896","10102"
"2008-08-07","Megachango","156811","122492","34319"
"2008-08-08","Megachango","116617","101882","14735"
"2008-08-09","Megachango","73748","53209","20539"
"2008-08-10","Megachango","57829","44963","12866"
"2008-08-11","Megachango","87991","74968","13023"
"2008-08-12","Megachango","61216","53393","7823"
"2008-08-13","Megachango","82406","70707","11699"
"2008-08-14","Megachango","94542","71684","22858"
"2008-08-15","Megachango","121574","96655","24919"
"2008-08-16","Megachango","135296","107726","27570"
"2008-08-17","Megachango","45049","33072","11977"
"2008-08-18","Megachango","25751","17842","7909"
"2008-08-19","Megachango","76079","62470","13609"
"2008-08-20","Megachango","72247","60342","11905"
"2008-08-21","Megachango","39080","33290","5790"
"2008-08-22","Megachango","101194","83002","18192"
"2008-08-23","Megachango","153501","125215","28286"
"2008-08-24","Megachango","107447","86897","20550"
"2008-08-25","Megachango","68166","51283","16883"
"2008-08-26","Megachango","78090","62295","15795"
"2008-08-27","Megachango","52282","37600","14682"
"2008-08-28","Megachango","116494","96229","20265"
"2008-08-29","Megachango","63904","49681","14223"
"2008-08-30","Megachango","164007","121517","42490"
"2008-08-31","Megachango","72857","57231","15626"
"2008-09-01","Megachango","43479","32901","10578"
"2008-09-02","Megachango","93610","76837","16773"
"2008-09-03","Megachango","158971","132113","26858"
"2008-09-04","Megachango","174181","145513","28668"
"2008-09-05","Megachango","31279","22924","8355"
"2008-09-06","Megachango","157177","124499","32678"
"2008-09-07","Megachango","39322","28266","11056"
"2008-09-08","Megachango","60351","41446","18905"
"2008-09-09","Megachango","83527","69141","14386"
"2008-09-10","Megachango","81418","65394","16024"
"2008-09-11","Megachango","80049","68154","11895"
"2008-09-12","Megachango","69447","53188","16259"
"2008-09-13","Megachango","16215","10764","5451"
"2008-09-14","Megachango","122120","105351","16769"
"2008-09-15","Megachango","75357","53726","21631"
"2008-09-16","Megachango","34762","27346","7416"
"2008-09-17","Megachango","37779","28787","8992"
"2008-09-18","Megachango","76284","65436","10848"
"2008-09-19","Megachango","147636","112674","34962"
"2008-09-20","Megachango","115206","92736","22470"
"2008-09-21","Megachango","146673","119943","26730"
"2008-09-22","Megachango","53020","43306","9714"
"2008-09-23","Megachango","80614","66922","13692"
"2008-09-24","Megachango","104396","84435","19961"
"2008-09-25","Megachango","82973","66383","16590"
"2008-09-26","Megachango","48035","36202","11833"
"2008-09-27","Megachango","69229","53254","15975"
"2008-09-28","Megachango","71661","60127","11534"
"2008-09-29","Megachango","65570","54255","11315"
"2008-09-30","Megachango","146064","127489","18575"
"2008-10-01","Megachango","57881","41567","16314"
"2008-10-02","Megachango","101084","82326","18758"
"2008-10-03","Megachango","125066","96828","28238"
"2008-10-04","Megachango","58636","47257","11379"
"2008-10-05","Megachango","67025","46479","20546"
"2008-10-06","Megachango","84735","61897","22838"
"2008-10-07","Megachango","168376","129844","38532"
"2008-10-08","Megachango","26314","17778","8536"
"2008-10-09","Megachango","45769","39833","5936"
"2008-10-10","Megachango","100876","83859","17017"
"2008-10-11","Megachango","121814","100946","20868"
"2008-10-12","Megachango","193447","164050","29397"
"2008-10-13","Megachango","34511","26467","8044"
"2008-10-14","Megachango","47805","36752","11053"
"2008-10-15","Megachango","112176","93246","18930"
"2008-10-16","Megachango","125106","106216","18890"
"2008-10-17","Megachango","120749","91304","29445"
"2008-10-18","Megachango","42561","32693","9868"
"2008-10-19","Megachango","69010","57480","11530"
"2008-10-20","Megachango","50180","43668","6512"
"2008-10-21","Megachango","51544","39676","11868"
"2008-10-22","Megachango","109548","84152","25396"
"2008-10-23","Megachango","263441","221594","41847"
"2008-10-24","Megachango","38797","30549","8248"
"2008-10-25","Megachango","69416","45686","23730"
"2008-10-26","Megachango","52941","47385","5556"
"2008-10-27","Megachango","58873","49557","9316"
"2008-10-28","Megachango","61827","48986","12841"
"2008-10-29","Megachango","98124","81123","17001"
"2008-10-30","Megachango","86493","71127","15366"
"2008-10-31","Megachango","65627","56347","9280"
"2008-11-01","Megachango","145205","118839","26366"
"2008-11-02","Megachango","45690","36163","9527"
"2008-11-03","Megachango","66871","56396","10475"
"2008-11-04","Megachango","56210","40414","15796"
"2008-11-05","Megachango","16951","9412","7539"
"2008-11-06","Megachango","61833","48856","12977"
"2008-11-07","Megachango","107546","84336","23210"
"2008-11-08","Megachango","48810","33632","15178"
"2008-11-09","Megachango","34729","21021","13708"
"2008-11-10","Megachango","99289","78065","21224"
"2008-11-11","Megachango","174652","139248","35404"
"2008-11-12","Megachango","128908","111751","17157"
"2008-11-13","Megachango","177502","159426","18076"
"2008-11-14","Megachango","41027","29813","11214"
"2008-11-15","Megachango","137854","107895","29959"
"2008-11-16","Megachango","36597","23717","12880"
"2008-11-17","Megachango","47808","37465","10343"
"2008-11-18","Megachango","129516","108307","21209"
"2008-11-19","Megachango","83129","69849","13280"
"2008-11-20","Megachango","40502","27821","12681"
"2008-11-21","Megachango","155713","133384","22329"
"2008-11-22","Megachango","48177","40016","8161"
"2008-11-23","Megachango","81534","62641","18893"
"2008-11-24","Megachango","70095","61625","8470"
"2008-11-25","Megachango","204437","168166","36271"
"2008-11-26","Megachango","80023","63784","16239"
"2008-11-27","Megachango","85837","70166","15671"
"2008-11-28","Megachango","37695","25816","11879"
"2008-11-29","Megachango","49828","40895","8933"
"2008-11-30","Megachango","97935","80075","17860"
"2008-12-01","Megachango","151187","127961","23226"
"2008-12-02","Megachango","108401","79425","28976"
"2008-12-03","Megachango","14555","12225","2330"
"2008-12-04","Megachango","71622","56741","14881"
"2008-12-05","Megachango","122116","97887","24229"
"2008-12-06","Megachango","120034","90033","30001"
"2008-12-07","Megachango","48135","38189","9946"
"2008-12-08","Megachango","102905","81852","21053"
"2008-12-09","Megachango","99395","85203","14192"
"2008-12-10","Megachango","98355","79419","18936"
"2008-12-11","Megachango","102316","84720","17596"
"2008-12-12","Megachango","139522","116884","22638"
"2008-12-13","Megachango","98397","81614","16783"
"2008-12-14","Megachango","226139","178463","47676"
"2008-12-15","Megachango","105138","87659","17479"
"2008-12-16","Megachango","79729","66429","13300"
"2008-12-17","Megachango","94206","68290","25916"
"2008-12-18","Megachango","46749","36313","10436"
"2008-12-19","Megachango","50839","42053","8786"
"2008-12-20","Megachango","23960","19354","4606"
"2008-12-21","Megachango","100615","84750","15865"
"2008-12-22","Megachango","190541","151756","38785"
"2008-12-23","Megachango","69190","54448","14742"
"2008-12-24","Megachango","92736","75669","17067"
"2008-12-25","Megachango","76605","66315","10290"
"2008-12-26","Megachango","60498","42854","17644"
"2008-12-27","Megachango","54265","40693","13572"
"2008-12-28","Megachango","120195","102823","17372"
"2008-12-29","Megachango","63496","52305","11191"
"2008-12-30","Megachango","83287","70423","12864"
"2008-12-31","Megachango","45446","37226","8220"
"2009-01-01","Megachango","99675","71462","28213"
"2009-01-02","Megachango","203770","163164","40606"
"2009-01-03","Megachango","180397","145562","34835"
"2009-01-04","Megachango","253333","212723","40610"
"2009-01-05","Megachango","141177","93952","47225"
"2009-01-06","Megachango","194818","158432","36386"
"2009-01-07","Megachango","114937","81532","33405"
"2009-01-08","Megachango","140445","107665","32780"
"2009-01-09","Megachango","177670","146656","31014"
"2009-01-10","Megachango","205311","162014","43297"
"2009-01-11","Megachango","195782","156559","39223"
"2009-01-12","Megachango","262267","209376","52891"
"2009-01-13","Megachango","85616","73090","12526"
"2009-01-14","Megachango","179747","145929","33818"
"2009-01-15","Megachango","165861","129402","36459"
"2009-01-16","Megachango","209788","155152","54636"
"2009-01-17","Megachango","364485","305130","59355"
"2009-01-18","Megachango","226900","187800","39100"
"2009-01-19","Megachango","182115","148077","34038"
"2009-01-20","Megachango","48409","36148","12261"
"2009-01-21","Megachango","123759","92826","30933"
"2009-01-22","Megachango","131574","108230","23344"
"2009-01-23","Megachango","248694","185152","63542"
"2009-01-24","Megachango","218056","177493","40563"
"2009-01-25","Megachango","103406","82183","21223"
"2009-01-26","Megachango","154637","122481","32156"
"2009-01-27","Megachango","113785","79790","33995"
"2009-01-28","Megachango","176948","137229","39719"
"2009-01-29","Megachango","154940","123863","31077"
"2009-01-30","Megachango","136346","111943","24403"
"2009-01-31","Megachango","144627","115994","28633"
"2009-02-01","Megachango","90850","66556","24294"
"2009-02-02","Megachango","216071","182225","33846"
"2009-02-03","Megachango","177949","139345","38604"
"2009-02-04","Megachango","129790","110495","19295"
"2009-02-05","Megachango","186293","151582","34711"
"2009-02-06","Megachango","151346","125094","26252"
"2009-02-07","Megachango","129653","100858","28795"
"2009-02-08","Megachango","148714","122627","26087"
"2009-02-09","Megachango","186576","141301","45275"
"2009-02-10","Megachango","147511","123321","24190"
"2009-02-11","Megachango","117612","95196","22416"
"2009-02-12","Megachango","130751","98898","31853"
"2009-02-13","Megachango","95433","72727","22706"
"2009-02-14","Megachango","166552","140380","26172"
"2009-02-15","Megachango","121874","97236","24638"
"2009-02-16","Megachango","95041","77672","17369"
"2009-02-17","Megachango","130656","99625","31031"
"2009-02-18","Megachango","59768","44335","15433"
"2009-02-19","Megachango","314369","264163","50206"
"2009-02-20","Megachango","210062","168415","41647"
"2009-02-21","Megachango","119395","92335","27060"
"2009-02-22","Megachango","211110","167587","43523"
"2009-02-23","Megachango","217636","184187","33449"
"2009-02-24","Megachango","86679","65263","21416"
"2009-02-25","Megachango","129404","97975","31429"
"2009-02-26","Megachango","144559","119658","24901"
"2009-02-27","Megachango","169862","136176","33686"
"2009-02-28","Megachango","179560","139988","39572"
"2009-03-01","Megachango","103861","82190","21671"
"2009-03-02","Megachango","151185","111242","39943"
"2009-03-03","Megachango","91014","69539","21475"
"2009-03-04","Megachango","206052","173586","32466"
"2009-03-05","Megachango","65060","50005","15055"
"2009-03-06","Megachango","94236","74560","19676"
"2009-03-07","Megachango","164414","136987","27427"
"2009-03-08","Megachango","85890","68728","17162"
"2009-03-09","Megachango","139664","113161","26503"
"2009-03-10","Megachango","119837","96946","22891"
"2009-03-11","Megachango","163564","134417","29147"
"2009-03-12","Megachango","159331","130054","29277"
"2009-03-13","Megachango","252070","213356","38714"
"2009-03-14","Megachango","184827","151096","33731"
"2009-03-15","Megachango","113229","92292","20937"
"2009-03-16","Megachango","218387","182905","35482"
"2009-03-17","Megachango","183825","148071","35754"
"2009-03-18","Megachango","108105","78786","29319"
"2009-03-19","Megachango","76233","58221","18012"
"2009-03-20","Megachango","71137","55742","15395"
"2009-03-21","Megachango","43905","32955","10950"
"2009-03-22","Megachango","173338","137832","35506"
"2009-03-23","Megachango","85790","72884","12906"
"2009-03-24","Megachango","300476","240867","59609"
"2009-03-25","Megachango","263621","212231","51390"
"2009-03-26","Megachango","195746","159077","36669"
"2009-03-27","Megachango","174009","145276","28733"
"2009-03-28","Megachango","78230","60593","17637"
"2009-03-29","Megachango","154532","127345","27187"
"2009-03-30","Megachango","324309","279649","44660"
"2009-03-31","Megachango","149132","121431","27701"
"2009-04-01","Megachango","210765","178295","32470"
"2009-04-02","Megachango","175916","145441","30475"
"2009-04-03","Megachango","226260","182054","44206"
"2009-04-04","Megachango","131991","110924","21067"
"2009-04-05","Megachango","151978","117659","34319"
"2009-04-06","Megachango","144517","112840","31677"
"2009-04-07","Megachango","156274","108657","47617"
"2009-04-08","Megachango","255396","192972","62424"
"2009-04-09","Megachango","193405","154943","38462"
"2009-04-10","Megachango","105438","87063","18375"
"2009-04-11","Megachango","265245","207255","57990"
"2009-04-12","Megachango","105789","90511","15278"
"2009-04-13","Megachango","63487","43988","19499"
"2009-04-14","Megachango","114494","93346","21148"
"2009-04-15","Megachango","278681","217480","61201"
"2009-04-16","Megachango","156118","127694","28424"
"2009-04-17","Megachango","229141","180065","49076"
"2009-04-18","Megachango","102402","80127","22275"
"2009-04-19","Megachango","163919","134017","29902"
"2009-04-20","Megachango","63790","51284","12506"
"2009-04-21","Megachango","120684","92468","28216"
"2009-04-22","Megachango","85684","64915","20769"
"2009-04-23","Megachango","237688","188462","49226"
"2009-04-24","Megachango","258097","214466","43631"
"2009-04-25","Megachango","79203","60570","18633"
"2009-04-26","Megachango","171143","136375","34768"
"2009-04-27","Megachango","198795","156840","41955"
"2009-04-28","Megachango","302938","242784","60154"
"2009-04-29","Megachango","153182","125840","27342"
"2009-04-30","Megachango","133981","110742","23239"
"2009-05-01","Megachango","229987","183388","46599"
"2009-05-02","Megachango","176958","153734","23224"
"2009-05-03","Megachango","138685","112166","26519"
"2009-05-04","Megachango","89881","68332","21549"
"2009-05-05","Megachango","181102","141100","40002"
"2009-05-06","Megachango","108998","84505","24493"
"2009-05-07","Megachango","178798","152026","26772"
"2009-05-08","Megachango","118024","100127","17897"
"2009-05-09","Megachango","252808","188961","63847"
"2009-05-10","Megachango","196823","157469","39354"
"2009-05-11","Megachango","149191","119239","29952"
"2009-05-12","Megachango","183256","148807","34449"
"2009-05-13","Megachango","206735","165794","40941"
"2009-05-14","Megachango","175065","129541","45524"
"2009-05-15","Megachango","145329","124269","21060"
"2009-05-16","Megachango","100223","83595","16628"
"2009-05-17","Megachango","130729","89779","40950"
"2009-05-18","Megachango","219023","185234","33789"
"2009-05-19","Megachango","94997","72891","22106"
"2009-05-20","Megachango","200893","169680","31213"
"2009-05-21","Megachango","220605","168107","52498"
"2009-05-22","Megachango","123969","95025","28944"
"2009-05-23","Megachango","158676","126503","32173"
"2009-05-24","Megachango","151525","118830","32695"
"2009-05-25","Megachango","151004","112126","38878"
"2009-05-26","Megachango","94269","77368","16901"
"2009-05-27","Megachango","59380","49679","9701"
"2009-05-28","Megachango","89204","76473","12731"
"2009-05-29","Megachango","211221","161969","49252"
"2009-05-30","Megachango","217377","183369","34008"
"2009-05-31","Megachango","283970","235200","48770"
"2009-06-01","Megachango","88816","69744","19072"
"2009-06-02","Megachango","154934","120274","34660"
"2009-06-03","Megachango","239935","185877","54058"
"2009-06-04","Megachango","168377","127227","41150"
"2009-06-05","Megachango","269166","210183","58983"
"2009-06-06","Megachango","305515","244401","61114"
"2009-06-07","Megachango","171123","124570","46553"
"2009-06-08","Megachango","166290","140824","25466"
"2009-06-09","Megachango","184595","140373","44222"
"2009-06-10","Megachango","279992","225355","54637"
"2009-06-11","Megachango","189489","156253","33236"
"2009-06-12","Megachango","249992","207883","42109"
"2009-06-13","Megachango","177937","138163","39774"
"2009-06-14","Megachango","254420","205562","48858"
"2009-06-15","Megachango","298617","245907","52710"
"2009-06-16","Megachango","104235","78738","25497"
"2009-06-17","Megachango","294058","239896","54162"
"2009-06-18","Megachango","229124","194522","34602"
"2009-06-19","Megachango","174514","130280","44234"
"2009-06-20","Megachango","136312","106140","30172"
"2009-06-21","Megachango","189878","151052","38826"
"2009-06-22","Megachango","200080","161029","39051"
"2009-06-23","Megachango","235458","197819","37639"
"2009-06-24","Megachango","283190","228363","54827"
"2009-06-25","Megachango","222811","184618","38193"
"2009-06-26","Megachango","174596","140546","34050"
"2009-06-27","Megachango","351844","293858","57986"
"2009-06-28","Megachango","169416","132088","37328"
"2009-06-29","Megachango","134462","102786","31676"
"2009-06-30","Megachango","197348","157763","39585"
"2009-07-01","Megachango","230490","187370","43120"
"2009-07-02","Megachango","260556","200618","59938"
"2009-07-03","Megachango","229434","185246","44188"
"2009-07-04","Megachango","371366","305981","65385"
"2009-07-05","Megachango","376900","298481","78419"
"2009-07-06","Megachango","244726","193242","51484"
"2009-07-07","Megachango","211651","172142","39509"
"2009-07-08","Megachango","129763","97441","32322"
"2009-07-09","Megachango","183236","152123","31113"
"2009-07-10","Megachango","194704","159921","34783"
"2009-07-11","Megachango","234454","181332","53122"
"2009-07-12","Megachango","184971","147314","37657"
"2009-07-13","Megachango","179428","143244","36184"
"2009-07-14","Megachango","185303","153048","32255"
"2009-07-15","Megachango","267831","226261","41570"
"2009-07-16","Megachango","192968","159320","33648"
"2009-07-17","Megachango","303754","254809","48945"
"2009-07-18","Megachango","157849","116254","41595"
"2009-07-19","Megachango","145806","110904","34902"
"2009-07-20","Megachango","167350","134276","33074"
"2009-07-21","Megachango","158342","125804","32538"
"2009-07-22","Megachango","189031","147640","41391"
"2009-07-23","Megachango","314223","257969","56254"
"2009-07-24","Megachango","231964","184794","47170"
"2009-07-25","Megachango","129159","107571","21588"
"2009-07-26","Megachango","281938","236981","44957"
"2009-07-27","Megachango","277616","213614","64002"
"2009-07-28","Megachango","183330","143708","39622"
"2009-07-29","Megachango","188865","146424","42441"
"2009-07-30","Megachango","163295","128586","34709"
"2009-07-31","Megachango","281441","227792","53649"
"2009-08-01","Megachango","174788","128748","46040"
"2009-08-02","Megachango","95080","77012","18068"
"2009-08-03","Megachango","270790","231549","39241"
"2009-08-04","Megachango","201108","142549","58559"
"2009-08-05","Megachango","234097","190523","43574"
"2009-08-06","Megachango","173334","131996","41338"
"2009-08-07","Megachango","279709","220758","58951"
"2009-08-08","Megachango","316869","260855","56014"
"2009-08-09","Megachango","169768","130454","39314"
"2009-08-10","Megachango","256071","203251","52820"
"2009-08-11","Megachango","198510","160575","37935"
"2009-08-12","Megachango","188644","148554","40090"
"2009-08-13","Megachango","325102","246059","79043"
"2009-08-14","Megachango","133480","103496","29984"
"2009-08-15","Megachango","143772","121574","22198"
"2009-08-16","Megachango","222092","163229","58863"
"2009-08-17","Megachango","163047","113090","49957"
"2009-08-18","Megachango","237429","185397","52032"
"2009-08-19","Megachango","331936","275914","56022"
"2009-08-20","Megachango","271175","211795","59380"
"2009-08-21","Megachango","137067","107297","29770"
"2009-08-22","Megachango","252634","211017","41617"
"2009-08-23","Megachango","205729","162713","43016"
"2009-08-24","Megachango","238714","193902","44812"
"2009-08-25","Megachango","182628","150349","32279"
"2009-08-26","Megachango","228947","186102","42845"
"2009-08-27","Megachango","323444","263185","60259"
"2009-08-28","Megachango","310348","253344","57004"
"2009-08-29","Megachango","292702","236298","56404"
"2009-08-30","Megachango","222642","165290","57352"
"2009-08-31","Megachango","349437","276258","73179"
"2009-09-01","Megachango","250613","201597","49016"
"2009-09-02","Megachango","86323","65941","20382"
"2009-09-03","Megachango","165485","125417","40068"
"2009-09-04","Megachango","263552","209632","53920"
"2009-09-05","Megachango","158210","124874","33336"
"2009-09-06","Megachango","197141","160938","36203"
"2009-09-07","Megachango","264096","211497","52599"
"2009-09-08","Megachango","151811","115951","35860"
"2009-09-09","Megachango","239811","195134","44677"
"2009-09-10","Megachango","164838","134723","30115"
"2009-09-11","Megachango","283746","229049","54697"
"2009-09-12","Megachango","209049","164826","44223"
"2009-09-13","Megachango","171147","135862","35285"
"2009-09-14","Megachango","254455","208601","45854"
"2009-09-15","Megachango","304849","250402","54447"
"2009-09-16","Megachango","177156","136973","40183"
"2009-09-17","Megachango","178354","140276","38078"
"2009-09-18","Megachango","274422","235402","39020"
"2009-09-19","Megachango","260555","214234","46321"
"2009-09-20","Megachango","234970","180309","54661"
"2009-09-21","Megachango","81941","54217","27724"
"2009-09-22","Megachango","151040","110374","40666"
"2009-09-23","Megachango","167762","139123","28639"
"2009-09-24","Megachango","207824","171747","36077"
"2009-09-25","Megachango","184143","154498","29645"
"2009-09-26","Megachango","130957","104071","26886"
"2009-09-27","Megachango","248470","206718","41752"
"2009-09-28","Megachango","334727","274614","60113"
"2009-09-29","Megachango","278370","229396","48974"
"2009-09-30","Megachango","237780","178161","59619"
"2009-10-01","Megachango","223703","179613","44090"
"2009-10-02","Megachango","172998","146611","26387"
"2009-10-03","Megachango","246063","208837","37226"
"2009-10-04","Megachango","286785","248253","38532"
"2009-10-05","Megachango","324326","275612","48714"
"2009-10-06","Megachango","276318","226296","50022"
"2009-10-07","Megachango","340144","270819","69325"
"2009-10-08","Megachango","203154","157196","45958"
"2009-10-09","Megachango","173286","138142","35144"
"2009-10-10","Megachango","146236","116826","29410"
"2009-10-11","Megachango","116952","84267","32685"
"2009-10-12","Megachango","231737","189157","42580"
"2009-10-13","Megachango","279937","220128","59809"
"2009-10-14","Megachango","274096","230593","43503"
"2009-10-15","Megachango","287107","222963","64144"
"2009-10-16","Megachango","260026","214925","45101"
"2009-10-17","Megachango","192150","157855","34295"
"2009-10-18","Megachango","240055","181765","58290"
"2009-10-19","Megachango","269606","206876","62730"
"2009-10-20","Megachango","227760","190237","37523"
"2009-10-21","Megachango","205637","167058","38579"
"2009-10-22","Megachango","154653","122279","32374"
"2009-10-23","Megachango","267333","218843","48490"
"2009-10-24","Megachango","111932","87488","24444"
"2009-10-25","Megachango","196909","160435","36474"
"2009-10-26","Megachango","243298","193753","49545"
"2009-10-27","Megachango","210263","164505","45758"
"2009-10-28","Megachango","168074","132574","35500"
"2009-10-29","Megachango","269465","210511","58954"
"2009-10-30","Megachango","190439","160062","30377"
"2009-10-31","Megachango","237025","197446","39579"
"2009-11-01","Megachango","210392","171640","38752"
"2009-11-02","Megachango","246692","208834","37858"
"2009-11-03","Megachango","362654","302584","60070"
"2009-11-04","Megachango","273144","215503","57641"
"2009-11-05","Megachango","146113","120047","26066"
"2009-11-06","Megachango","268272","214101","54171"
"2009-11-07","Megachango","235156","190327","44829"
"2009-11-08","Megachango","186168","147213","38955"
"2009-11-09","Megachango","262418","208556","53862"
"2009-11-10","Megachango","187189","153096","34093"
"2009-11-11","Megachango","118753","83562","35191"
"2009-11-12","Megachango","119839","97890","21949"
"2009-11-13","Megachango","123949","96813","27136"
"2009-11-14","Megachango","143594","119641","23953"
"2009-11-15","Megachango","178321","149087","29234"
"2009-11-16","Megachango","113974","83629","30345"
"2009-11-17","Megachango","216408","157956","58452"
"2009-11-18","Megachango","290656","238015","52641"
"2009-11-19","Megachango","171153","132054","39099"
"2009-11-20","Megachango","209744","170066","39678"
"2009-11-21","Megachango","366896","289616","77280"
"2009-11-22","Megachango","199000","163724","35276"
"2009-11-23","Megachango","267126","216291","50835"
"2009-11-24","Megachango","319364","268144","51220"
"2009-11-25","Megachango","172713","133964","38749"
"2009-11-26","Megachango","226048","177613","48435"
"2009-11-27","Megachango","149465","123503","25962"
"2009-11-28","Megachango","400210","317137","83073"
"2009-11-29","Megachango","109525","83764","25761"
"2009-11-30","Megachango","182347","140568","41779"
"2009-12-01","Megachango","211213","168483","42730"
"2009-12-02","Megachango","357718","305693","52025"
"2009-12-03","Megachango","95720","70364","25356"
"2009-12-04","Megachango","302736","232104","70632"
"2009-12-05","Megachango","138359","105330","33029"
"2009-12-06","Megachango","255475","203231","52244"
"2009-12-07","Megachango","177299","133391","43908"
"2009-12-08","Megachango","156156","117969","38187"
"2009-12-09","Megachango","220631","178128","42503"
"2009-12-10","Megachango","231226","182771","48455"
"2009-12-11","Megachango","195075","156549","38526"
"2009-12-12","Megachango","129017","108710","20307"
"2009-12-13","Megachango","339798","277011","62787"
"2009-12-14","Megachango","176693","137202","39491"
"2009-12-15","Megachango","234503","184521","49982"
"2009-12-16","Megachango","236515","195535","40980"
"2009-12-17","Megachango","141902","114029","27873"
"2009-12-18","Megachango","164678","136840","27838"
"2009-12-19","Megachango","188451","145229","43222"
"2009-12-20","Megachango","319160","248397","70763"
"2009-12-21","Megachango","266271","205542","60729"
"2009-12-22","Megachango","236737","195131","41606"
"2009-12-23","Megachango","289139","239163","49976"
"2009-12-24","Megachango","109014","82225","26789"
"2009-12-25","Megachango","274033","226373","47660"
"2009-12-26","Megachango","203261","157789","45472"
"2009-12-27","Megachango","132558","101350","31208"
"2009-12-28","Megachango","278784","227125","51659"
"2009-12-29","Megachango","322086","252567","69519"
"2009-12-30","Megachango","145570","106776","38794"
"2009-12-31","Megachango","165981","121565","44416"
"2010-01-01","Megachango","280264","226208","54056"
"2010-01-02","Megachango","328042","267042","61000"
"2010-01-03","Megachango","392779","326282","66497"
"2010-01-04","Megachango","216287","171710","44577"
"2010-01-05","Megachango","433593","355673","77920"
"2010-01-06","Megachango","387145","321090","66055"
"2010-01-07","Megachango","377290","311208","66082"
"2010-01-08","Megachango","275574","211322","64252"
"2010-01-09","Megachango","437573","362679","74894"
"2010-01-10","Megachango","384681","324110","60571"
"2010-01-11","Megachango","269404","219592","49812"
"2010-01-12","Megachango","264944","222736","42208"
"2010-01-13","Megachango","266539","208979","57560"
"2010-01-14","Megachango","283744","217967","65777"
"2010-01-15","Megachango","149423","113485","35938"
"2010-01-16","Megachango","298852","243575","55277"
"2010-01-17","Megachango","345778","288057","57721"
"2010-01-18","Megachango","372394","279661","92733"
"2010-01-19","Megachango","235123","187655","47468"
"2010-01-20","Megachango","258517","210260","48257"
"2010-01-21","Megachango","227657","174593","53064"
"2010-01-22","Megachango","374457","299222","75235"
"2010-01-23","Megachango","290902","242495","48407"
"2010-01-24","Megachango","126204","99806","26398"
"2010-01-25","Megachango","179080","140008","39072"
"2010-01-26","Megachango","225667","180148","45519"
"2010-01-27","Megachango","369062","295474","73588"
"2010-01-28","Megachango","395152","322511","72641"
"2010-01-29","Megachango","383004","298364","84640"
"2010-01-30","Megachango","310492","244052","66440"
"2010-01-31","Megachango","261523","205618","55905"
"2010-02-01","Megachango","259148","190034","69114"
"2010-02-02","Megachango","332540","262998","69542"
"2010-02-03","Megachango","360147","295183","64964"
"2010-02-04","Megachango","185459","135256","50203"
"2010-02-05","Megachango","371670","285870","85800"
"2010-02-06","Megachango","404055","312537","91518"
"2010-02-07","Megachango","385432","317449","67983"
"2010-02-08","Megachango","183287","140314","42973"
"2010-02-09","Megachango","261210","205652","55558"
"2010-02-10","Megachango","238861","193651","45210"
"2010-02-11","Megachango","445079","336445","108634"
"2010-02-12","Megachango","320056","247471","72585"
"2010-02-13","Megachango","266656","217912","48744"
"2010-02-14","Megachango","403967","331890","72077"
"2010-02-15","Megachango","385904","324396","61508"
"2010-02-16","Megachango","260145","209586","50559"
"2010-02-17","Megachango","279789","215262","64527"
"2010-02-18","Megachango","280777","220239","60538"
"2010-02-19","Megachango","343235","274450","68785"
"2010-02-20","Megachango","284003","223042","60961"
"2010-02-21","Megachango","224696","166491","58205"
"2010-02-22","Megachango","300306","228425","71881"
"2010-02-23","Megachango","289760","241180","48580"
"2010-02-24","Megachango","327838","270653","57185"
"2010-02-25","Megachango","250711","190381","60330"
"2010-02-26","Megachango","472698","374958","97740"
"2010-02-27","Megachango","412081","344653","67428"
"2010-02-28","Megachango","296207","241510","54697"
"2010-03-01","Megachango","290776","239773","51003"
"2010-03-02","Megachango","343302","271186","72116"
"2010-03-03","Megachango","343116","274361","68755"
"2010-03-04","Megachango","368394","296569","71825"
"2010-03-05","Megachango","293621","244677","48944"
"2010-03-06","Megachango","376172","308964","67208"
"2010-03-07","Megachango","188075","142360","45715"
"2010-03-08","Megachango","345466","279145","66321"
"2010-03-09","Megachango","203625","161951","41674"
"2010-03-10","Megachango","384458","315907","68551"
"2010-03-11","Megachango","268414","215410","53004"
"2010-03-12","Megachango","343883","268252","75631"
"2010-03-13","Megachango","298814","237981","60833"
"2010-03-14","Megachango","301640","245640","56000"
"2010-03-15","Megachango","311395","230930","80465"
"2010-03-16","Megachango","399073","331869","67204"
"2010-03-17","Megachango","470383","377193","93190"
"2010-03-18","Megachango","317299","250496","66803"
"2010-03-19","Megachango","242566","188739","53827"
"2010-03-20","Megachango","347319","285051","62268"
"2010-03-21","Megachango","460736","374002","86734"
"2010-03-22","Megachango","352954","280105","72849"
"2010-03-23","Megachango","422164","327650","94514"
"2010-03-24","Megachango","393876","329333","64543"
"2010-03-25","Megachango","433100","358184","74916"
"2010-03-26","Megachango","388608","324013","64595"
"2010-03-27","Megachango","202075","157977","44098"
"2010-03-28","Megachango","272946","219994","52952"
"2010-03-29","Megachango","302972","239165","63807"
"2010-03-30","Megachango","278603","225351","53252"
"2010-03-31","Megachango","430421","349460","80961"
"2010-04-01","Megachango","400898","322588","78310"
"2010-04-02","Megachango","231184","179577","51607"
"2010-04-03","Megachango","311233","243915","67318"
"2010-04-04","Megachango","250072","188635","61437"
"2010-04-05","Megachango","342909","275937","66972"
"2010-04-06","Megachango","201251","159924","41327"
"2010-04-07","Megachango","264422","202470","61952"
"2010-04-08","Megachango","148234","111924","36310"
"2010-04-09","Megachango","295792","224524","71268"
"2010-04-10","Megachango","311338","241387","69951"
"2010-04-11","Megachango","336689","279386","57303"
"2010-04-12","Megachango","463680","361509","102171"
"2010-04-13","Megachango","372276","307070","65206"
"2010-04-14","Megachango","408174","314912","93262"
"2010-04-15","Megachango","328540","261354","67186"
"2010-04-16","Megachango","408168","344747","63421"
"2010-04-17","Megachango","343613","263021","80592"
"2010-04-18","Megachango","280469","201804","78665"
"2010-04-19","Megachango","296237","240959","55278"
"2010-04-20","Megachango","315041","228718","86323"
"2010-04-21","Megachango","317540","253371","64169"
"2010-04-22","Megachango","317277","242339","74938"
"2010-04-23","Megachango","447349","361854","85495"
"2010-04-24","Megachango","271333","212781","58552"
"2010-04-25","Megachango","274801","228013","46788"
"2010-04-26","Megachango","224371","166294","58077"
"2010-04-27","Megachango","229917","176059","53858"
"2010-04-28","Megachango","260295","192279","68016"
"2010-04-29","Megachango","437044","345865","91179"
"2010-04-30","Megachango","317045","256018","61027"
"2010-05-01","Megachango","248525","205467","43058"
"2010-05-02","Megachango","305744","240494","65250"
"2010-05-03","Megachango","142586","119496","23090"
"2010-05-04","Megachango","397929","315746","82183"
"2010-05-05","Megachango","405695","331023","74672"
"2010-05-06","Megachango","348385","289482","58903"
"2010-05-07","Megachango","359597","294292","65305"
"2010-05-08","Megachango","383183","306290","76893"
"2010-05-09","Megachango","272002","219699","52303"
"2010-05-10","Megachango","440280","354238","86042"
"2010-05-11","Megachango","318809","244141","74668"
"2010-05-12","Megachango","281595","201704","79891"
"2010-05-13","Megachango","254749","185734","69015"
"2010-05-14","Megachango","273607","215401","58206"
"2010-05-15","Megachango","363319","297316","66003"
"2010-05-16","Megachango","380605","306812","73793"
"2010-05-17","Megachango","263864","189584","74280"
"2010-05-18","Megachango","365166","280048","85118"
"2010-05-19","Megachango","239111","188734","50377"
"2010-05-20","Megachango","371286","310666","60620"
"2010-05-21","Megachango","353849","281387","72462"
"2010-05-22","Megachango","342340","253972","88368"
"2010-05-23","Megachango","466944","396384","70560"
"2010-05-24","Megachango","202826","157700","45126"
"2010-05-25","Megachango","378952","302058","76894"
"2010-05-26","Megachango","193947","150959","42988"
"2010-05-27","Megachango","267671","225771","41900"
"2010-05-28","Megachango","233516","181874","51642"
"2010-05-29","Megachango","392036","319774","72262"
"2010-05-30","Megachango","356669","281853","74816"
"2010-05-31","Megachango","287326","238106","49220"
"2010-06-01","Megachango","302809","246402","56407"
"2010-06-02","Megachango","541117","426156","114961"
"2010-06-03","Megachango","629611","506103","123508"
"2010-06-04","Megachango","374059","286304","87755"
"2010-06-05","Megachango","593961","471088","122873"
"2010-06-06","Megachango","513137","402918","110219"
"2010-06-07","Megachango","671181","537771","133410"
"2010-06-08","Megachango","499010","398407","100603"
"2010-06-09","Megachango","790435","649482","140953"
"2010-06-10","Megachango","406047","323926","82121"
"2010-06-11","Megachango","519735","412968","106767"
"2010-06-12","Megachango","715181","584291","130890"
"2010-06-13","Megachango","510422","402870","107552"
"2010-06-14","Megachango","613979","512019","101960"
"2010-06-15","Megachango","442602","347975","94627"
"2010-06-16","Megachango","483024","392797","90227"
"2010-06-17","Megachango","510378","406731","103647"
"2010-06-18","Megachango","653355","513413","139942"
"2010-06-19","Megachango","584138","447870","136268"
"2010-06-20","Megachango","511241","413814","97427"
"2010-06-21","Megachango","508758","401716","107042"
"2010-06-22","Megachango","466013","364691","101322"
"2010-06-23","Megachango","506810","403415","103395"
"2010-06-24","Megachango","670979","530057","140922"
"2010-06-25","Megachango","447181","321874","125307"
"2010-06-26","Megachango","561863","443359","118504"
"2010-06-27","Megachango","816405","675376","141029"
"2010-06-28","Megachango","636866","500964","135902"
"2010-06-29","Megachango","684734","570980","113754"
"2010-06-30","Megachango","553040","454408","98632"
"2010-07-01","Megachango","583725","476011","107714"
"2010-07-02","Megachango","525670","405207","120463"
"2010-07-03","Megachango","485599","391026","94573"
"2010-07-04","Megachango","472810","375743","97067"
"2010-07-05","Megachango","665903","517339","148564"
"2010-07-06","Megachango","682285","534606","147679"
"2010-07-07","Megachango","458229","358675","99554"
"2010-07-08","Megachango","433842","336391","97451"
"2010-07-09","Megachango","537125","439881","97244"
"2010-07-10","Megachango","620206","502737","117469"
"2010-07-11","Megachango","537356","440557","96799"
"2010-07-12","Megachango","676566","551807","124759"
"2010-07-13","Megachango","527830","418789","109041"
"2010-07-14","Megachango","733145","597643","135502"
"2010-07-15","Megachango","625249","500787","124462"
"2010-07-16","Megachango","721069","595037","126032"
"2010-07-17","Megachango","658735","542478","116257"
"2010-07-18","Megachango","571939","475135","96804"
"2010-07-19","Megachango","418559","327498","91061"
"2010-07-20","Megachango","498868","401352","97516"
"2010-07-21","Megachango","700332","559803","140529"
"2010-07-22","Megachango","433231","327666","105565"
"2010-07-23","Megachango","636666","512897","123769"
"2010-07-24","Megachango","541613","438622","102991"
"2010-07-25","Megachango","694615","548433","146182"
"2010-07-26","Megachango","421927","323151","98776"
"2010-07-27","Megachango","567299","451987","115312"
"2010-07-28","Megachango","486837","383310","103527"
"2010-07-29","Megachango","495410","397739","97671"
"2010-07-30","Megachango","430524","322304","108220"
"2010-07-31","Megachango","471401","365754","105647"
"2010-08-01","Megachango","566624","465674","100950"
"2010-08-02","Megachango","592730","479378","113352"
"2010-08-03","Megachango","516806","408949","107857"
"2010-08-04","Megachango","671879","539634","132245"
"2010-08-05","Megachango","496997","406594","90403"
"2010-08-06","Megachango","487795","377895","109900"
"2010-08-07","Megachango","646583","518185","128398"
"2010-08-08","Megachango","560771","432316","128455"
"2010-08-09","Megachango","572585","458991","113594"
"2010-08-10","Megachango","583744","438056","145688"
"2010-08-11","Megachango","396827","316811","80016"
"2010-08-12","Megachango","661150","540569","120581"
"2010-08-13","Megachango","522501","428428","94073"
"2010-08-14","Megachango","558519","462288","96231"
"2010-08-15","Megachango","607512","507116","100396"
"2010-08-16","Megachango","542143","454778","87365"
"2010-08-17","Megachango","623578","495212","128366"
"2010-08-18","Megachango","671221","559395","111826"
"2010-08-19","Megachango","670516","547996","122520"
"2010-08-20","Megachango","483342","376118","107224"
"2010-08-21","Megachango","356857","286886","69971"
"2010-08-22","Megachango","566197","470831","95366"
"2010-08-23","Megachango","503976","408128","95848"
"2010-08-24","Megachango","643332","520291","123041"
"2010-08-25","Megachango","679936","543917","136019"
"2010-08-26","Megachango","586740","453837","132903"
"2010-08-27","Megachango","735496","610947","124549"
"2010-08-28","Megachango","568721","452138","116583"
"2010-08-29","Megachango","709902","581857","128045"
"2010-08-30","Megachango","464753","372693","92060"
"2010-08-31","Megachango","617736","494299","123437"
"2010-09-01","Megachango","503794","408169","95625"
"2010-09-02","Megachango","544406","433883","110523"
"2010-09-03","Megachango","462249","356979","105270"
"2010-09-04","Megachango","543439","427271","116168"
"2010-09-05","Megachango","610672","482410","128262"
"2010-09-06","Megachango","562461","448048","114413"
"2010-09-07","Megachango","625465","510644","114821"
"2010-09-08","Megachango","514919","392068","122851"
"2010-09-09","Megachango","679268","536304","142964"
"2010-09-10","Megachango","651159","538170","112989"
"2010-09-11","Megachango","580388","463304","117084"
"2010-09-12","Megachango","585298","453656","131642"
"2010-09-13","Megachango","579135","462485","116650"
"2010-09-14","Megachango","730253","596073","134180"
"2010-09-15","Megachango","476913","371069","105844"
"2010-09-16","Megachango","427397","354577","72820"
"2010-09-17","Megachango","541164","435543","105621"
"2010-09-18","Megachango","547382","444557","102825"
"2010-09-19","Megachango","565512","442552","122960"
"2010-09-20","Megachango","589968","450718","139250"
"2010-09-21","Megachango","469426","370068","99358"
"2010-09-22","Megachango","593444","480600","112844"
"2010-09-23","Megachango","627019","509901","117118"
"2010-09-24","Megachango","768787","603723","165064"
"2010-09-25","Megachango","566132","456948","109184"
"2010-09-26","Megachango","445465","351464","94001"
"2010-09-27","Megachango","801846","640654","161192"
"2010-09-28","Megachango","505312","405519","99793"
"2010-09-29","Megachango","365016","280731","84285"
"2010-09-30","Megachango","454548","360582","93966"
"2010-10-01","Megachango","506554","397416","109138"
"2010-10-02","Megachango","558875","448934","109941"
"2010-10-03","Megachango","402767","316856","85911"
"2010-10-04","Megachango","436327","343561","92766"
"2010-10-05","Megachango","572971","465893","107078"
"2010-10-06","Megachango","743888","613450","130438"
"2010-10-07","Megachango","646208","499454","146754"
"2010-10-08","Megachango","525676","420599","105077"
"2010-10-09","Megachango","482016","377152","104864"
"2010-10-10","Megachango","447716","349834","97882"
"2010-10-11","Megachango","614035","490413","123622"
"2010-10-12","Megachango","512820","413690","99130"
"2010-10-13","Megachango","468758","371847","96911"
"2010-10-14","Megachango","531343","414555","116788"
"2010-10-15","Megachango","547941","444926","103015"
"2010-10-16","Megachango","589241","462157","127084"
"2010-10-17","Megachango","586611","475841","110770"
"2010-10-18","Megachango","426464","345835","80629"
"2010-10-19","Megachango","547330","442370","104960"
"2010-10-20","Megachango","506454","395815","110639"
"2010-10-21","Megachango","472147","366211","105936"
"2010-10-22","Megachango","557963","455920","102043"
"2010-10-23","Megachango","598513","473172","125341"
"2010-10-24","Megachango","558016","439143","118873"
"2010-10-25","Megachango","804742","652941","151801"
"2010-10-26","Megachango","626053","499332","126721"
"2010-10-27","Megachango","555663","443206","112457"
"2010-10-28","Megachango","679438","556998","122440"
"2010-10-29","Megachango","346989","252736","94253"
"2010-10-30","Megachango","443141","348471","94670"
"2010-10-31","Megachango","469806","376079","93727"
"2010-11-01","Megachango","580641","465962","114679"
"2010-11-02","Megachango","763336","610097","153239"
"2010-11-03","Megachango","552782","450963","101819"
"2010-11-04","Megachango","549068","421613","127455"
"2010-11-05","Megachango","651403","523392","128011"
"2010-11-06","Megachango","379658","304552","75106"
"2010-11-07","Megachango","521170","422676","98494"
"2010-11-08","Megachango","579870","453382","126488"
"2010-11-09","Megachango","552127","431335","120792"
"2010-11-10","Megachango","621012","525848","95164"
"2010-11-11","Megachango","471744","367875","103869"
"2010-11-12","Megachango","762736","610626","152110"
"2010-11-13","Megachango","646822","509574","137248"
"2010-11-14","Megachango","580982","439618","141364"
"2010-11-15","Megachango","496549","387213","109336"
"2010-11-16","Megachango","504965","366110","138855"
"2010-11-17","Megachango","460589","362590","97999"
"2010-11-18","Megachango","559158","447532","111626"
"2010-11-19","Megachango","547314","431091","116223"
"2010-11-20","Megachango","753971","612472","141499"
"2010-11-21","Megachango","701397","551357","150040"
"2010-11-22","Megachango","425661","352434","73227"
"2010-11-23","Megachango","461926","372328","89598"
"2010-11-24","Megachango","813025","655853","157172"
"2010-11-25","Megachango","698668","539406","159262"
"2010-11-26","Megachango","630605","500455","130150"
"2010-11-27","Megachango","644322","527244","117078"
"2010-11-28","Megachango","484118","380349","103769"
"2010-11-29","Megachango","561286","448533","112753"
"2010-11-30","Megachango","430568","339355","91213"
"2010-12-01","Megachango","601308","473062","128246"
"2010-12-02","Megachango","606020","484745","121275"
"2010-12-03","Megachango","573273","467756","105517"
"2010-12-04","Megachango","585464","475893","109571"
"2010-12-05","Megachango","747993","614005","133988"
"2010-12-06","Megachango","706584","554804","151780"
"2010-12-07","Megachango","387652","297033","90619"
"2010-12-08","Megachango","700230","562455","137775"
"2010-12-09","Megachango","428743","345357","83386"
"2010-12-10","Megachango","575624","437127","138497"
"2010-12-11","Megachango","452925","369216","83709"
"2010-12-12","Megachango","430212","340014","90198"
"2010-12-13","Megachango","692671","544205","148466"
"2010-12-14","Megachango","646015","535842","110173"
"2010-12-15","Megachango","612410","486736","125674"
"2010-12-16","Megachango","751023","626034","124989"
"2010-12-17","Megachango","625943","488088","137855"
"2010-12-18","Megachango","923308","747926","175382"
"2010-12-19","Megachango","493735","386325","107410"
"2010-12-20","Megachango","667286","529531","137755"
"2010-12-21","Megachango","648959","528630","120329"
"2010-12-22","Megachango","490678","381321","109357"
"2010-12-23","Megachango","652988","505575","147413"
"2010-12-24","Megachango","546748","444506","102242"
"2010-12-25","Megachango","526415","427843","98572"
"2010-12-26","Megachango","700454","569366","131088"
"2010-12-27","Megachango","688959","561563","127396"
"2010-12-28","Megachango","659271","532173","127098"
"2010-12-29","Megachango","762524","613698","148826"
"2010-12-30","Megachango","592231","468326","123905"
"2010-12-31","Megachango","468279","366103","102176"
"2011-01-01","Megachango","746042","614442","131600"
"2011-01-02","Megachango","601113","467885","133228"
"2011-01-03","Megachango","740469","584345","156124"
"2011-01-04","Megachango","538949","445792","93157"
"2011-01-05","Megachango","481532","374454","107078"
"2011-01-06","Megachango","760537","604108","156429"
"2011-01-07","Megachango","552309","419525","132784"
"2011-01-08","Megachango","668329","532010","136319"
"2011-01-09","Megachango","654277","517672","136605"
"2011-01-10","Megachango","812949","636943","176006"
"2011-01-11","Megachango","824706","678310","146396"
"2011-01-12","Megachango","483866","389004","94862"
"2011-01-13","Megachango","588294","459347","128947"
"2011-01-14","Megachango","509799","397815","111984"
"2011-01-15","Megachango","643485","515719","127766"
"2011-01-16","Megachango","717468","566758","150710"
"2011-01-17","Megachango","538764","425771","112993"
"2011-01-18","Megachango","682374","521229","161145"
"2011-01-19","Megachango","674891","520355","154536"
"2011-01-20","Megachango","399540","308732","90808"
"2011-01-21","Megachango","511828","409964","101864"
"2011-01-22","Megachango","622366","468251","154115"
"2011-01-23","Megachango","566093","467097","98996"
"2011-01-24","Megachango","890228","725845","164383"
"2011-01-25","Megachango","890685","744671","146014"
"2011-01-26","Megachango","570792","445073","125719"
"2011-01-27","Megachango","664790","540806","123984"
"2011-01-28","Megachango","641437","516434","125003"
"2011-01-29","Megachango","570047","476336","93711"
"2011-01-30","Megachango","717017","595453","121564"
"2011-01-31","Megachango","585843","472473","113370"
"2011-02-01","Megachango","785230","645576","139654"
"2011-02-02","Megachango","764070","604942","159128"
"2011-02-03","Megachango","806525","671539","134986"
"2011-02-04","Megachango","606825","467775","139050"
"2011-02-05","Megachango","650615","511892","138723"
"2011-02-06","Megachango","431112","336171","94941"
"2011-02-07","Megachango","749334","608970","140364"
"2011-02-08","Megachango","759067","599906","159161"
"2011-02-09","Megachango","447670","346555","101115"
"2011-02-10","Megachango","668702","532891","135811"
"2011-02-11","Megachango","579849","444446","135403"
"2011-02-12","Megachango","1021223","843742","177481"
"2011-02-13","Megachango","459676","365536","94140"
"2011-02-14","Megachango","773002","640704","132298"
"2011-02-15","Megachango","605101","464701","140400"
"2011-02-16","Megachango","664748","527600","137148"
"2011-02-17","Megachango","677596","540181","137415"
"2011-02-18","Megachango","423565","343249","80316"
"2011-02-19","Megachango","587885","483452","104433"
"2011-02-20","Megachango","636920","530886","106034"
"2011-02-21","Megachango","784928","622157","162771"
"2011-02-22","Megachango","481751","379211","102540"
"2011-02-23","Megachango","589847","485089","104758"
"2011-02-24","Megachango","448951","341029","107922"
"2011-02-25","Megachango","564577","451045","113532"
"2011-02-26","Megachango","900231","741019","159212"
"2011-02-27","Megachango","558327","459334","98993"
"2011-02-28","Megachango","713919","578443","135476"
"2011-03-01","Megachango","523787","413518","110269"
"2011-03-02","Megachango","711211","587120","124091"
"2011-03-03","Megachango","580275","462197","118078"
"2011-03-04","Megachango","696369","566827","129542"
"2011-03-05","Megachango","604810","469125","135685"
"2011-03-06","Megachango","557805","448354","109451"
"2011-03-07","Megachango","693196","566451","126745"
"2011-03-08","Megachango","684157","533040","151117"
"2011-03-09","Megachango","637374","509016","128358"
"2011-03-10","Megachango","888679","747239","141440"
"2011-03-11","Megachango","725695","549703","175992"
"2011-03-12","Megachango","578404","462542","115862"
"2011-03-13","Megachango","710674","578740","131934"
"2011-03-14","Megachango","701711","534606","167105"
"2011-03-15","Megachango","619745","479997","139748"
"2011-03-16","Megachango","703184","550735","152449"
"2011-03-17","Megachango","897886","730589","167297"
"2011-03-18","Megachango","458164","368569","89595"
"2011-03-19","Megachango","668644","521196","147448"
"2011-03-20","Megachango","567714","460271","107443"
"2011-03-21","Megachango","553243","451318","101925"
"2011-03-22","Megachango","450689","352867","97822"
"2011-03-23","Megachango","698039","559893","138146"
"2011-03-24","Megachango","928930","765413","163517"
"2011-03-25","Megachango","592939","482915","110024"
"2011-03-26","Megachango","492741","392111","100630"
"2011-03-27","Megachango","503097","414679","88418"
"2011-03-28","Megachango","844742","679363","165379"
"2011-03-29","Megachango","578115","474347","103768"
"2011-03-30","Megachango","706569","558731","147838"
"2011-03-31","Megachango","492406","370231","122175"
"2011-04-01","Megachango","839768","682354","157414"
"2011-04-02","Megachango","592640","462216","130424"
"2011-04-03","Megachango","680871","544733","136138"
"2011-04-04","Megachango","551121","443541","107580"
"2011-04-05","Megachango","673148","536062","137086"
"2011-04-06","Megachango","875824","703418","172406"
"2011-04-07","Megachango","860743","654167","206576"
"2011-04-08","Megachango","635820","513247","122573"
"2011-04-09","Megachango","619757","493849","125908"
"2011-04-10","Megachango","586400","474530","111870"
"2011-04-11","Megachango","707259","569698","137561"
"2011-04-12","Megachango","634500","508791","125709"
"2011-04-13","Megachango","520253","408146","112107"
"2011-04-14","Megachango","519996","422672","97324"
"2011-04-15","Megachango","579626","458225","121401"
"2011-04-16","Megachango","535372","425161","110211"
"2011-04-17","Megachango","661255","539380","121875"
"2011-04-18","Megachango","745652","597958","147694"
"2011-04-19","Megachango","725043","566957","158086"
"2011-04-20","Megachango","707668","562663","145005"
"2011-04-21","Megachango","612360","490499","121861"
"2011-04-22","Megachango","499483","413014","86469"
"2011-04-23","Megachango","685402","545316","140086"
"2011-04-24","Megachango","839117","690937","148180"
"2011-04-25","Megachango","708578","571658","136920"
"2011-04-26","Megachango","624840","479997","144843"
"2011-04-27","Megachango","490340","389869","100471"
"2011-04-28","Megachango","582617","455984","126633"
"2011-04-29","Megachango","476668","384438","92230"
"2011-04-30","Megachango","581132","451815","129317"
"2011-05-01","Megachango","719117","584613","134504"
"2011-05-02","Megachango","459715","350439","109276"
"2011-05-03","Megachango","686941","547199","139742"
"2011-05-04","Megachango","924315","752726","171589"
"2011-05-05","Megachango","620779","516865","103914"
"2011-05-06","Megachango","778682","633716","144966"
"2011-05-07","Megachango","528547","415216","113331"
"2011-05-08","Megachango","585842","461745","124097"
"2011-05-09","Megachango","776595","641866","134729"
"2011-05-10","Megachango","505719","392534","113185"
"2011-05-11","Megachango","742890","604258","138632"
"2011-05-12","Megachango","546926","436072","110854"
"2011-05-13","Megachango","633103","493614","139489"
"2011-05-14","Megachango","692888","547609","145279"
"2011-05-15","Megachango","635561","510587","124974"
"2011-05-16","Megachango","593735","476358","117377"
"2011-05-17","Megachango","700065","582369","117696"
"2011-05-18","Megachango","504288","359504","144784"
"2011-05-19","Megachango","871223","694349","176874"
"2011-05-20","Megachango","698495","568343","130152"
"2011-05-21","Megachango","690513","547175","143338"
"2011-05-22","Megachango","438930","346308","92622"
"2011-05-23","Megachango","549242","446955","102287"
"2011-05-24","Megachango","754049","590572","163477"
"2011-05-25","Megachango","694123","548023","146100"
"2011-05-26","Megachango","581804","453167","128637"
"2011-05-27","Megachango","723582","578006","145576"
"2011-05-28","Megachango","617022","483557","133465"
"2011-05-29","Megachango","815827","662558","153269"
"2011-05-30","Megachango","651805","536006","115799"
"2011-05-31","Megachango","773524","616171","157353"
"2011-06-01","Megachango","750005","613528","136477"
"2011-06-02","Megachango","964501","766382","198119"
"2011-06-03","Megachango","826295","642367","183928"
"2011-06-04","Megachango","782249","622227","160022"
"2011-06-05","Megachango","590864","448122","142742"
"2011-06-06","Megachango","886280","725945","160335"
"2011-06-07","Megachango","661025","507625","153400"
"2011-06-08","Megachango","760904","603919","156985"
"2011-06-09","Megachango","925175","750569","174606"
"2011-06-10","Megachango","675522","557712","117810"
"2011-06-11","Megachango","637072","507052","130020"
"2011-06-12","Megachango","706320","580034","126286"
"2011-06-13","Megachango","832276","650400","181876"
"2011-06-14","Megachango","782423","631694","150729"
"2011-06-15","Megachango","808514","651619","156895"
"2011-06-16","Megachango","819030","672552","146478"
"2011-06-17","Megachango","957539","761226","196313"
"2011-06-18","Megachango","874317","719540","154777"
"2011-06-19","Megachango","939538","766861","172677"
"2011-06-20","Megachango","920719","751154","169565"
"2011-06-21","Megachango","465659","373853","91806"
"2011-06-22","Megachango","849876","679640","170236"
"2011-06-23","Megachango","957449","788651","168798"
"2011-06-24","Megachango","585477","450934","134543"
"2011-06-25","Megachango","646479","528025","118454"
"2011-06-26","Megachango","951528","758360","193168"
"2011-06-27","Megachango","642752","521589","121163"
"2011-06-28","Megachango","877749","700992","176757"
"2011-06-29","Megachango","742400","616121","126279"
"2011-06-30","Megachango","629962","486532","143430"
"2011-07-01","Megachango","734232","592149","142083"
"2011-07-02","Megachango","806144","639616","166528"
"2011-07-03","Megachango","541255","414192","127063"
"2011-07-04","Megachango","730489","580573","149916"
"2011-07-05","Megachango","760000","608230","151770"
"2011-07-06","Megachango","709226","564031","145195"
"2011-07-07","Megachango","895458","712383","183075"
"2011-07-08","Megachango","1150581","934997","215584"
"2011-07-09","Megachango","765414","596889","168525"
"2011-07-10","Megachango","879477","702027","177450"
"2011-07-11","Megachango","873369","703014","170355"
"2011-07-12","Megachango","748975","585159","163816"
"2011-07-13","Megachango","838263","666880","171383"
"2011-07-14","Megachango","675738","532631","143107"
"2011-07-15","Megachango","739697","585651","154046"
"2011-07-16","Megachango","714000","542791","171209"
"2011-07-17","Megachango","744541","586583","157958"
"2011-07-18","Megachango","768894","614186","154708"
"2011-07-19","Megachango","1079392","884139","195253"
"2011-07-20","Megachango","760071","596196","163875"
"2011-07-21","Megachango","1001006","799394","201612"
"2011-07-22","Megachango","749353","582627","166726"
"2011-07-23","Megachango","635805","506556","129249"
"2011-07-24","Megachango","816795","642401","174394"
"2011-07-25","Megachango","664241","516658","147583"
"2011-07-26","Megachango","673608","550990","122618"
"2011-07-27","Megachango","917119","740631","176488"
"2011-07-28","Megachango","1014280","803878","210402"
"2011-07-29","Megachango","784662","616438","168224"
"2011-07-30","Megachango","838145","671802","166343"
"2011-07-31","Megachango","826874","680805","146069"
"2011-08-01","Megachango","852128","669164","182964"
"2011-08-02","Megachango","657138","516389","140749"
"2011-08-03","Megachango","673926","517639","156287"
"2011-08-04","Megachango","1004925","791950","212975"
"2011-08-05","Megachango","652293","492790","159503"
"2011-08-06","Megachango","742576","610644","131932"
"2011-08-07","Megachango","1072226","885200","187026"
"2011-08-08","Megachango","892795","726297","166498"
"2011-08-09","Megachango","594842","465563","129279"
"2011-08-10","Megachango","636057","498278","137779"
"2011-08-11","Megachango","545316","434979","110337"
"2011-08-12","Megachango","587468","449899","137569"
"2011-08-13","Megachango","756987","614139","142848"
"2011-08-14","Megachango","1038805","840071","198734"
"2011-08-15","Megachango","789647","632108","157539"
"2011-08-16","Megachango","855235","685994","169241"
"2011-08-17","Megachango","913776","719762","194014"
"2011-08-18","Megachango","735049","565046","170003"
"2011-08-19","Megachango","475001","362312","112689"
"2011-08-20","Megachango","815847","655881","159966"
"2011-08-21","Megachango","993985","785064","208921"
"2011-08-22","Megachango","815419","653196","162223"
"2011-08-23","Megachango","948941","784543","164398"
"2011-08-24","Megachango","1112592","894397","218195"
"2011-08-25","Megachango","733182","601576","131606"
"2011-08-26","Megachango","749125","585113","164012"
"2011-08-27","Megachango","658085","535266","122819"
"2011-08-28","Megachango","815998","643070","172928"
"2011-08-29","Megachango","872491","708260","164231"
"2011-08-30","Megachango","902306","710983","191323"
"2011-08-31","Megachango","836338","666714","169624"
"2011-09-01","Megachango","735835","604740","131095"
"2011-09-02","Megachango","780592","617936","162656"
"2011-09-03","Megachango","863960","697745","166215"
"2011-09-04","Megachango","949974","763504","186470"
"2011-09-05","Megachango","954456","774196","180260"
"2011-09-06","Megachango","734873","592338","142535"
"2011-09-07","Megachango","639047","504845","134202"
"2011-09-08","Megachango","826728","683508","143220"
"2011-09-09","Megachango","602170","481753","120417"
"2011-09-10","Megachango","634277","513343","120934"
"2011-09-11","Megachango","968494","774786","193708"
"2011-09-12","Megachango","713948","536808","177140"
"2011-09-13","Megachango","813759","657819","155940"
"2011-09-14","Megachango","609241","454150","155091"
"2011-09-15","Megachango","900634","717102","183532"
"2011-09-16","Megachango","782001","629119","152882"
"2011-09-17","Megachango","952965","760843","192122"
"2011-09-18","Megachango","877808","718661","159147"
"2011-09-19","Megachango","713739","548318","165421"
"2011-09-20","Megachango","758343","590966","167377"
"2011-09-21","Megachango","745468","613315","132153"
"2011-09-22","Megachango","708394","554689","153705"
"2011-09-23","Megachango","817846","666821","151025"
"2011-09-24","Megachango","650814","499757","151057"
"2011-09-25","Megachango","747571","589553","158018"
"2011-09-26","Megachango","657362","495830","161532"
"2011-09-27","Megachango","724459","570251","154208"
"2011-09-28","Megachango","882270","728800","153470"
"2011-09-29","Megachango","993805","789732","204073"
"2011-09-30","Megachango","635686","492628","143058"
"2011-10-01","Megachango","980016","780173","199843"
"2011-10-02","Megachango","492531","380328","112203"
"2011-10-03","Megachango","865752","704194","161558"
"2011-10-04","Megachango","990518","801366","189152"
"2011-10-05","Megachango","587402","464841","122561"
"2011-10-06","Megachango","842397","693616","148781"
"2011-10-07","Megachango","709042","562631","146411"
"2011-10-08","Megachango","589057","473814","115243"
"2011-10-09","Megachango","886370","684957","201413"
"2011-10-10","Megachango","756151","616461","139690"
"2011-10-11","Megachango","747056","576883","170173"
"2011-10-12","Megachango","763016","597022","165994"
"2011-10-13","Megachango","873539","722003","151536"
"2011-10-14","Megachango","565052","405965","159087"
"2011-10-15","Megachango","943672","756033","187639"
"2011-10-16","Megachango","894933","700110","194823"
"2011-10-17","Megachango","672739","541797","130942"
"2011-10-18","Megachango","776420","631104","145316"
"2011-10-19","Megachango","577697","448976","128721"
"2011-10-20","Megachango","756900","605854","151046"
"2011-10-21","Megachango","675136","545556","129580"
"2011-10-22","Megachango","831525","674805","156720"
"2011-10-23","Megachango","649145","488015","161130"
"2011-10-24","Megachango","942292","768300","173992"
"2011-10-25","Megachango","1022836","829195","193641"
"2011-10-26","Megachango","957925","760056","197869"
"2011-10-27","Megachango","774427","623846","150581"
"2011-10-28","Megachango","895035","706864","188171"
"2011-10-29","Megachango","1054438","863326","191112"
"2011-10-30","Megachango","639095","512700","126395"
"2011-10-31","Megachango","710004","562196","147808"
"2011-11-01","Megachango","730407","595687","134720"
"2011-11-02","Megachango","734650","590749","143901"
"2011-11-03","Megachango","586136","456825","129311"
"2011-11-04","Megachango","867488","683278","184210"
"2011-11-05","Megachango","815769","654531","161238"
"2011-11-06","Megachango","838517","656009","182508"
"2011-11-07","Megachango","779704","625495","154209"
"2011-11-08","Megachango","612454","484633","127821"
"2011-11-09","Megachango","642039","509417","132622"
"2011-11-10","Megachango","802167","659431","142736"
"2011-11-11","Megachango","548643","448382","100261"
"2011-11-12","Megachango","649343","500614","148729"
"2011-11-13","Megachango","913256","716036","197220"
"2011-11-14","Megachango","676549","512553","163996"
"2011-11-15","Megachango","708835","574948","133887"
"2011-11-16","Megachango","817830","661832","155998"
"2011-11-17","Megachango","823397","679154","144243"
"2011-11-18","Megachango","624259","484442","139817"
"2011-11-19","Megachango","658694","508918","149776"
"2011-11-20","Megachango","622516","482527","139989"
"2011-11-21","Megachango","847266","669798","177468"
"2011-11-22","Megachango","785967","618399","167568"
"2011-11-23","Megachango","949999","764028","185971"
"2011-11-24","Megachango","648429","512439","135990"
"2011-11-25","Megachango","946275","767687","178588"
"2011-11-26","Megachango","675319","532148","143171"
"2011-11-27","Megachango","1011195","829438","181757"
"2011-11-28","Megachango","1011905","841360","170545"
"2011-11-29","Megachango","1016444","825253","191191"
"2011-11-30","Megachango","960409","752628","207781"
"2011-12-01","Megachango","705733","553690","152043"
"2011-12-02","Megachango","1045537","863209","182328"
"2011-12-03","Megachango","947989","772205","175784"
"2011-12-04","Megachango","765943","617760","148183"
"2011-12-05","Megachango","676779","539716","137063"
"2011-12-06","Megachango","835153","680866","154287"
"2011-12-07","Megachango","610329","468346","141983"
"2011-12-08","Megachango","979470","777203","202267"
"2011-12-09","Megachango","767325","612243","155082"
"2011-12-10","Megachango","835334","673477","161857"
"2011-12-11","Megachango","810430","646496","163934"
"2011-12-12","Megachango","697297","571659","125638"
"2011-12-13","Megachango","628208","484259","143949"
"2011-12-14","Megachango","635751","505890","129861"
"2011-12-15","Megachango","778582","612761","165821"
"2011-12-16","Megachango","696120","546675","149445"
"2011-12-17","Megachango","793489","634206","159283"
"2011-12-18","Megachango","805787","663505","142282"
"2011-12-19","Megachango","546121","416856","129265"
"2011-12-20","Megachango","672271","519419","152852"
"2011-12-21","Megachango","682857","524638","158219"
"2011-12-22","Megachango","669459","533743","135716"
"2011-12-23","Megachango","685210","560453","124757"
"2011-12-24","Megachango","771437","600795","170642"
"2011-12-25","Megachango","766734","602190","164544"
"2011-12-26","Megachango","696179","558862","137317"
"2011-12-27","Megachango","905228","692086","213142"
"2011-12-28","Megachango","722759","574600","148159"
"2011-12-29","Megachango","1019571","835261","184310"
"2011-12-30","Megachango","844629","675146","169483"
"2011-12-31","Megachango","634709","507613","127096"
"2012-01-01","Megachango","1189765","940302","249463"
"2012-01-02","Megachango","983666","779763","203903"
"2012-01-03","Megachango","969857","771795","198062"
"2012-01-04","Megachango","1047142","826454","220688"
"2012-01-05","Megachango","1028046","825289","202757"
"2012-01-06","Megachango","1192535","935027","257508"
"2012-01-07","Megachango","1139247","914470","224777"
"2012-01-08","Megachango","814569","644336","170233"
"2012-01-09","Megachango","881885","710216","171669"
"2012-01-10","Megachango","965101","790539","174562"
"2012-01-11","Megachango","814501","649948","164553"
"2012-01-12","Megachango","970137","773539","196598"
"2012-01-13","Megachango","858632","672036","186596"
"2012-01-14","Megachango","1029763","837376","192387"
"2012-01-15","Megachango","1199395","966694","232701"
"2012-01-16","Megachango","1224290","965030","259260"
"2012-01-17","Megachango","1202156","931766","270390"
"2012-01-18","Megachango","885963","682328","203635"
"2012-01-19","Megachango","1019507","792733","226774"
"2012-01-20","Megachango","1089019","880045","208974"
"2012-01-21","Megachango","1136725","928390","208335"
"2012-01-22","Megachango","1172744","936299","236445"
"2012-01-23","Megachango","953748","730493","223255"
"2012-01-24","Megachango","1387233","1132790","254443"
"2012-01-25","Megachango","1303206","1021504","281702"
"2012-01-26","Megachango","1314422","1053428","260994"
"2012-01-27","Megachango","1227297","994783","232514"
"2012-01-28","Megachango","1223115","1007425","215690"
"2012-01-29","Megachango","1084578","851231","233347"
"2012-01-30","Megachango","1016010","808504","207506"
"2012-01-31","Megachango","922786","729501","193285"
"2012-02-01","Megachango","1124833","916454","208379"
"2012-02-02","Megachango","1134759","911800","222959"
"2012-02-03","Megachango","1126863","918856","208007"
"2012-02-04","Megachango","1294975","1050472","244503"
"2012-02-05","Megachango","1014726","793327","221399"
"2012-02-06","Megachango","1162327","932496","229831"
"2012-02-07","Megachango","923308","717690","205618"
"2012-02-08","Megachango","1174665","949197","225468"
"2012-02-09","Megachango","1138643","910376","228267"
"2012-02-10","Megachango","912465","705793","206672"
"2012-02-11","Megachango","1122137","880724","241413"
"2012-02-12","Megachango","921120","723517","197603"
"2012-02-13","Megachango","1478478","1210651","267827"
"2012-02-14","Megachango","1039153","826847","212306"
"2012-02-15","Megachango","947353","725620","221733"
"2012-02-16","Megachango","1176333","944504","231829"
"2012-02-17","Megachango","852585","660120","192465"
"2012-02-18","Megachango","1220623","965612","255011"
"2012-02-19","Megachango","1243104","1012004","231100"
"2012-02-20","Megachango","1472032","1244099","227933"
"2012-02-21","Megachango","1006227","797451","208776"
"2012-02-22","Megachango","1048255","804411","243844"
"2012-02-23","Megachango","1228793","980389","248404"
"2012-02-24","Megachango","1136698","908134","228564"
"2012-02-25","Megachango","1332408","1071818","260590"
"2012-02-26","Megachango","1288528","1010193","278335"
"2012-02-27","Megachango","1214602","984032","230570"
"2012-02-28","Megachango","1410247","1128531","281716"
"2012-02-29","Megachango","937824","756365","181459"
"2012-03-01","Megachango","1192580","958828","233752"
"2012-03-02","Megachango","1026149","802444","223705"
"2012-03-03","Megachango","1398172","1125985","272187"
"2012-03-04","Megachango","1334196","1056810","277386"
"2012-03-05","Megachango","841872","640493","201379"
"2012-03-06","Megachango","1352024","1104062","247962"
"2012-03-07","Megachango","1037426","806195","231231"
"2012-03-08","Megachango","1234295","976307","257988"
"2012-03-09","Megachango","1072188","857371","214817"
"2012-03-10","Megachango","1332795","1072583","260212"
"2012-03-11","Megachango","1261941","1030790","231151"
"2012-03-12","Megachango","936098","747138","188960"
"2012-03-13","Megachango","1101622","857592","244030"
"2012-03-14","Megachango","1130765","902553","228212"
"2012-03-15","Megachango","1385615","1112281","273334"
"2012-03-16","Megachango","989428","780995","208433"
"2012-03-17","Megachango","1000521","808508","192013"
"2012-03-18","Megachango","1105542","902880","202662"
"2012-03-19","Megachango","928679","733003","195676"
"2012-03-20","Megachango","1164489","927816","236673"
"2012-03-21","Megachango","1134557","898806","235751"
"2012-03-22","Megachango","1005398","787283","218115"
"2012-03-23","Megachango","992825","783119","209706"
"2012-03-24","Megachango","1106325","866305","240020"
"2012-03-25","Megachango","882147","702311","179836"
"2012-03-26","Megachango","949829","759589","190240"
"2012-03-27","Megachango","1130819","916328","214491"
"2012-03-28","Megachango","1161614","940321","221293"
"2012-03-29","Megachango","911926","707964","203962"
"2012-03-30","Megachango","1043824","843539","200285"
"2012-03-31","Megachango","1380164","1094889","285275"
"2012-04-01","Megachango","1429226","1144039","285187"
"2012-04-02","Megachango","1166496","915646","250850"
"2012-04-03","Megachango","1360257","1098486","261771"
"2012-04-04","Megachango","1210236","954211","256025"
"2012-04-05","Megachango","1103631","878140","225491"
"2012-04-06","Megachango","1278271","1027388","250883"
"2012-04-07","Megachango","1241607","991163","250444"
"2012-04-08","Megachango","1334684","1064207","270477"
"2012-04-09","Megachango","1175599","925582","250017"
"2012-04-10","Megachango","1427114","1158272","268842"
"2012-04-11","Megachango","1295700","1050322","245378"
"2012-04-12","Megachango","894120","700404","193716"
"2012-04-13","Megachango","1255913","1008181","247732"
"2012-04-14","Megachango","1374944","1115187","259757"
"2012-04-15","Megachango","1279552","1052718","226834"
"2012-04-16","Megachango","1218062","983757","234305"
"2012-04-17","Megachango","1554635","1278660","275975"
"2012-04-18","Megachango","1279653","1000946","278707"
"2012-04-19","Megachango","1092165","859027","233138"
"2012-04-20","Megachango","1050498","829102","221396"
"2012-04-21","Megachango","1190919","956456","234463"
"2012-04-22","Megachango","998364","785038","213326"
"2012-04-23","Megachango","1043495","815297","228198"
"2012-04-24","Megachango","1155865","909736","246129"
"2012-04-25","Megachango","1242005","990083","251922"
"2012-04-26","Megachango","1407808","1149645","258163"
"2012-04-27","Megachango","1310412","1059621","250791"
"2012-04-28","Megachango","1441173","1165100","276073"
"2012-04-29","Megachango","1361862","1089022","272840"
"2012-04-30","Megachango","1324409","1074692","249717"
"2012-05-01","Megachango","1379001","1119495","259506"
"2012-05-02","Megachango","1179684","924296","255388"
"2012-05-03","Megachango","1310916","1021218","289698"
"2012-05-04","Megachango","1232085","994598","237487"
"2012-05-05","Megachango","1240017","999194","240823"
"2012-05-06","Megachango","1116346","891757","224589"
"2012-05-07","Megachango","1263583","1020299","243284"
"2012-05-08","Megachango","1019816","811055","208761"
"2012-05-09","Megachango","1274729","1005996","268733"
"2012-05-10","Megachango","873638","691887","181751"
"2012-05-11","Megachango","1110353","887054","223299"
"2012-05-12","Megachango","1330126","1053496","276630"
"2012-05-13","Megachango","1214165","995023","219142"
"2012-05-14","Megachango","1149931","895169","254762"
"2012-05-15","Megachango","1181870","921156","260714"
"2012-05-16","Megachango","1181255","922932","258323"
"2012-05-17","Megachango","1678058","1352221","325837"
"2012-05-18","Megachango","1029392","810111","219281"
"2012-05-19","Megachango","1066280","820158","246122"
"2012-05-20","Megachango","1044960","831356","213604"
"2012-05-21","Megachango","1269070","1034905","234165"
"2012-05-22","Megachango","1368003","1092353","275650"
"2012-05-23","Megachango","1229981","954202","275779"
"2012-05-24","Megachango","1230459","970469","259990"
"2012-05-25","Megachango","1455931","1177449","278482"
"2012-05-26","Megachango","1280802","1045208","235594"
"2012-05-27","Megachango","1481711","1200834","280877"
"2012-05-28","Megachango","1083522","838050","245472"
"2012-05-29","Megachango","1687325","1389511","297814"
"2012-05-30","Megachango","937652","747113","190539"
"2012-05-31","Megachango","864297","709128","155169"
"2012-06-01","Megachango","401937","324379","77558"
"2012-06-02","Megachango","465055","379829","85226"
"2012-06-03","Megachango","364997","295762","69235"
"2012-06-04","Megachango","380679","288876","91803"
"2012-06-05","Megachango","392950","302836","90114"
"2012-06-06","Megachango","423857","330370","93487"
"2012-06-07","Megachango","415776","326494","89282"
"2012-06-08","Megachango","636093","526579","109514"
"2012-06-09","Megachango","664676","519373","145303"
"2012-06-10","Megachango","570594","458401","112193"
"2012-06-11","Megachango","623084","506276","116808"
"2012-06-12","Megachango","419832","338187","81645"
"2012-06-13","Megachango","672672","540502","132170"
"2012-06-14","Megachango","590036","479115","110921"
"2012-06-15","Megachango","531899","412698","119201"
"2012-06-16","Megachango","541935","435484","106451"
"2012-06-17","Megachango","622127","489056","133071"
"2012-06-18","Megachango","608898","481888","127010"
"2012-06-19","Megachango","576683","474600","102083"
"2012-06-20","Megachango","478538","378773","99765"
"2012-06-21","Megachango","505448","400613","104835"
"2012-06-22","Megachango","532917","420220","112697"
"2012-06-23","Megachango","496738","380342","116396"
"2012-06-24","Megachango","540246","420474","119772"
"2012-06-25","Megachango","482165","404103","78062"
"2012-06-26","Megachango","625191","515211","109980"
"2012-06-27","Megachango","720237","593363","126874"
"2012-06-28","Megachango","402938","307016","95922"
"2012-06-29","Megachango","521258","406724","114534"
"2012-06-30","Megachango","534300","431903","102397"
"2012-07-01","Megachango","560902","459702","101200"
"2012-07-02","Megachango","516363","415448","100915"
"2012-07-03","Megachango","495620","405296","90324"
"2012-07-04","Megachango","649749","512115","137634"
"2012-07-05","Megachango","352221","274870","77351"
"2012-07-06","Megachango","542768","442581","100187"
"2012-07-07","Megachango","579751","441723","138028"
"2012-07-08","Megachango","562571","456539","106032"
"2012-07-09","Megachango","740675","622652","118023"
"2012-07-10","Megachango","494632","409760","84872"
"2012-07-11","Megachango","415386","332563","82823"
"2012-07-12","Megachango","477059","386122","90937"
"2012-07-13","Megachango","539452","426230","113222"
"2012-07-14","Megachango","536548","435002","101546"
"2012-07-15","Megachango","558377","448493","109884"
"2012-07-16","Megachango","596268","479153","117115"
"2012-07-17","Megachango","674215","541263","132952"
"2012-07-18","Megachango","518795","398226","120569"
"2012-07-19","Megachango","585602","458249","127353"
"2012-07-20","Megachango","659936","525418","134518"
"2012-07-21","Megachango","444773","355224","89549"
"2012-07-22","Megachango","576556","474902","101654"
"2012-07-23","Megachango","487009","393624","93385"
"2012-07-24","Megachango","497862","409247","88615"
"2012-07-25","Megachango","431933","332279","99654"
"2012-07-26","Megachango","412088","322518","89570"
"2012-07-27","Megachango","509789","398816","110973"
"2012-07-28","Megachango","439837","361348","78489"
"2012-07-29","Megachango","647809","493929","153880"
"2012-07-30","Megachango","571432","459327","112105"
"2012-07-31","Megachango","430281","335810","94471"
"2012-08-01","Megachango","746049","609586","136463"
"2012-08-02","Megachango","600447","479278","121169"
"2012-08-03","Megachango","547611","429905","117706"
"2012-08-04","Megachango","507155","381699","125456"
"2012-08-05","Megachango","393495","295963","97532"
"2012-08-06","Megachango","429553","321796","107757"
"2012-08-07","Megachango","788285","649624","138661"
"2012-08-08","Megachango","602794","482965","119829"
"2012-08-09","Megachango","527522","415043","112479"
"2012-08-10","Megachango","451183","369936","81247"
"2012-08-11","Megachango","599792","482562","117230"
"2012-08-12","Megachango","573019","441976","131043"
"2012-08-13","Megachango","457181","381909","75272"
"2012-08-14","Megachango","603226","486052","117174"
"2012-08-15","Megachango","460257","364815","95442"
"2012-08-16","Megachango","668728","539979","128749"
"2012-08-17","Megachango","390481","309587","80894"
"2012-08-18","Megachango","750244","609064","141180"
"2012-08-19","Megachango","587092","455908","131184"
"2012-08-20","Megachango","684345","547754","136591"
"2012-08-21","Megachango","648496","529898","118598"
"2012-08-22","Megachango","355391","278502","76889"
"2012-08-23","Megachango","506816","404870","101946"
"2012-08-24","Megachango","597134","468589","128545"
"2012-08-25","Megachango","525116","427271","97845"
"2012-08-26","Megachango","543083","443778","99305"
"2012-08-27","Megachango","605101","482750","122351"
"2012-08-28","Megachango","682417","555029","127388"
"2012-08-29","Megachango","541218","425706","115512"
"2012-08-30","Megachango","647637","515643","131994"
"2012-08-31","Megachango","391572","290041","101531"
"2012-09-01","Megachango","615235","485194","130041"
"2012-09-02","Megachango","532847","417438","115409"
"2012-09-03","Megachango","452682","366085","86597"
"2012-09-04","Megachango","469798","376597","93201"
"2012-09-05","Megachango","853225","701951","151274"
"2012-09-06","Megachango","616136","496890","119246"
"2012-09-07","Megachango","755014","605418","149596"
"2012-09-08","Megachango","798134","647339","150795"
"2012-09-09","Megachango","566429","434116","132313"
"2012-09-10","Megachango","422367","334710","87657"
"2012-09-11","Megachango","514611","423137","91474"
"2012-09-12","Megachango","729142","588942","140200"
"2012-09-13","Megachango","627326","505484","121842"
"2012-09-14","Megachango","529393","414841","114552"
"2012-09-15","Megachango","669045","538744","130301"
"2012-09-16","Megachango","530374","389486","140888"
"2012-09-17","Megachango","497239","393869","103370"
"2012-09-18","Megachango","373898","286805","87093"
"2012-09-19","Megachango","569570","468005","101565"
"2012-09-20","Megachango","534177","402200","131977"
"2012-09-21","Megachango","524891","429171","95720"
"2012-09-22","Megachango","723008","598059","124949"
"2012-09-23","Megachango","378098","281808","96290"
"2012-09-24","Megachango","560382","447237","113145"
"2012-09-25","Megachango","368978","288671","80307"
"2012-09-26","Megachango","383258","289564","93694"
"2012-09-27","Megachango","466739","361865","104874"
"2012-09-28","Megachango","645014","500039","144975"
"2012-09-29","Megachango","537164","421075","116089"
"2012-09-30","Megachango","758898","603907","154991"
"2012-10-01","Megachango","786319","650461","135858"
"2012-10-02","Megachango","644332","533499","110833"
"2012-10-03","Megachango","749442","616269","133173"
"2012-10-04","Megachango","760974","622141","138833"
"2012-10-05","Megachango","570319","458701","111618"
"2012-10-06","Megachango","471887","362340","109547"
"2012-10-07","Megachango","625667","519632","106035"
"2012-10-08","Megachango","520975","416158","104817"
"2012-10-09","Megachango","546625","415971","130654"
"2012-10-10","Megachango","511275","386239","125036"
"2012-10-11","Megachango","589046","463480","125566"
"2012-10-12","Megachango","401862","297895","103967"
"2012-10-13","Megachango","687527","529748","157779"
"2012-10-14","Megachango","573684","453851","119833"
"2012-10-15","Megachango","988554","800702","187852"
"2012-10-16","Megachango","837195","688480","148715"
"2012-10-17","Megachango","854440","681754","172686"
"2012-10-18","Megachango","598058","485910","112148"
"2012-10-19","Megachango","722573","556711","165862"
"2012-10-20","Megachango","834251","641126","193125"
"2012-10-21","Megachango","647504","496002","151502"
"2012-10-22","Megachango","597199","472515","124684"
"2012-10-23","Megachango","579219","443859","135360"
"2012-10-24","Megachango","683744","564551","119193"
"2012-10-25","Megachango","596836","461352","135484"
"2012-10-26","Megachango","693012","538735","154277"
"2012-10-27","Megachango","585457","478756","106701"
"2012-10-28","Megachango","504384","414316","90068"
"2012-10-29","Megachango","534012","422681","111331"
"2012-10-30","Megachango","702376","571046","131330"
"2012-10-31","Megachango","669660","533218","136442"
"2012-11-01","Megachango","824746","640577","184169"
"2012-11-02","Megachango","719714","565066","154648"
"2012-11-03","Megachango","587342","477126","110216"
"2012-11-04","Megachango","690826","534022","156804"
"2012-11-05","Megachango","663856","526512","137344"
"2012-11-06","Megachango","931240","751945","179295"
"2012-11-07","Megachango","564024","458319","105705"
"2012-11-08","Megachango","604989","469146","135843"
"2012-11-09","Megachango","627111","490626","136485"
"2012-11-10","Megachango","812560","651293","161267"
"2012-11-11","Megachango","662672","535907","126765"
"2012-11-12","Megachango","768859","598359","170500"
"2012-11-13","Megachango","483307","380969","102338"
"2012-11-14","Megachango","736703","582519","154184"
"2012-11-15","Megachango","828189","651807","176382"
"2012-11-16","Megachango","720562","568197","152365"
"2012-11-17","Megachango","420588","335308","85280"
"2012-11-18","Megachango","947803","759002","188801"
"2012-11-19","Megachango","679130","546885","132245"
"2012-11-20","Megachango","690081","550693","139388"
"2012-11-21","Megachango","640181","528014","112167"
"2012-11-22","Megachango","787333","632576","154757"
"2012-11-23","Megachango","602104","479091","123013"
"2012-11-24","Megachango","539594","436042","103552"
"2012-11-25","Megachango","561699","449121","112578"
"2012-11-26","Megachango","567843","447783","120060"
"2012-11-27","Megachango","746808","605985","140823"
"2012-11-28","Megachango","689909","551719","138190"
"2012-11-29","Megachango","904380","737768","166612"
"2012-11-30","Megachango","457135","356352","100783"
"2012-12-01","Megachango","515955","398821","117134"
"2012-12-02","Megachango","634629","525424","109205"
"2012-12-03","Megachango","559123","449800","109323"
"2012-12-04","Megachango","457622","350602","107020"
"2012-12-05","Megachango","725366","586466","138900"
"2012-12-06","Megachango","831776","668839","162937"
"2012-12-07","Megachango","650686","520879","129807"
"2012-12-08","Megachango","546349","423674","122675"
"2012-12-09","Megachango","683074","543973","139101"
"2012-12-10","Megachango","1104198","923054","181144"
"2012-12-11","Megachango","654829","520959","133870"
"2012-12-12","Megachango","626958","498317","128641"
"2012-12-13","Megachango","548977","437919","111058"
"2012-12-14","Megachango","487066","379390","107676"
"2012-12-15","Megachango","583642","469094","114548"
"2012-12-16","Megachango","616037","490711","125326"
"2012-12-17","Megachango","692422","564230","128192"
"2012-12-18","Megachango","651066","526084","124982"
"2012-12-19","Megachango","875867","708140","167727"
"2012-12-20","Megachango","777160","622216","154944"
"2012-12-21","Megachango","706741","559728","147013"
"2012-12-22","Megachango","764069","586347","177722"
"2012-12-23","Megachango","699924","582403","117521"
"2012-12-24","Megachango","562732","448940","113792"
"2012-12-25","Megachango","612361","489037","123324"
"2012-12-26","Megachango","764025","620139","143886"
"2012-12-27","Megachango","695960","556825","139135"
"2012-12-28","Megachango","668424","544781","123643"
"2012-12-29","Megachango","544640","435709","108931"
"2012-12-30","Megachango","650901","522346","128555"
"2012-12-31","Megachango","748123","569299","178824"
"2013-01-01","Megachango","470192","381451","88741"
"2013-01-02","Megachango","1852419","1454892","397527"
"2013-01-03","Megachango","1950445","1565350","385095"
"2013-01-04","Megachango","1577497","1240022","337475"
"2013-01-05","Megachango","1889124","1458895","430229"
"2013-01-06","Megachango","1643404","1287737","355667"
"2013-01-07","Megachango","2155305","1726927","428378"
"2013-01-08","Megachango","1764085","1370653","393432"
"2013-01-09","Megachango","1921515","1521392","400123"
"2013-01-10","Megachango","1859197","1506960","352237"
"2013-01-11","Megachango","2036355","1613600","422755"
"2013-01-12","Megachango","1589293","1260134","329159"
"2013-01-13","Megachango","1444096","1114599","329497"
"2013-01-14","Megachango","1633808","1277970","355838"
"2013-01-15","Megachango","1535245","1215326","319919"
"2013-01-16","Megachango","1567411","1239136","328275"
"2013-01-17","Megachango","1662262","1284115","378147"
"2013-01-18","Megachango","2090078","1650658","439420"
"2013-01-19","Megachango","1747904","1363673","384231"
"2013-01-20","Megachango","1813327","1454549","358778"
"2013-01-21","Megachango","1936029","1539821","396208"
"2013-01-22","Megachango","1883957","1507730","376227"
"2013-01-23","Megachango","1467588","1155738","311850"
"2013-01-24","Megachango","1785679","1427038","358641"
"2013-01-25","Megachango","2016610","1638876","377734"
"2013-01-26","Megachango","1623221","1292441","330780"
"2013-01-27","Megachango","1813311","1441956","371355"
"2013-01-28","Megachango","1614997","1308295","306702"
"2013-01-29","Megachango","1702340","1371469","330871"
"2013-01-30","Megachango","1815496","1422368","393128"
"2013-01-31","Megachango","1673300","1332809","340491"
"2013-02-01","Megachango","2140864","1695224","445640"
"2013-02-02","Megachango","1960542","1544809","415733"
"2013-02-03","Megachango","2155751","1708050","447701"
"2013-02-04","Megachango","2049657","1616500","433157"
"2013-02-05","Megachango","2283254","1818420","464834"
"2013-02-06","Megachango","1673024","1294151","378873"
"2013-02-07","Megachango","1920214","1516443","403771"
"2013-02-08","Megachango","2048864","1607634","441230"
"2013-02-09","Megachango","1845806","1474888","370918"
"2013-02-10","Megachango","2135047","1690761","444286"
"2013-02-11","Megachango","1966880","1549272","417608"
"2013-02-12","Megachango","2060071","1645986","414085"
"2013-02-13","Megachango","1932634","1539392","393242"
"2013-02-14","Megachango","2254099","1770799","483300"
"2013-02-15","Megachango","1923603","1551792","371811"
"2013-02-16","Megachango","1785002","1396726","388276"
"2013-02-17","Megachango","1626186","1293136","333050"
"2013-02-18","Megachango","2106885","1693057","413828"
"2013-02-19","Megachango","2050619","1612604","438015"
"2013-02-20","Megachango","2013993","1594089","419904"
"2013-02-21","Megachango","1804055","1401976","402079"
"2013-02-22","Megachango","2033087","1658115","374972"
"2013-02-23","Megachango","1844976","1439555","405421"
"2013-02-24","Megachango","1808155","1419950","388205"
"2013-02-25","Megachango","2020295","1623438","396857"
"2013-02-26","Megachango","1526749","1147016","379733"
"2013-02-27","Megachango","1977504","1534943","442561"
"2013-02-28","Megachango","1841172","1435228","405944"
"2013-03-01","Megachango","664137","526657","137480"
"2013-03-02","Megachango","933851","726633","207218"
"2013-03-03","Megachango","2325224","1838771","486453"
"2013-03-04","Megachango","2259922","1785871","474051"
"2013-03-05","Megachango","2078085","1636561","441524"
"2013-03-06","Megachango","2049481","1601251","448230"
"2013-03-07","Megachango","1969544","1572002","397542"
"2013-03-08","Megachango","2123232","1665254","457978"
"2013-03-09","Megachango","1863608","1442545","421063"
"2013-03-10","Megachango","1813569","1433146","380423"
"2013-03-11","Megachango","2525762","2011847","513915"
"2013-03-12","Megachango","1873595","1485056","388539"
"2013-03-13","Megachango","1703854","1329430","374424"
"2013-03-14","Megachango","2270004","1744415","525589"
"2013-03-15","Megachango","2330144","1826426","503718"
"2013-03-16","Megachango","1843128","1435063","408065"
"2013-03-17","Megachango","2036803","1644286","392517"
"2013-03-18","Megachango","1761502","1382656","378846"
"2013-03-19","Megachango","2275447","1802538","472909"
"2013-03-20","Megachango","2164986","1729218","435768"
"2013-03-21","Megachango","2095403","1630058","465345"
"2013-03-22","Megachango","2121210","1684360","436850"
"2013-03-23","Megachango","2341660","1877435","464225"
"2013-03-24","Megachango","2047630","1638514","409116"
"2013-03-25","Megachango","1982626","1569245","413381"
"2013-03-26","Megachango","2098813","1675898","422915"
"2013-03-27","Megachango","2194179","1747394","446785"
"2013-03-28","Megachango","1684442","1319072","365370"
"2013-03-29","Megachango","2101631","1709196","392435"
"2013-03-30","Megachango","1920084","1529705","390379"
"2013-03-31","Megachango","1892105","1492132","399973"
"2013-04-01","Megachango","2218375","1743607","474768"
"2013-04-02","Megachango","2586057","2073711","512346"
"2013-04-03","Megachango","2223311","1751917","471394"
"2013-04-04","Megachango","2580622","2047581","533041"
"2013-04-05","Megachango","1999300","1602489","396811"
"2013-04-06","Megachango","1842125","1486822","355303"
"2013-04-07","Megachango","2341126","1900132","440994"
"2013-04-08","Megachango","1881077","1484231","396846"
"2013-04-09","Megachango","1859856","1481915","377941"
"2013-04-10","Megachango","2163198","1716822","446376"
"2013-04-11","Megachango","2228978","1779787","449191"
"2013-04-12","Megachango","2039022","1565920","473102"
"2013-04-13","Megachango","2006207","1563438","442769"
"2013-04-14","Megachango","1878729","1479646","399083"
"2013-04-15","Megachango","1972830","1560655","412175"
"2013-04-16","Megachango","1921402","1528332","393070"
"2013-04-17","Megachango","1898231","1477972","420259"
"2013-04-18","Megachango","2387416","1887589","499827"
"2013-04-19","Megachango","2005601","1614068","391533"
"2013-04-20","Megachango","1856613","1511156","345457"
"2013-04-21","Megachango","2011500","1581647","429853"
"2013-04-22","Megachango","2109904","1654240","455664"
"2013-04-23","Megachango","2772234","2220392","551842"
"2013-04-24","Megachango","2331638","1868969","462669"
"2013-04-25","Megachango","2223235","1797505","425730"
"2013-04-26","Megachango","1755728","1350992","404736"
"2013-04-27","Megachango","2428042","1939382","488660"
"2013-04-28","Megachango","1729843","1325345","404498"
"2013-04-29","Megachango","2398081","1891756","506325"
"2013-04-30","Megachango","2271345","1791815","479530"
"2013-05-01","Megachango","787723","627217","160506"
"2013-05-02","Megachango","2250787","1795706","455081"
"2013-05-03","Megachango","2261490","1781797","479693"
"2013-05-04","Megachango","2217498","1695985","521513"
"2013-05-05","Megachango","1798771","1365498","433273"
"2013-05-06","Megachango","2127915","1673510","454405"
"2013-05-07","Megachango","2108223","1635758","472465"
"2013-05-08","Megachango","2101458","1651179","450279"
"2013-05-09","Megachango","1829612","1401265","428347"
"2013-05-10","Megachango","1768413","1371911","396502"
"2013-05-11","Megachango","2035218","1598244","436974"
"2013-05-12","Megachango","2137410","1680732","456678"
"2013-05-13","Megachango","2094035","1629547","464488"
"2013-05-14","Megachango","2056481","1583697","472784"
"2013-05-15","Megachango","2363611","1855963","507648"
"2013-05-16","Megachango","2014202","1553149","461053"
"2013-05-17","Megachango","2099329","1617926","481403"
"2013-05-18","Megachango","1423379","1057224","366155"
"2013-05-19","Megachango","2436318","1923653","512665"
"2013-05-20","Megachango","1789666","1392089","397577"
"2013-05-21","Megachango","1907728","1451879","455849"
"2013-05-22","Megachango","2146858","1675818","471040"
"2013-05-23","Megachango","2000306","1548156","452150"
"2013-05-24","Megachango","2306535","1775238","531297"
"2013-05-25","Megachango","2169008","1691257","477751"
"2013-05-26","Megachango","2308046","1787500","520546"
"2013-05-27","Megachango","2135783","1646754","489029"
"2013-05-28","Megachango","2167179","1697193","469986"
"2013-05-29","Megachango","2364178","1837488","526690"
"2013-05-30","Megachango","2028581","1533282","495299"
"2013-05-31","Megachango","1699118","1324151","374967"
"2008-06-01","Olde-Gray","62469","59514","2955"
"2008-06-02","Olde-Gray","254157","247022","7135"
"2008-06-03","Olde-Gray","30639","29855","784"
"2008-06-04","Olde-Gray","62469","59514","2955"
"2008-06-05","Olde-Gray","129219","127994","1225"
"2008-06-06","Olde-Gray","159858","157849","2009"
"2008-06-08","Olde-Gray","191688","187508","4180"
"2008-06-09","Olde-Gray","27979","21917","6062"
"2008-06-10","Olde-Gray","55958","43834","12124"
"2008-06-13","Olde-Gray","30639","29855","784"
"2008-06-14","Olde-Gray","58618","51772","6846"
"2008-06-15","Olde-Gray","118427","103348","15079"
"2008-06-16","Olde-Gray","62469","59514","2955"
"2008-06-17","Olde-Gray","27979","21917","6062"
"2008-06-18","Olde-Gray","93108","89369","3739"
"2008-06-19","Olde-Gray","187837","179766","8071"
"2008-06-20","Olde-Gray","155577","148883","6694"
"2008-06-22","Olde-Gray","90448","81431","9017"
"2008-06-23","Olde-Gray","183556","170800","12756"
"2008-06-24","Olde-Gray","129219","127994","1225"
"2008-06-25","Olde-Gray","156336","146839","9497"
"2008-06-26","Olde-Gray","129219","127994","1225"
"2008-06-28","Olde-Gray","155577","148883","6694"
"2008-06-29","Olde-Gray","62469","59514","2955"
"2008-06-30","Olde-Gray","123796","107002","16794"
"2008-07-01","Olde-Gray","258438","255988","2450"
"2008-07-02","Olde-Gray","191688","187508","4180"
"2008-07-03","Olde-Gray","185177","171828","13349"
"2008-07-04","Olde-Gray","93108","89369","3739"
"2008-07-05","Olde-Gray","316626","306536","10090"
"2008-07-08","Olde-Gray","62469","59514","2955"
"2008-07-09","Olde-Gray","129219","127994","1225"
"2008-07-10","Olde-Gray","250306","239280","11026"
"2008-07-11","Olde-Gray","129219","127994","1225"
"2008-07-13","Olde-Gray","62469","59514","2955"
"2008-07-14","Olde-Gray","222327","217363","4964"
"2008-07-15","Olde-Gray","27979","21917","6062"
"2008-07-16","Olde-Gray","93108","89369","3739"
"2008-07-17","Olde-Gray","187407","178542","8865"
"2008-07-18","Olde-Gray","30639","29855","784"
"2008-07-19","Olde-Gray","155577","148883","6694"
"2008-07-20","Olde-Gray","32589","27615","4974"
"2008-07-22","Olde-Gray","187837","179766","8071"
"2008-07-23","Olde-Gray","191688","187508","4180"
"2008-07-24","Olde-Gray","30639","29855","784"
"2008-07-25","Olde-Gray","219667","209425","10242"
"2008-07-27","Olde-Gray","129219","127994","1225"
"2008-07-28","Olde-Gray","159858","157849","2009"
"2008-07-29","Olde-Gray","129219","127994","1225"
"2008-07-30","Olde-Gray","62469","59514","2955"
"2008-08-01","Olde-Gray","62469","59514","2955"
"2008-08-02","Olde-Gray","90448","81431","9017"
"2008-08-03","Olde-Gray","129219","127994","1225"
"2008-08-04","Olde-Gray","90448","81431","9017"
"2008-08-06","Olde-Gray","27979","21917","6062"
"2008-08-07","Olde-Gray","62469","59514","2955"
"2008-08-09","Olde-Gray","129219","127994","1225"
"2008-08-10","Olde-Gray","248405","229298","19107"
"2008-08-11","Olde-Gray","90448","81431","9017"
"2008-08-12","Olde-Gray","129219","127994","1225"
"2008-08-13","Olde-Gray","93108","89369","3739"
"2008-08-14","Olde-Gray","62469","59514","2955"
"2008-08-17","Olde-Gray","30639","29855","784"
"2008-08-18","Olde-Gray","32589","27615","4974"
"2008-08-21","Olde-Gray","157198","149911","7287"
"2008-08-22","Olde-Gray","62469","59514","2955"
"2008-08-23","Olde-Gray","289077","285843","3234"
"2008-08-24","Olde-Gray","30639","29855","784"
"2008-08-25","Olde-Gray","62469","59514","2955"
"2008-08-26","Olde-Gray","190116","174258","15858"
"2008-08-27","Olde-Gray","219667","209425","10242"
"2008-09-01","Olde-Gray","351546","345357","6189"
"2008-09-04","Olde-Gray","159858","157849","2009"
"2008-09-05","Olde-Gray","27979","21917","6062"
"2008-09-06","Olde-Gray","90448","81431","9017"
"2008-09-07","Olde-Gray","30639","29855","784"
"2008-09-08","Olde-Gray","129219","127994","1225"
"2008-09-09","Olde-Gray","376865","359336","17529"
"2008-09-10","Olde-Gray","30639","29855","784"
"2008-09-12","Olde-Gray","303604","275176","28428"
"2008-09-13","Olde-Gray","90448","81431","9017"
"2008-09-14","Olde-Gray","90448","81431","9017"
"2008-09-16","Olde-Gray","62469","59514","2955"
"2008-09-17","Olde-Gray","30639","29855","784"
"2008-09-19","Olde-Gray","30639","29855","784"
"2008-09-21","Olde-Gray","62469","59514","2955"
"2008-09-22","Olde-Gray","27979","21917","6062"
"2008-09-23","Olde-Gray","124938","119028","5910"
"2008-09-24","Olde-Gray","129219","127994","1225"
"2008-09-25","Olde-Gray","254157","247022","7135"
"2008-09-26","Olde-Gray","353496","343117","10379"
"2008-09-27","Olde-Gray","129219","127994","1225"
"2008-09-28","Olde-Gray","32589","27615","4974"
"2008-09-29","Olde-Gray","187837","179766","8071"
"2008-09-30","Olde-Gray","219996","206157","13839"
"2008-10-01","Olde-Gray","30639","29855","784"
"2008-10-02","Olde-Gray","90448","81431","9017"
"2008-10-03","Olde-Gray","159858","157849","2009"
"2008-10-05","Olde-Gray","60568","49532","11036"
"2008-10-06","Olde-Gray","95058","87129","7929"
"2008-10-07","Olde-Gray","387657","383982","3675"
"2008-10-09","Olde-Gray","129219","127994","1225"
"2008-10-11","Olde-Gray","159858","157849","2009"
"2008-10-12","Olde-Gray","90448","81431","9017"
"2008-10-13","Olde-Gray","61278","59710","1568"
"2008-10-14","Olde-Gray","93108","89369","3739"
"2008-10-15","Olde-Gray","191688","187508","4180"
"2008-10-16","Olde-Gray","30639","29855","784"
"2008-10-17","Olde-Gray","129219","127994","1225"
"2008-10-18","Olde-Gray","320907","315502","5405"
"2008-10-19","Olde-Gray","90448","81431","9017"
"2008-10-21","Olde-Gray","124938","119028","5910"
"2008-10-23","Olde-Gray","250306","239280","11026"
"2008-10-24","Olde-Gray","58618","51772","6846"
"2008-10-25","Olde-Gray","83937","65751","18186"
"2008-10-26","Olde-Gray","291027","283603","7424"
"2008-10-27","Olde-Gray","93108","89369","3739"
"2008-10-28","Olde-Gray","320907","315502","5405"
"2008-10-29","Olde-Gray","250306","239280","11026"
"2008-10-30","Olde-Gray","32589","27615","4974"
"2008-10-31","Olde-Gray","95058","87129","7929"
"2008-11-01","Olde-Gray","27979","21917","6062"
"2008-11-02","Olde-Gray","30639","29855","784"
"2008-11-03","Olde-Gray","32589","27615","4974"
"2008-11-04","Olde-Gray","254157","247022","7135"
"2008-11-05","Olde-Gray","90448","81431","9017"
"2008-11-07","Olde-Gray","32589","27615","4974"
"2008-11-08","Olde-Gray","129219","127994","1225"
"2008-11-09","Olde-Gray","125697","116984","8713"
"2008-11-11","Olde-Gray","121087","111286","9801"
"2008-11-12","Olde-Gray","27979","21917","6062"
"2008-11-13","Olde-Gray","159858","157849","2009"
"2008-11-15","Olde-Gray","320907","315502","5405"
"2008-11-16","Olde-Gray","286417","277905","8512"
"2008-11-17","Olde-Gray","191688","187508","4180"
"2008-11-18","Olde-Gray","157198","149911","7287"
"2008-11-19","Olde-Gray","158286","144599","13687"
"2008-11-20","Olde-Gray","32589","27615","4974"
"2008-11-21","Olde-Gray","153676","138901","14775"
"2008-11-22","Olde-Gray","63228","57470","5758"
"2008-11-23","Olde-Gray","124938","119028","5910"
"2008-11-24","Olde-Gray","159858","157849","2009"
"2008-11-25","Olde-Gray","157198","149911","7287"
"2008-11-26","Olde-Gray","30639","29855","784"
"2008-11-27","Olde-Gray","62469","59514","2955"
"2008-11-28","Olde-Gray","222327","217363","4964"
"2008-11-29","Olde-Gray","62469","59514","2955"
"2008-11-30","Olde-Gray","30639","29855","784"
"2008-12-01","Olde-Gray","62469","59514","2955"
"2008-12-02","Olde-Gray","124938","119028","5910"
"2008-12-03","Olde-Gray","62469","59514","2955"
"2008-12-04","Olde-Gray","497952","470622","27330"
"2008-12-05","Olde-Gray","30639","29855","784"
"2008-12-06","Olde-Gray","224277","215123","9154"
"2008-12-07","Olde-Gray","62469","59514","2955"
"2008-12-08","Olde-Gray","129219","127994","1225"
"2008-12-09","Olde-Gray","30639","29855","784"
"2008-12-10","Olde-Gray","191688","187508","4180"
"2008-12-13","Olde-Gray","30639","29855","784"
"2008-12-14","Olde-Gray","191688","187508","4180"
"2008-12-15","Olde-Gray","187407","178542","8865"
"2008-12-16","Olde-Gray","254157","247022","7135"
"2008-12-17","Olde-Gray","65178","55230","9948"
"2008-12-18","Olde-Gray","27979","21917","6062"
"2008-12-19","Olde-Gray","129219","127994","1225"
"2008-12-20","Olde-Gray","93108","89369","3739"
"2008-12-21","Olde-Gray","161808","155609","6199"
"2008-12-22","Olde-Gray","63228","57470","5758"
"2008-12-23","Olde-Gray","124938","119028","5910"
"2008-12-25","Olde-Gray","153676","138901","14775"
"2008-12-26","Olde-Gray","161808","155609","6199"
"2008-12-27","Olde-Gray","159858","157849","2009"
"2008-12-28","Olde-Gray","125697","116984","8713"
"2008-12-29","Olde-Gray","189787","177526","12261"
"2008-12-30","Olde-Gray","284796","276877","7919"
"2009-01-01","Olde-Gray","123747","119224","4523"
"2009-01-02","Olde-Gray","91207","79387","11820"
"2009-01-03","Olde-Gray","278285","261197","17088"
"2009-01-04","Olde-Gray","190497","187704","2793"
"2009-01-05","Olde-Gray","282136","268939","13197"
"2009-01-06","Olde-Gray","371393","350566","20827"
"2009-01-07","Olde-Gray","58618","51772","6846"
"2009-01-08","Olde-Gray","185177","171828","13349"
"2009-01-09","Olde-Gray","90448","81431","9017"
"2009-01-10","Olde-Gray","214195","200655","13540"
"2009-01-11","Olde-Gray","252966","247218","5748"
"2009-01-12","Olde-Gray","407833","385923","21910"
"2009-01-13","Olde-Gray","448935","443692","5243"
"2009-01-14","Olde-Gray","159858","157849","2009"
"2009-01-15","Olde-Gray","282136","268939","13197"
"2009-01-16","Olde-Gray","175854","155316","20538"
"2009-01-17","Olde-Gray","129219","127994","1225"
"2009-01-19","Olde-Gray","123747","119224","4523"
"2009-01-20","Olde-Gray","62469","59514","2955"
"2009-01-21","Olde-Gray","118427","103348","15079"
"2009-01-22","Olde-Gray","192447","185464","6983"
"2009-01-23","Olde-Gray","282136","268939","13197"
"2009-01-24","Olde-Gray","27979","21917","6062"
"2009-01-25","Olde-Gray","191688","187508","4180"
"2009-01-26","Olde-Gray","161808","155609","6199"
"2009-01-27","Olde-Gray","412824","405067","7757"
"2009-01-29","Olde-Gray","435812","407840","27972"
"2009-01-30","Olde-Gray","192447","185464","6983"
"2009-01-31","Olde-Gray","286417","277905","8512"
"2009-02-01","Olde-Gray","220426","207381","13045"
"2009-02-02","Olde-Gray","90448","81431","9017"
"2009-02-03","Olde-Gray","254157","247022","7135"
"2009-02-04","Olde-Gray","124938","119028","5910"
"2009-02-06","Olde-Gray","222327","217363","4964"
"2009-02-08","Olde-Gray","27979","21917","6062"
"2009-02-09","Olde-Gray","61278","59710","1568"
"2009-02-10","Olde-Gray","213485","190477","23008"
"2009-02-11","Olde-Gray","86597","73689","12908"
"2009-02-12","Olde-Gray","179705","163058","16647"
"2009-02-13","Olde-Gray","222327","217363","4964"
"2009-02-14","Olde-Gray","286417","277905","8512"
"2009-02-15","Olde-Gray","275625","253259","22366"
"2009-02-16","Olde-Gray","90448","81431","9017"
"2009-02-17","Olde-Gray","55958","43834","12124"
"2009-02-18","Olde-Gray","346074","336587","9487"
"2009-02-19","Olde-Gray","152917","140945","11972"
"2009-02-20","Olde-Gray","90448","81431","9017"
"2009-02-21","Olde-Gray","278614","257929","20685"
"2009-02-22","Olde-Gray","250306","239280","11026"
"2009-02-23","Olde-Gray","121087","111286","9801"
"2009-02-24","Olde-Gray","32589","27615","4974"
"2009-02-25","Olde-Gray","93867","87325","6542"
"2009-02-26","Olde-Gray","220426","207381","13045"
"2009-02-27","Olde-Gray","63228","57470","5758"
"2009-02-28","Olde-Gray","124938","119028","5910"
"2009-03-01","Olde-Gray","250306","239280","11026"
"2009-03-02","Olde-Gray","62469","59514","2955"
"2009-03-03","Olde-Gray","151726","141141","10585"
"2009-03-04","Olde-Gray","90448","81431","9017"
"2009-03-06","Olde-Gray","159858","157849","2009"
"2009-03-07","Olde-Gray","62469","59514","2955"
"2009-03-08","Olde-Gray","62469","59514","2955"
"2009-03-09","Olde-Gray","283605","277073","6532"
"2009-03-10","Olde-Gray","183556","170800","12756"
"2009-03-11","Olde-Gray","90448","81431","9017"
"2009-03-12","Olde-Gray","344605","328453","16152"
"2009-03-13","Olde-Gray","347265","336391","10874"
"2009-03-14","Olde-Gray","58618","51772","6846"
"2009-03-16","Olde-Gray","320907","315502","5405"
"2009-03-17","Olde-Gray","383376","375016","8360"
"2009-03-18","Olde-Gray","91917","89565","2352"
"2009-03-19","Olde-Gray","129219","127994","1225"
"2009-03-20","Olde-Gray","218046","208397","9649"
"2009-03-21","Olde-Gray","129219","127994","1225"
"2009-03-22","Olde-Gray","191688","187508","4180"
"2009-03-23","Olde-Gray","30639","29855","784"
"2009-03-24","Olde-Gray","241464","212394","29070"
"2009-03-25","Olde-Gray","95058","87129","7929"
"2009-03-29","Olde-Gray","32589","27615","4974"
"2009-03-30","Olde-Gray","30639","29855","784"
"2009-03-31","Olde-Gray","63228","57470","5758"
"2009-04-01","Olde-Gray","155577","148883","6694"
"2009-04-02","Olde-Gray","157198","149911","7287"
"2009-04-03","Olde-Gray","185177","171828","13349"
"2009-04-04","Olde-Gray","119186","101304","17882"
"2009-04-05","Olde-Gray","152917","140945","11972"
"2009-04-06","Olde-Gray","27979","21917","6062"
"2009-04-07","Olde-Gray","121087","111286","9801"
"2009-04-08","Olde-Gray","93108","89369","3739"
"2009-04-09","Olde-Gray","314396","299822","14574"
"2009-04-10","Olde-Gray","222327","217363","4964"
"2009-04-11","Olde-Gray","159858","157849","2009"
"2009-04-12","Olde-Gray","241135","215662","25473"
"2009-04-13","Olde-Gray","286417","277905","8512"
"2009-04-14","Olde-Gray","252256","237040","15216"
"2009-04-17","Olde-Gray","336903","312969","23934"
"2009-04-18","Olde-Gray","111916","87668","24248"
"2009-04-19","Olde-Gray","90448","81431","9017"
"2009-04-20","Olde-Gray","157198","149911","7287"
"2009-04-21","Olde-Gray","218476","209621","8855"
"2009-04-22","Olde-Gray","62469","59514","2955"
"2009-04-23","Olde-Gray","89257","81627","7630"
"2009-04-24","Olde-Gray","281274","265867","15407"
"2009-04-25","Olde-Gray","381475","365034","16441"
"2009-04-26","Olde-Gray","161808","155609","6199"
"2009-04-27","Olde-Gray","305073","283310","21763"
"2009-04-29","Olde-Gray","27979","21917","6062"
"2009-04-30","Olde-Gray","543234","532865","10369"
"2009-05-01","Olde-Gray","277855","259973","17882"
"2009-05-02","Olde-Gray","27979","21917","6062"
"2009-05-03","Olde-Gray","95058","87129","7929"
"2009-05-04","Olde-Gray","152917","140945","11972"
"2009-05-05","Olde-Gray","218046","208397","9649"
"2009-05-06","Olde-Gray","348886","337419","11467"
"2009-05-07","Olde-Gray","27979","21917","6062"
"2009-05-08","Olde-Gray","415965","402631","13334"
"2009-05-09","Olde-Gray","252256","237040","15216"
"2009-05-10","Olde-Gray","282136","268939","13197"
"2009-05-11","Olde-Gray","155577","148883","6694"
"2009-05-12","Olde-Gray","222327","217363","4964"
"2009-05-13","Olde-Gray","90448","81431","9017"
"2009-05-14","Olde-Gray","284796","276877","7919"
"2009-05-15","Olde-Gray","258438","255988","2450"
"2009-05-16","Olde-Gray","402032","380421","21611"
"2009-05-17","Olde-Gray","90448","81431","9017"
"2009-05-18","Olde-Gray","62469","59514","2955"
"2009-05-19","Olde-Gray","224277","215123","9154"
"2009-05-20","Olde-Gray","224277","215123","9154"
"2009-05-21","Olde-Gray","30639","29855","784"
"2009-05-24","Olde-Gray","603473","585665","17808"
"2009-05-25","Olde-Gray","93108","89369","3739"
"2009-05-26","Olde-Gray","250306","239280","11026"
"2009-05-27","Olde-Gray","347265","336391","10874"
"2009-05-28","Olde-Gray","222327","217363","4964"
"2009-05-29","Olde-Gray","284796","276877","7919"
"2009-05-30","Olde-Gray","129219","127994","1225"
"2009-05-31","Olde-Gray","27979","21917","6062"
"2009-06-01","Olde-Gray","379525","367274","12251"
"2009-06-02","Olde-Gray","282136","268939","13197"
"2009-06-03","Olde-Gray","504463","486302","18161"
"2009-06-04","Olde-Gray","149825","131159","18666"
"2009-06-05","Olde-Gray","90448","81431","9017"
"2009-06-06","Olde-Gray","351546","345357","6189"
"2009-06-07","Olde-Gray","284796","276877","7919"
"2009-06-08","Olde-Gray","129219","127994","1225"
"2009-06-09","Olde-Gray","62469","59514","2955"
"2009-06-10","Olde-Gray","86597","73689","12908"
"2009-06-11","Olde-Gray","412114","394889","17225"
"2009-06-12","Olde-Gray","222327","217363","4964"
"2009-06-13","Olde-Gray","366832","332646","34186"
"2009-06-14","Olde-Gray","123037","109046","13991"
"2009-06-15","Olde-Gray","157527","146643","10884"
"2009-06-16","Olde-Gray","124938","119028","5910"
"2009-06-17","Olde-Gray","668602","653117","15485"
"2009-06-18","Olde-Gray","124938","119028","5910"
"2009-06-19","Olde-Gray","250306","239280","11026"
"2009-06-20","Olde-Gray","58618","51772","6846"
"2009-06-21","Olde-Gray","579345","571490","7855"
"2009-06-22","Olde-Gray","123747","119224","4523"
"2009-06-23","Olde-Gray","246025","230314","15711"
"2009-06-24","Olde-Gray","129219","127994","1225"
"2009-06-25","Olde-Gray","473824","456447","17377"
"2009-06-26","Olde-Gray","58618","51772","6846"
"2009-06-27","Olde-Gray","341513","318667","22846"
"2009-06-28","Olde-Gray","58618","51772","6846"
"2009-06-29","Olde-Gray","187837","179766","8071"
"2009-06-30","Olde-Gray","277423","258125","19298"
"2009-07-01","Olde-Gray","252966","247218","5748"
"2009-07-02","Olde-Gray","478105","465413","12692"
"2009-07-03","Olde-Gray","213156","193745","19411"
"2009-07-04","Olde-Gray","91207","79387","11820"
"2009-07-05","Olde-Gray","191688","187508","4180"
"2009-07-06","Olde-Gray","398662","362305","36357"
"2009-07-07","Olde-Gray","30639","29855","784"
"2009-07-08","Olde-Gray","250306","239280","11026"
"2009-07-09","Olde-Gray","129219","127994","1225"
"2009-07-10","Olde-Gray","152917","140945","11972"
"2009-07-11","Olde-Gray","561890","538270","23620"
"2009-07-12","Olde-Gray","62469","59514","2955"
"2009-07-13","Olde-Gray","152917","140945","11972"
"2009-07-14","Olde-Gray","124938","119028","5910"
"2009-07-15","Olde-Gray","280945","269135","11810"
"2009-07-16","Olde-Gray","219667","209425","10242"
"2009-07-17","Olde-Gray","377953","354024","23929"
"2009-07-18","Olde-Gray","214195","200655","13540"
"2009-07-19","Olde-Gray","282136","268939","13197"
"2009-07-20","Olde-Gray","93108","89369","3739"
"2009-07-21","Olde-Gray","220426","207381","13045"
"2009-07-22","Olde-Gray","186265","166516","19749"
"2009-07-23","Olde-Gray","219667","209425","10242"
"2009-07-24","Olde-Gray","289077","285843","3234"
"2009-07-25","Olde-Gray","501803","478364","23439"
"2009-07-26","Olde-Gray","600813","577727","23086"
"2009-07-27","Olde-Gray","379854","364006","15848"
"2009-07-28","Olde-Gray","186216","178738","7478"
"2009-07-29","Olde-Gray","218046","208397","9649"
"2009-07-30","Olde-Gray","351546","345357","6189"
"2009-07-31","Olde-Gray","450126","443496","6630"
"2009-08-01","Olde-Gray","306264","283114","23150"
"2009-08-02","Olde-Gray","433152","399902","33250"
"2009-08-03","Olde-Gray","157198","149911","7287"
"2009-08-04","Olde-Gray","62469","59514","2955"
"2009-08-05","Olde-Gray","711717","670053","41664"
"2009-08-06","Olde-Gray","60568","49532","11036"
"2009-08-07","Olde-Gray","319006","305520","13486"
"2009-08-08","Olde-Gray","284796","276877","7919"
"2009-08-09","Olde-Gray","247646","231342","16304"
"2009-08-10","Olde-Gray","450126","443496","6630"
"2009-08-11","Olde-Gray","153676","138901","14775"
"2009-08-12","Olde-Gray","415636","405899","9737"
"2009-08-13","Olde-Gray","250306","239280","11026"
"2009-08-14","Olde-Gray","285555","274833","10722"
"2009-08-15","Olde-Gray","156336","146839","9497"
"2009-08-16","Olde-Gray","214244","188433","25811"
"2009-08-17","Olde-Gray","383376","375016","8360"
"2009-08-18","Olde-Gray","159858","157849","2009"
"2009-08-19","Olde-Gray","55958","43834","12124"
"2009-08-20","Olde-Gray","180896","162862","18034"
"2009-08-21","Olde-Gray","254157","247022","7135"
"2009-08-22","Olde-Gray","149066","133203","15863"
"2009-08-23","Olde-Gray","277855","259973","17882"
"2009-08-24","Olde-Gray","278285","261197","17088"
"2009-08-25","Olde-Gray","568553","546844","21709"
"2009-08-26","Olde-Gray","149066","133203","15863"
"2009-08-27","Olde-Gray","153676","138901","14775"
"2009-08-29","Olde-Gray","478105","465413","12692"
"2009-08-30","Olde-Gray","256866","242738","14128"
"2009-08-31","Olde-Gray","510694","493028","17666"
"2009-09-01","Olde-Gray","213156","193745","19411"
"2009-09-02","Olde-Gray","479193","460101","19092"
"2009-09-03","Olde-Gray","320907","315502","5405"
"2009-09-04","Olde-Gray","407504","389191","18313"
"2009-09-05","Olde-Gray","211535","192717","18818"
"2009-09-06","Olde-Gray","565741","546012","19729"
"2009-09-07","Olde-Gray","310874","288812","22062"
"2009-09-08","Olde-Gray","376865","359336","17529"
"2009-09-09","Olde-Gray","155577","148883","6694"
"2009-09-10","Olde-Gray","91207","79387","11820"
"2009-09-11","Olde-Gray","125697","116984","8713"
"2009-09-12","Olde-Gray","349974","332107","17867"
"2009-09-13","Olde-Gray","377624","357292","20332"
"2009-09-14","Olde-Gray","379095","366050","13045"
"2009-09-15","Olde-Gray","384135","372972","11163"
"2009-09-16","Olde-Gray","250306","239280","11026"
"2009-09-17","Olde-Gray","291027","283603","7424"
"2009-09-18","Olde-Gray","117236","103544","13692"
"2009-09-19","Olde-Gray","414015","404871","9144"
"2009-09-20","Olde-Gray","543234","532865","10369"
"2009-09-21","Olde-Gray","180896","162862","18034"
"2009-09-22","Olde-Gray","155577","148883","6694"
"2009-09-23","Olde-Gray","246025","230314","15711"
"2009-09-24","Olde-Gray","121087","111286","9801"
"2009-09-25","Olde-Gray","154435","136857","17578"
"2009-09-26","Olde-Gray","504463","486302","18161"
"2009-09-27","Olde-Gray","252256","237040","15216"
"2009-09-28","Olde-Gray","404844","381253","23591"
"2009-09-29","Olde-Gray","124506","117180","7326"
"2009-09-30","Olde-Gray","310874","288812","22062"
"2009-10-01","Olde-Gray","180464","161014","19450"
"2009-10-02","Olde-Gray","351546","345357","6189"
"2009-10-03","Olde-Gray","351924","329867","22057"
"2009-10-04","Olde-Gray","124506","117180","7326"
"2009-10-05","Olde-Gray","235663","206892","28771"
"2009-10-06","Olde-Gray","572834","555810","17024"
"2009-10-07","Olde-Gray","187837","179766","8071"
"2009-10-08","Olde-Gray","279373","255885","23488"
"2009-10-09","Olde-Gray","283605","277073","6532"
"2009-10-11","Olde-Gray","209634","182735","26899"
"2009-10-12","Olde-Gray","216145","198415","17730"
"2009-10-13","Olde-Gray","27979","21917","6062"
"2009-10-14","Olde-Gray","473824","456447","17377"
"2009-10-15","Olde-Gray","129219","127994","1225"
"2009-10-16","Olde-Gray","191688","187508","4180"
"2009-10-17","Olde-Gray","127647","114744","12903"
"2009-10-18","Olde-Gray","351595","333135","18460"
"2009-10-19","Olde-Gray","218046","208397","9649"
"2009-10-20","Olde-Gray","603473","585665","17808"
"2009-10-21","Olde-Gray","63228","57470","5758"
"2009-10-22","Olde-Gray","384135","372972","11163"
"2009-10-23","Olde-Gray","95058","87129","7929"
"2009-10-24","Olde-Gray","179705","163058","16647"
"2009-10-25","Olde-Gray","91207","79387","11820"
"2009-10-26","Olde-Gray","187837","179766","8071"
"2009-10-27","Olde-Gray","254916","244978","9938"
"2009-10-28","Olde-Gray","366832","332646","34186"
"2009-10-29","Olde-Gray","319716","315698","4018"
"2009-10-30","Olde-Gray","414015","404871","9144"
"2009-10-31","Olde-Gray","280235","258957","21278"
"2009-11-01","Olde-Gray","219667","209425","10242"
"2009-11-02","Olde-Gray","62469","59514","2955"
"2009-11-03","Olde-Gray","376865","359336","17529"
"2009-11-04","Olde-Gray","129219","127994","1225"
"2009-11-05","Olde-Gray","147165","123221","23944"
"2009-11-06","Olde-Gray","246025","230314","15711"
"2009-11-07","Olde-Gray","450885","441452","9433"
"2009-11-08","Olde-Gray","185177","171828","13349"
"2009-11-09","Olde-Gray","121087","111286","9801"
"2009-11-10","Olde-Gray","189787","177526","12261"
"2009-11-11","Olde-Gray","149066","133203","15863"
"2009-11-12","Olde-Gray","142555","117523","25032"
"2009-11-13","Olde-Gray","896401","879250","17151"
"2009-11-14","Olde-Gray","435483","411108","24375"
"2009-11-15","Olde-Gray","186265","166516","19749"
"2009-11-16","Olde-Gray","286417","277905","8512"
"2009-11-17","Olde-Gray","474583","454403","20180"
"2009-11-18","Olde-Gray","161808","155609","6199"
"2009-11-20","Olde-Gray","187837","179766","8071"
"2009-11-21","Olde-Gray","190497","187704","2793"
"2009-11-22","Olde-Gray","32589","27615","4974"
"2009-11-23","Olde-Gray","256866","242738","14128"
"2009-11-24","Olde-Gray","252256","237040","15216"
"2009-11-25","Olde-Gray","61278","59710","1568"
"2009-11-26","Olde-Gray","60568","49532","11036"
"2009-11-27","Olde-Gray","278614","257929","20685"
"2009-11-28","Olde-Gray","507553","495464","12089"
"2009-11-29","Olde-Gray","310012","285740","24272"
"2009-11-30","Olde-Gray","118427","103348","15079"
"2009-12-01","Olde-Gray","88547","71449","17098"
"2009-12-02","Olde-Gray","224277","215123","9154"
"2009-12-03","Olde-Gray","62469","59514","2955"
"2009-12-04","Olde-Gray","222327","217363","4964"
"2009-12-05","Olde-Gray","159858","157849","2009"
"2009-12-06","Olde-Gray","693059","664024","29035"
"2009-12-07","Olde-Gray","55958","43834","12124"
"2009-12-08","Olde-Gray","215816","201683","14133"
"2009-12-09","Olde-Gray","62469","59514","2955"
"2009-12-10","Olde-Gray","372584","350370","22214"
"2009-12-11","Olde-Gray","63228","57470","5758"
"2009-12-12","Olde-Gray","222327","217363","4964"
"2009-12-13","Olde-Gray","258438","255988","2450"
"2009-12-14","Olde-Gray","30639","29855","784"
"2009-12-15","Olde-Gray","250306","239280","11026"
"2009-12-16","Olde-Gray","194397","183224","11173"
"2009-12-17","Olde-Gray","340754","320711","20043"
"2009-12-18","Olde-Gray","124938","119028","5910"
"2009-12-19","Olde-Gray","291027","283603","7424"
"2009-12-20","Olde-Gray","316626","306536","10090"
"2009-12-21","Olde-Gray","306264","283114","23150"
"2009-12-22","Olde-Gray","89257","81627","7630"
"2009-12-23","Olde-Gray","382185","375212","6973"
"2009-12-24","Olde-Gray","62469","59514","2955"
"2009-12-25","Olde-Gray","210344","192913","17431"
"2009-12-26","Olde-Gray","319716","315698","4018"
"2009-12-27","Olde-Gray","351546","345357","6189"
"2009-12-28","Olde-Gray","55958","43834","12124"
"2009-12-29","Olde-Gray","30639","29855","784"
"2009-12-30","Olde-Gray","239514","214634","24880"
"2009-12-31","Olde-Gray","95058","87129","7929"
"2010-01-01","Olde-Gray","353496","343117","10379"
"2010-01-02","Olde-Gray","376865","359336","17529"
"2010-01-03","Olde-Gray","119896","111482","8414"
"2010-01-04","Olde-Gray","282136","268939","13197"
"2010-01-05","Olde-Gray","124938","119028","5910"
"2010-01-06","Olde-Gray","157198","149911","7287"
"2010-01-07","Olde-Gray","866091","846127","19964"
"2010-01-08","Olde-Gray","399372","372483","26889"
"2010-01-09","Olde-Gray","654720","619309","35411"
"2010-01-10","Olde-Gray","282136","268939","13197"
"2010-01-11","Olde-Gray","279324","268107","11217"
"2010-01-12","Olde-Gray","430011","402338","27673"
"2010-01-13","Olde-Gray","724560","696951","27609"
"2010-01-14","Olde-Gray","159858","157849","2009"
"2010-01-15","Olde-Gray","60568","49532","11036"
"2010-01-16","Olde-Gray","218805","206353","12452"
"2010-01-17","Olde-Gray","367542","342824","24718"
"2010-01-18","Olde-Gray","411355","396933","14422"
"2010-01-19","Olde-Gray","350355","345553","4802"
"2010-01-20","Olde-Gray","624840","587410","37430"
"2010-01-21","Olde-Gray","55958","43834","12124"
"2010-01-22","Olde-Gray","604512","592575","11937"
"2010-01-23","Olde-Gray","313104","295526","17578"
"2010-01-24","Olde-Gray","378712","351980","26732"
"2010-01-25","Olde-Gray","285555","274833","10722"
"2010-01-26","Olde-Gray","310874","288812","22062"
"2010-01-27","Olde-Gray","498711","468578","30133"
"2010-01-28","Olde-Gray","557179","528080","29099"
"2010-01-29","Olde-Gray","306593","279846","26747"
"2010-01-30","Olde-Gray","347695","337615","10080"
"2010-01-31","Olde-Gray","383376","375016","8360"
"2010-02-01","Olde-Gray","467539","432383","35156"
"2010-02-02","Olde-Gray","403223","380225","22998"
"2010-02-03","Olde-Gray","480765","473351","7414"
"2010-02-04","Olde-Gray","473824","456447","17377"
"2010-02-05","Olde-Gray","118427","103348","15079"
"2010-02-06","Olde-Gray","187837","179766","8071"
"2010-02-07","Olde-Gray","374053","358504","15549"
"2010-02-08","Olde-Gray","351546","345357","6189"
"2010-02-09","Olde-Gray","279324","268107","11217"
"2010-02-10","Olde-Gray","343463","316427","27036"
"2010-02-11","Olde-Gray","438143","419046","19097"
"2010-02-12","Olde-Gray","220755","204113","16642"
"2010-02-13","Olde-Gray","316626","306536","10090"
"2010-02-14","Olde-Gray","344605","328453","16152"
"2010-02-15","Olde-Gray","368733","342628","26105"
"2010-02-16","Olde-Gray","668931","649849","19082"
"2010-02-17","Olde-Gray","476484","464385","12099"
"2010-02-18","Olde-Gray","256866","242738","14128"
"2010-02-19","Olde-Gray","253015","234996","18019"
"2010-02-20","Olde-Gray","403223","380225","22998"
"2010-02-21","Olde-Gray","289077","285843","3234"
"2010-02-22","Olde-Gray","222327","217363","4964"
"2010-02-23","Olde-Gray","60568","49532","11036"
"2010-02-24","Olde-Gray","464501","439935","24566"
"2010-02-25","Olde-Gray","370683","340388","30295"
"2010-02-26","Olde-Gray","218046","208397","9649"
"2010-02-27","Olde-Gray","373343","348326","25017"
"2010-02-28","Olde-Gray","213156","193745","19411"
"2010-03-01","Olde-Gray","342704","318471","24233"
"2010-03-02","Olde-Gray","223086","215319","7767"
"2010-03-03","Olde-Gray","500612","478560","22052"
"2010-03-04","Olde-Gray","444654","434726","9928"
"2010-03-05","Olde-Gray","345364","326409","18955"
"2010-03-06","Olde-Gray","320907","315502","5405"
"2010-03-07","Olde-Gray","161808","155609","6199"
"2010-03-08","Olde-Gray","409454","386951","22503"
"2010-03-09","Olde-Gray","179705","163058","16647"
"2010-03-10","Olde-Gray","306264","283114","23150"
"2010-03-11","Olde-Gray","435053","409884","25169"
"2010-03-12","Olde-Gray","60568","49532","11036"
"2010-03-13","Olde-Gray","435812","407840","27972"
"2010-03-14","Olde-Gray","439334","418850","20484"
"2010-03-15","Olde-Gray","305834","281890","23944"
"2010-03-16","Olde-Gray","211535","192717","18818"
"2010-03-17","Olde-Gray","601852","584637","17215"
"2010-03-18","Olde-Gray","500612","478560","22052"
"2010-03-19","Olde-Gray","149066","133203","15863"
"2010-03-20","Olde-Gray","282136","268939","13197"
"2010-03-22","Olde-Gray","467642","437499","30143"
"2010-03-23","Olde-Gray","797821","781111","16710"
"2010-03-24","Olde-Gray","181655","160818","20837"
"2010-03-25","Olde-Gray","218805","206353","12452"
"2010-03-26","Olde-Gray","335282","311941","23341"
"2010-03-27","Olde-Gray","157198","149911","7287"
"2010-03-28","Olde-Gray","530821","507191","23630"
"2010-03-29","Olde-Gray","508744","495268","13476"
"2010-03-30","Olde-Gray","545184","530625","14559"
"2010-03-31","Olde-Gray","401322","370243","31079"
"2010-04-01","Olde-Gray","405173","377985","27188"
"2010-04-02","Olde-Gray","248405","229298","19107"
"2010-04-03","Olde-Gray","124938","119028","5910"
"2010-04-04","Olde-Gray","495140","469790","25350"
"2010-04-05","Olde-Gray","540903","521659","19244"
"2010-04-06","Olde-Gray","467161","447873","19288"
"2010-04-07","Olde-Gray","394811","354563","40248"
"2010-04-08","Olde-Gray","411355","396933","14422"
"2010-04-09","Olde-Gray","373623","357280","16343"
"2010-04-10","Olde-Gray","179705","163058","16647"
"2010-04-11","Olde-Gray","310923","276590","34333"
"2010-04-12","Olde-Gray","720279","687985","32294"
"2010-04-13","Olde-Gray","660470","636409","24061"
"2010-04-14","Olde-Gray","376003","356264","19739"
"2010-04-15","Olde-Gray","313534","296750","16784"
"2010-04-16","Olde-Gray","351546","345357","6189"
"2010-04-17","Olde-Gray","468782","448901","19881"
"2010-04-18","Olde-Gray","152917","140945","11972"
"2010-04-19","Olde-Gray","246784","228270","18514"
"2010-04-20","Olde-Gray","496051","460640","35411"
"2010-04-21","Olde-Gray","540574","524927","15647"
"2010-04-22","Olde-Gray","276664","260169","16495"
"2010-04-23","Olde-Gray","95058","87129","7929"
"2010-04-24","Olde-Gray","493391","452702","40689"
"2010-04-25","Olde-Gray","145215","125461","19754"
"2010-04-26","Olde-Gray","345364","326409","18955"
"2010-04-27","Olde-Gray","308494","289828","18666"
"2010-04-28","Olde-Gray","504463","486302","18161"
"2010-04-29","Olde-Gray","161808","155609","6199"
"2010-04-30","Olde-Gray","58618","51772","6846"
"2010-05-01","Olde-Gray","376865","359336","17529"
"2010-05-02","Olde-Gray","563840","536030","27810"
"2010-05-03","Olde-Gray","379903","351784","28119"
"2010-05-04","Olde-Gray","624688","594516","30172"
"2010-05-05","Olde-Gray","119186","101304","17882"
"2010-05-06","Olde-Gray","344605","328453","16152"
"2010-05-07","Olde-Gray","402791","378377","24414"
"2010-05-08","Olde-Gray","430770","400294","30476"
"2010-05-09","Olde-Gray","790880","764207","26673"
"2010-05-10","Olde-Gray","573163","552542","20621"
"2010-05-11","Olde-Gray","348886","337419","11467"
"2010-05-12","Olde-Gray","441994","426788","15206"
"2010-05-13","Olde-Gray","374964","349354","25610"
"2010-05-14","Olde-Gray","591060","559991","31069"
"2010-05-15","Olde-Gray","342552","325577","16975"
"2010-05-16","Olde-Gray","349974","332107","17867"
"2010-05-17","Olde-Gray","121087","111286","9801"
"2010-05-18","Olde-Gray","303604","275176","28428"
"2010-05-19","Olde-Gray","343414","328649","14765"
"2010-05-20","Olde-Gray","765561","750228","15333"
"2010-05-21","Olde-Gray","388580","347837","40743"
"2010-05-22","Olde-Gray","217766","199443","18323"
"2010-05-23","Olde-Gray","209634","182735","26899"
"2010-05-24","Olde-Gray","218476","209621","8855"
"2010-05-25","Olde-Gray","535861","514113","21748"
"2010-05-26","Olde-Gray","310115","290856","19259"
"2010-05-27","Olde-Gray","567691","543772","23919"
"2010-05-28","Olde-Gray","282895","266895","16000"
"2010-05-29","Olde-Gray","377953","354024","23929"
"2010-05-30","Olde-Gray","384135","372972","11163"
"2010-05-31","Olde-Gray","758340","724370","33970"
"2010-06-01","Olde-Gray","270912","242445","28467"
"2010-06-02","Olde-Gray","637150","607968","29182"
"2010-06-03","Olde-Gray","310393","299186","11207"
"2010-06-04","Olde-Gray","500990","463070","37920"
"2010-06-05","Olde-Gray","181655","160818","20837"
"2010-06-06","Olde-Gray","564120","544984","19136"
"2010-06-07","Olde-Gray","377194","356068","21126"
"2010-06-08","Olde-Gray","1104414","1060957","43457"
"2010-06-09","Olde-Gray","628210","605526","22684"
"2010-06-10","Olde-Gray","884747","851532","33215"
"2010-06-11","Olde-Gray","212294","190673","21621"
"2010-06-12","Olde-Gray","442323","423520","18803"
"2010-06-13","Olde-Gray","376762","354220","22542"
"2010-06-14","Olde-Gray","1192099","1129334","62765"
"2010-06-15","Olde-Gray","713667","667813","45854"
"2010-06-16","Olde-Gray","745927","698696","47231"
"2010-06-17","Olde-Gray","746028","703188","42840"
"2010-06-18","Olde-Gray","579988","526391","53597"
"2010-06-19","Olde-Gray","296941","266602","30339"
"2010-06-20","Olde-Gray","372152","348522","23630"
"2010-06-21","Olde-Gray","310012","285740","24272"
"2010-06-22","Olde-Gray","798150","777843","20307"
"2010-06-23","Olde-Gray","342704","318471","24233"
"2010-06-24","Olde-Gray","531251","508415","22836"
"2010-06-25","Olde-Gray","471923","446465","25458"
"2010-06-26","Olde-Gray","753627","713556","40071"
"2010-06-27","Olde-Gray","973397","928097","45300"
"2010-06-28","Olde-Gray","653529","619505","34024"
"2010-06-29","Olde-Gray","438902","417002","21900"
"2010-06-30","Olde-Gray","594631","558779","35852"
"2010-07-01","Olde-Gray","1185807","1161825","23982"
"2010-07-02","Olde-Gray","371442","338344","33098"
"2010-07-03","Olde-Gray","943743","887814","55929"
"2010-07-04","Olde-Gray","589159","550009","39150"
"2010-07-05","Olde-Gray","913485","871405","42080"
"2010-07-06","Olde-Gray","504893","487526","17367"
"2010-07-07","Olde-Gray","1161460","1099479","61981"
"2010-07-08","Olde-Gray","693059","664024","29035"
"2010-07-09","Olde-Gray","695390","675230","20160"
"2010-07-10","Olde-Gray","774336","721837","52499"
"2010-07-11","Olde-Gray","725928","700593","25335"
"2010-07-12","Olde-Gray","853779","824945","28834"
"2010-07-13","Olde-Gray","244932","206066","38866"
"2010-07-14","Olde-Gray","774665","718569","56096"
"2010-07-15","Olde-Gray","650717","618673","32044"
"2010-07-16","Olde-Gray","422790","376480","46310"
"2010-07-17","Olde-Gray","328771","296261","32510"
"2010-07-18","Olde-Gray","1081148","1049854","31294"
"2010-07-19","Olde-Gray","371393","350566","20827"
"2010-07-20","Olde-Gray","599192","576699","22493"
"2010-07-21","Olde-Gray","635529","606940","28589"
"2010-07-22","Olde-Gray","398662","362305","36357"
"2010-07-23","Olde-Gray","973574","931935","41639"
"2010-07-24","Olde-Gray","525931","492539","33392"
"2010-07-25","Olde-Gray","627500","595348","32152"
"2010-07-26","Olde-Gray","442323","423520","18803"
"2010-07-27","Olde-Gray","818326","779784","38542"
"2010-07-28","Olde-Gray","594960","555511","39449"
"2010-07-29","Olde-Gray","859909","827179","32730"
"2010-07-30","Olde-Gray","312775","298794","13981"
"2010-07-31","Olde-Gray","829651","810770","18881"
"2010-08-01","Olde-Gray","795490","769905","25585"
"2010-08-02","Olde-Gray","978007","933795","44212"
"2010-08-03","Olde-Gray","684546","633870","50676"
"2010-08-04","Olde-Gray","494430","459612","34818"
"2010-08-05","Olde-Gray","568450","541728","26722"
"2010-08-06","Olde-Gray","407504","389191","18313"
"2010-08-07","Olde-Gray","619798","579864","39934"
"2010-08-08","Olde-Gray","1041083","998371","42712"
"2010-08-09","Olde-Gray","1339913","1301950","37963"
"2010-08-10","Olde-Gray","694098","670934","23164"
"2010-08-11","Olde-Gray","446488","389431","57057"
"2010-08-12","Olde-Gray","529782","500281","29501"
"2010-08-13","Olde-Gray","943036","906572","36464"
"2010-08-14","Olde-Gray","656086","622327","33759"
"2010-08-15","Olde-Gray","412824","405067","7757"
"2010-08-16","Olde-Gray","645446","590575","54871"
"2010-08-17","Olde-Gray","969875","917087","52788"
"2010-08-18","Olde-Gray","1235863","1195665","40198"
"2010-08-19","Olde-Gray","688778","655058","33720"
"2010-08-20","Olde-Gray","345364","326409","18955"
"2010-08-21","Olde-Gray","889460","862346","27114"
"2010-08-22","Olde-Gray","889460","862346","27114"
"2010-08-23","Olde-Gray","665080","642107","22973"
"2010-08-24","Olde-Gray","677986","630412","47574"
"2010-08-25","Olde-Gray","480765","473351","7414"
"2010-08-26","Olde-Gray","303604","275176","28428"
"2010-08-27","Olde-Gray","438902","417002","21900"
"2010-08-28","Olde-Gray","1007784","960578","47206"
"2010-08-29","Olde-Gray","691158","654042","37116"
"2010-08-30","Olde-Gray","461841","431997","29844"
"2010-08-31","Olde-Gray","1015484","975438","40046"
"2010-09-01","Olde-Gray","497090","467550","29540"
"2010-09-02","Olde-Gray","500941","475292","25649"
"2010-09-03","Olde-Gray","944227","906376","37851"
"2010-09-04","Olde-Gray","824179","802000","22179"
"2010-09-05","Olde-Gray","1045796","1009185","36611"
"2010-09-06","Olde-Gray","605271","590531","14740"
"2010-09-07","Olde-Gray","629018","591260","37758"
"2010-09-08","Olde-Gray","1013536","978302","35234"
"2010-09-09","Olde-Gray","784369","748527","35842"
"2010-09-10","Olde-Gray","345364","326409","18955"
"2010-09-11","Olde-Gray","405883","388163","17720"
"2010-09-12","Olde-Gray","773145","722033","51112"
"2010-09-13","Olde-Gray","1063263","1015410","47853"
"2010-09-14","Olde-Gray","225036","213079","11957"
"2010-09-15","Olde-Gray","923088","896871","26217"
"2010-09-16","Olde-Gray","1010115","971784","38331"
"2010-09-17","Olde-Gray","402032","380421","21611"
"2010-09-18","Olde-Gray","430011","402338","27673"
"2010-09-19","Olde-Gray","979324","949035","30289"
"2010-09-20","Olde-Gray","400411","379393","21018"
"2010-09-21","Olde-Gray","502130","474472","27658"
"2010-09-22","Olde-Gray","304363","273132","31231"
"2010-09-23","Olde-Gray","597620","563449","34171"
"2010-09-24","Olde-Gray","664650","640883","23767"
"2010-09-25","Olde-Gray","334140","299915","34225"
"2010-09-26","Olde-Gray","532872","509443","23429"
"2010-09-27","Olde-Gray","529679","495165","34514"
"2010-09-28","Olde-Gray","615947","572122","43825"
"2010-09-29","Olde-Gray","901504","847579","53925"
"2010-09-30","Olde-Gray","587258","540027","47231"
"2010-10-01","Olde-Gray","782038","737321","44717"
"2010-10-02","Olde-Gray","467920","445829","22091"
"2010-10-03","Olde-Gray","956969","928782","28187"
"2010-10-04","Olde-Gray","728740","701425","27315"
"2010-10-05","Olde-Gray","648386","607467","40919"
"2010-10-06","Olde-Gray","421169","375452","45717"
"2010-10-07","Olde-Gray","748258","709902","38356"
"2010-10-08","Olde-Gray","1103225","1061777","41448"
"2010-10-09","Olde-Gray","588346","534715","53631"
"2010-10-10","Olde-Gray","1013966","979526","34440"
"2010-10-11","Olde-Gray","718707","674735","43972"
"2010-10-12","Olde-Gray","278285","261197","17088"
"2010-10-13","Olde-Gray","587209","552249","34960"
"2010-10-14","Olde-Gray","701355","646631","54724"
"2010-10-15","Olde-Gray","1137283","1097526","39757"
"2010-10-16","Olde-Gray","300792","274344","26448"
"2010-10-17","Olde-Gray","658139","625203","32936"
"2010-10-18","Olde-Gray","762088","726996","35092"
"2010-10-19","Olde-Gray","936704","895354","41350"
"2010-10-20","Olde-Gray","839745","798243","41502"
"2010-10-21","Olde-Gray","754769","725582","29187"
"2010-10-22","Olde-Gray","502891","473052","29839"
"2010-10-23","Olde-Gray","374102","346282","27820"
"2010-10-24","Olde-Gray","699241","682972","16269"
"2010-10-25","Olde-Gray","341513","318667","22846"
"2010-10-26","Olde-Gray","947545","907778","39767"
"2010-10-27","Olde-Gray","638292","619994","18298"
"2010-10-28","Olde-Gray","632540","602270","30270"
"2010-10-29","Olde-Gray","1102464","1063197","39267"
"2010-10-30","Olde-Gray","561180","528092","33088"
"2010-10-31","Olde-Gray","696200","661588","34612"
"2010-11-01","Olde-Gray","556899","519126","37773"
"2010-11-02","Olde-Gray","755528","723538","31990"
"2010-11-03","Olde-Gray","598330","573627","24703"
"2010-11-04","Olde-Gray","338853","310729","28124"
"2010-11-05","Olde-Gray","693059","664024","29035"
"2010-11-06","Olde-Gray","308973","278830","30143"
"2010-11-07","Olde-Gray","379525","367274","12251"
"2010-11-08","Olde-Gray","407504","389191","18313"
"2010-11-09","Olde-Gray","785128","746483","38645"
"2010-11-10","Olde-Gray","348832","320081","28751"
"2010-11-11","Olde-Gray","446604","432486","14118"
"2010-11-12","Olde-Gray","783507","745455","38052"
"2010-11-13","Olde-Gray","565031","535834","29197"
"2010-11-14","Olde-Gray","436571","405796","30775"
"2010-11-15","Olde-Gray","741165","700104","41061"
"2010-11-16","Olde-Gray","861049","838581","22468"
"2010-11-17","Olde-Gray","282895","266895","16000"
"2010-11-18","Olde-Gray","1209505","1174776","34729"
"2010-11-19","Olde-Gray","693491","665872","27619"
"2010-11-20","Olde-Gray","650439","610343","40096"
"2010-11-21","Olde-Gray","403982","378181","25801"
"2010-11-22","Olde-Gray","1075725","1028862","46863"
"2010-11-23","Olde-Gray","352732","315601","37131"
"2010-11-24","Olde-Gray","784369","748527","35842"
"2010-11-25","Olde-Gray","741165","700104","41061"
"2010-11-26","Olde-Gray","396282","363321","32961"
"2010-11-27","Olde-Gray","86597","73689","12908"
"2010-11-28","Olde-Gray","278285","261197","17088"
"2010-11-29","Olde-Gray","854818","831855","22963"
"2010-11-30","Olde-Gray","665129","629885","35244"
"2010-12-01","Olde-Gray","655049","616041","39008"
"2010-12-02","Olde-Gray","407833","385923","21910"
"2010-12-03","Olde-Gray","469111","445633","23478"
"2010-12-04","Olde-Gray","396280","362697","33583"
"2010-12-05","Olde-Gray","593769","555707","38062"
"2010-12-06","Olde-Gray","523271","484601","38670"
"2010-12-07","Olde-Gray","877806","834628","43178"
"2010-12-08","Olde-Gray","379095","366050","13045"
"2010-12-09","Olde-Gray","788220","756269","31951"
"2010-12-10","Olde-Gray","443082","421476","21606"
"2010-12-11","Olde-Gray","568882","543576","25306"
"2010-12-12","Olde-Gray","469973","448705","21268"
"2010-12-13","Olde-Gray","662420","634169","28251"
"2010-12-14","Olde-Gray","344173","326605","17568"
"2010-12-15","Olde-Gray","247646","231342","16304"
"2010-12-16","Olde-Gray","852487","820649","31838"
"2010-12-17","Olde-Gray","1424130","1376655","47475"
"2010-12-18","Olde-Gray","763660","740246","23414"
"2010-12-19","Olde-Gray","632491","614492","17999"
"2010-12-20","Olde-Gray","524359","479289","45070"
"2010-12-21","Olde-Gray","641875","591787","50088"
"2010-12-22","Olde-Gray","731071","712631","18440"
"2010-12-23","Olde-Gray","502611","464098","38513"
"2010-12-24","Olde-Gray","667892","642939","24953"
"2010-12-25","Olde-Gray","596532","568761","27771"
"2010-12-26","Olde-Gray","800694","742726","57968"
"2010-12-27","Olde-Gray","718228","685733","32495"
"2010-12-28","Olde-Gray","412114","394889","17225"
"2010-12-29","Olde-Gray","398559","357189","41370"
"2010-12-30","Olde-Gray","546702","526537","20165"
"2010-12-31","Olde-Gray","567740","531550","36190"
"2011-01-01","Olde-Gray","947975","909002","38973"
"2011-01-02","Olde-Gray","314244","306928","7316"
"2011-01-03","Olde-Gray","362119","321832","40287"
"2011-01-04","Olde-Gray","346074","336587","9487"
"2011-01-05","Olde-Gray","1033103","974557","58546"
"2011-01-06","Olde-Gray","430011","402338","27673"
"2011-01-07","Olde-Gray","377194","356068","21126"
"2011-01-08","Olde-Gray","883126","850504","32622"
"2011-01-09","Olde-Gray","1344955","1309496","35459"
"2011-01-10","Olde-Gray","630590","604510","26080"
"2011-01-11","Olde-Gray","540574","524927","15647"
"2011-01-12","Olde-Gray","915818","883235","32583"
"2011-01-13","Olde-Gray","501700","473248","28452"
"2011-01-14","Olde-Gray","913055","870181","42874"
"2011-01-15","Olde-Gray","367161","329378","37783"
"2011-01-16","Olde-Gray","1318331","1253282","65049"
"2011-01-17","Olde-Gray","847597","805997","41600"
"2011-01-18","Olde-Gray","828789","807698","21091"
"2011-01-19","Olde-Gray","688778","655058","33720"
"2011-01-20","Olde-Gray","1043846","1011425","32421"
"2011-01-21","Olde-Gray","840504","796199","44305"
"2011-01-22","Olde-Gray","441132","423716","17416"
"2011-01-23","Olde-Gray","694960","674006","20954"
"2011-01-24","Olde-Gray","1370122","1330581","39541"
"2011-01-25","Olde-Gray","435483","411108","24375"
"2011-01-26","Olde-Gray","965314","899167","66147"
"2011-01-27","Olde-Gray","852917","821873","31044"
"2011-01-28","Olde-Gray","998893","945914","52979"
"2011-01-29","Olde-Gray","636391","610012","26379"
"2011-01-30","Olde-Gray","782797","735277","47520"
"2011-01-31","Olde-Gray","649678","611763","37915"
"2011-02-01","Olde-Gray","807254","746184","61070"
"2011-02-02","Olde-Gray","611236","561932","49304"
"2011-02-03","Olde-Gray","525931","492539","33392"
"2011-02-04","Olde-Gray","849498","815979","33519"
"2011-02-05","Olde-Gray","635200","610208","24992"
"2011-02-06","Olde-Gray","336473","311745","24728"
"2011-02-07","Olde-Gray","643167","596083","47084"
"2011-02-08","Olde-Gray","615517","570898","44619"
"2011-02-09","Olde-Gray","567362","547040","20322"
"2011-02-10","Olde-Gray","446653","420264","26389"
"2011-02-11","Olde-Gray","970634","915043","55591"
"2011-02-12","Olde-Gray","748258","709902","38356"
"2011-02-13","Olde-Gray","1293771","1237259","56512"
"2011-02-14","Olde-Gray","506843","485286","21557"
"2011-02-15","Olde-Gray","700378","665438","34940"
"2011-02-16","Olde-Gray","714097","669037","45060"
"2011-02-17","Olde-Gray","556140","521170","34970"
"2011-02-18","Olde-Gray","720608","684717","35891"
"2011-02-19","Olde-Gray","550388","503446","46942"
"2011-02-20","Olde-Gray","1194862","1142388","52474"
"2011-02-21","Olde-Gray","745065","695624","49441"
"2011-02-22","Olde-Gray","1211126","1175804","35322"
"2011-02-23","Olde-Gray","884317","850308","34009"
"2011-02-24","Olde-Gray","568450","541728","26722"
"2011-02-25","Olde-Gray","1115206","1085603","29603"
"2011-02-26","Olde-Gray","881328","845638","35690"
"2011-02-27","Olde-Gray","706827","655401","51426"
"2011-02-28","Olde-Gray","817668","786320","31348"
"2011-03-01","Olde-Gray","527019","487227","39792"
"2011-03-02","Olde-Gray","504031","484454","19577"
"2011-03-03","Olde-Gray","467161","447873","19288"
"2011-03-04","Olde-Gray","996943","948154","48789"
"2011-03-05","Olde-Gray","651628","609523","42105"
"2011-03-06","Olde-Gray","459940","422015","37925"
"2011-03-07","Olde-Gray","692300","666068","26232"
"2011-03-08","Olde-Gray","1195191","1139120","56071"
"2011-03-09","Olde-Gray","927582","859514","68068"
"2011-03-10","Olde-Gray","473392","454599","18793"
"2011-03-11","Olde-Gray","887839","861318","26521"
"2011-03-12","Olde-Gray","717619","680047","37572"
"2011-03-13","Olde-Gray","1068455","1015226","53229"
"2011-03-14","Olde-Gray","565741","546012","19729"
"2011-03-15","Olde-Gray","726510","694711","31799"
"2011-03-16","Olde-Gray","1363282","1318169","45113"
"2011-03-17","Olde-Gray","341891","303177","38714"
"2011-03-18","Olde-Gray","379525","367274","12251"
"2011-03-19","Olde-Gray","433000","407008","25992"
"2011-03-20","Olde-Gray","392431","355579","36852"
"2011-03-21","Olde-Gray","1234544","1179801","54743"
"2011-03-22","Olde-Gray","936095","889668","46427"
"2011-03-23","Olde-Gray","600990","581565","19425"
"2011-03-24","Olde-Gray","1181094","1151011","30083"
"2011-03-25","Olde-Gray","667030","639867","27163"
"2011-03-26","Olde-Gray","1182599","1108984","73615"
"2011-03-27","Olde-Gray","1033862","972513","61349"
"2011-03-28","Olde-Gray","751247","714572","36675"
"2011-03-29","Olde-Gray","239514","214634","24880"
"2011-03-30","Olde-Gray","821848","790794","31054"
"2011-03-31","Olde-Gray","459611","425283","34328"
"2011-04-01","Olde-Gray","1043416","1010201","33215"
"2011-04-02","Olde-Gray","1274305","1245496","28809"
"2011-04-03","Olde-Gray","571213","554782","16431"
"2011-04-04","Olde-Gray","795490","769905","25585"
"2011-04-05","Olde-Gray","1429172","1384201","44971"
"2011-04-06","Olde-Gray","1059412","1007668","51744"
"2011-04-07","Olde-Gray","470302","445437","24865"
"2011-04-08","Olde-Gray","410164","397129","13035"
"2011-04-09","Olde-Gray","393239","341313","51926"
"2011-04-10","Olde-Gray","530060","508611","21449"
"2011-04-11","Olde-Gray","474583","454403","20180"
"2011-04-12","Olde-Gray","854867","819633","35234"
"2011-04-13","Olde-Gray","793638","747701","45937"
"2011-04-14","Olde-Gray","753197","712332","40865"
"2011-04-15","Olde-Gray","941464","893322","48142"
"2011-04-16","Olde-Gray","1139614","1108732","30882"
"2011-04-17","Olde-Gray","648106","598513","49593"
"2011-04-18","Olde-Gray","761710","742486","19224"
"2011-04-19","Olde-Gray","599192","576699","22493"
"2011-04-20","Olde-Gray","814298","768204","46094"
"2011-04-21","Olde-Gray","378663","364202","14461"
"2011-04-22","Olde-Gray","700316","639721","60595"
"2011-04-23","Olde-Gray","1142043","1095494","46549"
"2011-04-24","Olde-Gray","531300","496193","35107"
"2011-04-25","Olde-Gray","791968","758895","33073"
"2011-04-26","Olde-Gray","760241","734352","25889"
"2011-04-27","Olde-Gray","916196","867745","48451"
"2011-04-28","Olde-Gray","1013585","966080","47505"
"2011-04-29","Olde-Gray","596380","575867","20513"
"2011-04-30","Olde-Gray","567691","543772","23919"
"2011-05-01","Olde-Gray","944605","890886","53719"
"2011-05-02","Olde-Gray","852207","811695","40512"
"2011-05-03","Olde-Gray","1271694","1225336","46358"
"2011-05-04","Olde-Gray","929432","881094","48338"
"2011-05-05","Olde-Gray","848636","812907","35729"
"2011-05-06","Olde-Gray","778897","739757","39140"
"2011-05-07","Olde-Gray","532442","508219","24223"
"2011-05-08","Olde-Gray","524310","491511","32799"
"2011-05-09","Olde-Gray","981426","939689","41737"
"2011-05-10","Olde-Gray","528591","500477","28114"
"2011-05-11","Olde-Gray","648106","598513","49593"
"2011-05-12","Olde-Gray","887456","847248","40208"
"2011-05-13","Olde-Gray","981706","948643","33063"
"2011-05-14","Olde-Gray","788547","752377","36170"
"2011-05-15","Olde-Gray","681076","639574","41502"
"2011-05-16","Olde-Gray","936854","887624","49230"
"2011-05-17","Olde-Gray","830410","808726","21684"
"2011-05-18","Olde-Gray","554669","512412","42257"
"2011-05-19","Olde-Gray","1002415","956924","45491"
"2011-05-20","Olde-Gray","881655","841746","39909"
"2011-05-21","Olde-Gray","660470","636409","24061"
"2011-05-22","Olde-Gray","791919","771117","20802"
"2011-05-23","Olde-Gray","443082","421476","21606"
"2011-05-24","Olde-Gray","708625","660267","48358"
"2011-05-25","Olde-Gray","496380","457372","39008"
"2011-05-26","Olde-Gray","908445","864483","43962"
"2011-05-27","Olde-Gray","1154190","1085843","68347"
"2011-05-28","Olde-Gray","1048456","1017123","31333"
"2011-05-29","Olde-Gray","945315","901064","44251"
"2011-05-30","Olde-Gray","999591","983087","16504"
"2011-05-31","Olde-Gray","573922","550498","23424"
"2011-06-01","Olde-Gray","913814","868137","45677"
"2011-06-02","Olde-Gray","1076332","1033924","42408"
"2011-06-03","Olde-Gray","1380319","1323170","57149"
"2011-06-04","Olde-Gray","994661","924726","69935"
"2011-06-05","Olde-Gray","908445","864483","43962"
"2011-06-06","Olde-Gray","939843","892294","47549"
"2011-06-07","Olde-Gray","1010444","968516","41928"
"2011-06-08","Olde-Gray","867724","820160","47564"
"2011-06-09","Olde-Gray","947216","911046","36170"
"2011-06-10","Olde-Gray","892120","870284","21836"
"2011-06-11","Olde-Gray","881807","834640","47167"
"2011-06-12","Olde-Gray","870865","817724","53141"
"2011-06-13","Olde-Gray","879756","832388","47368"
"2011-06-14","Olde-Gray","726080","693487","32593"
"2011-06-15","Olde-Gray","1045366","1007961","37405"
"2011-06-16","Olde-Gray","773093","705319","67774"
"2011-06-17","Olde-Gray","783939","747303","36636"
"2011-06-18","Olde-Gray","985228","959653","25575"
"2011-06-19","Olde-Gray","640836","584877","55959"
"2011-06-20","Olde-Gray","1626064","1544530","81534"
"2011-06-21","Olde-Gray","559989","528288","31701"
"2011-06-22","Olde-Gray","1080006","1037828","42178"
"2011-06-23","Olde-Gray","1450107","1384098","66009"
"2011-06-24","Olde-Gray","1252291","1194980","57311"
"2011-06-25","Olde-Gray","403982","378181","25801"
"2011-06-26","Olde-Gray","1003174","954880","48294"
"2011-06-27","Olde-Gray","847015","811879","35136"
"2011-06-28","Olde-Gray","781505","730981","50524"
"2011-06-29","Olde-Gray","857856","824303","33553"
"2011-06-30","Olde-Gray","844937","798059","46878"
"2011-07-01","Olde-Gray","1002845","958148","44697"
"2011-07-02","Olde-Gray","1153330","1083395","69935"
"2011-07-03","Olde-Gray","527729","497405","30324"
"2011-07-04","Olde-Gray","821416","788946","32470"
"2011-07-05","Olde-Gray","982136","949867","32269"
"2011-07-06","Olde-Gray","850586","810667","39919"
"2011-07-07","Olde-Gray","1587080","1544290","42790"
"2011-07-08","Olde-Gray","588400","552053","36347"
"2011-07-09","Olde-Gray","903835","858785","45050"
"2011-07-10","Olde-Gray","1051268","1017955","33313"
"2011-07-11","Olde-Gray","505981","482214","23767"
"2011-07-12","Olde-Gray","844075","794987","49088"
"2011-07-13","Olde-Gray","948571","876749","71822"
"2011-07-14","Olde-Gray","981706","948643","33063"
"2011-07-15","Olde-Gray","632061","613268","18793"
"2011-07-16","Olde-Gray","1134242","1076142","58100"
"2011-07-17","Olde-Gray","993470","924922","68548"
"2011-07-18","Olde-Gray","904164","855517","48647"
"2011-07-19","Olde-Gray","970798","880942","89856"
"2011-07-20","Olde-Gray","1034523","994913","39610"
"2011-07-21","Olde-Gray","1003503","951612","51891"
"2011-07-22","Olde-Gray","1038094","993701","44393"
"2011-07-23","Olde-Gray","965162","906273","58889"
"2011-07-24","Olde-Gray","1114167","1078693","35474"
"2011-07-25","Olde-Gray","690247","663192","27055"
"2011-07-26","Olde-Gray","1027960","962519","65441"
"2011-07-27","Olde-Gray","973142","930087","43055"
"2011-07-28","Olde-Gray","745495","696848","48647"
"2011-07-29","Olde-Gray","586499","542071","44428"
"2011-07-30","Olde-Gray","891690","869060","22630"
"2011-07-31","Olde-Gray","744306","697668","46638"
"2011-08-01","Olde-Gray","522409","481529","40880"
"2011-08-02","Olde-Gray","852814","816757","36057"
"2011-08-03","Olde-Gray","1546307","1483253","63054"
"2011-08-04","Olde-Gray","801885","742530","59355"
"2011-08-05","Olde-Gray","1118359","1056172","62187"
"2011-08-06","Olde-Gray","1233633","1188951","44682"
"2011-08-07","Olde-Gray","868964","807742","61222"
"2011-08-08","Olde-Gray","834754","779099","55655"
"2011-08-09","Olde-Gray","471442","456839","14603"
"2011-08-10","Olde-Gray","676085","620430","55655"
"2011-08-11","Olde-Gray","534721","502711","32010"
"2011-08-12","Olde-Gray","682267","639378","42889"
"2011-08-13","Olde-Gray","464931","441159","23772"
"2011-08-14","Olde-Gray","1229352","1179985","49367"
"2011-08-15","Olde-Gray","1338657","1247493","91164"
"2011-08-16","Olde-Gray","875043","821574","53469"
"2011-08-17","Olde-Gray","555757","507100","48657"
"2011-08-18","Olde-Gray","998183","935736","62447"
"2011-08-19","Olde-Gray","847926","802729","45197"
"2011-08-20","Olde-Gray","455659","413049","42610"
"2011-08-21","Olde-Gray","1762376","1682322","80054"
"2011-08-22","Olde-Gray","742076","690954","51122"
"2011-08-23","Olde-Gray","827914","766687","61227"
"2011-08-24","Olde-Gray","591819","557947","33872"
"2011-08-25","Olde-Gray","772715","720809","51906"
"2011-08-26","Olde-Gray","866963","821580","45383"
"2011-08-27","Olde-Gray","1091672","1038551","53121"
"2011-08-28","Olde-Gray","846735","802925","43810"
"2011-08-29","Olde-Gray","1248276","1221339","26937"
"2011-08-30","Olde-Gray","1074217","1005331","68886"
"2011-08-31","Olde-Gray","680317","641618","38699"
"2011-09-01","Olde-Gray","936473","874178","62295"
"2011-09-02","Olde-Gray","597620","563449","34171"
"2011-09-03","Olde-Gray","1136954","1100794","36160"
"2011-09-04","Olde-Gray","945163","908170","36993"
"2011-09-05","Olde-Gray","819515","778964","40551"
"2011-09-06","Olde-Gray","1275926","1246524","29402"
"2011-09-07","Olde-Gray","1019767","985028","34739"
"2011-09-08","Olde-Gray","684595","621648","62947"
"2011-09-09","Olde-Gray","1032523","981063","51460"
"2011-09-10","Olde-Gray","1633285","1570388","62897"
"2011-09-11","Olde-Gray","1201702","1154800","46902"
"2011-09-12","Olde-Gray","552338","501206","51132"
"2011-09-13","Olde-Gray","806925","749452","57473"
"2011-09-14","Olde-Gray","694960","674006","20954"
"2011-09-15","Olde-Gray","961414","903647","57767"
"2011-09-16","Olde-Gray","903734","854293","49441"
"2011-09-17","Olde-Gray","953066","904326","48740"
"2011-09-18","Olde-Gray","1444623","1402323","42300"
"2011-09-19","Olde-Gray","1024819","964955","59864"
"2011-09-20","Olde-Gray","1023021","960089","62932"
"2011-09-21","Olde-Gray","572301","549470","22831"
"2011-09-22","Olde-Gray","1251149","1182954","68195"
"2011-09-23","Olde-Gray","776895","725283","51612"
"2011-09-24","Olde-Gray","241464","212394","29070"
"2011-09-25","Olde-Gray","728411","704693","23718"
"2011-09-26","Olde-Gray","1101754","1053019","48735"
"2011-09-27","Olde-Gray","1448260","1391454","56806"
"2011-09-28","Olde-Gray","666600","638643","27957"
"2011-09-29","Olde-Gray","781557","747695","33862"
"2011-09-30","Olde-Gray","718378","678003","40375"
"2011-10-01","Olde-Gray","1176965","1134939","42026"
"2011-10-02","Olde-Gray","1018247","988492","29755"
"2011-10-03","Olde-Gray","1129581","1082042","47539"
"2011-10-04","Olde-Gray","714959","672109","42850"
"2011-10-05","Olde-Gray","1147036","1115262","31774"
"2011-10-06","Olde-Gray","860946","833465","27481"
"2011-10-07","Olde-Gray","980996","938465","42531"
"2011-10-08","Olde-Gray","786648","743019","43629"
"2011-10-09","Olde-Gray","1096282","1044249","52033"
"2011-10-10","Olde-Gray","742356","699908","42448"
"2011-10-11","Olde-Gray","762901","742290","20611"
"2011-10-12","Olde-Gray","407504","389191","18313"
"2011-10-13","Olde-Gray","1423420","1366477","56943"
"2011-10-14","Olde-Gray","1547977","1472059","75918"
"2011-10-15","Olde-Gray","765610","738006","27604"
"2011-10-16","Olde-Gray","568553","546844","21709"
"2011-10-17","Olde-Gray","1351579","1302673","48906"
"2011-10-18","Olde-Gray","1237381","1191577","45804"
"2011-10-19","Olde-Gray","1057182","1000954","56228"
"2011-10-20","Olde-Gray","1164933","1122711","42222"
"2011-10-21","Olde-Gray","712906","669233","43673"
"2011-10-22","Olde-Gray","1081806","1043318","38488"
"2011-10-23","Olde-Gray","503321","474276","29045"
"2011-10-24","Olde-Gray","1016955","984196","32759"
"2011-10-25","Olde-Gray","920099","892201","27898"
"2011-10-26","Olde-Gray","872916","819976","52940"
"2011-10-27","Olde-Gray","1346207","1270083","76124"
"2011-10-28","Olde-Gray","787788","754421","33367"
"2011-10-29","Olde-Gray","1035333","981271","54062"
"2011-10-30","Olde-Gray","1265311","1225716","39595"
"2011-10-31","Olde-Gray","1072154","1030074","42080"
"2011-11-01","Olde-Gray","632540","602270","30270"
"2011-11-02","Olde-Gray","877376","833404","43972"
"2011-11-03","Olde-Gray","972383","932131","40252"
"2011-11-04","Olde-Gray","1347170","1277647","69523"
"2011-11-05","Olde-Gray","905456","859813","45643"
"2011-11-06","Olde-Gray","994003","931262","62741"
"2011-11-07","Olde-Gray","900691","832285","68406"
"2011-11-08","Olde-Gray","1283787","1198347","85440"
"2011-11-09","Olde-Gray","785408","755437","29971"
"2011-11-10","Olde-Gray","1073193","1036984","36209"
"2011-11-11","Olde-Gray","809865","766344","43521"
"2011-11-12","Olde-Gray","915386","881387","33999"
"2011-11-13","Olde-Gray","971673","921953","49720"
"2011-11-14","Olde-Gray","1066682","1021304","45378"
"2011-11-15","Olde-Gray","690728","652818","37910"
"2011-11-16","Olde-Gray","655376","612149","43227"
"2011-11-17","Olde-Gray","893092","821917","71175"
"2011-11-18","Olde-Gray","1319800","1261416","58384"
"2011-11-19","Olde-Gray","844834","792943","51891"
"2011-11-20","Olde-Gray","791258","748717","42541"
"2011-11-21","Olde-Gray","1103704","1050779","52925"
"2011-11-22","Olde-Gray","859260","777784","81476"
"2011-11-23","Olde-Gray","1073345","1029878","43467"
"2011-11-24","Olde-Gray","1347295","1264771","82524"
"2011-11-25","Olde-Gray","939084","894338","44746"
"2011-11-26","Olde-Gray","694960","674006","20954"
"2011-11-27","Olde-Gray","963480","944462","19018"
"2011-11-28","Olde-Gray","1208527","1128649","79878"
"2011-11-29","Olde-Gray","1446079","1372518","73561"
"2011-11-30","Olde-Gray","827217","794448","32769"
"2011-12-01","Olde-Gray","979805","938661","41144"
"2011-12-02","Olde-Gray","950028","911878","38150"
"2011-12-03","Olde-Gray","971776","927069","44707"
"2011-12-04","Olde-Gray","1393061","1345576","47485"
"2011-12-05","Olde-Gray","657810","628471","29339"
"2011-12-06","Olde-Gray","500182","477336","22846"
"2011-12-07","Olde-Gray","1303475","1267217","36258"
"2011-12-08","Olde-Gray","549349","496536","52813"
"2011-12-09","Olde-Gray","466451","437695","28756"
"2011-12-10","Olde-Gray","945315","901064","44251"
"2011-12-11","Olde-Gray","944556","903108","41448"
"2011-12-12","Olde-Gray","1236293","1196889","39404"
"2011-12-13","Olde-Gray","1072154","1030074","42080"
"2011-12-14","Olde-Gray","629831","606554","23277"
"2011-12-15","Olde-Gray","1098765","1048349","50416"
"2011-12-16","Olde-Gray","610907","565200","45707"
"2011-12-17","Olde-Gray","772715","720809","51906"
"2011-12-18","Olde-Gray","595670","565689","29981"
"2011-12-19","Olde-Gray","1096763","1033875","62888"
"2011-12-20","Olde-Gray","995801","936128","59673"
"2011-12-21","Olde-Gray","1071444","1019896","51548"
"2011-12-22","Olde-Gray","494430","459612","34818"
"2011-12-23","Olde-Gray","1006163","959550","46613"
"2011-12-24","Olde-Gray","780137","727339","52798"
"2011-12-25","Olde-Gray","770335","721825","48510"
"2011-12-26","Olde-Gray","523168","479485","43683"
"2011-12-27","Olde-Gray","916297","872237","44060"
"2011-12-28","Olde-Gray","904594","856741","47853"
"2011-12-29","Olde-Gray","650007","608495","41512"
"2011-12-30","Olde-Gray","594098","552439","41659"
"2011-12-31","Olde-Gray","1364473","1317973","46500"
"2012-01-01","Olde-Gray","1191291","1143600","47691"
"2012-01-02","Olde-Gray","1553562","1458326","95236"
"2012-01-03","Olde-Gray","980564","936617","43947"
"2012-01-04","Olde-Gray","1137003","1088572","48431"
"2012-01-05","Olde-Gray","1576566","1527974","48592"
"2012-01-06","Olde-Gray","1636043","1553882","82161"
"2012-01-07","Olde-Gray","916297","872237","44060"
"2012-01-08","Olde-Gray","1316708","1251630","65078"
"2012-01-09","Olde-Gray","1135814","1089392","46422"
"2012-01-10","Olde-Gray","1325982","1280364","45618"
"2012-01-11","Olde-Gray","1506065","1427932","78133"
"2012-01-12","Olde-Gray","1413338","1352009","61329"
"2012-01-13","Olde-Gray","550717","500178","50539"
"2012-01-14","Olde-Gray","1552487","1501577","50910"
"2012-01-15","Olde-Gray","1568205","1490714","77491"
"2012-01-16","Olde-Gray","1107123","1056673","50450"
"2012-01-17","Olde-Gray","1992302","1910053","82249"
"2012-01-18","Olde-Gray","1423798","1350987","72811"
"2012-01-19","Olde-Gray","1031052","972305","58747"
"2012-01-20","Olde-Gray","1385030","1333360","51670"
"2012-01-21","Olde-Gray","1210276","1145737","64539"
"2012-01-22","Olde-Gray","1202598","1107087","95511"
"2012-01-23","Olde-Gray","1713585","1647008","66577"
"2012-01-24","Olde-Gray","1268985","1229620","39365"
"2012-01-25","Olde-Gray","1537517","1473081","64436"
"2012-01-26","Olde-Gray","1242786","1145070","97716"
"2012-01-27","Olde-Gray","907303","852457","54846"
"2012-01-28","Olde-Gray","1387638","1324584","63054"
"2012-01-29","Olde-Gray","1645644","1578724","66920"
"2012-01-30","Olde-Gray","1439593","1367782","71811"
"2012-01-31","Olde-Gray","1258522","1201706","56816"
"2012-02-01","Olde-Gray","1555628","1499141","56487"
"2012-02-02","Olde-Gray","1095091","1044445","50646"
"2012-02-03","Olde-Gray","1033103","974557","58546"
"2012-02-04","Olde-Gray","1110050","1035626","74424"
"2012-02-05","Olde-Gray","1276748","1205887","70861"
"2012-02-06","Olde-Gray","1285310","1223819","61491"
"2012-02-07","Olde-Gray","947265","898824","48441"
"2012-02-08","Olde-Gray","2301656","2202329","99327"
"2012-02-09","Olde-Gray","1169263","1119455","49808"
"2012-02-10","Olde-Gray","1251859","1193132","58727"
"2012-02-11","Olde-Gray","1483290","1378836","104454"
"2012-02-12","Olde-Gray","1403305","1325319","77986"
"2012-02-13","Olde-Gray","1583607","1521058","62549"
"2012-02-14","Olde-Gray","1758867","1709251","49616"
"2012-02-15","Olde-Gray","1398479","1337008","61471"
"2012-02-16","Olde-Gray","1529383","1455749","73634"
"2012-02-17","Olde-Gray","1637185","1565908","71277"
"2012-02-18","Olde-Gray","1598692","1527675","71017"
"2012-02-19","Olde-Gray","1902996","1840648","62348"
"2012-02-20","Olde-Gray","555428","510368","45060"
"2012-02-21","Olde-Gray","1535235","1449653","85582"
"2012-02-22","Olde-Gray","689586","640792","48794"
"2012-02-23","Olde-Gray","1641896","1576098","65798"
"2012-02-24","Olde-Gray","1388881","1341102","47779"
"2012-02-25","Olde-Gray","1353907","1284943","68964"
"2012-02-26","Olde-Gray","1370335","1284258","86077"
"2012-02-27","Olde-Gray","1902564","1838800","63764"
"2012-02-28","Olde-Gray","329049","304591","24458"
"2012-02-29","Olde-Gray","1118128","1034996","83132"
"2012-03-01","Olde-Gray","1801805","1722349","79456"
"2012-03-02","Olde-Gray","1091392","1029597","61795"
"2012-03-03","Olde-Gray","1677248","1616767","60481"
"2012-03-04","Olde-Gray","1697802","1603218","94584"
"2012-03-05","Olde-Gray","1607784","1523011","84773"
"2012-03-06","Olde-Gray","1099374","1054035","45339"
"2012-03-07","Olde-Gray","1736853","1658735","78118"
"2012-03-08","Olde-Gray","853779","824945","28834"
"2012-03-09","Olde-Gray","1694661","1605654","89007"
"2012-03-10","Olde-Gray","1382218","1332528","49690"
"2012-03-11","Olde-Gray","1651511","1574569","76942"
"2012-03-12","Olde-Gray","752006","712528","39478"
"2012-03-13","Olde-Gray","1584378","1492019","92359"
"2012-03-14","Olde-Gray","1396492","1324475","72017"
"2012-03-15","Olde-Gray","1229401","1167763","61638"
"2012-03-16","Olde-Gray","684168","649360","34808"
"2012-03-17","Olde-Gray","996233","937976","58257"
"2012-03-18","Olde-Gray","1035434","985763","49671"
"2012-03-19","Olde-Gray","1254671","1193964","60707"
"2012-03-20","Olde-Gray","1390298","1332522","57776"
"2012-03-21","Olde-Gray","1093241","1022865","70376"
"2012-03-22","Olde-Gray","1432907","1348888","84019"
"2012-03-23","Olde-Gray","1436326","1354782","81544"
"2012-03-24","Olde-Gray","1246210","1180524","65686"
"2012-03-25","Olde-Gray","1392032","1311047","80985"
"2012-03-26","Olde-Gray","2235083","2137687","97396"
"2012-03-27","Olde-Gray","1323219","1267310","55909"
"2012-03-28","Olde-Gray","1193671","1142584","51087"
"2012-03-29","Olde-Gray","1291821","1239499","52322"
"2012-03-30","Olde-Gray","1498844","1402074","96770"
"2012-03-31","Olde-Gray","1079854","1044934","34920"
"2012-04-01","Olde-Gray","1605785","1537473","68312"
"2012-04-02","Olde-Gray","971951","930283","41668"
"2012-04-03","Olde-Gray","500661","466338","34323"
"2012-04-04","Olde-Gray","779275","724267","55008"
"2012-04-05","Olde-Gray","1389360","1330104","59256"
"2012-04-06","Olde-Gray","1293921","1229529","64392"
"2012-04-07","Olde-Gray","1336884","1253571","83313"
"2012-04-08","Olde-Gray","1459811","1414056","45755"
"2012-04-09","Olde-Gray","617897","569882","48015"
"2012-04-10","Olde-Gray","1026010","964759","61251"
"2012-04-11","Olde-Gray","963310","884069","79241"
"2012-04-12","Olde-Gray","996562","934708","61854"
"2012-04-13","Olde-Gray","1538428","1463931","74497"
"2012-04-14","Olde-Gray","1180877","1103464","77413"
"2012-04-15","Olde-Gray","1836686","1745773","90913"
"2012-04-16","Olde-Gray","2203179","2109306","93873"
"2012-04-17","Olde-Gray","1656369","1548093","108276"
"2012-04-18","Olde-Gray","1329553","1279152","50401"
"2012-04-19","Olde-Gray","1171493","1126169","45324"
"2012-04-20","Olde-Gray","1130224","1036943","93281"
"2012-04-21","Olde-Gray","1212479","1140883","71596"
"2012-04-22","Olde-Gray","1279560","1206719","72841"
"2012-04-23","Olde-Gray","1440455","1370854","69601"
"2012-04-24","Olde-Gray","1390249","1344744","45505"
"2012-04-25","Olde-Gray","1371374","1291168","80206"
"2012-04-26","Olde-Gray","856652","786560","70092"
"2012-04-27","Olde-Gray","1366813","1273248","93565"
"2012-04-28","Olde-Gray","1196709","1135032","61677"
"2012-04-29","Olde-Gray","1402976","1328587","74389"
"2012-04-30","Olde-Gray","1588598","1540202","48396"
"2012-05-01","Olde-Gray","2135240","2041646","93594"
"2012-05-02","Olde-Gray","1133085","1025553","107532"
"2012-05-03","Olde-Gray","1231945","1132646","99299"
"2012-05-04","Olde-Gray","1583607","1521058","62549"
"2012-05-05","Olde-Gray","1594993","1512827","82166"
"2012-05-06","Olde-Gray","2054388","1955497","98891"
"2012-05-07","Olde-Gray","2055152","1983013","72139"
"2012-05-08","Olde-Gray","1110706","1028466","82240"
"2012-05-09","Olde-Gray","1371148","1299552","71596"
"2012-05-10","Olde-Gray","1693853","1619920","73933"
"2012-05-11","Olde-Gray","1122586","1047800","74786"
"2012-05-12","Olde-Gray","1829254","1766862","62392"
"2012-05-13","Olde-Gray","1398695","1319621","79074"
"2012-05-14","Olde-Gray","1314048","1243692","70356"
"2012-05-15","Olde-Gray","1105283","1007474","97809"
"2012-05-16","Olde-Gray","1136455","1043669","92786"
"2012-05-17","Olde-Gray","1188680","1123440","65240"
"2012-05-18","Olde-Gray","2002004","1939387","62617"
"2012-05-19","Olde-Gray","1594131","1509755","84376"
"2012-05-20","Olde-Gray","1020538","955989","64549"
"2012-05-21","Olde-Gray","998564","949182","49382"
"2012-05-22","Olde-Gray","1390880","1326640","64240"
"2012-05-23","Olde-Gray","1818627","1773049","45578"
"2012-05-24","Olde-Gray","1992403","1914545","77858"
"2012-05-25","Olde-Gray","1287818","1238863","48955"
"2012-05-26","Olde-Gray","1402595","1315141","87454"
"2012-05-27","Olde-Gray","391999","353731","38268"
"2012-05-28","Olde-Gray","1001221","928184","73037"
"2012-05-29","Olde-Gray","772715","720809","51906"
"2012-05-30","Olde-Gray","2252641","2176023","76618"
"2012-05-31","Olde-Gray","1121218","1044158","77060"
"2012-06-01","Olde-Gray","254157","247022","7135"
"2012-06-02","Olde-Gray","728411","704693","23718"
"2012-06-03","Olde-Gray","631022","606358","24664"
"2012-06-04","Olde-Gray","650007","608495","41512"
"2012-06-05","Olde-Gray","1008317","966918","41399"
"2012-06-06","Olde-Gray","461841","431997","29844"
"2012-06-07","Olde-Gray","1094332","1046489","47843"
"2012-06-08","Olde-Gray","537811","511873","25938"
"2012-06-09","Olde-Gray","529782","500281","29501"
"2012-06-10","Olde-Gray","604561","580353","24208"
"2012-06-11","Olde-Gray","752868","715600","37268"
"2012-06-12","Olde-Gray","567691","543772","23919"
"2012-06-13","Olde-Gray","629831","606554","23277"
"2012-06-14","Olde-Gray","879756","832388","47368"
"2012-06-15","Olde-Gray","1140525","1099582","40943"
"2012-06-16","Olde-Gray","463361","428533","34828"
"2012-06-17","Olde-Gray","660089","622963","37126"
"2012-06-18","Olde-Gray","660040","635185","24855"
"2012-06-19","Olde-Gray","589488","546741","42747"
"2012-06-20","Olde-Gray","974436","935007","39429"
"2012-06-21","Olde-Gray","1250668","1193328","57340"
"2012-06-22","Olde-Gray","783507","745455","38052"
"2012-06-23","Olde-Gray","519319","472367","46952"
"2012-06-24","Olde-Gray","533481","515129","18352"
"2012-06-25","Olde-Gray","444703","422504","22199"
"2012-06-26","Olde-Gray","412824","405067","7757"
"2012-06-27","Olde-Gray","825370","801804","23566"
"2012-06-28","Olde-Gray","1060323","998518","61805"
"2012-06-29","Olde-Gray","365970","329574","36396"
"2012-06-30","Olde-Gray","873955","826886","47069"
"2012-07-01","Olde-Gray","237613","204652","32961"
"2012-07-02","Olde-Gray","488678","441888","46790"
"2012-07-03","Olde-Gray","1063312","1003188","60124"
"2012-07-04","Olde-Gray","600661","584833","15828"
"2012-07-05","Olde-Gray","648536","599737","48799"
"2012-07-06","Olde-Gray","748258","709902","38356"
"2012-07-07","Olde-Gray","282136","268939","13197"
"2012-07-08","Olde-Gray","399372","372483","26889"
"2012-07-09","Olde-Gray","462600","429953","32647"
"2012-07-10","Olde-Gray","682267","639378","42889"
"2012-07-11","Olde-Gray","431961","400098","31863"
"2012-07-12","Olde-Gray","812677","767176","45501"
"2012-07-13","Olde-Gray","721038","685941","35097"
"2012-07-14","Olde-Gray","1039565","1002459","37106"
"2012-07-15","Olde-Gray","430060","390116","39944"
"2012-07-16","Olde-Gray","631300","614688","16612"
"2012-07-17","Olde-Gray","275954","249991","25963"
"2012-07-18","Olde-Gray","404844","381253","23591"
"2012-07-19","Olde-Gray","573873","562720","11153"
"2012-07-20","Olde-Gray","833829","814620","19209"
"2012-07-21","Olde-Gray","794463","736000","58463"
"2012-07-22","Olde-Gray","454468","413245","41223"
"2012-07-23","Olde-Gray","493671","461656","32015"
"2012-07-24","Olde-Gray","829980","807502","22478"
"2012-07-25","Olde-Gray","380994","375408","5586"
"2012-07-26","Olde-Gray","573163","552542","20621"
"2012-07-27","Olde-Gray","498991","477532","21459"
"2012-07-28","Olde-Gray","788220","756269","31951"
"2012-07-29","Olde-Gray","629121","596376","32745"
"2012-07-30","Olde-Gray","596429","563645","32784"
"2012-07-31","Olde-Gray","342704","318471","24233"
"2012-08-01","Olde-Gray","552289","513428","38861"
"2012-08-02","Olde-Gray","497090","467550","29540"
"2012-08-03","Olde-Gray","598379","561405","36974"
"2012-08-04","Olde-Gray","433000","407008","25992"
"2012-08-05","Olde-Gray","267493","236551","30942"
"2012-08-06","Olde-Gray","649678","611763","37915"
"2012-08-07","Olde-Gray","1547167","1485701","61466"
"2012-08-08","Olde-Gray","593010","557751","35259"
"2012-08-09","Olde-Gray","373623","357280","16343"
"2012-08-10","Olde-Gray","650437","609719","40718"
"2012-08-11","Olde-Gray","412114","394889","17225"
"2012-08-12","Olde-Gray","433862","410080","23782"
"2012-08-13","Olde-Gray","1092863","1038355","54508"
"2012-08-14","Olde-Gray","685408","636942","48466"
"2012-08-15","Olde-Gray","461841","431997","29844"
"2012-08-16","Olde-Gray","316572","289198","27374"
"2012-08-17","Olde-Gray","687788","635926","51862"
"2012-08-18","Olde-Gray","604890","577085","27805"
"2012-08-19","Olde-Gray","744407","702160","42247"
"2012-08-20","Olde-Gray","557179","528080","29099"
"2012-08-21","Olde-Gray","60568","49532","11036"
"2012-08-22","Olde-Gray","565311","544788","20523"
"2012-08-23","Olde-Gray","654568","626415","28153"
"2012-08-24","Olde-Gray","431202","402142","29060"
"2012-08-25","Olde-Gray","783026","755829","27197"
"2012-08-26","Olde-Gray","837414","787037","50377"
"2012-08-27","Olde-Gray","405883","388163","17720"
"2012-08-28","Olde-Gray","920529","893425","27104"
"2012-08-29","Olde-Gray","1266173","1228788","37385"
"2012-08-30","Olde-Gray","177045","155120","21925"
"2012-08-31","Olde-Gray","948407","910850","37557"
"2012-09-01","Olde-Gray","829712","771553","58159"
"2012-09-02","Olde-Gray","818859","786124","32735"
"2012-09-03","Olde-Gray","527449","488451","38998"
"2012-09-04","Olde-Gray","460650","432193","28457"
"2012-09-05","Olde-Gray","668931","649849","19082"
"2012-09-06","Olde-Gray","282136","268939","13197"
"2012-09-07","Olde-Gray","718658","686957","31701"
"2012-09-08","Olde-Gray","764370","750424","13946"
"2012-09-09","Olde-Gray","942984","889858","53126"
"2012-09-10","Olde-Gray","334572","301763","32809"
"2012-09-11","Olde-Gray","705091","676252","28839"
"2012-09-12","Olde-Gray","406642","386119","20523"
"2012-09-13","Olde-Gray","902543","854489","48054"
"2012-09-14","Olde-Gray","676036","632652","43384"
"2012-09-15","Olde-Gray","308924","291052","17872"
"2012-09-16","Olde-Gray","783507","745455","38052"
"2012-09-17","Olde-Gray","724889","693683","31206"
"2012-09-18","Olde-Gray","550668","512400","38268"
"2012-09-19","Olde-Gray","655958","606267","49691"
"2012-09-20","Olde-Gray","859860","839401","20459"
"2012-09-21","Olde-Gray","638292","619994","18298"
"2012-09-22","Olde-Gray","505981","482214","23767"
"2012-09-23","Olde-Gray","661990","632945","29045"
"2012-09-24","Olde-Gray","1171925","1128017","43908"
"2012-09-25","Olde-Gray","535102","516157","18945"
"2012-09-26","Olde-Gray","593339","554483","38856"
"2012-09-27","Olde-Gray","655150","620533","34617"
"2012-09-28","Olde-Gray","782038","737321","44717"
"2012-09-29","Olde-Gray","602940","579325","23615"
"2012-09-30","Olde-Gray","980515","948839","31676"
"2012-10-01","Olde-Gray","981706","948643","33063"
"2012-10-02","Olde-Gray","790448","762359","28089"
"2012-10-03","Olde-Gray","645117","593843","51274"
"2012-10-04","Olde-Gray","845976","804969","41007"
"2012-10-05","Olde-Gray","1044175","1008157","36018"
"2012-10-06","Olde-Gray","467210","435651","31559"
"2012-10-07","Olde-Gray","675326","622474","52852"
"2012-10-08","Olde-Gray","603043","584441","18602"
"2012-10-09","Olde-Gray","477837","429464","48373"
"2012-10-10","Olde-Gray","1141716","1099386","42330"
"2012-10-11","Olde-Gray","722229","685745","36484"
"2012-10-12","Olde-Gray","731120","700409","30711"
"2012-10-13","Olde-Gray","680646","638350","42296"
"2012-10-14","Olde-Gray","817238","785096","32142"
"2012-10-15","Olde-Gray","930952","877630","53322"
"2012-10-16","Olde-Gray","720328","675763","44565"
"2012-10-17","Olde-Gray","781557","747695","33862"
"2012-10-18","Olde-Gray","873675","817932","55743"
"2012-10-19","Olde-Gray","717948","676779","41169"
"2012-10-20","Olde-Gray","616379","573970","42409"
"2012-10-21","Olde-Gray","522738","478261","44477"
"2012-10-22","Olde-Gray","999323","947138","52185"
"2012-10-23","Olde-Gray","622939","577428","45511"
"2012-10-24","Olde-Gray","472962","453375","19587"
"2012-10-25","Olde-Gray","382563","359722","22841"
"2012-10-26","Olde-Gray","277094","261393","15701"
"2012-10-27","Olde-Gray","584878","541043","43835"
"2012-10-28","Olde-Gray","721470","687789","33681"
"2012-10-29","Olde-Gray","882846","841550","41296"
"2012-10-30","Olde-Gray","303501","270060","33441"
"2012-10-31","Olde-Gray","709487","663339","46148"
"2012-11-01","Olde-Gray","432241","409052","23189"
"2012-11-02","Olde-Gray","1075676","1041084","34592"
"2012-11-03","Olde-Gray","309683","289008","20675"
"2012-11-04","Olde-Gray","556899","519126","37773"
"2012-11-05","Olde-Gray","693059","664024","29035"
"2012-11-06","Olde-Gray","778897","739757","39140"
"2012-11-07","Olde-Gray","1177245","1143893","33352"
"2012-11-08","Olde-Gray","1480240","1413383","66857"
"2012-11-09","Olde-Gray","626309","595544","30765"
"2012-11-10","Olde-Gray","1138953","1086332","52621"
"2012-11-11","Olde-Gray","587209","552249","34960"
"2012-11-12","Olde-Gray","532872","509443","23429"
"2012-11-13","Olde-Gray","527881","490299","37582"
"2012-11-14","Olde-Gray","764912","700833","64079"
"2012-11-15","Olde-Gray","435812","407840","27972"
"2012-11-16","Olde-Gray","777325","726507","50818"
"2012-11-17","Olde-Gray","634389","595538","38851"
"2012-11-18","Olde-Gray","705801","686430","19371"
"2012-11-19","Olde-Gray","775807","730595","45212"
"2012-11-20","Olde-Gray","637101","620190","16911"
"2012-11-21","Olde-Gray","405173","377985","27188"
"2012-11-22","Olde-Gray","1014676","989704","24972"
"2012-11-23","Olde-Gray","544042","518599","25443"
"2012-11-24","Olde-Gray","892120","870284","21836"
"2012-11-25","Olde-Gray","528591","500477","28114"
"2012-11-26","Olde-Gray","746637","708874","37763"
"2012-11-27","Olde-Gray","1166932","1108249","58683"
"2012-11-28","Olde-Gray","1243666","1215641","28025"
"2012-11-29","Olde-Gray","560421","530136","30285"
"2012-11-30","Olde-Gray","602940","579325","23615"
"2012-12-01","Olde-Gray","685789","650388","35401"
"2012-12-02","Olde-Gray","786599","755241","31358"
"2012-12-03","Olde-Gray","304643","282086","22557"
"2012-12-04","Olde-Gray","242223","210350","31873"
"2012-12-05","Olde-Gray","622077","574356","47721"
"2012-12-06","Olde-Gray","377624","357292","20332"
"2012-12-07","Olde-Gray","270153","244489","25664"
"2012-12-08","Olde-Gray","1109024","1066655","42369"
"2012-12-09","Olde-Gray","694530","672782","21748"
"2012-12-10","Olde-Gray","397800","359233","38567"
"2012-12-11","Olde-Gray","968684","917283","51401"
"2012-12-12","Olde-Gray","1041945","1001443","40502"
"2012-12-13","Olde-Gray","549197","503642","45555"
"2012-12-14","Olde-Gray","856768","829615","27153"
"2012-12-15","Olde-Gray","655808","613997","41811"
"2012-12-16","Olde-Gray","450617","405503","45114"
"2012-12-17","Olde-Gray","539761","509633","30128"
"2012-12-18","Olde-Gray","1054318","983408","70910"
"2012-12-19","Olde-Gray","718658","686957","31701"
"2012-12-20","Olde-Gray","885179","853380","31799"
"2012-12-21","Olde-Gray","690399","656086","34313"
"2012-12-22","Olde-Gray","725977","688371","37606"
"2012-12-23","Olde-Gray","726839","691443","35396"
"2012-12-24","Olde-Gray","915057","884655","30402"
"2012-12-25","Olde-Gray","814578","777158","37420"
"2012-12-26","Olde-Gray","596758","560377","36381"
"2012-12-27","Olde-Gray","623649","587606","36043"
"2012-12-28","Olde-Gray","714097","669037","45060"
"2012-12-29","Olde-Gray","1045037","1011229","33808"
"2012-12-30","Olde-Gray","569641","541532","28109"
"2012-12-31","Olde-Gray","811005","777746","33259"
"2013-01-01","Olde-Gray","405883","388163","17720"
"2013-01-02","Olde-Gray","1942648","1806733","135915"
"2013-01-03","Olde-Gray","1692116","1575837","116279"
"2013-01-04","Olde-Gray","2019699","1937852","81847"
"2013-01-05","Olde-Gray","1913289","1808169","105120"
"2013-01-06","Olde-Gray","1248489","1175016","73473"
"2013-01-07","Olde-Gray","1022869","967195","55674"
"2013-01-08","Olde-Gray","2038736","1956703","82033"
"2013-01-09","Olde-Gray","2768982","2681035","87947"
"2013-01-10","Olde-Gray","2133666","2027772","105894"
"2013-01-11","Olde-Gray","2335284","2236854","98430"
"2013-01-12","Olde-Gray","2233766","2122447","111319"
"2013-01-13","Olde-Gray","2431800","2294802","136998"
"2013-01-14","Olde-Gray","1912051","1821211","90840"
"2013-01-15","Olde-Gray","2076949","1985982","90967"
"2013-01-16","Olde-Gray","2328871","2196730","132141"
"2013-01-17","Olde-Gray","1970136","1866643","103493"
"2013-01-18","Olde-Gray","2287561","2214844","72717"
"2013-01-19","Olde-Gray","1911469","1827093","84376"
"2013-01-20","Olde-Gray","2068004","1953980","114024"
"2013-01-21","Olde-Gray","2511899","2390750","121149"
"2013-01-22","Olde-Gray","2378780","2267236","111544"
"2013-01-23","Olde-Gray","1837496","1732131","105365"
"2013-01-24","Olde-Gray","2447961","2323102","124859"
"2013-01-25","Olde-Gray","2226243","2111425","114818"
"2013-01-26","Olde-Gray","2068333","1950712","117621"
"2013-01-27","Olde-Gray","2786601","2680154","106447"
"2013-01-28","Olde-Gray","1956950","1869384","87566"
"2013-01-29","Olde-Gray","1906729","1804711","102018"
"2013-01-30","Olde-Gray","2077659","1996160","81499"
"2013-01-31","Olde-Gray","2365267","2273869","91398"
"2013-02-01","Olde-Gray","2107436","2022943","84493"
"2013-02-02","Olde-Gray","2665197","2545141","120056"
"2013-02-03","Olde-Gray","2195060","2130537","64523"
"2013-02-04","Olde-Gray","2293043","2195995","97048"
"2013-02-05","Olde-Gray","2936708","2820891","115817"
"2013-02-06","Olde-Gray","2842129","2722764","119365"
"2013-02-07","Olde-Gray","2111271","1963810","147461"
"2013-02-08","Olde-Gray","2298792","2184783","114009"
"2013-02-09","Olde-Gray","1961444","1832027","129417"
"2013-02-10","Olde-Gray","2445252","2327386","117866"
"2013-02-11","Olde-Gray","2165167","2060699","104468"
"2013-02-12","Olde-Gray","2381312","2259114","122198"
"2013-02-13","Olde-Gray","2608200","2494397","113803"
"2013-02-14","Olde-Gray","1585075","1464258","120817"
"2013-02-15","Olde-Gray","2229421","2087140","142281"
"2013-02-16","Olde-Gray","2359085","2254921","104164"
"2013-02-17","Olde-Gray","2711668","2606564","105104"
"2013-02-18","Olde-Gray","1784147","1707833","76314"
"2013-02-19","Olde-Gray","2464606","2369964","94642"
"2013-02-20","Olde-Gray","2999072","2874665","124407"
"2013-02-21","Olde-Gray","2614431","2501123","113308"
"2013-02-22","Olde-Gray","2179112","2055914","123198"
"2013-02-23","Olde-Gray","2942011","2797580","144431"
"2013-02-24","Olde-Gray","2522313","2430886","91427"
"2013-02-25","Olde-Gray","1646999","1544427","102572"
"2013-02-26","Olde-Gray","2385340","2270694","114646"
"2013-02-27","Olde-Gray","2374814","2281373","93441"
"2013-02-28","Olde-Gray","2566607","2474621","91986"
"2013-03-01","Olde-Gray","1011306","971588","39718"
"2013-03-02","Olde-Gray","885125","836042","49083"
"2013-03-03","Olde-Gray","2868767","2752607","116160"
"2013-03-04","Olde-Gray","2035847","1928213","107634"
"2013-03-05","Olde-Gray","1467724","1382593","85131"
"2013-03-06","Olde-Gray","2107382","2005605","101777"
"2013-03-07","Olde-Gray","2324541","2199986","124555"
"2013-03-08","Olde-Gray","2611184","2469507","141677"
"2013-03-09","Olde-Gray","2471760","2340545","131215"
"2013-03-10","Olde-Gray","1945878","1835784","110094"
"2013-03-11","Olde-Gray","1360811","1287074","73737"
"2013-03-12","Olde-Gray","1695602","1637008","58594"
"2013-03-13","Olde-Gray","2462933","2352222","110711"
"2013-03-14","Olde-Gray","1899206","1793689","105517"
"2013-03-15","Olde-Gray","2426758","2287256","139502"
"2013-03-16","Olde-Gray","2072248","1948173","124075"
"2013-03-17","Olde-Gray","2023815","1915985","107830"
"2013-03-18","Olde-Gray","1763744","1685964","77780"
"2013-03-19","Olde-Gray","1494615","1409822","84793"
"2013-03-20","Olde-Gray","2819720","2685173","134547"
"2013-03-21","Olde-Gray","2099456","1999129","100327"
"2013-03-22","Olde-Gray","2111009","2022355","88654"
"2013-03-23","Olde-Gray","2820216","2676740","143476"
"2013-03-24","Olde-Gray","2096955","1927530","169425"
"2013-03-25","Olde-Gray","2773908","2645526","128382"
"2013-03-26","Olde-Gray","2515699","2410090","105609"
"2013-03-27","Olde-Gray","2194514","2086258","108256"
"2013-03-28","Olde-Gray","2447050","2332252","114798"
"2013-03-29","Olde-Gray","1732722","1642039","90683"
"2013-03-30","Olde-Gray","1890097","1795788","94309"
"2013-03-31","Olde-Gray","2299374","2178901","120473"
"2013-04-01","Olde-Gray","2196464","2084018","112446"
"2013-04-02","Olde-Gray","2314461","2186142","128319"
"2013-04-03","Olde-Gray","2121202","2013696","107506"
"2013-04-04","Olde-Gray","2294560","2163595","130965"
"2013-04-05","Olde-Gray","2493953","2395523","98430"
"2013-04-06","Olde-Gray","2492533","2375167","117366"
"2013-04-07","Olde-Gray","2340542","2227013","113529"
"2013-04-08","Olde-Gray","2129385","2018806","110579"
"2013-04-09","Olde-Gray","2540789","2403517","137272"
"2013-04-10","Olde-Gray","2235387","2123475","111912"
"2013-04-11","Olde-Gray","2210080","2082501","127579"
"2013-04-12","Olde-Gray","2298846","2202121","96725"
"2013-04-13","Olde-Gray","2850600","2708585","142015"
"2013-04-14","Olde-Gray","2808562","2649022","159540"
"2013-04-15","Olde-Gray","2804601","2692719","111882"
"2013-04-16","Olde-Gray","2303734","2216149","87585"
"2013-04-17","Olde-Gray","2349278","2219847","129431"
"2013-04-18","Olde-Gray","2969499","2857490","112009"
"2013-04-19","Olde-Gray","2808349","2695345","113004"
"2013-04-20","Olde-Gray","3114333","2969505","144828"
"2013-04-21","Olde-Gray","2232624","2110421","122203"
"2013-04-22","Olde-Gray","2434180","2293786","140394"
"2013-04-23","Olde-Gray","2273527","2188142","85385"
"2013-04-24","Olde-Gray","3558935","3387517","171418"
"2013-04-25","Olde-Gray","2125865","2008420","117445"
"2013-04-26","Olde-Gray","2164585","2066581","98004"
"2013-04-27","Olde-Gray","2594434","2503644","90790"
"2013-04-28","Olde-Gray","2414461","2304637","109824"
"2013-04-29","Olde-Gray","2428934","2276632","152302"
"2013-04-30","Olde-Gray","2664451","2585124","79327"
"2013-05-01","Olde-Gray","815337","775114","40223"
"2013-05-02","Olde-Gray","2380880","2257266","123614"
"2013-05-03","Olde-Gray","3369657","3239497","130160"
"2013-05-04","Olde-Gray","2243531","2113188","130343"
"2013-05-05","Olde-Gray","1913240","1820391","92849"
"2013-05-06","Olde-Gray","3035669","2932476","103193"
"2013-05-07","Olde-Gray","1666834","1576631","90203"
"2013-05-08","Olde-Gray","2369329","2234664","134665"
"2013-05-09","Olde-Gray","2961590","2803462","158128"
"2013-05-10","Olde-Gray","1892580","1799888","92692"
"2013-05-11","Olde-Gray","1857125","1754103","103022"
"2013-05-12","Olde-Gray","2016113","1900501","115612"
"2013-05-13","Olde-Gray","2976832","2832533","144299"
"2013-05-14","Olde-Gray","2503438","2377310","126128"
"2013-05-15","Olde-Gray","2714961","2597022","117939"
"2013-05-16","Olde-Gray","2615951","2497659","118292"
"2013-05-17","Olde-Gray","1833913","1760338","73575"
"2013-05-18","Olde-Gray","2803739","2689647","114092"
"2013-05-19","Olde-Gray","1981080","1884183","96897"
"2013-05-20","Olde-Gray","2534013","2417446","116567"
"2013-05-21","Olde-Gray","2052060","1973227","78833"
"2013-05-22","Olde-Gray","1836560","1730337","106223"
"2013-05-23","Olde-Gray","1466813","1391743","75070"
"2013-05-24","Olde-Gray","2590303","2486948","103355"
"2013-05-25","Olde-Gray","2163826","2068625","95201"
"2013-05-26","Olde-Gray","2979035","2827679","151356"
"2013-05-27","Olde-Gray","2408861","2279807","129054"
"2013-05-28","Olde-Gray","2267119","2177578","89541"
"2013-05-29","Olde-Gray","2558473","2457289","101184"
"2013-05-30","Olde-Gray","2152474","2026071","126403"
"2013-05-31","Olde-Gray","1148286","1075225","73061"
"2008-06-01","Orion","103318","87464","15854"
"2008-06-02","Orion","158511","131317","27194"
"2008-06-03","Orion","68864","55237","13627"
"2008-06-04","Orion","162191","138167","24024"
"2008-06-05","Orion","184148","176289","7859"
"2008-06-06","Orion","158147","139928","18219"
"2008-06-07","Orion","82270","68561","13709"
"2008-06-08","Orion","193775","180032","13743"
"2008-06-09","Orion","39175","29476","9699"
"2008-06-10","Orion","174255","148324","25931"
"2008-06-11","Orion","211807","191791","20016"
"2008-06-12","Orion","179293","161869","17424"
"2008-06-13","Orion","232001","212364","19637"
"2008-06-14","Orion","136887","126142","10745"
"2008-06-15","Orion","52406","43469","8937"
"2008-06-16","Orion","188114","161646","26468"
"2008-06-17","Orion","21971","18289","3682"
"2008-06-18","Orion","152163","132878","19285"
"2008-06-19","Orion","41695","31945","9750"
"2008-06-20","Orion","122007","106503","15504"
"2008-06-21","Orion","54960","46623","8337"
"2008-06-22","Orion","77658","66719","10939"
"2008-06-23","Orion","129899","110721","19178"
"2008-06-24","Orion","97590","76990","20600"
"2008-06-25","Orion","109448","91909","17539"
"2008-06-26","Orion","187754","166446","21308"
"2008-06-27","Orion","210512","182130","28382"
"2008-06-28","Orion","145855","134019","11836"
"2008-06-29","Orion","25510","13185","12325"
"2008-06-30","Orion","165492","154761","10731"
"2008-07-01","Orion","202488","176324","26164"
"2008-07-02","Orion","66357","58048","8309"
"2008-07-03","Orion","47511","33405","14106"
"2008-07-04","Orion","232533","211270","21263"
"2008-07-05","Orion","26068","20507","5561"
"2008-07-06","Orion","200935","182773","18162"
"2008-07-07","Orion","122764","109477","13287"
"2008-07-08","Orion","145178","129974","15204"
"2008-07-09","Orion","69903","57342","12561"
"2008-07-10","Orion","194217","178332","15885"
"2008-07-11","Orion","123498","108846","14652"
"2008-07-12","Orion","109904","93966","15938"
"2008-07-13","Orion","145485","133682","11803"
"2008-07-14","Orion","127700","116863","10837"
"2008-07-15","Orion","271047","243117","27930"
"2008-07-16","Orion","95504","81530","13974"
"2008-07-17","Orion","80665","67077","13588"
"2008-07-18","Orion","75108","67513","7595"
"2008-07-19","Orion","158158","145207","12951"
"2008-07-20","Orion","113581","84484","29097"
"2008-07-21","Orion","80001","69142","10859"
"2008-07-22","Orion","211734","179870","31864"
"2008-07-23","Orion","161343","142050","19293"
"2008-07-24","Orion","163284","147174","16110"
"2008-07-25","Orion","110691","86224","24467"
"2008-07-26","Orion","119223","108265","10958"
"2008-07-27","Orion","225872","201694","24178"
"2008-07-28","Orion","190067","170645","19422"
"2008-07-29","Orion","142589","113134","29455"
"2008-07-30","Orion","159497","146676","12821"
"2008-07-31","Orion","71637","63583","8054"
"2008-08-01","Orion","318380","288369","30011"
"2008-08-02","Orion","69610","55953","13657"
"2008-08-03","Orion","213143","181049","32094"
"2008-08-04","Orion","177063","149351","27712"
"2008-08-05","Orion","91169","68626","22543"
"2008-08-06","Orion","39205","29823","9382"
"2008-08-07","Orion","184622","169286","15336"
"2008-08-08","Orion","56714","51913","4801"
"2008-08-09","Orion","233103","210970","22133"
"2008-08-10","Orion","161507","146809","14698"
"2008-08-11","Orion","137108","123284","13824"
"2008-08-12","Orion","182110","165431","16679"
"2008-08-13","Orion","111151","99295","11856"
"2008-08-14","Orion","118666","102102","16564"
"2008-08-15","Orion","115689","95516","20173"
"2008-08-16","Orion","45876","39975","5901"
"2008-08-17","Orion","113632","102184","11448"
"2008-08-18","Orion","61683","46086","15597"
"2008-08-19","Orion","69195","54525","14670"
"2008-08-20","Orion","112285","104789","7496"
"2008-08-21","Orion","62080","50989","11091"
"2008-08-22","Orion","61680","53280","8400"
"2008-08-23","Orion","252001","218137","33864"
"2008-08-24","Orion","16551","10812","5739"
"2008-08-25","Orion","96059","87769","8290"
"2008-08-26","Orion","270859","256490","14369"
"2008-08-27","Orion","103603","84769","18834"
"2008-08-28","Orion","131213","114206","17007"
"2008-08-29","Orion","75711","61487","14224"
"2008-08-30","Orion","69481","57326","12155"
"2008-08-31","Orion","142153","130135","12018"
"2008-09-01","Orion","114164","103596","10568"
"2008-09-02","Orion","88944","66951","21993"
"2008-09-03","Orion","78691","65161","13530"
"2008-09-04","Orion","256968","239403","17565"
"2008-09-05","Orion","101216","93368","7848"
"2008-09-06","Orion","59471","52080","7391"
"2008-09-07","Orion","57930","49644","8286"
"2008-09-08","Orion","221541","180760","40781"
"2008-09-09","Orion","230895","201085","29810"
"2008-09-10","Orion","110864","94748","16116"
"2008-09-11","Orion","85153","71115","14038"
"2008-09-12","Orion","165784","150620","15164"
"2008-09-13","Orion","71269","64476","6793"
"2008-09-14","Orion","168455","146800","21655"
"2008-09-15","Orion","32067","21931","10136"
"2008-09-16","Orion","127494","105745","21749"
"2008-09-17","Orion","221592","197358","24234"
"2008-09-18","Orion","21780","13693","8087"
"2008-09-19","Orion","252951","220066","32885"
"2008-09-20","Orion","191359","177951","13408"
"2008-09-21","Orion","212282","189790","22492"
"2008-09-22","Orion","93841","79499","14342"
"2008-09-23","Orion","170926","152335","18591"
"2008-09-24","Orion","106908","99794","7114"
"2008-09-25","Orion","177160","157572","19588"
"2008-09-26","Orion","67598","55316","12282"
"2008-09-27","Orion","117883","89342","28541"
"2008-09-28","Orion","67948","55293","12655"
"2008-09-29","Orion","262234","237444","24790"
"2008-09-30","Orion","129494","112961","16533"
"2008-10-01","Orion","245071","211271","33800"
"2008-10-02","Orion","111229","99581","11648"
"2008-10-03","Orion","212597","193528","19069"
"2008-10-04","Orion","126589","116220","10369"
"2008-10-05","Orion","107365","99087","8278"
"2008-10-06","Orion","145145","127043","18102"
"2008-10-07","Orion","318762","281482","37280"
"2008-10-08","Orion","192775","178014","14761"
"2008-10-09","Orion","171195","150996","20199"
"2008-10-10","Orion","134481","117849","16632"
"2008-10-11","Orion","328375","298145","30230"
"2008-10-12","Orion","139352","125497","13855"
"2008-10-13","Orion","18268","11831","6437"
"2008-10-14","Orion","77679","61957","15722"
"2008-10-15","Orion","216152","180119","36033"
"2008-10-16","Orion","225270","196011","29259"
"2008-10-17","Orion","122203","104266","17937"
"2008-10-18","Orion","271759","253515","18244"
"2008-10-19","Orion","191468","168314","23154"
"2008-10-20","Orion","180885","169641","11244"
"2008-10-21","Orion","157754","146124","11630"
"2008-10-22","Orion","179576","159264","20312"
"2008-10-23","Orion","155797","142402","13395"
"2008-10-24","Orion","72750","56652","16098"
"2008-10-25","Orion","79656","65958","13698"
"2008-10-26","Orion","141308","125304","16004"
"2008-10-27","Orion","190824","175984","14840"
"2008-10-28","Orion","206773","182463","24310"
"2008-10-29","Orion","103050","86764","16286"
"2008-10-30","Orion","95512","80446","15066"
"2008-10-31","Orion","123868","105044","18824"
"2008-11-01","Orion","104287","86662","17625"
"2008-11-02","Orion","85761","77131","8630"
"2008-11-03","Orion","109027","94324","14703"
"2008-11-04","Orion","245448","223577","21871"
"2008-11-05","Orion","151897","133717","18180"
"2008-11-06","Orion","216782","189106","27676"
"2008-11-07","Orion","93065","84015","9050"
"2008-11-08","Orion","110657","90897","19760"
"2008-11-09","Orion","149615","136464","13151"
"2008-11-10","Orion","81628","67460","14168"
"2008-11-11","Orion","163513","132924","30589"
"2008-11-12","Orion","55254","46126","9128"
"2008-11-13","Orion","44919","37828","7091"
"2008-11-14","Orion","344113","307830","36283"
"2008-11-15","Orion","30160","20181","9979"
"2008-11-16","Orion","184353","169369","14984"
"2008-11-17","Orion","21818","15957","5861"
"2008-11-18","Orion","61557","48959","12598"
"2008-11-19","Orion","55628","46769","8859"
"2008-11-20","Orion","100576","91806","8770"
"2008-11-21","Orion","94900","86730","8170"
"2008-11-22","Orion","138897","118621","20276"
"2008-11-23","Orion","180848","160993","19855"
"2008-11-24","Orion","229601","202510","27091"
"2008-11-25","Orion","45423","36470","8953"
"2008-11-26","Orion","114335","101865","12470"
"2008-11-27","Orion","126616","105634","20982"
"2008-11-28","Orion","103139","85548","17591"
"2008-11-29","Orion","194075","179644","14431"
"2008-11-30","Orion","79698","67837","11861"
"2008-12-01","Orion","161315","139437","21878"
"2008-12-02","Orion","49387","41523","7864"
"2008-12-03","Orion","161466","144099","17367"
"2008-12-04","Orion","15698","10812","4886"
"2008-12-05","Orion","115374","103296","12078"
"2008-12-06","Orion","107828","95507","12321"
"2008-12-07","Orion","93144","83601","9543"
"2008-12-08","Orion","103561","95969","7592"
"2008-12-09","Orion","124986","106898","18088"
"2008-12-10","Orion","125808","106831","18977"
"2008-12-11","Orion","206329","179823","26506"
"2008-12-12","Orion","43814","29646","14168"
"2008-12-13","Orion","222720","207669","15051"
"2008-12-14","Orion","55845","43399","12446"
"2008-12-15","Orion","47478","42918","4560"
"2008-12-16","Orion","24642","16065","8577"
"2008-12-17","Orion","133818","113418","20400"
"2008-12-18","Orion","128454","110982","17472"
"2008-12-19","Orion","164982","150731","14251"
"2008-12-20","Orion","307277","291925","15352"
"2008-12-21","Orion","99118","82832","16286"
"2008-12-22","Orion","232644","206910","25734"
"2008-12-23","Orion","147790","123537","24253"
"2008-12-24","Orion","93933","75971","17962"
"2008-12-25","Orion","118861","96218","22643"
"2008-12-26","Orion","195826","168381","27445"
"2008-12-27","Orion","171342","143141","28201"
"2008-12-28","Orion","178348","159667","18681"
"2008-12-29","Orion","81785","71553","10232"
"2008-12-30","Orion","311637","278558","33079"
"2008-12-31","Orion","286563","249908","36655"
"2009-01-01","Orion","303369","265079","38290"
"2009-01-02","Orion","149314","129209","20105"
"2009-01-03","Orion","198596","176384","22212"
"2009-01-04","Orion","143839","126621","17218"
"2009-01-05","Orion","125355","105510","19845"
"2009-01-06","Orion","315073","278500","36573"
"2009-01-07","Orion","581629","518901","62728"
"2009-01-08","Orion","376741","332548","44193"
"2009-01-09","Orion","438380","391140","47240"
"2009-01-10","Orion","221818","188442","33376"
"2009-01-11","Orion","201897","178883","23014"
"2009-01-12","Orion","195183","163100","32083"
"2009-01-13","Orion","427861","389179","38682"
"2009-01-14","Orion","216423","181251","35172"
"2009-01-15","Orion","210969","175835","35134"
"2009-01-16","Orion","87949","67888","20061"
"2009-01-17","Orion","495463","446003","49460"
"2009-01-18","Orion","106735","92113","14622"
"2009-01-19","Orion","289984","256104","33880"
"2009-01-20","Orion","216493","187049","29444"
"2009-01-21","Orion","347123","307807","39316"
"2009-01-22","Orion","177611","153176","24435"
"2009-01-23","Orion","166622","134506","32116"
"2009-01-24","Orion","234045","198054","35991"
"2009-01-25","Orion","271847","238997","32850"
"2009-01-26","Orion","244630","213102","31528"
"2009-01-27","Orion","282764","249483","33281"
"2009-01-28","Orion","261160","216559","44601"
"2009-01-29","Orion","285717","246662","39055"
"2009-01-30","Orion","214284","186946","27338"
"2009-01-31","Orion","228895","197466","31429"
"2009-02-01","Orion","318920","282708","36212"
"2009-02-02","Orion","223767","205003","18764"
"2009-02-03","Orion","386060","350986","35074"
"2009-02-04","Orion","391354","350606","40748"
"2009-02-05","Orion","331116","290433","40683"
"2009-02-06","Orion","381817","336272","45545"
"2009-02-07","Orion","230039","206286","23753"
"2009-02-08","Orion","92241","73268","18973"
"2009-02-09","Orion","271430","238395","33035"
"2009-02-10","Orion","269209","228933","40276"
"2009-02-11","Orion","372940","326793","46147"
"2009-02-12","Orion","196983","166072","30911"
"2009-02-13","Orion","267276","237926","29350"
"2009-02-14","Orion","335360","284723","50637"
"2009-02-15","Orion","315397","268444","46953"
"2009-02-16","Orion","147312","122378","24934"
"2009-02-17","Orion","492486","465182","27304"
"2009-02-18","Orion","454492","416354","38138"
"2009-02-19","Orion","198990","169487","29503"
"2009-02-20","Orion","117724","96301","21423"
"2009-02-21","Orion","370524","334405","36119"
"2009-02-22","Orion","338690","304561","34129"
"2009-02-23","Orion","262280","224984","37296"
"2009-02-24","Orion","390991","347889","43102"
"2009-02-25","Orion","141520","118081","23439"
"2009-02-26","Orion","232871","211543","21328"
"2009-02-27","Orion","166803","138558","28245"
"2009-02-28","Orion","175508","152123","23385"
"2009-03-01","Orion","223155","198885","24270"
"2009-03-02","Orion","86434","66608","19826"
"2009-03-03","Orion","263596","225822","37774"
"2009-03-04","Orion","252900","219602","33298"
"2009-03-05","Orion","124347","98387","25960"
"2009-03-06","Orion","322385","286639","35746"
"2009-03-07","Orion","295384","251407","43977"
"2009-03-08","Orion","251279","222078","29201"
"2009-03-09","Orion","440000","389943","50057"
"2009-03-10","Orion","251888","226918","24970"
"2009-03-11","Orion","264972","227512","37460"
"2009-03-12","Orion","196794","179899","16895"
"2009-03-13","Orion","333149","308771","24378"
"2009-03-14","Orion","237300","200117","37183"
"2009-03-15","Orion","180555","152980","27575"
"2009-03-16","Orion","166639","145590","21049"
"2009-03-17","Orion","289572","255922","33650"
"2009-03-18","Orion","359857","322903","36954"
"2009-03-19","Orion","344852","311718","33134"
"2009-03-20","Orion","272325","248946","23379"
"2009-03-21","Orion","211799","179297","32502"
"2009-03-22","Orion","349998","299962","50036"
"2009-03-23","Orion","166821","137800","29021"
"2009-03-24","Orion","331150","286722","44428"
"2009-03-25","Orion","257719","218110","39609"
"2009-03-26","Orion","362981","327798","35183"
"2009-03-27","Orion","371049","334996","36053"
"2009-03-28","Orion","318003","281705","36298"
"2009-03-29","Orion","164647","134441","30206"
"2009-03-30","Orion","135142","108750","26392"
"2009-03-31","Orion","350779","317883","32896"
"2009-04-01","Orion","197428","162018","35410"
"2009-04-02","Orion","409951","381765","28186"
"2009-04-03","Orion","320511","272059","48452"
"2009-04-04","Orion","480008","432005","48003"
"2009-04-05","Orion","279541","242131","37410"
"2009-04-06","Orion","361576","327979","33597"
"2009-04-07","Orion","189340","160081","29259"
"2009-04-08","Orion","220079","199241","20838"
"2009-04-09","Orion","416444","382472","33972"
"2009-04-10","Orion","162594","131123","31471"
"2009-04-11","Orion","349336","312428","36908"
"2009-04-12","Orion","158966","131559","27407"
"2009-04-13","Orion","489000","450656","38344"
"2009-04-14","Orion","179113","152180","26933"
"2009-04-15","Orion","158132","129292","28840"
"2009-04-16","Orion","175404","158671","16733"
"2009-04-17","Orion","307483","267760","39723"
"2009-04-18","Orion","450623","404031","46592"
"2009-04-19","Orion","123486","106880","16606"
"2009-04-20","Orion","463060","408268","54792"
"2009-04-21","Orion","315900","275323","40577"
"2009-04-22","Orion","445367","401197","44170"
"2009-04-23","Orion","302178","263112","39066"
"2009-04-24","Orion","407704","365067","42637"
"2009-04-25","Orion","294294","261655","32639"
"2009-04-26","Orion","347928","302774","45154"
"2009-04-27","Orion","263221","233455","29766"
"2009-04-28","Orion","173346","147034","26312"
"2009-04-29","Orion","351139","297370","53769"
"2009-04-30","Orion","225417","201658","23759"
"2009-05-01","Orion","237585","194736","42849"
"2009-05-02","Orion","308573","269745","38828"
"2009-05-03","Orion","288369","257496","30873"
"2009-05-04","Orion","316558","294265","22293"
"2009-05-05","Orion","299471","269905","29566"
"2009-05-06","Orion","309142","279170","29972"
"2009-05-07","Orion","284210","249761","34449"
"2009-05-08","Orion","137993","111685","26308"
"2009-05-09","Orion","402287","374083","28204"
"2009-05-10","Orion","255520","231360","24160"
"2009-05-11","Orion","233889","197869","36020"
"2009-05-12","Orion","262236","230184","32052"
"2009-05-13","Orion","434315","369885","64430"
"2009-05-14","Orion","308911","267831","41080"
"2009-05-15","Orion","152912","129814","23098"
"2009-05-16","Orion","362278","320118","42160"
"2009-05-17","Orion","180009","153513","26496"
"2009-05-18","Orion","98468","75953","22515"
"2009-05-19","Orion","393925","343716","50209"
"2009-05-20","Orion","395404","363288","32116"
"2009-05-21","Orion","340018","305256","34762"
"2009-05-22","Orion","454955","406815","48140"
"2009-05-23","Orion","386366","355088","31278"
"2009-05-24","Orion","359667","311404","48263"
"2009-05-25","Orion","295779","259664","36115"
"2009-05-26","Orion","350355","301237","49118"
"2009-05-27","Orion","168820","144815","24005"
"2009-05-28","Orion","232392","208535","23857"
"2009-05-29","Orion","377295","329972","47323"
"2009-05-30","Orion","137928","119739","18189"
"2009-05-31","Orion","316553","272959","43594"
"2009-06-01","Orion","159255","133182","26073"
"2009-06-02","Orion","328271","287208","41063"
"2009-06-03","Orion","375114","329382","45732"
"2009-06-04","Orion","206237","165387","40850"
"2009-06-05","Orion","384654","337148","47506"
"2009-06-06","Orion","325122","263907","61215"
"2009-06-07","Orion","228968","205555","23413"
"2009-06-08","Orion","309456","267687","41769"
"2009-06-09","Orion","398546","357383","41163"
"2009-06-10","Orion","332159","306037","26122"
"2009-06-11","Orion","405113","361868","43245"
"2009-06-12","Orion","262478","227170","35308"
"2009-06-13","Orion","354342","324336","30006"
"2009-06-14","Orion","435991","374763","61228"
"2009-06-15","Orion","399214","344072","55142"
"2009-06-16","Orion","553914","500120","53794"
"2009-06-17","Orion","94066","73042","21024"
"2009-06-18","Orion","462568","406684","55884"
"2009-06-19","Orion","307934","273855","34079"
"2009-06-20","Orion","470606","408254","62352"
"2009-06-21","Orion","312524","284444","28080"
"2009-06-22","Orion","307312","279662","27650"
"2009-06-23","Orion","450264","409017","41247"
"2009-06-24","Orion","232848","185727","47121"
"2009-06-25","Orion","233972","194718","39254"
"2009-06-26","Orion","410779","356270","54509"
"2009-06-27","Orion","455065","401946","53119"
"2009-06-28","Orion","329117","288960","40157"
"2009-06-29","Orion","175153","143647","31506"
"2009-06-30","Orion","217176","178822","38354"
"2009-07-01","Orion","170045","139868","30177"
"2009-07-02","Orion","310613","283744","26869"
"2009-07-03","Orion","298821","249074","49747"
"2009-07-04","Orion","451343","398185","53158"
"2009-07-05","Orion","331544","296130","35414"
"2009-07-06","Orion","494752","419446","75306"
"2009-07-07","Orion","395595","345135","50460"
"2009-07-08","Orion","173403","153293","20110"
"2009-07-09","Orion","257712","225723","31989"
"2009-07-10","Orion","366493","327174","39319"
"2009-07-11","Orion","570302","497828","72474"
"2009-07-12","Orion","180720","147321","33399"
"2009-07-13","Orion","363499","324698","38801"
"2009-07-14","Orion","413357","371640","41717"
"2009-07-15","Orion","505607","458546","47061"
"2009-07-16","Orion","222660","198616","24044"
"2009-07-17","Orion","419554","362576","56978"
"2009-07-18","Orion","304216","271743","32473"
"2009-07-19","Orion","179133","149084","30049"
"2009-07-20","Orion","265608","235307","30301"
"2009-07-21","Orion","377819","331184","46635"
"2009-07-22","Orion","645886","575918","69968"
"2009-07-23","Orion","423460","371427","52033"
"2009-07-24","Orion","409647","362684","46963"
"2009-07-25","Orion","347304","303730","43574"
"2009-07-26","Orion","627489","547078","80411"
"2009-07-27","Orion","228708","192962","35746"
"2009-07-28","Orion","401119","347095","54024"
"2009-07-29","Orion","336248","303384","32864"
"2009-07-30","Orion","516998","460447","56551"
"2009-07-31","Orion","362244","326535","35709"
"2009-08-01","Orion","330657","275890","54767"
"2009-08-02","Orion","243680","209662","34018"
"2009-08-03","Orion","415695","360635","55060"
"2009-08-04","Orion","239804","199023","40781"
"2009-08-05","Orion","256362","215065","41297"
"2009-08-06","Orion","338622","279006","59616"
"2009-08-07","Orion","234359","199711","34648"
"2009-08-08","Orion","516223","448049","68174"
"2009-08-09","Orion","419770","369718","50052"
"2009-08-10","Orion","332116","295482","36634"
"2009-08-11","Orion","144212","119789","24423"
"2009-08-12","Orion","494226","450829","43397"
"2009-08-13","Orion","575780","524137","51643"
"2009-08-14","Orion","345868","300913","44955"
"2009-08-15","Orion","207215","176740","30475"
"2009-08-16","Orion","379299","329563","49736"
"2009-08-17","Orion","149059","124890","24169"
"2009-08-18","Orion","196767","155007","41760"
"2009-08-19","Orion","474054","424952","49102"
"2009-08-20","Orion","236596","206861","29735"
"2009-08-21","Orion","412963","360291","52672"
"2009-08-22","Orion","195842","162154","33688"
"2009-08-23","Orion","391328","331836","59492"
"2009-08-24","Orion","479132","423341","55791"
"2009-08-25","Orion","494314","445346","48968"
"2009-08-26","Orion","355638","311452","44186"
"2009-08-27","Orion","354596","312047","42549"
"2009-08-28","Orion","387437","317042","70395"
"2009-08-29","Orion","407698","371425","36273"
"2009-08-30","Orion","544598","480048","64550"
"2009-08-31","Orion","341875","298261","43614"
"2009-09-01","Orion","296189","268653","27536"
"2009-09-02","Orion","420264","370183","50081"
"2009-09-03","Orion","270693","239097","31596"
"2009-09-04","Orion","386017","341233","44784"
"2009-09-05","Orion","360038","306128","53910"
"2009-09-06","Orion","249360","224027","25333"
"2009-09-07","Orion","311146","258356","52790"
"2009-09-08","Orion","444344","385990","58354"
"2009-09-09","Orion","616547","560021","56526"
"2009-09-10","Orion","315035","271651","43384"
"2009-09-11","Orion","327693","283725","43968"
"2009-09-12","Orion","345551","299491","46060"
"2009-09-13","Orion","319287","270075","49212"
"2009-09-14","Orion","264192","224117","40075"
"2009-09-15","Orion","532096","471615","60481"
"2009-09-16","Orion","449057","417803","31254"
"2009-09-17","Orion","542887","472928","69959"
"2009-09-18","Orion","230288","191668","38620"
"2009-09-19","Orion","266033","227192","38841"
"2009-09-20","Orion","252870","208474","44396"
"2009-09-21","Orion","499622","441090","58532"
"2009-09-22","Orion","668504","589136","79368"
"2009-09-23","Orion","286413","249269","37144"
"2009-09-24","Orion","274722","239935","34787"
"2009-09-25","Orion","314760","280005","34755"
"2009-09-26","Orion","596374","539896","56478"
"2009-09-27","Orion","339967","300267","39700"
"2009-09-28","Orion","266636","216739","49897"
"2009-09-29","Orion","240254","197672","42582"
"2009-09-30","Orion","493121","450094","43027"
"2009-10-01","Orion","250338","224307","26031"
"2009-10-02","Orion","302853","276456","26397"
"2009-10-03","Orion","478180","432966","45214"
"2009-10-04","Orion","372795","326676","46119"
"2009-10-05","Orion","320115","272591","47524"
"2009-10-06","Orion","333374","299646","33728"
"2009-10-07","Orion","187278","158534","28744"
"2009-10-08","Orion","268768","240273","28495"
"2009-10-09","Orion","424769","366008","58761"
"2009-10-10","Orion","575110","519755","55355"
"2009-10-11","Orion","544091","488214","55877"
"2009-10-12","Orion","366868","306926","59942"
"2009-10-13","Orion","323028","288169","34859"
"2009-10-14","Orion","501338","451663","49675"
"2009-10-15","Orion","275342","245874","29468"
"2009-10-16","Orion","128747","101727","27020"
"2009-10-17","Orion","293675","256707","36968"
"2009-10-18","Orion","329843","289082","40761"
"2009-10-19","Orion","361174","298260","62914"
"2009-10-20","Orion","478282","436105","42177"
"2009-10-21","Orion","432877","401325","31552"
"2009-10-22","Orion","244365","216941","27424"
"2009-10-23","Orion","226842","200575","26267"
"2009-10-24","Orion","499443","450144","49299"
"2009-10-25","Orion","302028","269211","32817"
"2009-10-26","Orion","475921","419035","56886"
"2009-10-27","Orion","345637","298337","47300"
"2009-10-28","Orion","239263","213991","25272"
"2009-10-29","Orion","248329","218120","30209"
"2009-10-30","Orion","326894","284823","42071"
"2009-10-31","Orion","252555","218077","34478"
"2009-11-01","Orion","237082","192178","44904"
"2009-11-02","Orion","298803","266868","31935"
"2009-11-03","Orion","378030","340627","37403"
"2009-11-04","Orion","449231","400503","48728"
"2009-11-05","Orion","354585","295166","59419"
"2009-11-06","Orion","478713","410819","67894"
"2009-11-07","Orion","355011","305940","49071"
"2009-11-08","Orion","421009","389839","31170"
"2009-11-09","Orion","331836","293300","38536"
"2009-11-10","Orion","239855","204849","35006"
"2009-11-11","Orion","297864","267383","30481"
"2009-11-12","Orion","606774","548899","57875"
"2009-11-13","Orion","242931","200552","42379"
"2009-11-14","Orion","326499","288275","38224"
"2009-11-15","Orion","458628","407655","50973"
"2009-11-16","Orion","407520","371727","35793"
"2009-11-17","Orion","553926","490299","63627"
"2009-11-18","Orion","384497","330392","54105"
"2009-11-19","Orion","611600","543854","67746"
"2009-11-20","Orion","369650","322515","47135"
"2009-11-21","Orion","232386","202059","30327"
"2009-11-22","Orion","431193","388141","43052"
"2009-11-23","Orion","516916","453798","63118"
"2009-11-24","Orion","147363","116819","30544"
"2009-11-25","Orion","442202","387310","54892"
"2009-11-26","Orion","500362","444274","56088"
"2009-11-27","Orion","365494","309420","56074"
"2009-11-28","Orion","205184","175624","29560"
"2009-11-29","Orion","285155","248836","36319"
"2009-11-30","Orion","332079","282645","49434"
"2009-12-01","Orion","296802","257277","39525"
"2009-12-02","Orion","408958","365107","43851"
"2009-12-03","Orion","463737","407813","55924"
"2009-12-04","Orion","261348","217089","44259"
"2009-12-05","Orion","400010","353342","46668"
"2009-12-06","Orion","451104","390610","60494"
"2009-12-07","Orion","515772","469301","46471"
"2009-12-08","Orion","280744","240294","40450"
"2009-12-09","Orion","366684","327604","39080"
"2009-12-10","Orion","283156","244159","38997"
"2009-12-11","Orion","304375","272286","32089"
"2009-12-12","Orion","336928","302089","34839"
"2009-12-13","Orion","394711","348817","45894"
"2009-12-14","Orion","362210","317636","44574"
"2009-12-15","Orion","398597","364233","34364"
"2009-12-16","Orion","421566","375216","46350"
"2009-12-17","Orion","225188","177031","48157"
"2009-12-18","Orion","216577","196968","19609"
"2009-12-19","Orion","328751","301809","26942"
"2009-12-20","Orion","351273","315019","36254"
"2009-12-21","Orion","359285","306854","52431"
"2009-12-22","Orion","367270","311944","55326"
"2009-12-23","Orion","440966","391939","49027"
"2009-12-24","Orion","303921","266658","37263"
"2009-12-25","Orion","488606","433295","55311"
"2009-12-26","Orion","299957","269303","30654"
"2009-12-27","Orion","364883","326076","38807"
"2009-12-28","Orion","307864","266741","41123"
"2009-12-29","Orion","278926","247199","31727"
"2009-12-30","Orion","445380","393727","51653"
"2009-12-31","Orion","391769","347251","44518"
"2010-01-01","Orion","568951","509241","59710"
"2010-01-02","Orion","501967","426352","75615"
"2010-01-03","Orion","271489","226149","45340"
"2010-01-04","Orion","455993","385262","70731"
"2010-01-05","Orion","473362","419474","53888"
"2010-01-06","Orion","403065","332565","70500"
"2010-01-07","Orion","472134","421931","50203"
"2010-01-08","Orion","625117","565417","59700"
"2010-01-09","Orion","492970","416063","76907"
"2010-01-10","Orion","256395","217698","38697"
"2010-01-11","Orion","416000","370732","45268"
"2010-01-12","Orion","351833","297964","53869"
"2010-01-13","Orion","478574","405810","72764"
"2010-01-14","Orion","508790","430178","78612"
"2010-01-15","Orion","729243","646007","83236"
"2010-01-16","Orion","642684","578399","64285"
"2010-01-17","Orion","485775","404218","81557"
"2010-01-18","Orion","654183","576021","78162"
"2010-01-19","Orion","600570","535346","65224"
"2010-01-20","Orion","625146","546881","78265"
"2010-01-21","Orion","654679","581185","73494"
"2010-01-22","Orion","819811","762835","56976"
"2010-01-23","Orion","714584","639338","75246"
"2010-01-24","Orion","453789","384823","68966"
"2010-01-25","Orion","575358","497069","78289"
"2010-01-26","Orion","429683","376636","53047"
"2010-01-27","Orion","568889","518480","50409"
"2010-01-28","Orion","632052","551830","80222"
"2010-01-29","Orion","497439","423270","74169"
"2010-01-30","Orion","774575","681735","92840"
"2010-01-31","Orion","616213","561568","54645"
"2010-02-01","Orion","637789","557541","80248"
"2010-02-02","Orion","254099","219930","34169"
"2010-02-03","Orion","392430","330199","62231"
"2010-02-04","Orion","512152","440062","72090"
"2010-02-05","Orion","379204","326415","52789"
"2010-02-06","Orion","363698","320417","43281"
"2010-02-07","Orion","529321","457840","71481"
"2010-02-08","Orion","654930","591576","63354"
"2010-02-09","Orion","501507","438932","62575"
"2010-02-10","Orion","591399","512183","79216"
"2010-02-11","Orion","671463","583981","87482"
"2010-02-12","Orion","486386","419457","66929"
"2010-02-13","Orion","510704","453308","57396"
"2010-02-14","Orion","771081","683984","87097"
"2010-02-15","Orion","373622","323882","49740"
"2010-02-16","Orion","717611","632708","84903"
"2010-02-17","Orion","647682","562156","85526"
"2010-02-18","Orion","346453","293308","53145"
"2010-02-19","Orion","769679","694891","74788"
"2010-02-20","Orion","715612","638890","76722"
"2010-02-21","Orion","691051","620793","70258"
"2010-02-22","Orion","737486","669464","68022"
"2010-02-23","Orion","260688","209402","51286"
"2010-02-24","Orion","814263","744391","69872"
"2010-02-25","Orion","438768","373499","65269"
"2010-02-26","Orion","496932","452953","43979"
"2010-02-27","Orion","352278","275611","76667"
"2010-02-28","Orion","623623","548716","74907"
"2010-03-01","Orion","480989","420405","60584"
"2010-03-02","Orion","804569","735183","69386"
"2010-03-03","Orion","752231","663517","88714"
"2010-03-04","Orion","754713","667080","87633"
"2010-03-05","Orion","851938","767135","84803"
"2010-03-06","Orion","444778","382092","62686"
"2010-03-07","Orion","515345","439300","76045"
"2010-03-08","Orion","314993","271569","43424"
"2010-03-09","Orion","433195","379356","53839"
"2010-03-10","Orion","309623","249487","60136"
"2010-03-11","Orion","600865","534369","66496"
"2010-03-12","Orion","598032","526557","71475"
"2010-03-13","Orion","326941","267389","59552"
"2010-03-14","Orion","525631","465551","60080"
"2010-03-15","Orion","419868","370438","49430"
"2010-03-16","Orion","424004","359926","64078"
"2010-03-17","Orion","403684","351061","52623"
"2010-03-18","Orion","654910","569322","85588"
"2010-03-19","Orion","521503","461571","59932"
"2010-03-20","Orion","527117","473019","54098"
"2010-03-21","Orion","626141","557570","68571"
"2010-03-22","Orion","667719","603036","64683"
"2010-03-23","Orion","419074","358904","60170"
"2010-03-24","Orion","522078","448848","73230"
"2010-03-25","Orion","615938","529389","86549"
"2010-03-26","Orion","483053","437926","45127"
"2010-03-27","Orion","342877","305869","37008"
"2010-03-28","Orion","650469","575384","75085"
"2010-03-29","Orion","388749","332956","55793"
"2010-03-30","Orion","541707","484537","57170"
"2010-03-31","Orion","505751","451074","54677"
"2010-04-01","Orion","490461","431502","58959"
"2010-04-02","Orion","581756","518835","62921"
"2010-04-03","Orion","666269","587098","79171"
"2010-04-04","Orion","530020","472912","57108"
"2010-04-05","Orion","724262","661184","63078"
"2010-04-06","Orion","353322","302692","50630"
"2010-04-07","Orion","485625","443345","42280"
"2010-04-08","Orion","325023","289324","35699"
"2010-04-09","Orion","500721","453022","47699"
"2010-04-10","Orion","504030","433623","70407"
"2010-04-11","Orion","409193","345099","64094"
"2010-04-12","Orion","493623","437180","56443"
"2010-04-13","Orion","472632","399939","72693"
"2010-04-14","Orion","344864","291000","53864"
"2010-04-15","Orion","646606","592242","54364"
"2010-04-16","Orion","360949","302621","58328"
"2010-04-17","Orion","822782","744920","77862"
"2010-04-18","Orion","497235","432085","65150"
"2010-04-19","Orion","688297","607911","80386"
"2010-04-20","Orion","495860","432719","63141"
"2010-04-21","Orion","703776","619226","84550"
"2010-04-22","Orion","353096","299506","53590"
"2010-04-23","Orion","615104","546936","68168"
"2010-04-24","Orion","321905","259223","62682"
"2010-04-25","Orion","626517","547313","79204"
"2010-04-26","Orion","507924","446504","61420"
"2010-04-27","Orion","341675","298866","42809"
"2010-04-28","Orion","683005","613836","69169"
"2010-04-29","Orion","577771","496713","81058"
"2010-04-30","Orion","385831","336337","49494"
"2010-05-01","Orion","401718","361952","39766"
"2010-05-02","Orion","506378","452178","54200"
"2010-05-03","Orion","462819","401899","60920"
"2010-05-04","Orion","495083","438406","56677"
"2010-05-05","Orion","441915","386829","55086"
"2010-05-06","Orion","404458","351149","53309"
"2010-05-07","Orion","370171","326969","43202"
"2010-05-08","Orion","608996","530028","78968"
"2010-05-09","Orion","352533","292569","59964"
"2010-05-10","Orion","478987","413167","65820"
"2010-05-11","Orion","633471","580302","53169"
"2010-05-12","Orion","497804","447315","50489"
"2010-05-13","Orion","545719","479614","66105"
"2010-05-14","Orion","619799","540863","78936"
"2010-05-15","Orion","456752","395100","61652"
"2010-05-16","Orion","466113","426994","39119"
"2010-05-17","Orion","698475","613055","85420"
"2010-05-18","Orion","384297","322425","61872"
"2010-05-19","Orion","660181","585216","74965"
"2010-05-20","Orion","577930","515113","62817"
"2010-05-21","Orion","325461","264398","61063"
"2010-05-22","Orion","443530","365388","78142"
"2010-05-23","Orion","434114","384085","50029"
"2010-05-24","Orion","581706","509314","72392"
"2010-05-25","Orion","557751","505186","52565"
"2010-05-26","Orion","513793","447268","66525"
"2010-05-27","Orion","401296","353638","47658"
"2010-05-28","Orion","651340","571040","80300"
"2010-05-29","Orion","460987","406585","54402"
"2010-05-30","Orion","355096","297368","57728"
"2010-05-31","Orion","538003","459446","78557"
"2010-06-01","Orion","444686","384011","60675"
"2010-06-02","Orion","945928","831181","114747"
"2010-06-03","Orion","1183784","1084932","98852"
"2010-06-04","Orion","980037","869226","110811"
"2010-06-05","Orion","1063524","927218","136306"
"2010-06-06","Orion","1207854","1097079","110775"
"2010-06-07","Orion","1202890","1047286","155604"
"2010-06-08","Orion","700777","616847","83930"
"2010-06-09","Orion","947766","825123","122643"
"2010-06-10","Orion","1371543","1260411","111132"
"2010-06-11","Orion","829636","723368","106268"
"2010-06-12","Orion","933252","830490","102762"
"2010-06-13","Orion","1061138","932203","128935"
"2010-06-14","Orion","1066322","924584","141738"
"2010-06-15","Orion","1180316","1040818","139498"
"2010-06-16","Orion","1038116","917548","120568"
"2010-06-17","Orion","620841","516431","104410"
"2010-06-18","Orion","786551","690238","96313"
"2010-06-19","Orion","941103","848537","92566"
"2010-06-20","Orion","803560","713658","89902"
"2010-06-21","Orion","719822","625528","94294"
"2010-06-22","Orion","1217449","1066773","150676"
"2010-06-23","Orion","802635","697470","105165"
"2010-06-24","Orion","820469","713327","107142"
"2010-06-25","Orion","1190417","1044247","146170"
"2010-06-26","Orion","897440","788386","109054"
"2010-06-27","Orion","978084","848927","129157"
"2010-06-28","Orion","1039822","917792","122030"
"2010-06-29","Orion","1167811","1018511","149300"
"2010-06-30","Orion","1066380","932333","134047"
"2010-07-01","Orion","1106354","976546","129808"
"2010-07-02","Orion","1125943","1000884","125059"
"2010-07-03","Orion","908499","807054","101445"
"2010-07-04","Orion","1167355","1051223","116132"
"2010-07-05","Orion","842867","717722","125145"
"2010-07-06","Orion","990138","892786","97352"
"2010-07-07","Orion","1317837","1163520","154317"
"2010-07-08","Orion","920956","790355","130601"
"2010-07-09","Orion","1014869","870012","144857"
"2010-07-10","Orion","1063289","932484","130805"
"2010-07-11","Orion","850152","742581","107571"
"2010-07-12","Orion","1128356","979323","149033"
"2010-07-13","Orion","795038","684133","110905"
"2010-07-14","Orion","1012221","908081","104140"
"2010-07-15","Orion","1084999","950991","134008"
"2010-07-16","Orion","722611","621766","100845"
"2010-07-17","Orion","582438","486191","96247"
"2010-07-18","Orion","451358","381495","69863"
"2010-07-19","Orion","753551","661855","91696"
"2010-07-20","Orion","947340","825367","121973"
"2010-07-21","Orion","940334","826016","114318"
"2010-07-22","Orion","902464","784014","118450"
"2010-07-23","Orion","703091","614419","88672"
"2010-07-24","Orion","976202","863369","112833"
"2010-07-25","Orion","847831","745612","102219"
"2010-07-26","Orion","910324","783446","126878"
"2010-07-27","Orion","826254","739788","86466"
"2010-07-28","Orion","1127946","985200","142746"
"2010-07-29","Orion","1076843","931078","145765"
"2010-07-30","Orion","778881","670287","108594"
"2010-07-31","Orion","1040370","887863","152507"
"2010-08-01","Orion","825127","726019","99108"
"2010-08-02","Orion","997379","887348","110031"
"2010-08-03","Orion","1138096","1019208","118888"
"2010-08-04","Orion","973324","826683","146641"
"2010-08-05","Orion","762080","686709","75371"
"2010-08-06","Orion","960829","841643","119186"
"2010-08-07","Orion","1086347","916721","169626"
"2010-08-08","Orion","1238348","1093942","144406"
"2010-08-09","Orion","901852","785001","116851"
"2010-08-10","Orion","821093","729171","91922"
"2010-08-11","Orion","525665","433069","92596"
"2010-08-12","Orion","1026591","910717","115874"
"2010-08-13","Orion","966382","864769","101613"
"2010-08-14","Orion","1062933","944341","118592"
"2010-08-15","Orion","819014","721590","97424"
"2010-08-16","Orion","755192","675120","80072"
"2010-08-17","Orion","592956","512345","80611"
"2010-08-18","Orion","1138232","1009088","129144"
"2010-08-19","Orion","1195090","1049467","145623"
"2010-08-20","Orion","940078","827320","112758"
"2010-08-21","Orion","1046468","919762","126706"
"2010-08-22","Orion","652984","570427","82557"
"2010-08-23","Orion","822510","722779","99731"
"2010-08-24","Orion","1060092","930658","129434"
"2010-08-25","Orion","1198944","1068249","130695"
"2010-08-26","Orion","788476","708649","79827"
"2010-08-27","Orion","1005343","872352","132991"
"2010-08-28","Orion","1077295","960176","117119"
"2010-08-29","Orion","1016159","921050","95109"
"2010-08-30","Orion","509707","427080","82627"
"2010-08-31","Orion","929870","821607","108263"
"2010-09-01","Orion","947610","825835","121775"
"2010-09-02","Orion","1135772","987550","148222"
"2010-09-03","Orion","934799","809588","125211"
"2010-09-04","Orion","852593","741456","111137"
"2010-09-05","Orion","765202","639303","125899"
"2010-09-06","Orion","893221","778292","114929"
"2010-09-07","Orion","894868","785408","109460"
"2010-09-08","Orion","1031301","908641","122660"
"2010-09-09","Orion","613834","518870","94964"
"2010-09-10","Orion","683652","582760","100892"
"2010-09-11","Orion","999394","893421","105973"
"2010-09-12","Orion","1129317","998881","130436"
"2010-09-13","Orion","778879","668423","110456"
"2010-09-14","Orion","936749","820354","116395"
"2010-09-15","Orion","927844","806190","121654"
"2010-09-16","Orion","602149","509710","92439"
"2010-09-17","Orion","740531","639599","100932"
"2010-09-18","Orion","1004017","893805","110212"
"2010-09-19","Orion","807149","694307","112842"
"2010-09-20","Orion","823218","729748","93470"
"2010-09-21","Orion","1010715","877969","132746"
"2010-09-22","Orion","1150244","1006298","143946"
"2010-09-23","Orion","771046","660243","110803"
"2010-09-24","Orion","972736","845409","127327"
"2010-09-25","Orion","738732","623135","115597"
"2010-09-26","Orion","1264977","1120136","144841"
"2010-09-27","Orion","1095685","968490","127195"
"2010-09-28","Orion","916973","794139","122834"
"2010-09-29","Orion","994762","858527","136235"
"2010-09-30","Orion","929225","824287","104938"
"2010-10-01","Orion","993083","860762","132321"
"2010-10-02","Orion","912872","787026","125846"
"2010-10-03","Orion","1330883","1217923","112960"
"2010-10-04","Orion","741346","626672","114674"
"2010-10-05","Orion","612040","518592","93448"
"2010-10-06","Orion","1018236","882310","135926"
"2010-10-07","Orion","942763","814252","128511"
"2010-10-08","Orion","1282437","1136192","146245"
"2010-10-09","Orion","1224399","1085189","139210"
"2010-10-10","Orion","889866","788388","101478"
"2010-10-11","Orion","593992","497841","96151"
"2010-10-12","Orion","1061581","937718","123863"
"2010-10-13","Orion","1354847","1210480","144367"
"2010-10-14","Orion","853990","765997","87993"
"2010-10-15","Orion","816558","692720","123838"
"2010-10-16","Orion","852549","740672","111877"
"2010-10-17","Orion","734035","649910","84125"
"2010-10-18","Orion","1441106","1270798","170308"
"2010-10-19","Orion","853574","741904","111670"
"2010-10-20","Orion","1168743","1017969","150774"
"2010-10-21","Orion","1230846","1091121","139725"
"2010-10-22","Orion","810414","693356","117058"
"2010-10-23","Orion","972772","834090","138682"
"2010-10-24","Orion","1014991","896855","118136"
"2010-10-25","Orion","1228398","1084756","143642"
"2010-10-26","Orion","842046","716881","125165"
"2010-10-27","Orion","828678","719586","109092"
"2010-10-28","Orion","1104644","949937","154707"
"2010-10-29","Orion","844902","749435","95467"
"2010-10-30","Orion","1084527","955018","129509"
"2010-10-31","Orion","744115","644605","99510"
"2010-11-01","Orion","998263","889358","108905"
"2010-11-02","Orion","838678","738666","100012"
"2010-11-03","Orion","770227","673516","96711"
"2010-11-04","Orion","907249","796374","110875"
"2010-11-05","Orion","973866","865771","108095"
"2010-11-06","Orion","962684","842309","120375"
"2010-11-07","Orion","843993","725544","118449"
"2010-11-08","Orion","816679","683306","133373"
"2010-11-09","Orion","975451","865204","110247"
"2010-11-10","Orion","1247593","1102032","145561"
"2010-11-11","Orion","1179096","1059917","119179"
"2010-11-12","Orion","1345564","1189936","155628"
"2010-11-13","Orion","643064","550480","92584"
"2010-11-14","Orion","1205106","1071750","133356"
"2010-11-15","Orion","903238","783013","120225"
"2010-11-16","Orion","1073787","975856","97931"
"2010-11-17","Orion","737007","651442","85565"
"2010-11-18","Orion","886730","788629","98101"
"2010-11-19","Orion","1052250","939162","113088"
"2010-11-20","Orion","604262","515496","88766"
"2010-11-21","Orion","1006592","890413","116179"
"2010-11-22","Orion","777897","667642","110255"
"2010-11-23","Orion","1035954","918962","116992"
"2010-11-24","Orion","869759","757157","112602"
"2010-11-25","Orion","1243022","1093890","149132"
"2010-11-26","Orion","882239","769038","113201"
"2010-11-27","Orion","1089640","987274","102366"
"2010-11-28","Orion","1236060","1104473","131587"
"2010-11-29","Orion","1038856","929576","109280"
"2010-11-30","Orion","1060287","920883","139404"
"2010-12-01","Orion","1128137","1004170","123967"
"2010-12-02","Orion","1301696","1163991","137705"
"2010-12-03","Orion","967669","848926","118743"
"2010-12-04","Orion","911292","784837","126455"
"2010-12-05","Orion","742391","652116","90275"
"2010-12-06","Orion","786751","684567","102184"
"2010-12-07","Orion","839954","734539","105415"
"2010-12-08","Orion","948340","835785","112555"
"2010-12-09","Orion","980365","882303","98062"
"2010-12-10","Orion","948218","834485","113733"
"2010-12-11","Orion","691522","590731","100791"
"2010-12-12","Orion","1039566","912679","126887"
"2010-12-13","Orion","1102355","952319","150036"
"2010-12-14","Orion","810101","701821","108280"
"2010-12-15","Orion","1050405","942478","107927"
"2010-12-16","Orion","846629","752662","93967"
"2010-12-17","Orion","1219735","1094938","124797"
"2010-12-18","Orion","1086998","946656","140342"
"2010-12-19","Orion","1069143","925671","143472"
"2010-12-20","Orion","1100929","975559","125370"
"2010-12-21","Orion","782072","665357","116715"
"2010-12-22","Orion","1148167","1029065","119102"
"2010-12-23","Orion","779276","679551","99725"
"2010-12-24","Orion","875727","761494","114233"
"2010-12-25","Orion","590879","495351","95528"
"2010-12-26","Orion","1259872","1132974","126898"
"2010-12-27","Orion","1197110","1070346","126764"
"2010-12-28","Orion","544010","458964","85046"
"2010-12-29","Orion","829387","731999","97388"
"2010-12-30","Orion","895098","798762","96336"
"2010-12-31","Orion","1082177","954204","127973"
"2011-01-01","Orion","1533260","1374844","158416"
"2011-01-02","Orion","915880","813665","102215"
"2011-01-03","Orion","966581","840435","126146"
"2011-01-04","Orion","754135","653735","100400"
"2011-01-05","Orion","1130792","978704","152088"
"2011-01-06","Orion","766336","656141","110195"
"2011-01-07","Orion","951264","837927","113337"
"2011-01-08","Orion","883611","782990","100621"
"2011-01-09","Orion","807371","719163","88208"
"2011-01-10","Orion","834277","710779","123498"
"2011-01-11","Orion","1448954","1304163","144791"
"2011-01-12","Orion","921917","792238","129679"
"2011-01-13","Orion","903961","770943","133018"
"2011-01-14","Orion","811053","721817","89236"
"2011-01-15","Orion","1240787","1084250","156537"
"2011-01-16","Orion","1346490","1176192","170298"
"2011-01-17","Orion","1106185","965068","141117"
"2011-01-18","Orion","930343","802919","127424"
"2011-01-19","Orion","1009438","886506","122932"
"2011-01-20","Orion","1096856","960021","136835"
"2011-01-21","Orion","834750","721748","113002"
"2011-01-22","Orion","1105467","971072","134395"
"2011-01-23","Orion","842782","737134","105648"
"2011-01-24","Orion","1017747","889350","128397"
"2011-01-25","Orion","1210628","1066453","144175"
"2011-01-26","Orion","998908","889720","109188"
"2011-01-27","Orion","839465","723726","115739"
"2011-01-28","Orion","1214411","1075218","139193"
"2011-01-29","Orion","1154665","1031820","122845"
"2011-01-30","Orion","1098508","957253","141255"
"2011-01-31","Orion","1040523","913109","127414"
"2011-02-01","Orion","1179123","1053239","125884"
"2011-02-02","Orion","1170600","1028432","142168"
"2011-02-03","Orion","1192954","1059664","133290"
"2011-02-04","Orion","815973","709435","106538"
"2011-02-05","Orion","1037519","930481","107038"
"2011-02-06","Orion","995686","875371","120315"
"2011-02-07","Orion","1313035","1171997","141038"
"2011-02-08","Orion","1267347","1117380","149967"
"2011-02-09","Orion","1170759","1036837","133922"
"2011-02-10","Orion","846349","729440","116909"
"2011-02-11","Orion","954408","834726","119682"
"2011-02-12","Orion","1351402","1178242","173160"
"2011-02-13","Orion","959004","861750","97254"
"2011-02-14","Orion","911651","795456","116195"
"2011-02-15","Orion","751820","649944","101876"
"2011-02-16","Orion","1308501","1178122","130379"
"2011-02-17","Orion","954453","831234","123219"
"2011-02-18","Orion","909643","797172","112471"
"2011-02-19","Orion","1119876","980386","139490"
"2011-02-20","Orion","1178912","1050439","128473"
"2011-02-21","Orion","939750","814657","125093"
"2011-02-22","Orion","844577","730642","113935"
"2011-02-23","Orion","1097239","966520","130719"
"2011-02-24","Orion","842677","727960","114717"
"2011-02-25","Orion","1054134","936625","117509"
"2011-02-26","Orion","824660","718972","105688"
"2011-02-27","Orion","1104531","959113","145418"
"2011-02-28","Orion","1044646","914236","130410"
"2011-03-01","Orion","1513840","1316261","197579"
"2011-03-02","Orion","879496","766202","113294"
"2011-03-03","Orion","1235513","1080943","154570"
"2011-03-04","Orion","1204488","1062621","141867"
"2011-03-05","Orion","1611217","1447065","164152"
"2011-03-06","Orion","1051892","925987","125905"
"2011-03-07","Orion","998036","868380","129656"
"2011-03-08","Orion","1043607","927506","116101"
"2011-03-09","Orion","1175003","1020252","154751"
"2011-03-10","Orion","1068857","953675","115182"
"2011-03-11","Orion","1223778","1070274","153504"
"2011-03-12","Orion","908575","809096","99479"
"2011-03-13","Orion","1132500","965977","166523"
"2011-03-14","Orion","1322354","1171117","151237"
"2011-03-15","Orion","1039678","903068","136610"
"2011-03-16","Orion","1290336","1158637","131699"
"2011-03-17","Orion","1010355","894935","115420"
"2011-03-18","Orion","991775","871989","119786"
"2011-03-19","Orion","1129355","1001017","128338"
"2011-03-20","Orion","1014786","864462","150324"
"2011-03-21","Orion","1326529","1186326","140203"
"2011-03-22","Orion","970526","863077","107449"
"2011-03-23","Orion","1008307","891109","117198"
"2011-03-24","Orion","922692","790633","132059"
"2011-03-25","Orion","894916","786658","108258"
"2011-03-26","Orion","859315","745592","113723"
"2011-03-27","Orion","894449","782171","112278"
"2011-03-28","Orion","1025376","898487","126889"
"2011-03-29","Orion","1060590","936097","124493"
"2011-03-30","Orion","1303133","1177252","125881"
"2011-03-31","Orion","1074364","969846","104518"
"2011-04-01","Orion","985780","859992","125788"
"2011-04-02","Orion","902824","778397","124427"
"2011-04-03","Orion","708129","610407","97722"
"2011-04-04","Orion","918044","788991","129053"
"2011-04-05","Orion","781536","676419","105117"
"2011-04-06","Orion","1413175","1274990","138185"
"2011-04-07","Orion","919472","792313","127159"
"2011-04-08","Orion","883064","792506","90558"
"2011-04-09","Orion","1129387","1011220","118167"
"2011-04-10","Orion","1169218","1031140","138078"
"2011-04-11","Orion","916925","796555","120370"
"2011-04-12","Orion","1196995","1057996","138999"
"2011-04-13","Orion","1260450","1106272","154178"
"2011-04-14","Orion","1348011","1167757","180254"
"2011-04-15","Orion","676559","567575","108984"
"2011-04-16","Orion","989000","849216","139784"
"2011-04-17","Orion","999134","869583","129551"
"2011-04-18","Orion","957156","832351","124805"
"2011-04-19","Orion","1151297","1026084","125213"
"2011-04-20","Orion","1046549","921684","124865"
"2011-04-21","Orion","955863","836182","119681"
"2011-04-22","Orion","1135590","987195","148395"
"2011-04-23","Orion","957470","850312","107158"
"2011-04-24","Orion","1080420","956196","124224"
"2011-04-25","Orion","1134425","990014","144411"
"2011-04-26","Orion","1079169","950527","128642"
"2011-04-27","Orion","1395058","1241855","153203"
"2011-04-28","Orion","979053","862944","116109"
"2011-04-29","Orion","722445","633556","88889"
"2011-04-30","Orion","884773","757697","127076"
"2011-05-01","Orion","1064347","936265","128082"
"2011-05-02","Orion","1099370","988938","110432"
"2011-05-03","Orion","1078560","967589","110971"
"2011-05-04","Orion","1226998","1097091","129907"
"2011-05-05","Orion","1285107","1143665","141442"
"2011-05-06","Orion","797657","682370","115287"
"2011-05-07","Orion","1017357","874488","142869"
"2011-05-08","Orion","676234","573184","103050"
"2011-05-09","Orion","1515439","1354563","160876"
"2011-05-10","Orion","1512833","1367769","145064"
"2011-05-11","Orion","1242467","1097779","144688"
"2011-05-12","Orion","1291121","1177992","113129"
"2011-05-13","Orion","1146767","1005740","141027"
"2011-05-14","Orion","848191","742257","105934"
"2011-05-15","Orion","1023635","894570","129065"
"2011-05-16","Orion","975654","860382","115272"
"2011-05-17","Orion","1078838","935305","143533"
"2011-05-18","Orion","970363","853185","117178"
"2011-05-19","Orion","1383279","1234660","148619"
"2011-05-20","Orion","1443349","1269833","173516"
"2011-05-21","Orion","925931","831077","94854"
"2011-05-22","Orion","672085","581436","90649"
"2011-05-23","Orion","1117634","965379","152255"
"2011-05-24","Orion","1044872","901027","143845"
"2011-05-25","Orion","804011","700550","103461"
"2011-05-26","Orion","1040053","908669","131384"
"2011-05-27","Orion","1335038","1184639","150399"
"2011-05-28","Orion","1101732","975793","125939"
"2011-05-29","Orion","974597","856938","117659"
"2011-05-30","Orion","1223550","1086677","136873"
"2011-05-31","Orion","943396","823318","120078"
"2011-06-01","Orion","942912","803179","139733"
"2011-06-02","Orion","1429181","1267206","161975"
"2011-06-03","Orion","1377661","1212687","164974"
"2011-06-04","Orion","1113146","971450","141696"
"2011-06-05","Orion","1243074","1081545","161529"
"2011-06-06","Orion","1129368","979097","150271"
"2011-06-07","Orion","1245625","1077013","168612"
"2011-06-08","Orion","939084","794381","144703"
"2011-06-09","Orion","1299084","1135357","163727"
"2011-06-10","Orion","1307667","1171407","136260"
"2011-06-11","Orion","975179","826404","148775"
"2011-06-12","Orion","924213","810739","113474"
"2011-06-13","Orion","1129760","1007390","122370"
"2011-06-14","Orion","1235904","1076500","159404"
"2011-06-15","Orion","1508563","1350955","157608"
"2011-06-16","Orion","1026595","907501","119094"
"2011-06-17","Orion","1026436","868207","158229"
"2011-06-18","Orion","1283158","1124110","159048"
"2011-06-19","Orion","1342142","1181890","160252"
"2011-06-20","Orion","1578506","1412438","166068"
"2011-06-21","Orion","999926","860586","139340"
"2011-06-22","Orion","1481723","1311630","170093"
"2011-06-23","Orion","1380249","1224321","155928"
"2011-06-24","Orion","1103666","947774","155892"
"2011-06-25","Orion","1334843","1173942","160901"
"2011-06-26","Orion","1484459","1312828","171631"
"2011-06-27","Orion","1152789","1037320","115469"
"2011-06-28","Orion","1464218","1293194","171024"
"2011-06-29","Orion","1207213","1052180","155033"
"2011-06-30","Orion","1238319","1088511","149808"
"2011-07-01","Orion","1364241","1208150","156091"
"2011-07-02","Orion","1138694","983748","154946"
"2011-07-03","Orion","993952","866761","127191"
"2011-07-04","Orion","1023650","900236","123414"
"2011-07-05","Orion","1329783","1186253","143530"
"2011-07-06","Orion","701437","587818","113619"
"2011-07-07","Orion","869498","768712","100786"
"2011-07-08","Orion","1412277","1252481","159796"
"2011-07-09","Orion","1486687","1297299","189388"
"2011-07-10","Orion","1284567","1119713","164854"
"2011-07-11","Orion","1483628","1322234","161394"
"2011-07-12","Orion","1182025","1055550","126475"
"2011-07-13","Orion","1366190","1214089","152101"
"2011-07-14","Orion","692977","597140","95837"
"2011-07-15","Orion","1017444","864891","152553"
"2011-07-16","Orion","1242354","1091540","150814"
"2011-07-17","Orion","1137600","991268","146332"
"2011-07-18","Orion","1292810","1142187","150623"
"2011-07-19","Orion","1110629","976562","134067"
"2011-07-20","Orion","1041766","911326","130440"
"2011-07-21","Orion","1289514","1115657","173857"
"2011-07-22","Orion","1267080","1088784","178296"
"2011-07-23","Orion","1390044","1223059","166985"
"2011-07-24","Orion","1121676","966796","154880"
"2011-07-25","Orion","2063875","1831836","232039"
"2011-07-26","Orion","1284815","1151054","133761"
"2011-07-27","Orion","1157417","994353","163064"
"2011-07-28","Orion","995351","866524","128827"
"2011-07-29","Orion","1398836","1229785","169051"
"2011-07-30","Orion","816048","703408","112640"
"2011-07-31","Orion","1336462","1184933","151529"
"2011-08-01","Orion","1235759","1094406","141353"
"2011-08-02","Orion","1001088","865143","135945"
"2011-08-03","Orion","947406","837769","109637"
"2011-08-04","Orion","1531661","1348470","183191"
"2011-08-05","Orion","1225350","1070405","154945"
"2011-08-06","Orion","1274623","1138364","136259"
"2011-08-07","Orion","1061555","911698","149857"
"2011-08-08","Orion","1195489","1042538","152951"
"2011-08-09","Orion","972086","821687","150399"
"2011-08-10","Orion","1195723","1050484","145239"
"2011-08-11","Orion","1440504","1285925","154579"
"2011-08-12","Orion","1321253","1179968","141285"
"2011-08-13","Orion","789799","672597","117202"
"2011-08-14","Orion","1300601","1144201","156400"
"2011-08-15","Orion","1257743","1087148","170595"
"2011-08-16","Orion","1312329","1142962","169367"
"2011-08-17","Orion","1252137","1086714","165423"
"2011-08-18","Orion","1160096","1024581","135515"
"2011-08-19","Orion","1121275","968425","152850"
"2011-08-20","Orion","955209","833438","121771"
"2011-08-21","Orion","1365192","1189628","175564"
"2011-08-22","Orion","1185192","1032714","152478"
"2011-08-23","Orion","1495897","1315152","180745"
"2011-08-24","Orion","999011","854431","144580"
"2011-08-25","Orion","1220713","1068701","152012"
"2011-08-26","Orion","1065051","917886","147165"
"2011-08-27","Orion","1512537","1358727","153810"
"2011-08-28","Orion","1011916","862266","149650"
"2011-08-29","Orion","1443747","1273649","170098"
"2011-08-30","Orion","1276413","1131229","145184"
"2011-08-31","Orion","1592524","1373843","218681"
"2011-09-01","Orion","1340410","1182102","158308"
"2011-09-02","Orion","1055571","890744","164827"
"2011-09-03","Orion","1252205","1126789","125416"
"2011-09-04","Orion","863896","737744","126152"
"2011-09-05","Orion","1435110","1305939","129171"
"2011-09-06","Orion","1477864","1326294","151570"
"2011-09-07","Orion","1389871","1216363","173508"
"2011-09-08","Orion","1030796","886383","144413"
"2011-09-09","Orion","1175011","1041465","133546"
"2011-09-10","Orion","1082419","980346","102073"
"2011-09-11","Orion","1400285","1240925","159360"
"2011-09-12","Orion","1035758","887423","148335"
"2011-09-13","Orion","1042803","916504","126299"
"2011-09-14","Orion","1126299","994142","132157"
"2011-09-15","Orion","1372362","1208155","164207"
"2011-09-16","Orion","1502127","1344515","157612"
"2011-09-17","Orion","1021224","876113","145111"
"2011-09-18","Orion","1349243","1186077","163166"
"2011-09-19","Orion","1307161","1129807","177354"
"2011-09-20","Orion","1349518","1160699","188819"
"2011-09-21","Orion","1012466","875807","136659"
"2011-09-22","Orion","1361613","1222729","138884"
"2011-09-23","Orion","1205106","1053832","151274"
"2011-09-24","Orion","1351885","1186626","165259"
"2011-09-25","Orion","882185","748805","133380"
"2011-09-26","Orion","1394334","1240597","153737"
"2011-09-27","Orion","1679198","1495610","183588"
"2011-09-28","Orion","1076627","932444","144183"
"2011-09-29","Orion","1290190","1139809","150381"
"2011-09-30","Orion","1442041","1293318","148723"
"2011-10-01","Orion","1128113","996893","131220"
"2011-10-02","Orion","1376130","1227435","148695"
"2011-10-03","Orion","959935","820282","139653"
"2011-10-04","Orion","1221846","1055569","166277"
"2011-10-05","Orion","1446332","1230153","216179"
"2011-10-06","Orion","836599","719088","117511"
"2011-10-07","Orion","1280019","1121466","158553"
"2011-10-08","Orion","1071093","928991","142102"
"2011-10-09","Orion","1039713","903204","136509"
"2011-10-10","Orion","795451","676641","118810"
"2011-10-11","Orion","1124302","1005253","119049"
"2011-10-12","Orion","1137041","992881","144160"
"2011-10-13","Orion","1236142","1093813","142329"
"2011-10-14","Orion","1089050","952925","136125"
"2011-10-15","Orion","1582433","1407077","175356"
"2011-10-16","Orion","1265961","1107981","157980"
"2011-10-17","Orion","1420938","1235060","185878"
"2011-10-18","Orion","1515380","1322817","192563"
"2011-10-19","Orion","1444569","1266868","177701"
"2011-10-20","Orion","1516606","1375912","140694"
"2011-10-21","Orion","1288924","1146832","142092"
"2011-10-22","Orion","1427707","1269616","158091"
"2011-10-23","Orion","1869639","1656852","212787"
"2011-10-24","Orion","1388857","1225153","163704"
"2011-10-25","Orion","1319289","1153340","165949"
"2011-10-26","Orion","1135537","1003406","132131"
"2011-10-27","Orion","1136152","986827","149325"
"2011-10-28","Orion","1931611","1699484","232127"
"2011-10-29","Orion","1232234","1101335","130899"
"2011-10-30","Orion","1568121","1391273","176848"
"2011-10-31","Orion","1073567","925718","147849"
"2011-11-01","Orion","1313247","1167335","145912"
"2011-11-02","Orion","1044740","896619","148121"
"2011-11-03","Orion","943980","818101","125879"
"2011-11-04","Orion","1250058","1078489","171569"
"2011-11-05","Orion","960870","840245","120625"
"2011-11-06","Orion","958431","834090","124341"
"2011-11-07","Orion","1158785","1022798","135987"
"2011-11-08","Orion","941345","808466","132879"
"2011-11-09","Orion","944286","796931","147355"
"2011-11-10","Orion","1471653","1287802","183851"
"2011-11-11","Orion","1010461","889233","121228"
"2011-11-12","Orion","1445553","1259449","186104"
"2011-11-13","Orion","1251316","1082907","168409"
"2011-11-14","Orion","1308808","1149629","159179"
"2011-11-15","Orion","1460973","1295781","165192"
"2011-11-16","Orion","1071951","936071","135880"
"2011-11-17","Orion","1604567","1412329","192238"
"2011-11-18","Orion","1806500","1633757","172743"
"2011-11-19","Orion","1453543","1293146","160397"
"2011-11-20","Orion","1356629","1178488","178141"
"2011-11-21","Orion","1674851","1483768","191083"
"2011-11-22","Orion","1625460","1444153","181307"
"2011-11-23","Orion","1069057","932064","136993"
"2011-11-24","Orion","1397050","1209864","187186"
"2011-11-25","Orion","1179381","1034813","144568"
"2011-11-26","Orion","1291192","1157102","134090"
"2011-11-27","Orion","979792","854874","124918"
"2011-11-28","Orion","1470285","1319704","150581"
"2011-11-29","Orion","1083163","926752","156411"
"2011-11-30","Orion","1464654","1307732","156922"
"2011-12-01","Orion","1033181","905629","127552"
"2011-12-02","Orion","1232877","1096507","136370"
"2011-12-03","Orion","1214361","1073429","140932"
"2011-12-04","Orion","1456896","1280448","176448"
"2011-12-05","Orion","1185336","1035141","150195"
"2011-12-06","Orion","1377423","1223554","153869"
"2011-12-07","Orion","1564264","1390293","173971"
"2011-12-08","Orion","1057930","914612","143318"
"2011-12-09","Orion","1386644","1224443","162201"
"2011-12-10","Orion","1095097","937199","157898"
"2011-12-11","Orion","1313959","1123605","190354"
"2011-12-12","Orion","1189579","1065150","124429"
"2011-12-13","Orion","1014233","878138","136095"
"2011-12-14","Orion","1146539","1013482","133057"
"2011-12-15","Orion","1383412","1210251","173161"
"2011-12-16","Orion","1208837","1067726","141111"
"2011-12-17","Orion","1581731","1383788","197943"
"2011-12-18","Orion","1143380","1011478","131902"
"2011-12-19","Orion","1129993","976250","153743"
"2011-12-20","Orion","1197469","1024714","172755"
"2011-12-21","Orion","1219191","1055841","163350"
"2011-12-22","Orion","1230569","1068477","162092"
"2011-12-23","Orion","1516852","1341123","175729"
"2011-12-24","Orion","980051","858970","121081"
"2011-12-25","Orion","1306161","1148954","157207"
"2011-12-26","Orion","1343108","1158055","185053"
"2011-12-27","Orion","1263378","1115754","147624"
"2011-12-28","Orion","1297609","1137463","160146"
"2011-12-29","Orion","1479078","1332298","146780"
"2011-12-30","Orion","1002469","865103","137366"
"2011-12-31","Orion","1430387","1256007","174380"
"2012-01-01","Orion","1239689","1053018","186671"
"2012-01-02","Orion","1670511","1458906","211605"
"2012-01-03","Orion","1624723","1426895","197828"
"2012-01-04","Orion","1688618","1497557","191061"
"2012-01-05","Orion","1685495","1473549","211946"
"2012-01-06","Orion","1652894","1431621","221273"
"2012-01-07","Orion","1443163","1227154","216009"
"2012-01-08","Orion","1695775","1511643","184132"
"2012-01-09","Orion","1853377","1640249","213128"
"2012-01-10","Orion","1308783","1135000","173783"
"2012-01-11","Orion","1863091","1612386","250705"
"2012-01-12","Orion","1571922","1389073","182849"
"2012-01-13","Orion","1687307","1469616","217691"
"2012-01-14","Orion","1717448","1492257","225191"
"2012-01-15","Orion","1569772","1397838","171934"
"2012-01-16","Orion","1504050","1304522","199528"
"2012-01-17","Orion","1976391","1725155","251236"
"2012-01-18","Orion","2499249","2264638","234611"
"2012-01-19","Orion","1829526","1609425","220101"
"2012-01-20","Orion","2014794","1774436","240358"
"2012-01-21","Orion","2116140","1868185","247955"
"2012-01-22","Orion","1805561","1576712","228849"
"2012-01-23","Orion","1927908","1726902","201006"
"2012-01-24","Orion","1951471","1713271","238200"
"2012-01-25","Orion","2328444","2079151","249293"
"2012-01-26","Orion","2024347","1808288","216059"
"2012-01-27","Orion","2136087","1892161","243926"
"2012-01-28","Orion","1746187","1546580","199607"
"2012-01-29","Orion","1337728","1158825","178903"
"2012-01-30","Orion","1888391","1639557","248834"
"2012-01-31","Orion","1708085","1466830","241255"
"2012-02-01","Orion","1750454","1556739","193715"
"2012-02-02","Orion","2019395","1781800","237595"
"2012-02-03","Orion","1741261","1464908","276353"
"2012-02-04","Orion","1646022","1437125","208897"
"2012-02-05","Orion","2096576","1840440","256136"
"2012-02-06","Orion","2412303","2172336","239967"
"2012-02-07","Orion","2034661","1757170","277491"
"2012-02-08","Orion","2391535","2118683","272852"
"2012-02-09","Orion","1695302","1486539","208763"
"2012-02-10","Orion","1868271","1651588","216683"
"2012-02-11","Orion","1939002","1715259","223743"
"2012-02-12","Orion","1589532","1395135","194397"
"2012-02-13","Orion","2044638","1767998","276640"
"2012-02-14","Orion","1574814","1359748","215066"
"2012-02-15","Orion","1222558","1057616","164942"
"2012-02-16","Orion","1552541","1338178","214363"
"2012-02-17","Orion","1781715","1549140","232575"
"2012-02-18","Orion","2078927","1849059","229868"
"2012-02-19","Orion","1798218","1579212","219006"
"2012-02-20","Orion","1833417","1600722","232695"
"2012-02-21","Orion","1455139","1270362","184777"
"2012-02-22","Orion","1563028","1355279","207749"
"2012-02-23","Orion","1774716","1558574","216142"
"2012-02-24","Orion","1706996","1478204","228792"
"2012-02-25","Orion","1913277","1682694","230583"
"2012-02-26","Orion","1986061","1753151","232910"
"2012-02-27","Orion","1846000","1607109","238891"
"2012-02-28","Orion","1901877","1701938","199939"
"2012-02-29","Orion","1399822","1232129","167693"
"2012-03-01","Orion","1873143","1641412","231731"
"2012-03-02","Orion","2254464","2014251","240213"
"2012-03-03","Orion","2023118","1768705","254413"
"2012-03-04","Orion","2050999","1823160","227839"
"2012-03-05","Orion","1564725","1360145","204580"
"2012-03-06","Orion","2221650","1966591","255059"
"2012-03-07","Orion","1668846","1434814","234032"
"2012-03-08","Orion","2012651","1741608","271043"
"2012-03-09","Orion","1433091","1215948","217143"
"2012-03-10","Orion","1554929","1323256","231673"
"2012-03-11","Orion","2300959","2012679","288280"
"2012-03-12","Orion","2133169","1892440","240729"
"2012-03-13","Orion","2028277","1791620","236657"
"2012-03-14","Orion","1493679","1301975","191704"
"2012-03-15","Orion","1741030","1518066","222964"
"2012-03-16","Orion","1533315","1333140","200175"
"2012-03-17","Orion","2015722","1805563","210159"
"2012-03-18","Orion","1577594","1355801","221793"
"2012-03-19","Orion","2307119","2078193","228926"
"2012-03-20","Orion","1612564","1411563","201001"
"2012-03-21","Orion","2264864","2024489","240375"
"2012-03-22","Orion","1627048","1431149","195899"
"2012-03-23","Orion","2336195","2041680","294515"
"2012-03-24","Orion","2048239","1826438","221801"
"2012-03-25","Orion","1689377","1447762","241615"
"2012-03-26","Orion","1676371","1444160","232211"
"2012-03-27","Orion","1805213","1596941","208272"
"2012-03-28","Orion","2518759","2269050","249709"
"2012-03-29","Orion","1857614","1649900","207714"
"2012-03-30","Orion","2200389","1937459","262930"
"2012-03-31","Orion","1433262","1248396","184866"
"2012-04-01","Orion","2087296","1833962","253334"
"2012-04-02","Orion","2569535","2285127","284408"
"2012-04-03","Orion","1872953","1622403","250550"
"2012-04-04","Orion","2281689","2012215","269474"
"2012-04-05","Orion","2027707","1801496","226211"
"2012-04-06","Orion","2193245","1889850","303395"
"2012-04-07","Orion","1996969","1775741","221228"
"2012-04-08","Orion","1727090","1501392","225698"
"2012-04-09","Orion","2085037","1835700","249337"
"2012-04-10","Orion","2007719","1746174","261545"
"2012-04-11","Orion","2480333","2221051","259282"
"2012-04-12","Orion","2406972","2143141","263831"
"2012-04-13","Orion","1683362","1499752","183610"
"2012-04-14","Orion","1952020","1710318","241702"
"2012-04-15","Orion","2004904","1767230","237674"
"2012-04-16","Orion","1761777","1532700","229077"
"2012-04-17","Orion","2263343","1992723","270620"
"2012-04-18","Orion","1762104","1550703","211401"
"2012-04-19","Orion","1932717","1705165","227552"
"2012-04-20","Orion","1617206","1413212","203994"
"2012-04-21","Orion","1898938","1659874","239064"
"2012-04-22","Orion","1896940","1664549","232391"
"2012-04-23","Orion","2096547","1819516","277031"
"2012-04-24","Orion","1403636","1248392","155244"
"2012-04-25","Orion","2153401","1931884","221517"
"2012-04-26","Orion","2338397","2094419","243978"
"2012-04-27","Orion","1788268","1579727","208541"
"2012-04-28","Orion","1992136","1740397","251739"
"2012-04-29","Orion","1935666","1711054","224612"
"2012-04-30","Orion","2501795","2275645","226150"
"2012-05-01","Orion","2294491","2012603","281888"
"2012-05-02","Orion","1877215","1638839","238376"
"2012-05-03","Orion","2307730","2031813","275917"
"2012-05-04","Orion","1977407","1730889","246518"
"2012-05-05","Orion","2140717","1908536","232181"
"2012-05-06","Orion","2117220","1830592","286628"
"2012-05-07","Orion","2534469","2278551","255918"
"2012-05-08","Orion","1825323","1581363","243960"
"2012-05-09","Orion","1995210","1776149","219061"
"2012-05-10","Orion","2437656","2173369","264287"
"2012-05-11","Orion","1666022","1447880","218142"
"2012-05-12","Orion","2388446","2121825","266621"
"2012-05-13","Orion","2400689","2116760","283929"
"2012-05-14","Orion","2022431","1789917","232514"
"2012-05-15","Orion","2320506","2036232","284274"
"2012-05-16","Orion","2218429","1948189","270240"
"2012-05-17","Orion","2190437","1910860","279577"
"2012-05-18","Orion","1976058","1741534","234524"
"2012-05-19","Orion","2148221","1903790","244431"
"2012-05-20","Orion","2373215","2090295","282920"
"2012-05-21","Orion","2212103","1956572","255531"
"2012-05-22","Orion","2406178","2094950","311228"
"2012-05-23","Orion","2083691","1829380","254311"
"2012-05-24","Orion","2101975","1853879","248096"
"2012-05-25","Orion","1993249","1799533","193716"
"2012-05-26","Orion","1664779","1417829","246950"
"2012-05-27","Orion","1992993","1764483","228510"
"2012-05-28","Orion","2025088","1785753","239335"
"2012-05-29","Orion","1751080","1518407","232673"
"2012-05-30","Orion","2167479","1899215","268264"
"2012-05-31","Orion","1435755","1247232","188523"
"2012-06-01","Orion","677319","598292","79027"
"2012-06-02","Orion","737393","647773","89620"
"2012-06-03","Orion","821947","742928","79019"
"2012-06-04","Orion","759459","668924","90535"
"2012-06-05","Orion","602398","509993","92405"
"2012-06-06","Orion","1197800","1067493","130307"
"2012-06-07","Orion","763287","656282","107005"
"2012-06-08","Orion","734032","648955","85077"
"2012-06-09","Orion","861096","777375","83721"
"2012-06-10","Orion","601441","519663","81778"
"2012-06-11","Orion","1250498","1117220","133278"
"2012-06-12","Orion","734788","650472","84316"
"2012-06-13","Orion","943296","847408","95888"
"2012-06-14","Orion","583501","516360","67141"
"2012-06-15","Orion","791355","702506","88849"
"2012-06-16","Orion","700817","596423","104394"
"2012-06-17","Orion","981305","864275","117030"
"2012-06-18","Orion","1385125","1250403","134722"
"2012-06-19","Orion","793179","685940","107239"
"2012-06-20","Orion","601181","510960","90221"
"2012-06-21","Orion","908963","810856","98107"
"2012-06-22","Orion","1024123","895030","129093"
"2012-06-23","Orion","1181121","1022312","158809"
"2012-06-24","Orion","934962","813601","121361"
"2012-06-25","Orion","660782","579136","81646"
"2012-06-26","Orion","808506","726725","81781"
"2012-06-27","Orion","948717","838749","109968"
"2012-06-28","Orion","680842","590923","89919"
"2012-06-29","Orion","842880","732365","110515"
"2012-06-30","Orion","881513","782145","99368"
"2012-07-01","Orion","854887","770307","84580"
"2012-07-02","Orion","901925","803576","98349"
"2012-07-03","Orion","999217","893859","105358"
"2012-07-04","Orion","926898","806997","119901"
"2012-07-05","Orion","776420","681577","94843"
"2012-07-06","Orion","791189","691825","99364"
"2012-07-07","Orion","928928","822050","106878"
"2012-07-08","Orion","1111370","970253","141117"
"2012-07-09","Orion","1112684","975291","137393"
"2012-07-10","Orion","904078","798766","105312"
"2012-07-11","Orion","781108","668551","112557"
"2012-07-12","Orion","951441","807354","144087"
"2012-07-13","Orion","564297","497560","66737"
"2012-07-14","Orion","992950","867897","125053"
"2012-07-15","Orion","668579","578450","90129"
"2012-07-16","Orion","796901","683592","113309"
"2012-07-17","Orion","1006302","909036","97266"
"2012-07-18","Orion","1167841","1043318","124523"
"2012-07-19","Orion","1005679","900772","104907"
"2012-07-20","Orion","908752","788642","120110"
"2012-07-21","Orion","1033479","889960","143519"
"2012-07-22","Orion","1078240","961275","116965"
"2012-07-23","Orion","727494","633921","93573"
"2012-07-24","Orion","757960","666768","91192"
"2012-07-25","Orion","1174717","1048107","126610"
"2012-07-26","Orion","906117","812244","93873"
"2012-07-27","Orion","994064","885560","108504"
"2012-07-28","Orion","947132","843641","103491"
"2012-07-29","Orion","968631","872095","96536"
"2012-07-30","Orion","710964","632913","78051"
"2012-07-31","Orion","1215816","1087238","128578"
"2012-08-01","Orion","863553","769609","93944"
"2012-08-02","Orion","1093028","969543","123485"
"2012-08-03","Orion","980389","881854","98535"
"2012-08-04","Orion","917465","788628","128837"
"2012-08-05","Orion","908546","814307","94239"
"2012-08-06","Orion","983171","874444","108727"
"2012-08-07","Orion","904644","795044","109600"
"2012-08-08","Orion","687136","592807","94329"
"2012-08-09","Orion","864249","762483","101766"
"2012-08-10","Orion","677481","585447","92034"
"2012-08-11","Orion","914762","797530","117232"
"2012-08-12","Orion","717047","615257","101790"
"2012-08-13","Orion","1094897","965624","129273"
"2012-08-14","Orion","1001310","872185","129125"
"2012-08-15","Orion","668403","577512","90891"
"2012-08-16","Orion","945195","831293","113902"
"2012-08-17","Orion","903614","793628","109986"
"2012-08-18","Orion","1154161","1025808","128353"
"2012-08-19","Orion","1430415","1295189","135226"
"2012-08-20","Orion","782433","687359","95074"
"2012-08-21","Orion","885804","769616","116188"
"2012-08-22","Orion","1286636","1134797","151839"
"2012-08-23","Orion","910643","788062","122581"
"2012-08-24","Orion","1139748","993032","146716"
"2012-08-25","Orion","814299","744442","69857"
"2012-08-26","Orion","618001","523068","94933"
"2012-08-27","Orion","1014524","913204","101320"
"2012-08-28","Orion","858078","758171","99907"
"2012-08-29","Orion","969665","855995","113670"
"2012-08-30","Orion","1098408","983480","114928"
"2012-08-31","Orion","525177","440498","84679"
"2012-09-01","Orion","885261","764489","120772"
"2012-09-02","Orion","1073697","947712","125985"
"2012-09-03","Orion","1284863","1142902","141961"
"2012-09-04","Orion","746805","626883","119922"
"2012-09-05","Orion","1064549","943239","121310"
"2012-09-06","Orion","1167720","988223","179497"
"2012-09-07","Orion","627819","521522","106297"
"2012-09-08","Orion","1007260","899683","107577"
"2012-09-09","Orion","830178","721826","108352"
"2012-09-10","Orion","973026","857925","115101"
"2012-09-11","Orion","884572","781638","102934"
"2012-09-12","Orion","757725","670867","86858"
"2012-09-13","Orion","1053896","936482","117414"
"2012-09-14","Orion","1119385","1002213","117172"
"2012-09-15","Orion","545199","467828","77371"
"2012-09-16","Orion","1170427","1059297","111130"
"2012-09-17","Orion","984340","852316","132024"
"2012-09-18","Orion","888504","759202","129302"
"2012-09-19","Orion","1155779","1028099","127680"
"2012-09-20","Orion","1021053","923569","97484"
"2012-09-21","Orion","585267","504111","81156"
"2012-09-22","Orion","956029","814350","141679"
"2012-09-23","Orion","815284","705643","109641"
"2012-09-24","Orion","1128709","1006834","121875"
"2012-09-25","Orion","949862","838563","111299"
"2012-09-26","Orion","680632","572226","108406"
"2012-09-27","Orion","830313","710764","119549"
"2012-09-28","Orion","874373","761017","113356"
"2012-09-29","Orion","1125100","990326","134774"
"2012-09-30","Orion","804049","708671","95378"
"2012-10-01","Orion","1073804","933678","140126"
"2012-10-02","Orion","950186","821514","128672"
"2012-10-03","Orion","984850","865284","119566"
"2012-10-04","Orion","1013497","890795","122702"
"2012-10-05","Orion","1507619","1328104","179515"
"2012-10-06","Orion","1148395","1002260","146135"
"2012-10-07","Orion","1125217","982890","142327"
"2012-10-08","Orion","1133119","1017473","115646"
"2012-10-09","Orion","1049737","917234","132503"
"2012-10-10","Orion","1087702","967725","119977"
"2012-10-11","Orion","1228017","1068298","159719"
"2012-10-12","Orion","1185550","1030348","155202"
"2012-10-13","Orion","972246","850134","122112"
"2012-10-14","Orion","1055038","907819","147219"
"2012-10-15","Orion","698574","589249","109325"
"2012-10-16","Orion","740699","650813","89886"
"2012-10-17","Orion","839623","731567","108056"
"2012-10-18","Orion","1127065","988819","138246"
"2012-10-19","Orion","1108041","949454","158587"
"2012-10-20","Orion","969196","857716","111480"
"2012-10-21","Orion","1258832","1136849","121983"
"2012-10-22","Orion","1059356","913829","145527"
"2012-10-23","Orion","994191","858127","136064"
"2012-10-24","Orion","970152","844882","125270"
"2012-10-25","Orion","1284450","1147965","136485"
"2012-10-26","Orion","1099702","958854","140848"
"2012-10-27","Orion","884009","796163","87846"
"2012-10-28","Orion","1207591","1054542","153049"
"2012-10-29","Orion","1073633","958190","115443"
"2012-10-30","Orion","874068","746898","127170"
"2012-10-31","Orion","1267377","1109369","158008"
"2012-11-01","Orion","1153015","1003217","149798"
"2012-11-02","Orion","1126329","995320","131009"
"2012-11-03","Orion","1335697","1180388","155309"
"2012-11-04","Orion","1492840","1335702","157138"
"2012-11-05","Orion","1289592","1148444","141148"
"2012-11-06","Orion","984834","873635","111199"
"2012-11-07","Orion","1183710","1029182","154528"
"2012-11-08","Orion","1120062","1007468","112594"
"2012-11-09","Orion","1143539","1033277","110262"
"2012-11-10","Orion","1198944","1060051","138893"
"2012-11-11","Orion","1324947","1189393","135554"
"2012-11-12","Orion","1139169","995304","143865"
"2012-11-13","Orion","1006383","891342","115041"
"2012-11-14","Orion","1200673","1033490","167183"
"2012-11-15","Orion","841052","736216","104836"
"2012-11-16","Orion","713699","594996","118703"
"2012-11-17","Orion","990847","859252","131595"
"2012-11-18","Orion","1151953","1012991","138962"
"2012-11-19","Orion","998767","860229","138538"
"2012-11-20","Orion","897186","784221","112965"
"2012-11-21","Orion","1130804","996494","134310"
"2012-11-22","Orion","992027","857514","134513"
"2012-11-23","Orion","763900","657033","106867"
"2012-11-24","Orion","1286360","1139005","147355"
"2012-11-25","Orion","1097824","957203","140621"
"2012-11-26","Orion","1401231","1265566","135665"
"2012-11-27","Orion","1169676","1035273","134403"
"2012-11-28","Orion","776635","679912","96723"
"2012-11-29","Orion","1224447","1091172","133275"
"2012-11-30","Orion","1100208","969608","130600"
"2012-12-01","Orion","1055463","945246","110217"
"2012-12-02","Orion","1085465","950610","134855"
"2012-12-03","Orion","701770","609611","92159"
"2012-12-04","Orion","1017135","896392","120743"
"2012-12-05","Orion","754109","663610","90499"
"2012-12-06","Orion","1072981","916725","156256"
"2012-12-07","Orion","1130682","995404","135278"
"2012-12-08","Orion","1370933","1217253","153680"
"2012-12-09","Orion","1505236","1347288","157948"
"2012-12-10","Orion","774967","659489","115478"
"2012-12-11","Orion","1127809","993306","134503"
"2012-12-12","Orion","1035168","906795","128373"
"2012-12-13","Orion","1187411","1027440","159971"
"2012-12-14","Orion","1154036","1005917","148119"
"2012-12-15","Orion","964290","847873","116417"
"2012-12-16","Orion","910336","781080","129256"
"2012-12-17","Orion","1348445","1180306","168139"
"2012-12-18","Orion","1270819","1128165","142654"
"2012-12-19","Orion","1186129","1040277","145852"
"2012-12-20","Orion","1029173","903944","125229"
"2012-12-21","Orion","981424","884714","96710"
"2012-12-22","Orion","843382","714207","129175"
"2012-12-23","Orion","1375801","1235283","140518"
"2012-12-24","Orion","1534130","1399387","134743"
"2012-12-25","Orion","845290","743104","102186"
"2012-12-26","Orion","1196035","1036917","159118"
"2012-12-27","Orion","984358","874926","109432"
"2012-12-28","Orion","1026139","906414","119725"
"2012-12-29","Orion","980741","845022","135719"
"2012-12-30","Orion","1589603","1420504","169099"
"2012-12-31","Orion","924535","804533","120002"
"2013-01-01","Orion","619206","525064","94142"
"2013-01-02","Orion","2329512","1992716","336796"
"2013-01-03","Orion","3306268","2896640","409628"
"2013-01-04","Orion","2675457","2286777","388680"
"2013-01-05","Orion","2417756","2087878","329878"
"2013-01-06","Orion","3292325","2891482","400843"
"2013-01-07","Orion","2466590","2143875","322715"
"2013-01-08","Orion","3403349","3004900","398449"
"2013-01-09","Orion","2402282","2107933","294349"
"2013-01-10","Orion","2589707","2250682","339025"
"2013-01-11","Orion","2478551","2146640","331911"
"2013-01-12","Orion","3188920","2798059","390861"
"2013-01-13","Orion","2816641","2435009","381632"
"2013-01-14","Orion","3531526","3093253","438273"
"2013-01-15","Orion","2737679","2416503","321176"
"2013-01-16","Orion","2850980","2482133","368847"
"2013-01-17","Orion","2350235","2029062","321173"
"2013-01-18","Orion","2406677","2079923","326754"
"2013-01-19","Orion","2699827","2359329","340498"
"2013-01-20","Orion","2777084","2410025","367059"
"2013-01-21","Orion","2874424","2465570","408854"
"2013-01-22","Orion","3117446","2711626","405820"
"2013-01-23","Orion","3268129","2854926","413203"
"2013-01-24","Orion","2971051","2602888","368163"
"2013-01-25","Orion","2446388","2141115","305273"
"2013-01-26","Orion","2973496","2625768","347728"
"2013-01-27","Orion","3476639","3085167","391472"
"2013-01-28","Orion","3438551","3047679","390872"
"2013-01-29","Orion","3188179","2776806","411373"
"2013-01-30","Orion","2978107","2659792","318315"
"2013-01-31","Orion","2773028","2406811","366217"
"2013-02-01","Orion","2991556","2574339","417217"
"2013-02-02","Orion","3112969","2669700","443269"
"2013-02-03","Orion","2934789","2539816","394973"
"2013-02-04","Orion","4048992","3566827","482165"
"2013-02-05","Orion","3224749","2836779","387970"
"2013-02-06","Orion","2337751","1954769","382982"
"2013-02-07","Orion","3018763","2625101","393662"
"2013-02-08","Orion","3553029","3168340","384689"
"2013-02-09","Orion","3449806","3064015","385791"
"2013-02-10","Orion","2873236","2492994","380242"
"2013-02-11","Orion","3440652","2991393","449259"
"2013-02-12","Orion","3665779","3207003","458776"
"2013-02-13","Orion","3028509","2609877","418632"
"2013-02-14","Orion","2833170","2427385","405785"
"2013-02-15","Orion","2785335","2414666","370669"
"2013-02-16","Orion","3524726","3055968","468758"
"2013-02-17","Orion","3340840","2871371","469469"
"2013-02-18","Orion","3586021","3138577","447444"
"2013-02-19","Orion","2751075","2351029","400046"
"2013-02-20","Orion","3164112","2722849","441263"
"2013-02-21","Orion","2932610","2545657","386953"
"2013-02-22","Orion","3061635","2634998","426637"
"2013-02-23","Orion","2851807","2501609","350198"
"2013-02-24","Orion","3424259","3009326","414933"
"2013-02-25","Orion","3256230","2848315","407915"
"2013-02-26","Orion","3326256","2930123","396133"
"2013-02-27","Orion","3169760","2765917","403843"
"2013-02-28","Orion","3819846","3335521","484325"
"2013-03-01","Orion","1071002","925514","145488"
"2013-03-02","Orion","2191915","1967197","224718"
"2013-03-03","Orion","3076755","2678910","397845"
"2013-03-04","Orion","2950074","2562754","387320"
"2013-03-05","Orion","4450122","3928369","521753"
"2013-03-06","Orion","3864349","3397603","466746"
"2013-03-07","Orion","3037058","2607242","429816"
"2013-03-08","Orion","3406205","2986413","419792"
"2013-03-09","Orion","3522832","3105781","417051"
"2013-03-10","Orion","2999726","2585859","413867"
"2013-03-11","Orion","3497285","3057168","440117"
"2013-03-12","Orion","2787783","2366199","421584"
"2013-03-13","Orion","3586195","3152984","433211"
"2013-03-14","Orion","3525924","3063063","462861"
"2013-03-15","Orion","3962090","3477056","485034"
"2013-03-16","Orion","2969897","2558182","411715"
"2013-03-17","Orion","3888115","3401659","486456"
"2013-03-18","Orion","3525842","3065838","460004"
"2013-03-19","Orion","3467957","2985890","482067"
"2013-03-20","Orion","3418306","2983438","434868"
"2013-03-21","Orion","3808608","3297970","510638"
"2013-03-22","Orion","3077549","2653265","424284"
"2013-03-23","Orion","2833147","2421748","411399"
"2013-03-24","Orion","4012394","3541057","471337"
"2013-03-25","Orion","3656589","3185039","471550"
"2013-03-26","Orion","3484131","3022800","461331"
"2013-03-27","Orion","3658410","3208167","450243"
"2013-03-28","Orion","3725835","3261483","464352"
"2013-03-29","Orion","3193269","2830847","362422"
"2013-03-30","Orion","3060435","2672043","388392"
"2013-03-31","Orion","3223782","2817266","406516"
"2013-04-01","Orion","2947053","2534532","412521"
"2013-04-02","Orion","3593555","3109555","484000"
"2013-04-03","Orion","3891043","3409435","481608"
"2013-04-04","Orion","3337265","2902863","434402"
"2013-04-05","Orion","4042447","3606805","435642"
"2013-04-06","Orion","3240800","2859592","381208"
"2013-04-07","Orion","3071467","2632519","438948"
"2013-04-08","Orion","3544602","3074319","470283"
"2013-04-09","Orion","3413806","3001465","412341"
"2013-04-10","Orion","3971897","3496213","475684"
"2013-04-11","Orion","3732428","3288240","444188"
"2013-04-12","Orion","3643516","3177696","465820"
"2013-04-13","Orion","3645989","3196221","449768"
"2013-04-14","Orion","3339741","2926182","413559"
"2013-04-15","Orion","3599264","3128176","471088"
"2013-04-16","Orion","3425353","2984413","440940"
"2013-04-17","Orion","3205132","2780601","424531"
"2013-04-18","Orion","3319149","2856822","462327"
"2013-04-19","Orion","3374222","2966272","407950"
"2013-04-20","Orion","3917290","3424185","493105"
"2013-04-21","Orion","3646692","3205688","441004"
"2013-04-22","Orion","3075120","2659112","416008"
"2013-04-23","Orion","3689968","3150049","539919"
"2013-04-24","Orion","3183242","2773162","410080"
"2013-04-25","Orion","3463485","3008601","454884"
"2013-04-26","Orion","4119640","3635087","484553"
"2013-04-27","Orion","3429386","2995477","433909"
"2013-04-28","Orion","3929874","3435545","494329"
"2013-04-29","Orion","3855049","3355390","499659"
"2013-04-30","Orion","3722057","3266609","455448"
"2013-05-01","Orion","1245454","1064166","181288"
"2013-05-02","Orion","3227884","2784993","442891"
"2013-05-03","Orion","2929635","2515560","414075"
"2013-05-04","Orion","3165521","2732561","432960"
"2013-05-05","Orion","3413619","2985360","428259"
"2013-05-06","Orion","3142712","2701228","441484"
"2013-05-07","Orion","3282714","2791073","491641"
"2013-05-08","Orion","3181695","2700974","480721"
"2013-05-09","Orion","3591669","3114943","476726"
"2013-05-10","Orion","2777322","2349325","427997"
"2013-05-11","Orion","3230985","2754909","476076"
"2013-05-12","Orion","3593452","3068771","524681"
"2013-05-13","Orion","3503256","3008622","494634"
"2013-05-14","Orion","2720392","2291383","429009"
"2013-05-15","Orion","3736044","3229267","506777"
"2013-05-16","Orion","3447121","2970235","476886"
"2013-05-17","Orion","2774089","2325588","448501"
"2013-05-18","Orion","2890676","2448397","442279"
"2013-05-19","Orion","3317141","2810050","507091"
"2013-05-20","Orion","3154245","2680805","473440"
"2013-05-21","Orion","3488258","3031798","456460"
"2013-05-22","Orion","2952906","2476700","476206"
"2013-05-23","Orion","3131446","2686739","444707"
"2013-05-24","Orion","2951116","2514611","436505"
"2013-05-25","Orion","3871552","3290042","581510"
"2013-05-26","Orion","3017026","2602969","414057"
"2013-05-27","Orion","3424028","2937574","486454"
"2013-05-28","Orion","3083843","2646799","437044"
"2013-05-29","Orion","3288363","2788643","499720"
"2013-05-30","Orion","3176491","2705388","471103"
"2013-05-31","Orion","2455395","2139529","315866"
"2008-06-01","Overtop","2596","2516","80"
"2008-06-02","Overtop","33236","31378","1858"
"2008-06-03","Overtop","1529","1527","2"
"2008-06-04","Overtop","399","373","26"
"2008-06-05","Overtop","42155","39721","2434"
"2008-06-06","Overtop","16667","15312","1355"
"2008-06-07","Overtop","1607","1552","55"
"2008-06-08","Overtop","24076","23087","989"
"2008-06-09","Overtop","33456","31630","1826"
"2008-06-10","Overtop","8328","7626","702"
"2008-06-11","Overtop","7929","7253","676"
"2008-06-12","Overtop","2088","1905","183"
"2008-06-13","Overtop","24256","23245","1011"
"2008-06-14","Overtop","309","305","4"
"2008-06-15","Overtop","42315","39746","2569"
"2008-06-16","Overtop","27404","25211","2193"
"2008-06-17","Overtop","7929","7253","676"
"2008-06-18","Overtop","5166","5112","54"
"2008-06-19","Overtop","11566","10838","728"
"2008-06-20","Overtop","579","531","48"
"2008-06-21","Overtop","30527","28935","1592"
"2008-06-22","Overtop","10316","9597","719"
"2008-06-23","Overtop","62516","59198","3318"
"2008-06-24","Overtop","10009","9191","818"
"2008-06-25","Overtop","28784","26561","2223"
"2008-06-26","Overtop","9547","8865","682"
"2008-06-27","Overtop","8738","8059","679"
"2008-06-28","Overtop","32306","30535","1771"
"2008-06-29","Overtop","1118","1111","7"
"2008-06-30","Overtop","23798","22751","1047"
"2008-07-01","Overtop","9857","9153","704"
"2008-07-02","Overtop","63095","59729","3366"
"2008-07-03","Overtop","3847","3707","140"
"2008-07-04","Overtop","19447","17818","1629"
"2008-07-05","Overtop","2677","2494","183"
"2008-07-06","Overtop","44977","43127","1850"
"2008-07-07","Overtop","12206","11334","872"
"2008-07-08","Overtop","10326","9483","843"
"2008-07-09","Overtop","10247","9433","814"
"2008-07-10","Overtop","34484","32651","1833"
"2008-07-11","Overtop","2318","2200","118"
"2008-07-12","Overtop","30617","29003","1614"
"2008-07-13","Overtop","11917","10938","979"
"2008-07-14","Overtop","23267","22281","986"
"2008-07-15","Overtop","23716","22793","923"
"2008-07-16","Overtop","579","531","48"
"2008-07-17","Overtop","23818","22904","914"
"2008-07-18","Overtop","46666","44659","2007"
"2008-07-19","Overtop","22215","20525","1690"
"2008-07-20","Overtop","21464","19919","1545"
"2008-07-21","Overtop","2177","2106","71"
"2008-07-22","Overtop","26715","25635","1080"
"2008-07-23","Overtop","3437","3294","143"
"2008-07-24","Overtop","41615","39158","2457"
"2008-07-25","Overtop","27947","25635","2312"
"2008-07-26","Overtop","24245","23185","1060"
"2008-07-27","Overtop","11976","11059","917"
"2008-07-28","Overtop","2318","2180","138"
"2008-07-29","Overtop","11518","10565","953"
"2008-07-30","Overtop","1208","1179","29"
"2008-07-31","Overtop","24252","22392","1860"
"2008-08-01","Overtop","24397","23435","962"
"2008-08-02","Overtop","8907","8157","750"
"2008-08-03","Overtop","45556","43658","1898"
"2008-08-04","Overtop","17875","16491","1384"
"2008-08-05","Overtop","10588","9722","866"
"2008-08-06","Overtop","2088","1905","183"
"2008-08-07","Overtop","8328","7626","702"
"2008-08-08","Overtop","11345","10507","838"
"2008-08-09","Overtop","5035","4849","186"
"2008-08-10","Overtop","2687","2589","98"
"2008-08-11","Overtop","2287","2098","189"
"2008-08-12","Overtop","26156","25237","919"
"2008-08-14","Overtop","54036","51534","2502"
"2008-08-15","Overtop","2276","2173","103"
"2008-08-16","Overtop","10818","9997","821"
"2008-08-17","Overtop","33807","31962","1845"
"2008-08-18","Overtop","32415","30773","1642"
"2008-08-19","Overtop","10037","9311","726"
"2008-08-20","Overtop","1967","1868","99"
"2008-08-21","Overtop","16257","14879","1378"
"2008-08-22","Overtop","19447","17818","1629"
"2008-08-23","Overtop","44578","42754","1824"
"2008-08-24","Overtop","9317","8590","727"
"2008-08-25","Overtop","9438","8627","811"
"2008-08-26","Overtop","12503","11589","914"
"2008-08-27","Overtop","11917","10938","979"
"2008-08-28","Overtop","1529","1527","2"
"2008-08-29","Overtop","7929","7253","676"
"2008-08-30","Overtop","37956","34826","3130"
"2008-08-31","Overtop","66343","62752","3591"
"2008-09-01","Overtop","13836","12765","1071"
"2008-09-02","Overtop","23798","22771","1027"
"2008-09-03","Overtop","2917","2864","53"
"2008-09-04","Overtop","18517","16975","1542"
"2008-09-05","Overtop","31727","30024","1703"
"2008-09-06","Overtop","45603","42863","2740"
"2008-09-07","Overtop","14645","13591","1054"
"2008-09-08","Overtop","22289","21377","912"
"2008-09-09","Overtop","1697","1642","55"
"2008-09-10","Overtop","27485","25309","2176"
"2008-09-11","Overtop","1928","1900","28"
"2008-09-12","Overtop","24627","23710","917"
"2008-09-13","Overtop","2897","2827","70"
"2008-09-14","Overtop","46876","44917","1959"
"2008-09-15","Overtop","579","531","48"
"2008-09-16","Overtop","45204","42470","2734"
"2008-09-17","Overtop","32556","30963","1593"
"2008-09-18","Overtop","809","806","3"
"2008-09-19","Overtop","30218","28630","1588"
"2008-09-20","Overtop","11538","10718","820"
"2008-09-21","Overtop","1509","1394","115"
"2008-09-22","Overtop","10267","9586","681"
"2008-09-23","Overtop","24377","23302","1075"
"2008-09-24","Overtop","24706","23740","966"
"2008-09-25","Overtop","24197","23124","1073"
"2008-09-26","Overtop","12764","11806","958"
"2008-09-27","Overtop","30617","29003","1614"
"2008-09-28","Overtop","789","769","20"
"2008-09-29","Overtop","11995","11079","916"
"2008-09-30","Overtop","41044","38594","2450"
"2008-10-01","Overtop","18005","16643","1362"
"2008-10-02","Overtop","3347","3206","141"
"2008-10-03","Overtop","22868","21908","960"
"2008-10-04","Overtop","399","373","26"
"2008-10-05","Overtop","11917","10938","979"
"2008-10-06","Overtop","18517","16975","1542"
"2008-10-07","Overtop","3147","3139","8"
"2008-10-08","Overtop","1377","1277","100"
"2008-10-09","Overtop","50013","47865","2148"
"2008-10-10","Overtop","3038","2921","117"
"2008-10-11","Overtop","1529","1527","2"
"2008-10-13","Overtop","789","769","20"
"2008-10-14","Overtop","12117","11249","868"
"2008-10-15","Overtop","21547","19909","1638"
"2008-10-16","Overtop","17387","16033","1354"
"2008-10-17","Overtop","14165","13203","962"
"2008-10-18","Overtop","399","373","26"
"2008-10-19","Overtop","3385","3285","100"
"2008-10-21","Overtop","47054","44040","3014"
"2008-10-24","Overtop","12117","11249","868"
"2008-10-25","Overtop","18075","16558","1517"
"2008-10-26","Overtop","11538","10718","820"
"2008-10-27","Overtop","22554","20767","1787"
"2008-10-28","Overtop","579","531","48"
"2008-10-29","Overtop","33135","31494","1641"
"2008-10-30","Overtop","15858","14506","1352"
"2008-10-31","Overtop","4426","4238","188"
"2008-11-01","Overtop","23334","21619","1715"
"2008-11-02","Overtop","24627","23710","917"
"2008-11-03","Overtop","10256","9526","730"
"2008-11-04","Overtop","10009","9191","818"
"2008-11-05","Overtop","4426","4258","168"
"2008-11-06","Overtop","13374","12419","955"
"2008-11-07","Overtop","17938","16444","1494"
"2008-11-09","Overtop","5975","5918","57"
"2008-11-10","Overtop","12375","11644","731"
"2008-11-11","Overtop","12085","11285","800"
"2008-11-12","Overtop","809","806","3"
"2008-11-13","Overtop","8508","7784","724"
"2008-11-14","Overtop","1388","1337","51"
"2008-11-15","Overtop","12307","11334","973"
"2008-11-16","Overtop","53316","50813","2503"
"2008-11-17","Overtop","16437","15037","1400"
"2008-11-18","Overtop","58521","55792","2729"
"2008-11-19","Overtop","8738","8059","679"
"2008-11-20","Overtop","9137","8432","705"
"2008-11-21","Overtop","33807","31962","1845"
"2008-11-22","Overtop","22289","21377","912"
"2008-11-23","Overtop","809","806","3"
"2008-11-24","Overtop","12696","11780","916"
"2008-11-25","Overtop","18196","16839","1357"
"2008-11-26","Overtop","6724","6421","303"
"2008-11-27","Overtop","10009","9191","818"
"2008-11-29","Overtop","23098","22183","915"
"2008-11-30","Overtop","32336","30630","1706"
"2008-12-01","Overtop","8508","7784","724"
"2008-12-02","Overtop","1928","1900","28"
"2008-12-03","Overtop","32556","30963","1593"
"2008-12-05","Overtop","3018","2748","270"
"2008-12-06","Overtop","9117","8395","722"
"2008-12-07","Overtop","3127","2986","141"
"2008-12-08","Overtop","26715","25615","1100"
"2008-12-09","Overtop","8238","7558","680"
"2008-12-10","Overtop","809","806","3"
"2008-12-11","Overtop","33276","31684","1592"
"2008-12-12","Overtop","9458","8780","678"
"2008-12-13","Overtop","33944","32300","1644"
"2008-12-14","Overtop","25574","23469","2105"
"2008-12-15","Overtop","5834","5615","219"
"2008-12-16","Overtop","4125","4043","82"
"2008-12-17","Overtop","399","373","26"
"2008-12-18","Overtop","21374","19735","1639"
"2008-12-19","Overtop","12327","11487","840"
"2008-12-20","Overtop","3226","3169","57"
"2008-12-21","Overtop","1509","1394","115"
"2008-12-22","Overtop","27994","26734","1260"
"2008-12-23","Overtop","36024","34238","1786"
"2008-12-24","Overtop","20135","18587","1548"
"2008-12-25","Overtop","18517","16975","1542"
"2008-12-26","Overtop","7929","7253","676"
"2008-12-27","Overtop","52816","50312","2504"
"2008-12-28","Overtop","10987","10307","680"
"2008-12-29","Overtop","23962","22181","1781"
"2008-12-30","Overtop","399","373","26"
"2008-12-31","Overtop","9238","8447","791"
"2009-01-01","Overtop","18985","17512","1473"
"2009-01-02","Overtop","19826","18169","1657"
"2009-01-03","Overtop","18275","16869","1406"
"2009-01-04","Overtop","7562","7317","245"
"2009-01-05","Overtop","51053","47785","3268"
"2009-01-06","Overtop","27873","26793","1080"
"2009-01-07","Overtop","21413","19684","1729"
"2009-01-08","Overtop","47941","45196","2745"
"2009-01-09","Overtop","28983","26623","2360"
"2009-01-10","Overtop","15351","14193","1158"
"2009-01-11","Overtop","5814","5691","123"
"2009-01-12","Overtop","13993","13044","949"
"2009-01-13","Overtop","3476","3242","234"
"2009-01-14","Overtop","28193","25884","2309"
"2009-01-15","Overtop","30285","27968","2317"
"2009-01-16","Overtop","36052","34358","1694"
"2009-01-17","Overtop","26945","25890","1055"
"2009-01-18","Overtop","84576","79708","4868"
"2009-01-19","Overtop","4034","3857","177"
"2009-01-20","Overtop","24366","22290","2076"
"2009-01-21","Overtop","61554","58371","3183"
"2009-01-22","Overtop","4595","4356","239"
"2009-01-23","Overtop","45421","42841","2580"
"2009-01-24","Overtop","31364","28796","2568"
"2009-01-25","Overtop","28784","26561","2223"
"2009-01-26","Overtop","21535","19723","1812"
"2009-01-27","Overtop","62217","57407","4810"
"2009-01-28","Overtop","35453","33674","1779"
"2009-01-29","Overtop","27634","25582","2052"
"2009-01-30","Overtop","24385","23392","993"
"2009-01-31","Overtop","20823","19344","1479"
"2009-02-01","Overtop","33764","32142","1622"
"2009-02-02","Overtop","4415","4178","237"
"2009-02-03","Overtop","12774","12017","757"
"2009-02-04","Overtop","54889","51664","3225"
"2009-02-05","Overtop","38483","36628","1855"
"2009-02-06","Overtop","27954","26783","1171"
"2009-02-07","Overtop","11556","10647","909"
"2009-02-08","Overtop","36360","34658","1702"
"2009-02-09","Overtop","14415","13296","1119"
"2009-02-10","Overtop","54682","51403","3279"
"2009-02-11","Overtop","19794","18414","1380"
"2009-02-12","Overtop","26144","24970","1174"
"2009-02-13","Overtop","30797","29161","1636"
"2009-02-14","Overtop","21535","19743","1792"
"2009-02-15","Overtop","15744","14739","1005"
"2009-02-16","Overtop","23098","22183","915"
"2009-02-17","Overtop","42624","40051","2573"
"2009-02-18","Overtop","13136","12197","939"
"2009-02-19","Overtop","12195","11274","921"
"2009-02-20","Overtop","65233","61771","3462"
"2009-02-21","Overtop","26156","25237","919"
"2009-02-22","Overtop","12906","11902","1004"
"2009-02-23","Overtop","10475","9652","823"
"2009-02-24","Overtop","14372","13476","896"
"2009-02-25","Overtop","38492","36701","1791"
"2009-02-26","Overtop","13305","12487","818"
"2009-02-27","Overtop","32056","30462","1594"
"2009-02-28","Overtop","24236","23208","1028"
"2009-03-01","Overtop","34601","32856","1745"
"2009-03-02","Overtop","9857","9153","704"
"2009-03-03","Overtop","12564","11626","938"
"2009-03-04","Overtop","62321","58297","4024"
"2009-03-05","Overtop","33107","31374","1733"
"2009-03-06","Overtop","12006","11139","867"
"2009-03-07","Overtop","54325","50134","4191"
"2009-03-08","Overtop","23078","22146","932"
"2009-03-09","Overtop","39510","37523","1987"
"2009-03-10","Overtop","32694","30029","2665"
"2009-03-11","Overtop","37252","34394","2858"
"2009-03-12","Overtop","12874","11958","916"
"2009-03-13","Overtop","30610","29383","1227"
"2009-03-14","Overtop","58852","55976","2876"
"2009-03-15","Overtop","12355","11491","864"
"2009-03-16","Overtop","13543","12653","890"
"2009-03-17","Overtop","33345","31616","1729"
"2009-03-18","Overtop","4285","3955","330"
"2009-03-19","Overtop","13156","12330","826"
"2009-03-20","Overtop","66930","63393","3537"
"2009-03-21","Overtop","13224","12512","712"
"2009-03-22","Overtop","48242","45391","2851"
"2009-03-23","Overtop","1529","1527","2"
"2009-03-24","Overtop","47464","44473","2991"
"2009-03-25","Overtop","36373","34605","1768"
"2009-03-26","Overtop","35272","33430","1842"
"2009-03-27","Overtop","57645","54999","2646"
"2009-03-28","Overtop","52578","50528","2050"
"2009-03-29","Overtop","22212","20452","1760"
"2009-03-30","Overtop","32725","31061","1664"
"2009-03-31","Overtop","6873","6681","192"
"2009-04-01","Overtop","4825","4611","214"
"2009-04-02","Overtop","21555","19876","1679"
"2009-04-03","Overtop","69996","66646","3350"
"2009-04-04","Overtop","19404","18018","1386"
"2009-04-05","Overtop","29491","28289","1202"
"2009-04-06","Overtop","20345","18825","1520"
"2009-04-07","Overtop","4495","4286","209"
"2009-04-08","Overtop","73001","68893","4108"
"2009-04-09","Overtop","5713","5447","266"
"2009-04-10","Overtop","93422","89741","3681"
"2009-04-11","Overtop","19536","18019","1517"
"2009-04-12","Overtop","10009","9191","818"
"2009-04-13","Overtop","34444","32688","1756"
"2009-04-14","Overtop","23907","22989","918"
"2009-04-15","Overtop","20752","19281","1471"
"2009-04-16","Overtop","21375","19718","1657"
"2009-04-17","Overtop","50612","48549","2063"
"2009-04-18","Overtop","25186","24108","1078"
"2009-04-19","Overtop","11776","10960","816"
"2009-04-20","Overtop","27504","26404","1100"
"2009-04-21","Overtop","4226","4043","183"
"2009-04-22","Overtop","57493","54961","2532"
"2009-04-23","Overtop","128840","121245","7595"
"2009-04-24","Overtop","28752","27753","999"
"2009-04-25","Overtop","26445","25409","1036"
"2009-04-26","Overtop","51968","48852","3116"
"2009-04-27","Overtop","25436","24516","920"
"2009-04-28","Overtop","31196","29534","1662"
"2009-04-29","Overtop","1388","1337","51"
"2009-04-30","Overtop","36814","33698","3116"
"2009-05-01","Overtop","48195","46206","1989"
"2009-05-02","Overtop","7553","7264","289"
"2009-05-03","Overtop","66250","62951","3299"
"2009-05-04","Overtop","14673","13814","859"
"2009-05-05","Overtop","4093","3963","130"
"2009-05-06","Overtop","45932","43158","2774"
"2009-05-07","Overtop","21715","20024","1691"
"2009-05-08","Overtop","21065","19430","1635"
"2009-05-09","Overtop","40873","38551","2322"
"2009-05-10","Overtop","5964","5858","106"
"2009-05-11","Overtop","47342","44608","2734"
"2009-05-12","Overtop","9716","8963","753"
"2009-05-13","Overtop","5834","5728","106"
"2009-05-14","Overtop","23052","21451","1601"
"2009-05-15","Overtop","31013","28444","2569"
"2009-05-16","Overtop","10987","10307","680"
"2009-05-17","Overtop","37612","35642","1970"
"2009-05-18","Overtop","14915","13664","1251"
"2009-05-19","Overtop","10615","9724","891"
"2009-05-20","Overtop","34790","32236","2554"
"2009-05-21","Overtop","72201","69358","2843"
"2009-05-22","Overtop","41615","39158","2457"
"2009-05-23","Overtop","48284","46387","1897"
"2009-05-24","Overtop","25453","24364","1089"
"2009-05-25","Overtop","39441","37379","2062"
"2009-05-26","Overtop","64283","60987","3296"
"2009-05-27","Overtop","12823","12028","795"
"2009-05-28","Overtop","23873","22096","1777"
"2009-05-29","Overtop","36392","33466","2926"
"2009-05-30","Overtop","19673","18261","1412"
"2009-05-31","Overtop","26153","24000","2153"
"2009-06-01","Overtop","33675","32057","1618"
"2009-06-02","Overtop","70683","66713","3970"
"2009-06-03","Overtop","40454","38023","2431"
"2009-06-04","Overtop","23396","22428","968"
"2009-06-05","Overtop","19225","17865","1360"
"2009-06-06","Overtop","66511","62983","3528"
"2009-06-07","Overtop","35098","32529","2569"
"2009-06-08","Overtop","69191","65492","3699"
"2009-06-09","Overtop","41603","39088","2515"
"2009-06-10","Overtop","58083","55340","2743"
"2009-06-11","Overtop","36032","34225","1807"
"2009-06-12","Overtop","35293","33669","1624"
"2009-06-13","Overtop","16769","15802","967"
"2009-06-14","Overtop","35508","32846","2662"
"2009-06-15","Overtop","67081","62995","4086"
"2009-06-16","Overtop","14404","13468","936"
"2009-06-17","Overtop","1388","1337","51"
"2009-06-18","Overtop","28623","27362","1261"
"2009-06-19","Overtop","65754","62198","3556"
"2009-06-20","Overtop","15042","14080","962"
"2009-06-21","Overtop","37721","34798","2923"
"2009-06-22","Overtop","40048","37914","2134"
"2009-06-23","Overtop","62149","58330","3819"
"2009-06-24","Overtop","33149","30622","2527"
"2009-06-25","Overtop","70571","67054","3517"
"2009-06-26","Overtop","47398","44520","2878"
"2009-06-27","Overtop","75717","71518","4199"
"2009-06-28","Overtop","20655","19017","1638"
"2009-06-29","Overtop","58051","55472","2579"
"2009-06-30","Overtop","25043","23304","1739"
"2009-07-01","Overtop","34894","33084","1810"
"2009-07-02","Overtop","14814","13861","953"
"2009-07-03","Overtop","16182","14984","1198"
"2009-07-04","Overtop","14493","13533","960"
"2009-07-05","Overtop","4035","3862","173"
"2009-07-06","Overtop","79289","75076","4213"
"2009-07-07","Overtop","82811","79050","3761"
"2009-07-08","Overtop","20984","19312","1672"
"2009-07-09","Overtop","48129","45321","2808"
"2009-07-10","Overtop","46624","44652","1972"
"2009-07-11","Overtop","55553","53018","2535"
"2009-07-12","Overtop","28262","26028","2234"
"2009-07-13","Overtop","28103","26952","1151"
"2009-07-14","Overtop","22511","20982","1529"
"2009-07-15","Overtop","36623","34910","1713"
"2009-07-16","Overtop","26380","24507","1873"
"2009-07-17","Overtop","10576","9891","685"
"2009-07-18","Overtop","49633","47660","1973"
"2009-07-19","Overtop","41831","38673","3158"
"2009-07-20","Overtop","51871","48684","3187"
"2009-07-21","Overtop","45651","43116","2535"
"2009-07-22","Overtop","68109","64591","3518"
"2009-07-23","Overtop","20534","18960","1574"
"2009-07-24","Overtop","52988","48816","4172"
"2009-07-25","Overtop","91888","87174","4714"
"2009-07-26","Overtop","42137","38897","3240"
"2009-07-27","Overtop","12355","11607","748"
"2009-07-28","Overtop","20163","18707","1456"
"2009-07-29","Overtop","102368","97622","4746"
"2009-07-30","Overtop","45713","41888","3825"
"2009-07-31","Overtop","51501","48285","3216"
"2009-08-01","Overtop","50543","48481","2062"
"2009-08-02","Overtop","46882","44174","2708"
"2009-08-03","Overtop","26394","25383","1011"
"2009-08-04","Overtop","35384","33530","1854"
"2009-08-05","Overtop","13095","12365","730"
"2009-08-06","Overtop","20534","19172","1362"
"2009-08-07","Overtop","23846","22812","1034"
"2009-08-08","Overtop","19263","17828","1435"
"2009-08-09","Overtop","48141","46136","2005"
"2009-08-10","Overtop","36213","33313","2900"
"2009-08-11","Overtop","29778","27853","1925"
"2009-08-12","Overtop","35513","33889","1624"
"2009-08-13","Overtop","42596","40372","2224"
"2009-08-14","Overtop","52602","49465","3137"
"2009-08-15","Overtop","3437","3274","163"
"2009-08-16","Overtop","23942","22104","1838"
"2009-08-17","Overtop","5005","4769","236"
"2009-08-18","Overtop","57683","53902","3781"
"2009-08-19","Overtop","27389","25420","1969"
"2009-08-20","Overtop","37229","35440","1789"
"2009-08-21","Overtop","45442","42828","2614"
"2009-08-22","Overtop","28261","26058","2203"
"2009-08-23","Overtop","3867","3860","7"
"2009-08-24","Overtop","59781","56965","2816"
"2009-08-25","Overtop","28244","27142","1102"
"2009-08-26","Overtop","46755","44860","1895"
"2009-08-27","Overtop","42416","40307","2109"
"2009-08-28","Overtop","13544","12665","879"
"2009-08-29","Overtop","51283","48060","3223"
"2009-08-30","Overtop","58951","55077","3874"
"2009-08-31","Overtop","30631","29257","1374"
"2009-09-01","Overtop","15534","14390","1144"
"2009-09-02","Overtop","78500","74307","4193"
"2009-09-03","Overtop","51882","48744","3138"
"2009-09-04","Overtop","37128","34357","2771"
"2009-09-05","Overtop","55319","52018","3301"
"2009-09-06","Overtop","29143","26956","2187"
"2009-09-07","Overtop","26813","24617","2196"
"2009-09-08","Overtop","90276","83919","6357"
"2009-09-09","Overtop","98179","93110","5069"
"2009-09-10","Overtop","19725","18154","1571"
"2009-09-11","Overtop","9876","9084","792"
"2009-09-12","Overtop","36451","34618","1833"
"2009-09-13","Overtop","37063","35319","1744"
"2009-09-14","Overtop","14455","13582","873"
"2009-09-15","Overtop","75708","71411","4297"
"2009-09-16","Overtop","17521","16391","1130"
"2009-09-17","Overtop","4016","3805","211"
"2009-09-18","Overtop","17460","16302","1158"
"2009-09-19","Overtop","49793","47761","2032"
"2009-09-20","Overtop","78167","73889","4278"
"2009-09-21","Overtop","30313","27876","2437"
"2009-09-22","Overtop","3665","3493","172"
"2009-09-23","Overtop","72342","67206","5136"
"2009-09-24","Overtop","64861","61427","3434"
"2009-09-25","Overtop","70379","65566","4813"
"2009-09-26","Overtop","67428","63300","4128"
"2009-09-27","Overtop","88430","84117","4313"
"2009-09-28","Overtop","45270","42657","2613"
"2009-09-29","Overtop","70427","65839","4588"
"2009-09-30","Overtop","57000","53583","3417"
"2009-10-01","Overtop","17875","16491","1384"
"2009-10-02","Overtop","64921","60869","4052"
"2009-10-03","Overtop","52227","48283","3944"
"2009-10-04","Overtop","27352","26373","979"
"2009-10-05","Overtop","20874","19350","1524"
"2009-10-06","Overtop","31426","29809","1617"
"2009-10-07","Overtop","75926","72017","3909"
"2009-10-08","Overtop","29210","28003","1207"
"2009-10-09","Overtop","14463","13569","894"
"2009-10-10","Overtop","50341","47147","3194"
"2009-10-11","Overtop","33179","30838","2341"
"2009-10-12","Overtop","94983","89242","5741"
"2009-10-13","Overtop","61559","58602","2957"
"2009-10-14","Overtop","46870","44355","2515"
"2009-10-15","Overtop","34441","31788","2653"
"2009-10-16","Overtop","27003","25893","1110"
"2009-10-17","Overtop","30521","28154","2367"
"2009-10-18","Overtop","18667","17622","1045"
"2009-10-19","Overtop","55943","53298","2645"
"2009-10-20","Overtop","45931","42128","3803"
"2009-10-21","Overtop","36693","34936","1757"
"2009-10-22","Overtop","45924","43211","2713"
"2009-10-23","Overtop","51730","48494","3236"
"2009-10-24","Overtop","27864","26804","1060"
"2009-10-25","Overtop","28623","26334","2289"
"2009-10-26","Overtop","68537","63890","4647"
"2009-10-27","Overtop","53501","49067","4434"
"2009-10-28","Overtop","36410","34674","1736"
"2009-10-29","Overtop","2366","2241","125"
"2009-10-30","Overtop","46667","43152","3515"
"2009-10-31","Overtop","80225","74871","5354"
"2009-11-01","Overtop","73530","70594","2936"
"2009-11-02","Overtop","41008","37809","3199"
"2009-11-03","Overtop","20933","19545","1388"
"2009-11-04","Overtop","30382","29184","1198"
"2009-11-05","Overtop","44352","41864","2488"
"2009-11-06","Overtop","50598","47756","2842"
"2009-11-07","Overtop","47221","44667","2554"
"2009-11-08","Overtop","77439","73105","4334"
"2009-11-09","Overtop","18813","17321","1492"
"2009-11-10","Overtop","38013","35867","2146"
"2009-11-11","Overtop","10267","9586","681"
"2009-11-12","Overtop","19564","18023","1541"
"2009-11-13","Overtop","36532","34721","1811"
"2009-11-14","Overtop","69753","65850","3903"
"2009-11-15","Overtop","28784","26561","2223"
"2009-11-16","Overtop","39141","37169","1972"
"2009-11-17","Overtop","85894","80121","5773"
"2009-11-18","Overtop","90520","86110","4410"
"2009-11-19","Overtop","5963","5636","327"
"2009-11-20","Overtop","22520","20944","1576"
"2009-11-21","Overtop","48251","45696","2555"
"2009-11-22","Overtop","57610","54954","2656"
"2009-11-23","Overtop","67478","63739","3739"
"2009-11-24","Overtop","66151","62559","3592"
"2009-11-25","Overtop","73029","68917","4112"
"2009-11-26","Overtop","13384","12517","867"
"2009-11-27","Overtop","58204","55377","2827"
"2009-11-28","Overtop","30889","28609","2280"
"2009-11-29","Overtop","71950","67993","3957"
"2009-11-30","Overtop","45841","42992","2849"
"2009-12-01","Overtop","10994","10195","799"
"2009-12-02","Overtop","86487","81644","4843"
"2009-12-03","Overtop","54892","51525","3367"
"2009-12-04","Overtop","44510","41275","3235"
"2009-12-05","Overtop","57479","52825","4654"
"2009-12-06","Overtop","18904","17293","1611"
"2009-12-07","Overtop","21555","19896","1659"
"2009-12-08","Overtop","73572","69553","4019"
"2009-12-09","Overtop","49274","46185","3089"
"2009-12-10","Overtop","39671","37765","1906"
"2009-12-11","Overtop","53051","50786","2265"
"2009-12-12","Overtop","14624","13680","944"
"2009-12-13","Overtop","38101","35151","2950"
"2009-12-14","Overtop","13133","12104","1029"
"2009-12-15","Overtop","41570","38520","3050"
"2009-12-16","Overtop","6482","6191","291"
"2009-12-17","Overtop","57452","54712","2740"
"2009-12-18","Overtop","6792","6595","197"
"2009-12-19","Overtop","34589","32152","2437"
"2009-12-20","Overtop","21742","20351","1391"
"2009-12-21","Overtop","58388","54920","3468"
"2009-12-22","Overtop","91244","87433","3811"
"2009-12-23","Overtop","43374","40960","2414"
"2009-12-24","Overtop","47392","44484","2908"
"2009-12-25","Overtop","37120","34174","2946"
"2009-12-26","Overtop","54497","51179","3318"
"2009-12-27","Overtop","42452","40084","2368"
"2009-12-28","Overtop","29382","28187","1195"
"2009-12-29","Overtop","44522","42028","2494"
"2009-12-30","Overtop","82881","78060","4821"
"2009-12-31","Overtop","49162","46098","3064"
"2010-01-01","Overtop","85127","80427","4700"
"2010-01-02","Overtop","56026","52126","3900"
"2010-01-03","Overtop","92503","87278","5225"
"2010-01-04","Overtop","54594","51246","3348"
"2010-01-05","Overtop","31619","30256","1363"
"2010-01-06","Overtop","44328","41879","2449"
"2010-01-07","Overtop","38930","37042","1888"
"2010-01-08","Overtop","25949","24165","1784"
"2010-01-09","Overtop","90424","85133","5291"
"2010-01-10","Overtop","83159","78337","4822"
"2010-01-11","Overtop","60326","56437","3889"
"2010-01-12","Overtop","99897","94888","5009"
"2010-01-13","Overtop","66989","62548","4441"
"2010-01-14","Overtop","54756","52523","2233"
"2010-01-15","Overtop","69570","65944","3626"
"2010-01-16","Overtop","67876","64338","3538"
"2010-01-17","Overtop","92266","86620","5646"
"2010-01-18","Overtop","66524","62318","4206"
"2010-01-19","Overtop","59878","55335","4543"
"2010-01-20","Overtop","48860","45027","3833"
"2010-01-21","Overtop","17840","16643","1197"
"2010-01-22","Overtop","71293","68389","2904"
"2010-01-23","Overtop","57387","54029","3358"
"2010-01-24","Overtop","46288","42688","3600"
"2010-01-25","Overtop","58079","54502","3577"
"2010-01-26","Overtop","31159","30018","1141"
"2010-01-27","Overtop","76677","71391","5286"
"2010-01-28","Overtop","32295","30213","2082"
"2010-01-29","Overtop","55878","52628","3250"
"2010-01-30","Overtop","65996","61941","4055"
"2010-01-31","Overtop","79335","75110","4225"
"2010-02-01","Overtop","80192","76559","3633"
"2010-02-02","Overtop","29101","26732","2369"
"2010-02-03","Overtop","65632","60607","5025"
"2010-02-04","Overtop","58470","55068","3402"
"2010-02-05","Overtop","59212","55429","3783"
"2010-02-06","Overtop","43957","40408","3549"
"2010-02-07","Overtop","88890","84524","4366"
"2010-02-08","Overtop","40907","39049","1858"
"2010-02-09","Overtop","30470","28355","2115"
"2010-02-10","Overtop","106061","99722","6339"
"2010-02-11","Overtop","63198","60106","3092"
"2010-02-12","Overtop","69722","65515","4207"
"2010-02-13","Overtop","63808","59563","4245"
"2010-02-14","Overtop","15474","14626","848"
"2010-02-15","Overtop","51406","48358","3048"
"2010-02-16","Overtop","71631","67633","3998"
"2010-02-17","Overtop","23304","22128","1176"
"2010-02-18","Overtop","70547","66825","3722"
"2010-02-19","Overtop","134438","128235","6203"
"2010-02-20","Overtop","70144","66198","3946"
"2010-02-21","Overtop","37509","35630","1879"
"2010-02-22","Overtop","33249","31931","1318"
"2010-02-23","Overtop","61550","57875","3675"
"2010-02-24","Overtop","73636","68813","4823"
"2010-02-25","Overtop","48379","45729","2650"
"2010-02-26","Overtop","91162","85899","5263"
"2010-02-27","Overtop","49278","46495","2783"
"2010-02-28","Overtop","89257","84339","4918"
"2010-03-01","Overtop","23251","21629","1622"
"2010-03-02","Overtop","58700","55822","2878"
"2010-03-03","Overtop","54851","51501","3350"
"2010-03-04","Overtop","29229","27369","1860"
"2010-03-05","Overtop","61778","58913","2865"
"2010-03-06","Overtop","65917","62010","3907"
"2010-03-07","Overtop","57340","52807","4533"
"2010-03-08","Overtop","45451","42825","2626"
"2010-03-09","Overtop","42335","39879","2456"
"2010-03-10","Overtop","102584","97381","5203"
"2010-03-11","Overtop","35594","33672","1922"
"2010-03-12","Overtop","73895","70258","3637"
"2010-03-13","Overtop","81876","77295","4581"
"2010-03-14","Overtop","26489","24257","2232"
"2010-03-15","Overtop","86570","81750","4820"
"2010-03-16","Overtop","76404","72031","4373"
"2010-03-17","Overtop","37232","35181","2051"
"2010-03-18","Overtop","52961","49552","3409"
"2010-03-19","Overtop","65620","62089","3531"
"2010-03-20","Overtop","75439","71180","4259"
"2010-03-21","Overtop","38938","36765","2173"
"2010-03-22","Overtop","29656","27569","2087"
"2010-03-23","Overtop","78569","74239","4330"
"2010-03-24","Overtop","40689","39056","1633"
"2010-03-25","Overtop","56711","54080","2631"
"2010-03-26","Overtop","46551","43827","2724"
"2010-03-27","Overtop","25966","24353","1613"
"2010-03-28","Overtop","98272","92739","5533"
"2010-03-29","Overtop","45970","43476","2494"
"2010-03-30","Overtop","69184","64726","4458"
"2010-03-31","Overtop","48339","45579","2760"
"2010-04-01","Overtop","62404","58536","3868"
"2010-04-02","Overtop","31187","30042","1145"
"2010-04-03","Overtop","88799","84311","4488"
"2010-04-04","Overtop","53161","49843","3318"
"2010-04-05","Overtop","51839","48476","3363"
"2010-04-06","Overtop","19738","18675","1063"
"2010-04-07","Overtop","33018","30495","2523"
"2010-04-08","Overtop","49005","46284","2721"
"2010-04-09","Overtop","64971","61623","3348"
"2010-04-10","Overtop","81705","77338","4367"
"2010-04-11","Overtop","83199","78431","4768"
"2010-04-12","Overtop","21472","19810","1662"
"2010-04-13","Overtop","6423","6206","217"
"2010-04-14","Overtop","13813","12670","1143"
"2010-04-15","Overtop","60461","56933","3528"
"2010-04-16","Overtop","120325","114236","6089"
"2010-04-17","Overtop","40688","38622","2066"
"2010-04-18","Overtop","41499","39300","2199"
"2010-04-19","Overtop","52875","50169","2706"
"2010-04-20","Overtop","80755","76066","4689"
"2010-04-21","Overtop","22841","21292","1549"
"2010-04-22","Overtop","41076","38276","2800"
"2010-04-23","Overtop","35048","32651","2397"
"2010-04-24","Overtop","85090","81297","3793"
"2010-04-25","Overtop","37901","35072","2829"
"2010-04-26","Overtop","91029","84830","6199"
"2010-04-27","Overtop","57094","53897","3197"
"2010-04-28","Overtop","48426","45773","2653"
"2010-04-29","Overtop","58354","54143","4211"
"2010-04-30","Overtop","29831","28657","1174"
"2010-05-01","Overtop","41693","39395","2298"
"2010-05-02","Overtop","99975","94913","5062"
"2010-05-03","Overtop","99094","94061","5033"
"2010-05-04","Overtop","38978","35927","3051"
"2010-05-05","Overtop","24070","22417","1653"
"2010-05-06","Overtop","22763","21075","1688"
"2010-05-07","Overtop","68505","63100","5405"
"2010-05-08","Overtop","56257","53080","3177"
"2010-05-09","Overtop","59678","54928","4750"
"2010-05-10","Overtop","32257","29730","2527"
"2010-05-11","Overtop","70907","66414","4493"
"2010-05-12","Overtop","47659","45028","2631"
"2010-05-13","Overtop","74864","70885","3979"
"2010-05-14","Overtop","80089","74811","5278"
"2010-05-15","Overtop","77518","73231","4287"
"2010-05-16","Overtop","49827","47158","2669"
"2010-05-17","Overtop","58727","55005","3722"
"2010-05-18","Overtop","30279","27836","2443"
"2010-05-19","Overtop","61445","57540","3905"
"2010-05-20","Overtop","24781","23065","1716"
"2010-05-21","Overtop","26150","24355","1795"
"2010-05-22","Overtop","29332","27091","2241"
"2010-05-23","Overtop","27350","25656","1694"
"2010-05-24","Overtop","37074","34682","2392"
"2010-05-25","Overtop","25903","24693","1210"
"2010-05-26","Overtop","69966","66415","3551"
"2010-05-27","Overtop","69839","66147","3692"
"2010-05-28","Overtop","73474","69860","3614"
"2010-05-29","Overtop","24390","23112","1278"
"2010-05-30","Overtop","39748","36452","3296"
"2010-05-31","Overtop","56607","54464","2143"
"2010-06-01","Overtop","43836","41424","2412"
"2010-06-02","Overtop","127085","120179","6906"
"2010-06-03","Overtop","50103","47506","2597"
"2010-06-04","Overtop","141266","134150","7116"
"2010-06-05","Overtop","120319","113537","6782"
"2010-06-06","Overtop","96325","90895","5430"
"2010-06-07","Overtop","117880","110389","7491"
"2010-06-08","Overtop","162031","153008","9023"
"2010-06-09","Overtop","130676","122359","8317"
"2010-06-10","Overtop","41597","39498","2099"
"2010-06-11","Overtop","172393","164139","8254"
"2010-06-12","Overtop","107159","100005","7154"
"2010-06-13","Overtop","137453","129605","7848"
"2010-06-14","Overtop","106476","101023","5453"
"2010-06-15","Overtop","91942","86992","4950"
"2010-06-16","Overtop","50016","47862","2154"
"2010-06-17","Overtop","109674","104393","5281"
"2010-06-18","Overtop","53960","50583","3377"
"2010-06-19","Overtop","95321","87990","7331"
"2010-06-20","Overtop","77843","73618","4225"
"2010-06-21","Overtop","117324","111158","6166"
"2010-06-22","Overtop","142482","134076","8406"
"2010-06-23","Overtop","68596","64405","4191"
"2010-06-24","Overtop","59169","54542","4627"
"2010-06-25","Overtop","63041","58312","4729"
"2010-06-26","Overtop","106873","99522","7351"
"2010-06-27","Overtop","61779","58439","3340"
"2010-06-28","Overtop","116577","110617","5960"
"2010-06-29","Overtop","80394","75496","4898"
"2010-06-30","Overtop","41896","38795","3101"
"2010-07-01","Overtop","79312","75420","3892"
"2010-07-02","Overtop","74798","69137","5661"
"2010-07-03","Overtop","170451","160987","9464"
"2010-07-04","Overtop","56729","53641","3088"
"2010-07-05","Overtop","115403","109772","5631"
"2010-07-06","Overtop","49312","45771","3541"
"2010-07-07","Overtop","68891","64801","4090"
"2010-07-08","Overtop","60000","55769","4231"
"2010-07-09","Overtop","90959","85608","5351"
"2010-07-10","Overtop","108037","99994","8043"
"2010-07-11","Overtop","84710","79250","5460"
"2010-07-12","Overtop","178587","169413","9174"
"2010-07-13","Overtop","94316","89156","5160"
"2010-07-14","Overtop","126066","117044","9022"
"2010-07-15","Overtop","158479","150341","8138"
"2010-07-16","Overtop","114182","108900","5282"
"2010-07-17","Overtop","162865","152967","9898"
"2010-07-18","Overtop","114019","106969","7050"
"2010-07-19","Overtop","143895","134120","9775"
"2010-07-20","Overtop","106423","100786","5637"
"2010-07-21","Overtop","71011","66889","4122"
"2010-07-22","Overtop","137146","128141","9005"
"2010-07-23","Overtop","80270","75469","4801"
"2010-07-24","Overtop","45822","42741","3081"
"2010-07-25","Overtop","48218","44504","3714"
"2010-07-26","Overtop","52258","48853","3405"
"2010-07-27","Overtop","103390","97364","6026"
"2010-07-28","Overtop","119205","111845","7360"
"2010-07-29","Overtop","130602","124849","5753"
"2010-07-30","Overtop","186055","176511","9544"
"2010-07-31","Overtop","79286","75372","3914"
"2010-08-01","Overtop","108686","103103","5583"
"2010-08-02","Overtop","85181","79631","5550"
"2010-08-03","Overtop","145031","136499","8532"
"2010-08-04","Overtop","109753","102675","7078"
"2010-08-05","Overtop","91629","84764","6865"
"2010-08-06","Overtop","127057","119127","7930"
"2010-08-07","Overtop","139065","131225","7840"
"2010-08-08","Overtop","122970","117047","5923"
"2010-08-09","Overtop","59340","55213","4127"
"2010-08-10","Overtop","66548","62495","4053"
"2010-08-11","Overtop","136570","128416","8154"
"2010-08-12","Overtop","93548","87616","5932"
"2010-08-13","Overtop","75850","72056","3794"
"2010-08-14","Overtop","197874","187515","10359"
"2010-08-15","Overtop","51208","47603","3605"
"2010-08-16","Overtop","85499","79701","5798"
"2010-08-17","Overtop","77236","73201","4035"
"2010-08-18","Overtop","125705","117788","7917"
"2010-08-19","Overtop","90878","85741","5137"
"2010-08-20","Overtop","188824","178478","10346"
"2010-08-21","Overtop","88474","81788","6686"
"2010-08-22","Overtop","112384","105608","6776"
"2010-08-23","Overtop","92164","86891","5273"
"2010-08-24","Overtop","98571","93863","4708"
"2010-08-25","Overtop","86559","81862","4697"
"2010-08-26","Overtop","88371","82632","5739"
"2010-08-27","Overtop","123699","116615","7084"
"2010-08-28","Overtop","60972","57157","3815"
"2010-08-29","Overtop","126494","118338","8156"
"2010-08-30","Overtop","104307","99047","5260"
"2010-08-31","Overtop","141784","134271","7513"
"2010-09-01","Overtop","62819","58110","4709"
"2010-09-02","Overtop","63949","59266","4683"
"2010-09-03","Overtop","156974","148262","8712"
"2010-09-04","Overtop","26634","25343","1291"
"2010-09-05","Overtop","158224","149463","8761"
"2010-09-06","Overtop","94251","88634","5617"
"2010-09-07","Overtop","217214","205996","11218"
"2010-09-08","Overtop","160166","151007","9159"
"2010-09-09","Overtop","145716","138003","7713"
"2010-09-10","Overtop","105289","98713","6576"
"2010-09-11","Overtop","58917","56135","2782"
"2010-09-12","Overtop","77592","74131","3461"
"2010-09-13","Overtop","61991","57055","4936"
"2010-09-14","Overtop","61241","57047","4194"
"2010-09-15","Overtop","216990","205086","11904"
"2010-09-16","Overtop","159070","151103","7967"
"2010-09-17","Overtop","95742","89455","6287"
"2010-09-18","Overtop","150226","141194","9032"
"2010-09-19","Overtop","152132","144497","7635"
"2010-09-20","Overtop","61622","57494","4128"
"2010-09-21","Overtop","59831","56256","3575"
"2010-09-22","Overtop","131653","124316","7337"
"2010-09-23","Overtop","191413","179531","11882"
"2010-09-24","Overtop","117551","111924","5627"
"2010-09-25","Overtop","138885","129667","9218"
"2010-09-26","Overtop","63933","58904","5029"
"2010-09-27","Overtop","116768","110732","6036"
"2010-09-28","Overtop","79235","75033","4202"
"2010-09-29","Overtop","197643","186890","10753"
"2010-09-30","Overtop","97834","91969","5865"
"2010-10-01","Overtop","129113","122162","6951"
"2010-10-02","Overtop","65914","61710","4204"
"2010-10-03","Overtop","94995","89335","5660"
"2010-10-04","Overtop","138476","131702","6774"
"2010-10-05","Overtop","100838","95249","5589"
"2010-10-06","Overtop","100159","94232","5927"
"2010-10-07","Overtop","69525","64272","5253"
"2010-10-08","Overtop","184886","175333","9553"
"2010-10-09","Overtop","184606","174691","9915"
"2010-10-10","Overtop","70041","64710","5331"
"2010-10-11","Overtop","78247","74641","3606"
"2010-10-12","Overtop","72867","67947","4920"
"2010-10-13","Overtop","60509","55971","4538"
"2010-10-14","Overtop","163686","153132","10554"
"2010-10-15","Overtop","71921","66315","5606"
"2010-10-16","Overtop","71515","66162","5353"
"2010-10-17","Overtop","117847","110290","7557"
"2010-10-18","Overtop","145476","136713","8763"
"2010-10-19","Overtop","117397","111336","6061"
"2010-10-20","Overtop","96813","91139","5674"
"2010-10-21","Overtop","75302","70912","4390"
"2010-10-22","Overtop","107625","100540","7085"
"2010-10-23","Overtop","87673","82614","5059"
"2010-10-24","Overtop","72554","69211","3343"
"2010-10-25","Overtop","88290","82533","5757"
"2010-10-26","Overtop","109032","103076","5956"
"2010-10-27","Overtop","79188","75406","3782"
"2010-10-28","Overtop","195074","184949","10125"
"2010-10-29","Overtop","93917","88347","5570"
"2010-10-30","Overtop","67991","64814","3177"
"2010-10-31","Overtop","133855","126091","7764"
"2010-11-01","Overtop","92940","86678","6262"
"2010-11-02","Overtop","71338","67231","4107"
"2010-11-03","Overtop","140061","133614","6447"
"2010-11-04","Overtop","105405","99235","6170"
"2010-11-05","Overtop","234908","222841","12067"
"2010-11-06","Overtop","120677","112918","7759"
"2010-11-07","Overtop","93675","87707","5968"
"2010-11-08","Overtop","120206","114660","5546"
"2010-11-09","Overtop","90052","85923","4129"
"2010-11-10","Overtop","159248","150318","8930"
"2010-11-11","Overtop","96194","90672","5522"
"2010-11-12","Overtop","79576","75145","4431"
"2010-11-13","Overtop","67865","64546","3319"
"2010-11-14","Overtop","38293","35623","2670"
"2010-11-15","Overtop","122069","115031","7038"
"2010-11-16","Overtop","135673","126799","8874"
"2010-11-17","Overtop","67800","62988","4812"
"2010-11-18","Overtop","156762","147233","9529"
"2010-11-19","Overtop","124026","116465","7561"
"2010-11-20","Overtop","66996","62172","4824"
"2010-11-21","Overtop","58956","54427","4529"
"2010-11-22","Overtop","96707","91243","5464"
"2010-11-23","Overtop","116979","110716","6263"
"2010-11-24","Overtop","112437","106763","5674"
"2010-11-25","Overtop","141541","133884","7657"
"2010-11-26","Overtop","102299","95446","6853"
"2010-11-27","Overtop","125674","118899","6775"
"2010-11-28","Overtop","161146","151886","9260"
"2010-11-29","Overtop","140208","132834","7374"
"2010-11-30","Overtop","107408","102371","5037"
"2010-12-01","Overtop","61785","57908","3877"
"2010-12-02","Overtop","141763","132043","9720"
"2010-12-03","Overtop","141000","133070","7930"
"2010-12-04","Overtop","63463","59743","3720"
"2010-12-05","Overtop","20512","18963","1549"
"2010-12-06","Overtop","159865","152212","7653"
"2010-12-07","Overtop","28354","26788","1566"
"2010-12-08","Overtop","158305","149845","8460"
"2010-12-09","Overtop","98784","93071","5713"
"2010-12-10","Overtop","105296","99172","6124"
"2010-12-11","Overtop","95135","90683","4452"
"2010-12-12","Overtop","158971","150088","8883"
"2010-12-13","Overtop","184039","173792","10247"
"2010-12-14","Overtop","112941","105881","7060"
"2010-12-15","Overtop","97818","91307","6511"
"2010-12-16","Overtop","125926","118854","7072"
"2010-12-17","Overtop","130135","122852","7283"
"2010-12-18","Overtop","56825","53339","3486"
"2010-12-19","Overtop","171614","162653","8961"
"2010-12-20","Overtop","112668","105877","6791"
"2010-12-21","Overtop","122604","116203","6401"
"2010-12-22","Overtop","95332","89221","6111"
"2010-12-23","Overtop","31596","29736","1860"
"2010-12-24","Overtop","99953","94704","5249"
"2010-12-25","Overtop","76382","71604","4778"
"2010-12-26","Overtop","169652","160140","9512"
"2010-12-27","Overtop","119127","112742","6385"
"2010-12-28","Overtop","80803","76139","4664"
"2010-12-29","Overtop","80431","76418","4013"
"2010-12-30","Overtop","160354","151570","8784"
"2010-12-31","Overtop","126646","119880","6766"
"2011-01-01","Overtop","57905","54066","3839"
"2011-01-02","Overtop","146519","138228","8291"
"2011-01-03","Overtop","114608","108557","6051"
"2011-01-04","Overtop","121737","114075","7662"
"2011-01-05","Overtop","180796","170009","10787"
"2011-01-06","Overtop","103999","97770","6229"
"2011-01-07","Overtop","153411","144875","8536"
"2011-01-08","Overtop","127566","117810","9756"
"2011-01-09","Overtop","94144","87806","6338"
"2011-01-10","Overtop","85404","81493","3911"
"2011-01-11","Overtop","33628","31332","2296"
"2011-01-12","Overtop","171041","160661","10380"
"2011-01-13","Overtop","124377","116478","7899"
"2011-01-14","Overtop","43374","41551","1823"
"2011-01-15","Overtop","151460","141911","9549"
"2011-01-16","Overtop","180891","169927","10964"
"2011-01-17","Overtop","139417","131846","7571"
"2011-01-18","Overtop","199773","188509","11264"
"2011-01-19","Overtop","122250","114462","7788"
"2011-01-20","Overtop","183790","174649","9141"
"2011-01-21","Overtop","127825","120801","7024"
"2011-01-22","Overtop","115059","107755","7304"
"2011-01-23","Overtop","116573","109383","7190"
"2011-01-24","Overtop","69822","65449","4373"
"2011-01-25","Overtop","192800","181292","11508"
"2011-01-26","Overtop","112699","105440","7259"
"2011-01-27","Overtop","149992","142163","7829"
"2011-01-28","Overtop","174832","164584","10248"
"2011-01-29","Overtop","125409","116527","8882"
"2011-01-30","Overtop","64651","60845","3806"
"2011-01-31","Overtop","44836","42002","2834"
"2011-02-01","Overtop","169555","160791","8764"
"2011-02-02","Overtop","160430","152008","8422"
"2011-02-03","Overtop","125753","116845","8908"
"2011-02-04","Overtop","60847","56299","4548"
"2011-02-05","Overtop","174683","165435","9248"
"2011-02-06","Overtop","170938","161093","9845"
"2011-02-07","Overtop","169505","159228","10277"
"2011-02-08","Overtop","101218","94290","6928"
"2011-02-09","Overtop","186744","176540","10204"
"2011-02-10","Overtop","142245","133932","8313"
"2011-02-11","Overtop","84942","79017","5925"
"2011-02-12","Overtop","154073","145520","8553"
"2011-02-13","Overtop","60831","57415","3416"
"2011-02-14","Overtop","109695","104120","5575"
"2011-02-15","Overtop","181023","171116","9907"
"2011-02-16","Overtop","73086","68419","4667"
"2011-02-17","Overtop","132659","125577","7082"
"2011-02-18","Overtop","112791","105866","6925"
"2011-02-19","Overtop","105197","97914","7283"
"2011-02-20","Overtop","150122","141351","8771"
"2011-02-21","Overtop","144563","135895","8668"
"2011-02-22","Overtop","163235","154266","8969"
"2011-02-23","Overtop","97888","90993","6895"
"2011-02-24","Overtop","134486","126603","7883"
"2011-02-25","Overtop","126913","118863","8050"
"2011-02-26","Overtop","73245","68316","4929"
"2011-02-27","Overtop","79604","74286","5318"
"2011-02-28","Overtop","121387","115561","5826"
"2011-03-01","Overtop","126560","118650","7910"
"2011-03-02","Overtop","262624","249478","13146"
"2011-03-03","Overtop","103542","97421","6121"
"2011-03-04","Overtop","158981","150076","8905"
"2011-03-05","Overtop","105186","98986","6200"
"2011-03-06","Overtop","106115","100002","6113"
"2011-03-07","Overtop","190892","180578","10314"
"2011-03-08","Overtop","72806","69604","3202"
"2011-03-09","Overtop","71231","66362","4869"
"2011-03-10","Overtop","82783","78444","4339"
"2011-03-11","Overtop","119109","112486","6623"
"2011-03-12","Overtop","207648","197003","10645"
"2011-03-13","Overtop","94720","89446","5274"
"2011-03-14","Overtop","82914","76628","6286"
"2011-03-15","Overtop","157963","149402","8561"
"2011-03-16","Overtop","134107","125706","8401"
"2011-03-17","Overtop","99905","94317","5588"
"2011-03-18","Overtop","116305","109217","7088"
"2011-03-19","Overtop","73553","68981","4572"
"2011-03-20","Overtop","72142","66685","5457"
"2011-03-21","Overtop","152145","144386","7759"
"2011-03-22","Overtop","96514","91030","5484"
"2011-03-23","Overtop","101905","97032","4873"
"2011-03-24","Overtop","131870","124450","7420"
"2011-03-25","Overtop","48021","45533","2488"
"2011-03-26","Overtop","76859","71636","5223"
"2011-03-27","Overtop","96286","89983","6303"
"2011-03-28","Overtop","140143","132307","7836"
"2011-03-29","Overtop","123579","116664","6915"
"2011-03-30","Overtop","166240","157877","8363"
"2011-03-31","Overtop","120865","113354","7511"
"2011-04-01","Overtop","121007","112860","8147"
"2011-04-02","Overtop","48696","46137","2559"
"2011-04-03","Overtop","110953","104930","6023"
"2011-04-04","Overtop","29811","27730","2081"
"2011-04-05","Overtop","126880","118538","8342"
"2011-04-06","Overtop","185874","176776","9098"
"2011-04-07","Overtop","141031","134153","6878"
"2011-04-08","Overtop","41296","38974","2322"
"2011-04-09","Overtop","86985","83063","3922"
"2011-04-10","Overtop","146113","138261","7852"
"2011-04-11","Overtop","92033","85948","6085"
"2011-04-12","Overtop","142522","135367","7155"
"2011-04-13","Overtop","170329","160549","9780"
"2011-04-14","Overtop","124027","118252","5775"
"2011-04-15","Overtop","117641","110566","7075"
"2011-04-16","Overtop","89529","84761","4768"
"2011-04-17","Overtop","88360","82394","5966"
"2011-04-18","Overtop","174074","163862","10212"
"2011-04-19","Overtop","117612","110489","7123"
"2011-04-20","Overtop","54967","50759","4208"
"2011-04-21","Overtop","96538","90103","6435"
"2011-04-22","Overtop","192033","182293","9740"
"2011-04-23","Overtop","83137","77846","5291"
"2011-04-24","Overtop","67607","63513","4094"
"2011-04-25","Overtop","115675","108547","7128"
"2011-04-26","Overtop","82426","77257","5169"
"2011-04-27","Overtop","224237","211982","12255"
"2011-04-28","Overtop","92361","86187","6174"
"2011-04-29","Overtop","81688","75533","6155"
"2011-04-30","Overtop","183945","175086","8859"
"2011-05-01","Overtop","130394","122455","7939"
"2011-05-02","Overtop","206382","195423","10959"
"2011-05-03","Overtop","181962","171728","10234"
"2011-05-04","Overtop","90158","85537","4621"
"2011-05-05","Overtop","170259","158464","11795"
"2011-05-06","Overtop","145633","137234","8399"
"2011-05-07","Overtop","135422","127589","7833"
"2011-05-08","Overtop","132713","125341","7372"
"2011-05-09","Overtop","135268","128385","6883"
"2011-05-10","Overtop","134605","126552","8053"
"2011-05-11","Overtop","70347","65012","5335"
"2011-05-12","Overtop","76937","71919","5018"
"2011-05-13","Overtop","92115","87094","5021"
"2011-05-14","Overtop","58305","53535","4770"
"2011-05-15","Overtop","115574","107806","7768"
"2011-05-16","Overtop","120792","113476","7316"
"2011-05-17","Overtop","65551","60612","4939"
"2011-05-18","Overtop","131079","123526","7553"
"2011-05-19","Overtop","77779","71878","5901"
"2011-05-20","Overtop","178262","167617","10645"
"2011-05-21","Overtop","156677","147492","9185"
"2011-05-22","Overtop","92004","87184","4820"
"2011-05-23","Overtop","92411","85956","6455"
"2011-05-24","Overtop","117666","112417","5249"
"2011-05-25","Overtop","167562","157249","10313"
"2011-05-26","Overtop","97447","92321","5126"
"2011-05-27","Overtop","61986","57511","4475"
"2011-05-28","Overtop","100661","93828","6833"
"2011-05-29","Overtop","89549","85217","4332"
"2011-05-30","Overtop","80080","75061","5019"
"2011-05-31","Overtop","167057","157873","9184"
"2011-06-01","Overtop","165216","156666","8550"
"2011-06-02","Overtop","117474","110886","6588"
"2011-06-03","Overtop","298058","284663","13395"
"2011-06-04","Overtop","102888","96870","6018"
"2011-06-05","Overtop","218878","208063","10815"
"2011-06-06","Overtop","127049","120728","6321"
"2011-06-07","Overtop","151634","142011","9623"
"2011-06-08","Overtop","149230","139842","9388"
"2011-06-09","Overtop","151879","143467","8412"
"2011-06-10","Overtop","133541","125288","8253"
"2011-06-11","Overtop","129862","122855","7007"
"2011-06-12","Overtop","147663","138752","8911"
"2011-06-13","Overtop","109907","102929","6978"
"2011-06-14","Overtop","174572","164553","10019"
"2011-06-15","Overtop","165842","157158","8684"
"2011-06-16","Overtop","195408","182416","12992"
"2011-06-17","Overtop","188965","178483","10482"
"2011-06-18","Overtop","133198","126788","6410"
"2011-06-19","Overtop","99158","92968","6190"
"2011-06-20","Overtop","205319","194043","11276"
"2011-06-21","Overtop","135130","126486","8644"
"2011-06-22","Overtop","161274","151714","9560"
"2011-06-23","Overtop","219159","208975","10184"
"2011-06-24","Overtop","73552","68677","4875"
"2011-06-25","Overtop","183629","172886","10743"
"2011-06-26","Overtop","196547","186767","9780"
"2011-06-27","Overtop","198113","187225","10888"
"2011-06-28","Overtop","191553","180605","10948"
"2011-06-29","Overtop","133245","124736","8509"
"2011-06-30","Overtop","222721","209734","12987"
"2011-07-01","Overtop","126680","119062","7618"
"2011-07-02","Overtop","130536","121380","9156"
"2011-07-03","Overtop","167966","158640","9326"
"2011-07-04","Overtop","189276","179547","9729"
"2011-07-05","Overtop","45336","42549","2787"
"2011-07-06","Overtop","78823","74422","4401"
"2011-07-07","Overtop","125712","119027","6685"
"2011-07-08","Overtop","71935","67577","4358"
"2011-07-09","Overtop","174804","165777","9027"
"2011-07-10","Overtop","134151","125410","8741"
"2011-07-11","Overtop","166798","155932","10866"
"2011-07-12","Overtop","159454","150162","9292"
"2011-07-13","Overtop","154199","144076","10123"
"2011-07-14","Overtop","133671","126843","6828"
"2011-07-15","Overtop","179330","168941","10389"
"2011-07-16","Overtop","107904","100050","7854"
"2011-07-17","Overtop","178114","168973","9141"
"2011-07-18","Overtop","82898","77614","5284"
"2011-07-19","Overtop","176302","166437","9865"
"2011-07-20","Overtop","84073","78876","5197"
"2011-07-21","Overtop","169168","158453","10715"
"2011-07-22","Overtop","122462","114547","7915"
"2011-07-23","Overtop","144744","137059","7685"
"2011-07-24","Overtop","155924","147749","8175"
"2011-07-25","Overtop","79210","73611","5599"
"2011-07-26","Overtop","133912","126301","7611"
"2011-07-27","Overtop","219186","206962","12224"
"2011-07-28","Overtop","81753","77613","4140"
"2011-07-29","Overtop","122079","114388","7691"
"2011-07-30","Overtop","106227","99673","6554"
"2011-07-31","Overtop","165993","157278","8715"
"2011-08-01","Overtop","154845","146353","8492"
"2011-08-02","Overtop","181145","170615","10530"
"2011-08-03","Overtop","116108","110447","5661"
"2011-08-04","Overtop","192876","182695","10181"
"2011-08-05","Overtop","124657","117749","6908"
"2011-08-06","Overtop","117859","110899","6960"
"2011-08-07","Overtop","134667","126021","8646"
"2011-08-08","Overtop","116134","110149","5985"
"2011-08-09","Overtop","106337","98076","8261"
"2011-08-10","Overtop","148061","140414","7647"
"2011-08-11","Overtop","118231","111261","6970"
"2011-08-12","Overtop","133719","125461","8258"
"2011-08-13","Overtop","120840","114882","5958"
"2011-08-14","Overtop","121199","113204","7995"
"2011-08-15","Overtop","160350","151507","8843"
"2011-08-16","Overtop","122321","115025","7296"
"2011-08-17","Overtop","120378","111860","8518"
"2011-08-18","Overtop","179105","170212","8893"
"2011-08-19","Overtop","217658","204713","12945"
"2011-08-20","Overtop","182386","171763","10623"
"2011-08-21","Overtop","222004","210059","11945"
"2011-08-22","Overtop","179832","168600","11232"
"2011-08-23","Overtop","131655","123829","7826"
"2011-08-24","Overtop","84920","80060","4860"
"2011-08-25","Overtop","146836","138904","7932"
"2011-08-26","Overtop","70962","67298","3664"
"2011-08-27","Overtop","139953","131245","8708"
"2011-08-28","Overtop","101134","94416","6718"
"2011-08-29","Overtop","129151","119870","9281"
"2011-08-30","Overtop","114494","106488","8006"
"2011-08-31","Overtop","138212","131417","6795"
"2011-09-01","Overtop","54700","51566","3134"
"2011-09-02","Overtop","68697","64849","3848"
"2011-09-03","Overtop","168773","160162","8611"
"2011-09-04","Overtop","51080","47345","3735"
"2011-09-05","Overtop","124917","117147","7770"
"2011-09-06","Overtop","107233","100344","6889"
"2011-09-07","Overtop","97418","91205","6213"
"2011-09-08","Overtop","82705","76777","5928"
"2011-09-09","Overtop","165433","155709","9724"
"2011-09-10","Overtop","124550","117009","7541"
"2011-09-11","Overtop","149735","140999","8736"
"2011-09-12","Overtop","166710","157806","8904"
"2011-09-13","Overtop","126295","118364","7931"
"2011-09-14","Overtop","123897","114323","9574"
"2011-09-15","Overtop","91119","84548","6571"
"2011-09-16","Overtop","179567","168241","11326"
"2011-09-17","Overtop","188654","176551","12103"
"2011-09-18","Overtop","145790","137230","8560"
"2011-09-19","Overtop","142667","133680","8987"
"2011-09-20","Overtop","245692","231772","13920"
"2011-09-21","Overtop","130018","123036","6982"
"2011-09-22","Overtop","265429","251532","13897"
"2011-09-23","Overtop","200207","189095","11112"
"2011-09-24","Overtop","247789","234846","12943"
"2011-09-25","Overtop","158071","149514","8557"
"2011-09-26","Overtop","113164","107718","5446"
"2011-09-27","Overtop","155284","148167","7117"
"2011-09-28","Overtop","187560","177984","9576"
"2011-09-29","Overtop","192232","179864","12368"
"2011-09-30","Overtop","231042","217318","13724"
"2011-10-01","Overtop","63248","58686","4562"
"2011-10-02","Overtop","185155","174436","10719"
"2011-10-03","Overtop","124341","116830","7511"
"2011-10-04","Overtop","111095","103734","7361"
"2011-10-05","Overtop","228917","214219","14698"
"2011-10-06","Overtop","127793","121246","6547"
"2011-10-07","Overtop","134404","126040","8364"
"2011-10-08","Overtop","196479","185434","11045"
"2011-10-09","Overtop","180156","171971","8185"
"2011-10-10","Overtop","114982","108560","6422"
"2011-10-11","Overtop","150727","141957","8770"
"2011-10-12","Overtop","128155","120731","7424"
"2011-10-13","Overtop","112408","105899","6509"
"2011-10-14","Overtop","141252","132754","8498"
"2011-10-15","Overtop","149347","141300","8047"
"2011-10-16","Overtop","76889","71993","4896"
"2011-10-17","Overtop","140478","133765","6713"
"2011-10-18","Overtop","120957","113544","7413"
"2011-10-19","Overtop","168786","159893","8893"
"2011-10-20","Overtop","99529","92622","6907"
"2011-10-21","Overtop","132130","123999","8131"
"2011-10-22","Overtop","124333","117504","6829"
"2011-10-23","Overtop","179928","168138","11790"
"2011-10-24","Overtop","273771","260429","13342"
"2011-10-25","Overtop","128185","119738","8447"
"2011-10-26","Overtop","115395","107938","7457"
"2011-10-27","Overtop","71750","67561","4189"
"2011-10-28","Overtop","67852","63687","4165"
"2011-10-29","Overtop","81465","77305","4160"
"2011-10-30","Overtop","150769","140744","10025"
"2011-10-31","Overtop","217271","204683","12588"
"2011-11-01","Overtop","139696","131143","8553"
"2011-11-02","Overtop","80713","76328","4385"
"2011-11-03","Overtop","87806","83221","4585"
"2011-11-04","Overtop","157905","147165","10740"
"2011-11-05","Overtop","130871","123443","7428"
"2011-11-06","Overtop","162238","152504","9734"
"2011-11-07","Overtop","127033","119054","7979"
"2011-11-08","Overtop","208405","196793","11612"
"2011-11-09","Overtop","93413","87545","5868"
"2011-11-10","Overtop","122689","116185","6504"
"2011-11-11","Overtop","196871","186816","10055"
"2011-11-12","Overtop","104358","98466","5892"
"2011-11-13","Overtop","193057","184016","9041"
"2011-11-14","Overtop","55517","51989","3528"
"2011-11-15","Overtop","212897","201645","11252"
"2011-11-16","Overtop","174181","164265","9916"
"2011-11-17","Overtop","121583","115184","6399"
"2011-11-18","Overtop","156799","148379","8420"
"2011-11-19","Overtop","185210","175512","9698"
"2011-11-20","Overtop","200053","188304","11749"
"2011-11-21","Overtop","86414","80807","5607"
"2011-11-22","Overtop","186330","176196","10134"
"2011-11-23","Overtop","166785","157642","9143"
"2011-11-24","Overtop","211071","199848","11223"
"2011-11-25","Overtop","77866","72249","5617"
"2011-11-26","Overtop","82336","77162","5174"
"2011-11-27","Overtop","92005","86688","5317"
"2011-11-28","Overtop","188781","177595","11186"
"2011-11-29","Overtop","75498","71019","4479"
"2011-11-30","Overtop","154309","145840","8469"
"2011-12-01","Overtop","118414","112215","6199"
"2011-12-02","Overtop","106447","102208","4239"
"2011-12-03","Overtop","169663","160095","9568"
"2011-12-04","Overtop","97728","93234","4494"
"2011-12-05","Overtop","103745","98409","5336"
"2011-12-06","Overtop","40367","37400","2967"
"2011-12-07","Overtop","108747","102097","6650"
"2011-12-08","Overtop","132819","123771","9048"
"2011-12-09","Overtop","173781","163347","10434"
"2011-12-10","Overtop","112352","105468","6884"
"2011-12-11","Overtop","233762","221111","12651"
"2011-12-12","Overtop","141977","133872","8105"
"2011-12-13","Overtop","180329","170032","10297"
"2011-12-14","Overtop","84409","79826","4583"
"2011-12-15","Overtop","254932","241237","13695"
"2011-12-16","Overtop","217989","204637","13352"
"2011-12-17","Overtop","175956","165998","9958"
"2011-12-18","Overtop","160351","151129","9222"
"2011-12-19","Overtop","173459","163473","9986"
"2011-12-20","Overtop","148639","139062","9577"
"2011-12-21","Overtop","135113","126808","8305"
"2011-12-22","Overtop","109823","103600","6223"
"2011-12-23","Overtop","178341","169320","9021"
"2011-12-24","Overtop","132439","123801","8638"
"2011-12-25","Overtop","89794","84833","4961"
"2011-12-26","Overtop","230285","216645","13640"
"2011-12-27","Overtop","195219","184608","10611"
"2011-12-28","Overtop","119710","113144","6566"
"2011-12-29","Overtop","145753","136604","9149"
"2011-12-30","Overtop","159412","149597","9815"
"2011-12-31","Overtop","173024","161479","11545"
"2012-01-01","Overtop","272679","257287","15392"
"2012-01-02","Overtop","239653","227197","12456"
"2012-01-03","Overtop","281159","263371","17788"
"2012-01-04","Overtop","168946","157968","10978"
"2012-01-05","Overtop","165710","155465","10245"
"2012-01-06","Overtop","199384","187547","11837"
"2012-01-07","Overtop","250933","236663","14270"
"2012-01-08","Overtop","244541","230505","14036"
"2012-01-09","Overtop","274743","259885","14858"
"2012-01-10","Overtop","186168","175067","11101"
"2012-01-11","Overtop","165182","156019","9163"
"2012-01-12","Overtop","169802","158824","10978"
"2012-01-13","Overtop","205544","192730","12814"
"2012-01-14","Overtop","173069","164265","8804"
"2012-01-15","Overtop","253282","237014","16268"
"2012-01-16","Overtop","148573","139909","8664"
"2012-01-17","Overtop","321820","302429","19391"
"2012-01-18","Overtop","223485","211819","11666"
"2012-01-19","Overtop","158839","148808","10031"
"2012-01-20","Overtop","266605","251931","14674"
"2012-01-21","Overtop","207685","196239","11446"
"2012-01-22","Overtop","265209","248640","16569"
"2012-01-23","Overtop","139960","132147","7813"
"2012-01-24","Overtop","190849","179336","11513"
"2012-01-25","Overtop","330570","313339","17231"
"2012-01-26","Overtop","242013","228541","13472"
"2012-01-27","Overtop","340744","322094","18650"
"2012-01-28","Overtop","206506","195222","11284"
"2012-01-29","Overtop","247338","234349","12989"
"2012-01-30","Overtop","110597","102601","7996"
"2012-01-31","Overtop","224071","210131","13940"
"2012-02-01","Overtop","224320","211616","12704"
"2012-02-02","Overtop","216685","204675","12010"
"2012-02-03","Overtop","207520","195271","12249"
"2012-02-04","Overtop","207163","195711","11452"
"2012-02-05","Overtop","170882","159180","11702"
"2012-02-06","Overtop","272301","254452","17849"
"2012-02-07","Overtop","136605","127176","9429"
"2012-02-08","Overtop","159991","149484","10507"
"2012-02-09","Overtop","282156","267542","14614"
"2012-02-10","Overtop","306376","286021","20355"
"2012-02-11","Overtop","289980","272674","17306"
"2012-02-12","Overtop","225401","211941","13460"
"2012-02-13","Overtop","128990","121635","7355"
"2012-02-14","Overtop","227508","213663","13845"
"2012-02-15","Overtop","237961","222557","15404"
"2012-02-16","Overtop","101444","94829","6615"
"2012-02-17","Overtop","139022","130806","8216"
"2012-02-18","Overtop","241407","229254","12153"
"2012-02-19","Overtop","144026","135510","8516"
"2012-02-20","Overtop","156791","147625","9166"
"2012-02-21","Overtop","154940","146428","8512"
"2012-02-22","Overtop","267334","250794","16540"
"2012-02-23","Overtop","192510","181432","11078"
"2012-02-24","Overtop","236847","224428","12419"
"2012-02-25","Overtop","181616","172281","9335"
"2012-02-26","Overtop","185680","173576","12104"
"2012-02-27","Overtop","209814","196896","12918"
"2012-02-28","Overtop","234823","221362","13461"
"2012-02-29","Overtop","162389","153368","9021"
"2012-03-01","Overtop","169868","157741","12127"
"2012-03-02","Overtop","297893","281776","16117"
"2012-03-03","Overtop","186193","175729","10464"
"2012-03-04","Overtop","135065","126837","8228"
"2012-03-05","Overtop","204437","191448","12989"
"2012-03-06","Overtop","181242","170221","11021"
"2012-03-07","Overtop","198380","185506","12874"
"2012-03-08","Overtop","192430","181949","10481"
"2012-03-09","Overtop","159644","149783","9861"
"2012-03-10","Overtop","233323","220597","12726"
"2012-03-11","Overtop","162930","152523","10407"
"2012-03-12","Overtop","238673","225562","13111"
"2012-03-13","Overtop","298435","282240","16195"
"2012-03-14","Overtop","249439","234518","14921"
"2012-03-15","Overtop","191534","179659","11875"
"2012-03-16","Overtop","127606","120907","6699"
"2012-03-17","Overtop","342295","324594","17701"
"2012-03-18","Overtop","299048","283045","16003"
"2012-03-19","Overtop","190379","180573","9806"
"2012-03-20","Overtop","180522","167882","12640"
"2012-03-21","Overtop","270033","255439","14594"
"2012-03-22","Overtop","197946","184756","13190"
"2012-03-23","Overtop","222420","209030","13390"
"2012-03-24","Overtop","246244","233162","13082"
"2012-03-25","Overtop","200973","189539","11434"
"2012-03-26","Overtop","210829","198151","12678"
"2012-03-27","Overtop","254609","240453","14156"
"2012-03-28","Overtop","243505","230433","13072"
"2012-03-29","Overtop","221686","210098","11588"
"2012-03-30","Overtop","136496","126868","9628"
"2012-03-31","Overtop","300683","283156","17527"
"2012-04-01","Overtop","282995","264698","18297"
"2012-04-02","Overtop","211574","200006","11568"
"2012-04-03","Overtop","255651","242455","13196"
"2012-04-04","Overtop","220019","206794","13225"
"2012-04-05","Overtop","298437","281301","17136"
"2012-04-06","Overtop","155882","147004","8878"
"2012-04-07","Overtop","302358","286405","15953"
"2012-04-08","Overtop","311929","296047","15882"
"2012-04-09","Overtop","281786","265314","16472"
"2012-04-10","Overtop","191564","181856","9708"
"2012-04-11","Overtop","213631","199956","13675"
"2012-04-12","Overtop","260751","246295","14456"
"2012-04-13","Overtop","180495","170755","9740"
"2012-04-14","Overtop","207511","194955","12556"
"2012-04-15","Overtop","223082","211043","12039"
"2012-04-16","Overtop","166026","156277","9749"
"2012-04-17","Overtop","221821","210720","11101"
"2012-04-18","Overtop","314527","296621","17906"
"2012-04-19","Overtop","270774","255426","15348"
"2012-04-20","Overtop","228627","214044","14583"
"2012-04-21","Overtop","255919","242870","13049"
"2012-04-22","Overtop","299452","282781","16671"
"2012-04-23","Overtop","219633","206428","13205"
"2012-04-24","Overtop","228130","214831","13299"
"2012-04-25","Overtop","181932","171282","10650"
"2012-04-26","Overtop","172099","161547","10552"
"2012-04-27","Overtop","219361","206228","13133"
"2012-04-28","Overtop","193592","181828","11764"
"2012-04-29","Overtop","157586","148726","8860"
"2012-04-30","Overtop","181599","169011","12588"
"2012-05-01","Overtop","238838","225867","12971"
"2012-05-02","Overtop","226523","213656","12867"
"2012-05-03","Overtop","219095","205165","13930"
"2012-05-04","Overtop","182379","169886","12493"
"2012-05-05","Overtop","170165","161438","8727"
"2012-05-06","Overtop","136061","127649","8412"
"2012-05-07","Overtop","246794","232659","14135"
"2012-05-08","Overtop","158137","148131","10006"
"2012-05-09","Overtop","204099","192522","11577"
"2012-05-10","Overtop","258631","245925","12706"
"2012-05-11","Overtop","288026","272444","15582"
"2012-05-12","Overtop","230831","217351","13480"
"2012-05-13","Overtop","174759","163161","11598"
"2012-05-14","Overtop","231759","217386","14373"
"2012-05-15","Overtop","340486","319977","20509"
"2012-05-16","Overtop","158814","149710","9104"
"2012-05-17","Overtop","245829","229818","16011"
"2012-05-18","Overtop","190532","179815","10717"
"2012-05-19","Overtop","253143","236365","16778"
"2012-05-20","Overtop","316000","298343","17657"
"2012-05-21","Overtop","256330","241794","14536"
"2012-05-22","Overtop","278193","262420","15773"
"2012-05-23","Overtop","210945","199134","11811"
"2012-05-24","Overtop","136428","128491","7937"
"2012-05-25","Overtop","171238","161218","10020"
"2012-05-26","Overtop","199061","185811","13250"
"2012-05-27","Overtop","234139","220201","13938"
"2012-05-28","Overtop","216501","204520","11981"
"2012-05-29","Overtop","335960","318564","17396"
"2012-05-30","Overtop","84130","78617","5513"
"2012-05-31","Overtop","263443","247504","15939"
"2012-06-01","Overtop","58468","53789","4679"
"2012-06-02","Overtop","142580","135077","7503"
"2012-06-03","Overtop","128811","121665","7146"
"2012-06-04","Overtop","117633","112360","5273"
"2012-06-05","Overtop","106289","100651","5638"
"2012-06-06","Overtop","129800","122215","7585"
"2012-06-07","Overtop","73913","69028","4885"
"2012-06-08","Overtop","94013","89432","4581"
"2012-06-09","Overtop","103246","97255","5991"
"2012-06-10","Overtop","182706","173950","8756"
"2012-06-11","Overtop","63715","60654","3061"
"2012-06-12","Overtop","121151","113521","7630"
"2012-06-13","Overtop","129420","122012","7408"
"2012-06-14","Overtop","107625","100111","7514"
"2012-06-15","Overtop","71266","67677","3589"
"2012-06-16","Overtop","55541","51343","4198"
"2012-06-17","Overtop","98200","93270","4930"
"2012-06-18","Overtop","75330","71108","4222"
"2012-06-19","Overtop","167786","158053","9733"
"2012-06-20","Overtop","100126","94515","5611"
"2012-06-21","Overtop","193151","182470","10681"
"2012-06-22","Overtop","112206","106306","5900"
"2012-06-23","Overtop","133267","124829","8438"
"2012-06-24","Overtop","95516","90116","5400"
"2012-06-25","Overtop","31027","28927","2100"
"2012-06-26","Overtop","86303","80286","6017"
"2012-06-27","Overtop","85066","78644","6422"
"2012-06-28","Overtop","57986","54494","3492"
"2012-06-29","Overtop","80951","75591","5360"
"2012-06-30","Overtop","126285","118415","7870"
"2012-07-01","Overtop","81377","76194","5183"
"2012-07-02","Overtop","152929","144811","8118"
"2012-07-03","Overtop","81053","76444","4609"
"2012-07-04","Overtop","71794","68096","3698"
"2012-07-05","Overtop","124667","118315","6352"
"2012-07-06","Overtop","184721","175298","9423"
"2012-07-07","Overtop","97216","92017","5199"
"2012-07-08","Overtop","141849","133401","8448"
"2012-07-09","Overtop","104247","97722","6525"
"2012-07-10","Overtop","104603","96321","8282"
"2012-07-11","Overtop","192933","183305","9628"
"2012-07-12","Overtop","127108","119730","7378"
"2012-07-13","Overtop","100475","94238","6237"
"2012-07-14","Overtop","43528","40083","3445"
"2012-07-15","Overtop","155321","147742","7579"
"2012-07-16","Overtop","176184","166514","9670"
"2012-07-17","Overtop","129444","120964","8480"
"2012-07-18","Overtop","110113","105326","4787"
"2012-07-19","Overtop","120877","113074","7803"
"2012-07-20","Overtop","65984","62919","3065"
"2012-07-21","Overtop","123894","116746","7148"
"2012-07-22","Overtop","80415","75488","4927"
"2012-07-23","Overtop","70454","66669","3785"
"2012-07-24","Overtop","77949","72981","4968"
"2012-07-25","Overtop","161654","152787","8867"
"2012-07-26","Overtop","86575","80480","6095"
"2012-07-27","Overtop","132079","124358","7721"
"2012-07-28","Overtop","122543","116129","6414"
"2012-07-29","Overtop","87848","82781","5067"
"2012-07-30","Overtop","36322","34978","1344"
"2012-07-31","Overtop","174762","164811","9951"
"2012-08-01","Overtop","188316","179061","9255"
"2012-08-02","Overtop","144075","135525","8550"
"2012-08-03","Overtop","152681","142738","9943"
"2012-08-04","Overtop","119578","112314","7264"
"2012-08-05","Overtop","113428","106266","7162"
"2012-08-06","Overtop","63606","59587","4019"
"2012-08-07","Overtop","162919","153568","9351"
"2012-08-08","Overtop","72940","69718","3222"
"2012-08-09","Overtop","136124","126897","9227"
"2012-08-10","Overtop","130988","124346","6642"
"2012-08-11","Overtop","122375","114305","8070"
"2012-08-12","Overtop","163632","155261","8371"
"2012-08-13","Overtop","156858","147865","8993"
"2012-08-14","Overtop","39213","36625","2588"
"2012-08-15","Overtop","112247","105391","6856"
"2012-08-16","Overtop","137988","131052","6936"
"2012-08-17","Overtop","77275","73088","4187"
"2012-08-18","Overtop","103307","98540","4767"
"2012-08-19","Overtop","152414","142393","10021"
"2012-08-20","Overtop","110943","104684","6259"
"2012-08-21","Overtop","177995","166748","11247"
"2012-08-22","Overtop","121686","113706","7980"
"2012-08-23","Overtop","141090","134529","6561"
"2012-08-24","Overtop","102858","96554","6304"
"2012-08-25","Overtop","92975","87087","5888"
"2012-08-26","Overtop","149878","138711","11167"
"2012-08-27","Overtop","113444","106726","6718"
"2012-08-28","Overtop","191372","181560","9812"
"2012-08-29","Overtop","78519","74280","4239"
"2012-08-30","Overtop","87938","82359","5579"
"2012-08-31","Overtop","135763","127886","7877"
"2012-09-01","Overtop","88207","83739","4468"
"2012-09-02","Overtop","118372","111202","7170"
"2012-09-03","Overtop","136174","128972","7202"
"2012-09-04","Overtop","90086","85648","4438"
"2012-09-05","Overtop","191857","181974","9883"
"2012-09-06","Overtop","69750","65487","4263"
"2012-09-07","Overtop","138912","130809","8103"
"2012-09-08","Overtop","88011","82609","5402"
"2012-09-09","Overtop","135030","127829","7201"
"2012-09-10","Overtop","90301","84986","5315"
"2012-09-11","Overtop","119759","113176","6583"
"2012-09-12","Overtop","97420","91682","5738"
"2012-09-13","Overtop","74398","70272","4126"
"2012-09-14","Overtop","65922","61901","4021"
"2012-09-15","Overtop","45047","42373","2674"
"2012-09-16","Overtop","89144","83485","5659"
"2012-09-17","Overtop","120927","114485","6442"
"2012-09-18","Overtop","94006","88772","5234"
"2012-09-19","Overtop","134570","125923","8647"
"2012-09-20","Overtop","217685","205286","12399"
"2012-09-21","Overtop","130587","124054","6533"
"2012-09-22","Overtop","62624","57577","5047"
"2012-09-23","Overtop","93959","87833","6126"
"2012-09-24","Overtop","57209","54047","3162"
"2012-09-25","Overtop","89147","83688","5459"
"2012-09-26","Overtop","89221","84072","5149"
"2012-09-27","Overtop","120900","112405","8495"
"2012-09-28","Overtop","132053","126331","5722"
"2012-09-29","Overtop","148956","140024","8932"
"2012-09-30","Overtop","99924","93748","6176"
"2012-10-01","Overtop","114285","106045","8240"
"2012-10-02","Overtop","105434","99459","5975"
"2012-10-03","Overtop","136990","130159","6831"
"2012-10-04","Overtop","100150","94762","5388"
"2012-10-05","Overtop","99440","92999","6441"
"2012-10-06","Overtop","101057","95073","5984"
"2012-10-07","Overtop","87568","82029","5539"
"2012-10-08","Overtop","74619","69996","4623"
"2012-10-09","Overtop","188268","178773","9495"
"2012-10-10","Overtop","153108","144730","8378"
"2012-10-11","Overtop","115164","107976","7188"
"2012-10-12","Overtop","176250","167707","8543"
"2012-10-13","Overtop","140367","132494","7873"
"2012-10-14","Overtop","127637","120804","6833"
"2012-10-15","Overtop","104763","98784","5979"
"2012-10-16","Overtop","117140","110252","6888"
"2012-10-17","Overtop","103646","97451","6195"
"2012-10-18","Overtop","142240","134734","7506"
"2012-10-19","Overtop","116103","109289","6814"
"2012-10-20","Overtop","126961","118890","8071"
"2012-10-21","Overtop","135716","128539","7177"
"2012-10-22","Overtop","126976","119257","7719"
"2012-10-23","Overtop","123401","114814","8587"
"2012-10-24","Overtop","128044","120952","7092"
"2012-10-25","Overtop","98810","92088","6722"
"2012-10-26","Overtop","152646","144094","8552"
"2012-10-27","Overtop","135868","129835","6033"
"2012-10-28","Overtop","116151","108835","7316"
"2012-10-29","Overtop","82211","77526","4685"
"2012-10-30","Overtop","107172","101582","5590"
"2012-10-31","Overtop","155873","148019","7854"
"2012-11-01","Overtop","103266","97183","6083"
"2012-11-02","Overtop","166175","157639","8536"
"2012-11-03","Overtop","86790","82215","4575"
"2012-11-04","Overtop","165913","156188","9725"
"2012-11-05","Overtop","140318","132487","7831"
"2012-11-06","Overtop","89444","84606","4838"
"2012-11-07","Overtop","143254","135307","7947"
"2012-11-08","Overtop","104125","98127","5998"
"2012-11-09","Overtop","122733","114924","7809"
"2012-11-10","Overtop","40110","37554","2556"
"2012-11-11","Overtop","75842","71189","4653"
"2012-11-12","Overtop","95833","91535","4298"
"2012-11-13","Overtop","147102","140660","6442"
"2012-11-14","Overtop","89136","83491","5645"
"2012-11-15","Overtop","85184","78950","6234"
"2012-11-16","Overtop","121656","114685","6971"
"2012-11-17","Overtop","92202","86751","5451"
"2012-11-18","Overtop","135680","127994","7686"
"2012-11-19","Overtop","163144","155207","7937"
"2012-11-20","Overtop","70122","65422","4700"
"2012-11-21","Overtop","97204","90921","6283"
"2012-11-22","Overtop","146501","138126","8375"
"2012-11-23","Overtop","66138","62513","3625"
"2012-11-24","Overtop","95824","90411","5413"
"2012-11-25","Overtop","119140","111095","8045"
"2012-11-26","Overtop","82788","77518","5270"
"2012-11-27","Overtop","32031","30100","1931"
"2012-11-28","Overtop","109114","103145","5969"
"2012-11-29","Overtop","107244","99605","7639"
"2012-11-30","Overtop","93021","87508","5513"
"2012-12-01","Overtop","85823","80334","5489"
"2012-12-02","Overtop","67417","62340","5077"
"2012-12-03","Overtop","163317","153467","9850"
"2012-12-04","Overtop","156209","148240","7969"
"2012-12-05","Overtop","42492","39679","2813"
"2012-12-06","Overtop","106231","100913","5318"
"2012-12-07","Overtop","132200","124538","7662"
"2012-12-08","Overtop","154935","145353","9582"
"2012-12-09","Overtop","107179","101543","5636"
"2012-12-10","Overtop","94215","88596","5619"
"2012-12-11","Overtop","154652","145469","9183"
"2012-12-12","Overtop","72096","66697","5399"
"2012-12-13","Overtop","72753","69034","3719"
"2012-12-14","Overtop","77161","71931","5230"
"2012-12-15","Overtop","111204","104471","6733"
"2012-12-16","Overtop","58607","55601","3006"
"2012-12-17","Overtop","85955","81349","4606"
"2012-12-18","Overtop","61035","58488","2547"
"2012-12-19","Overtop","115141","109507","5634"
"2012-12-20","Overtop","103066","97114","5952"
"2012-12-21","Overtop","123817","115200","8617"
"2012-12-22","Overtop","101577","96684","4893"
"2012-12-23","Overtop","125444","117994","7450"
"2012-12-24","Overtop","112563","107041","5522"
"2012-12-25","Overtop","106382","100327","6055"
"2012-12-26","Overtop","110013","104586","5427"
"2012-12-27","Overtop","156596","147924","8672"
"2012-12-28","Overtop","179569","169453","10116"
"2012-12-29","Overtop","123884","117187","6697"
"2012-12-30","Overtop","104510","99023","5487"
"2012-12-31","Overtop","103603","97823","5780"
"2013-01-01","Overtop","129549","123047","6502"
"2013-01-02","Overtop","434652","408611","26041"
"2013-01-03","Overtop","341143","321607","19536"
"2013-01-04","Overtop","353184","331828","21356"
"2013-01-05","Overtop","425662","402019","23643"
"2013-01-06","Overtop","184521","173478","11043"
"2013-01-07","Overtop","449715","424706","25009"
"2013-01-08","Overtop","484122","456074","28048"
"2013-01-09","Overtop","356763","335657","21106"
"2013-01-10","Overtop","306642","290819","15823"
"2013-01-11","Overtop","387269","366152","21117"
"2013-01-12","Overtop","239200","224811","14389"
"2013-01-13","Overtop","349914","329392","20522"
"2013-01-14","Overtop","277965","260455","17510"
"2013-01-15","Overtop","333475","313833","19642"
"2013-01-16","Overtop","269232","251129","18103"
"2013-01-17","Overtop","303696","285226","18470"
"2013-01-18","Overtop","420898","398413","22485"
"2013-01-19","Overtop","325827","307904","17923"
"2013-01-20","Overtop","390052","366446","23606"
"2013-01-21","Overtop","412615","389962","22653"
"2013-01-22","Overtop","231950","218467","13483"
"2013-01-23","Overtop","296818","278776","18042"
"2013-01-24","Overtop","376102","355610","20492"
"2013-01-25","Overtop","289379","271584","17795"
"2013-01-26","Overtop","462075","436812","25263"
"2013-01-27","Overtop","217895","204541","13354"
"2013-01-28","Overtop","294793","277466","17327"
"2013-01-29","Overtop","399862","374963","24899"
"2013-01-30","Overtop","407946","382512","25434"
"2013-01-31","Overtop","382859","360544","22315"
"2013-02-01","Overtop","400860","376810","24050"
"2013-02-02","Overtop","253612","236219","17393"
"2013-02-03","Overtop","485763","457944","27819"
"2013-02-04","Overtop","317457","298117","19340"
"2013-02-05","Overtop","447538","420230","27308"
"2013-02-06","Overtop","362485","343393","19092"
"2013-02-07","Overtop","415279","390637","24642"
"2013-02-08","Overtop","309961","290669","19292"
"2013-02-09","Overtop","356733","338023","18710"
"2013-02-10","Overtop","412822","387954","24868"
"2013-02-11","Overtop","341716","321610","20106"
"2013-02-12","Overtop","320678","302836","17842"
"2013-02-13","Overtop","424063","401394","22669"
"2013-02-14","Overtop","377044","355536","21508"
"2013-02-15","Overtop","457914","430168","27746"
"2013-02-16","Overtop","514251","488067","26184"
"2013-02-17","Overtop","357720","335331","22389"
"2013-02-18","Overtop","445434","421721","23713"
"2013-02-19","Overtop","388112","366685","21427"
"2013-02-20","Overtop","238027","224002","14025"
"2013-02-21","Overtop","399092","373639","25453"
"2013-02-22","Overtop","333119","312792","20327"
"2013-02-23","Overtop","443076","417610","25466"
"2013-02-24","Overtop","353092","334875","18217"
"2013-02-25","Overtop","325374","305785","19589"
"2013-02-26","Overtop","358231","338228","20003"
"2013-02-27","Overtop","420500","396404","24096"
"2013-02-28","Overtop","286456","271609","14847"
"2013-03-01","Overtop","140166","131700","8466"
"2013-03-02","Overtop","166478","156478","10000"
"2013-03-03","Overtop","313321","294169","19152"
"2013-03-04","Overtop","425092","401952","23140"
"2013-03-05","Overtop","364467","343971","20496"
"2013-03-06","Overtop","260751","243641","17110"
"2013-03-07","Overtop","458394","430087","28307"
"2013-03-08","Overtop","412421","388374","24047"
"2013-03-09","Overtop","342677","322345","20332"
"2013-03-10","Overtop","365543","342363","23180"
"2013-03-11","Overtop","380288","360621","19667"
"2013-03-12","Overtop","357538","336257","21281"
"2013-03-13","Overtop","335273","318067","17206"
"2013-03-14","Overtop","482421","458229","24192"
"2013-03-15","Overtop","272020","256410","15610"
"2013-03-16","Overtop","467632","440748","26884"
"2013-03-17","Overtop","387199","364493","22706"
"2013-03-18","Overtop","310906","290894","20012"
"2013-03-19","Overtop","344704","322996","21708"
"2013-03-20","Overtop","392826","371155","21671"
"2013-03-21","Overtop","377810","356334","21476"
"2013-03-22","Overtop","379675","357896","21779"
"2013-03-23","Overtop","383742","363633","20109"
"2013-03-24","Overtop","473919","448259","25660"
"2013-03-25","Overtop","342932","321508","21424"
"2013-03-26","Overtop","397071","375265","21806"
"2013-03-27","Overtop","343654","324649","19005"
"2013-03-28","Overtop","290780","274885","15895"
"2013-03-29","Overtop","537417","506302","31115"
"2013-03-30","Overtop","529675","500738","28937"
"2013-03-31","Overtop","434732","411651","23081"
"2013-04-01","Overtop","454977","430068","24909"
"2013-04-02","Overtop","446190","421635","24555"
"2013-04-03","Overtop","448008","423113","24895"
"2013-04-04","Overtop","458680","432766","25914"
"2013-04-05","Overtop","284082","265193","18889"
"2013-04-06","Overtop","457911","433221","24690"
"2013-04-07","Overtop","372069","350468","21601"
"2013-04-08","Overtop","366650","346375","20275"
"2013-04-09","Overtop","414243","388807","25436"
"2013-04-10","Overtop","487836","460589","27247"
"2013-04-11","Overtop","374516","352796","21720"
"2013-04-12","Overtop","335062","317589","17473"
"2013-04-13","Overtop","287751","270764","16987"
"2013-04-14","Overtop","292412","274929","17483"
"2013-04-15","Overtop","431992","406373","25619"
"2013-04-16","Overtop","389785","366041","23744"
"2013-04-17","Overtop","409548","387134","22414"
"2013-04-18","Overtop","282288","265922","16366"
"2013-04-19","Overtop","272306","255411","16895"
"2013-04-20","Overtop","466859","442760","24099"
"2013-04-21","Overtop","350685","329471","21214"
"2013-04-22","Overtop","388258","365438","22820"
"2013-04-23","Overtop","586910","554207","32703"
"2013-04-24","Overtop","494485","465200","29285"
"2013-04-25","Overtop","332638","313513","19125"
"2013-04-26","Overtop","556892","527295","29597"
"2013-04-27","Overtop","385913","364310","21603"
"2013-04-28","Overtop","425559","402957","22602"
"2013-04-29","Overtop","322703","304702","18001"
"2013-04-30","Overtop","370807","349536","21271"
"2013-05-01","Overtop","123239","115739","7500"
"2013-05-02","Overtop","337660","317931","19729"
"2013-05-03","Overtop","261379","245872","15507"
"2013-05-04","Overtop","415981","391282","24699"
"2013-05-05","Overtop","232659","220264","12395"
"2013-05-06","Overtop","377980","356759","21221"
"2013-05-07","Overtop","277100","259658","17442"
"2013-05-08","Overtop","396195","373422","22773"
"2013-05-09","Overtop","384024","360902","23122"
"2013-05-10","Overtop","349815","329393","20422"
"2013-05-11","Overtop","387583","363971","23612"
"2013-05-12","Overtop","364861","343642","21219"
"2013-05-13","Overtop","380479","358033","22446"
"2013-05-14","Overtop","368043","348591","19452"
"2013-05-15","Overtop","422170","397207","24963"
"2013-05-16","Overtop","473669","447693","25976"
"2013-05-17","Overtop","361371","340938","20433"
"2013-05-18","Overtop","282343","264246","18097"
"2013-05-19","Overtop","299633","281225","18408"
"2013-05-20","Overtop","341742","323640","18102"
"2013-05-21","Overtop","334908","316280","18628"
"2013-05-22","Overtop","469895","442531","27364"
"2013-05-23","Overtop","322026","302965","19061"
"2013-05-24","Overtop","359163","339098","20065"
"2013-05-25","Overtop","300867","285321","15546"
"2013-05-26","Overtop","476729","450351","26378"
"2013-05-27","Overtop","430210","406071","24139"
"2013-05-28","Overtop","232817","219420","13397"
"2013-05-29","Overtop","265527","249639","15888"
"2013-05-30","Overtop","326937","308974","17963"
"2013-05-31","Overtop","301534","286483","15051"
"2008-06-01","Sparky","1309","1297","12"
"2008-06-02","Sparky","48695","46922","1773"
"2008-06-03","Sparky","26687","25501","1186"
"2008-06-04","Sparky","509","468","41"
"2008-06-05","Sparky","18878","18413","465"
"2008-06-06","Sparky","23526","21712","1814"
"2008-06-07","Sparky","29054","27037","2017"
"2008-06-08","Sparky","33947","30345","3602"
"2008-06-09","Sparky","35376","32554","2822"
"2008-06-10","Sparky","488236","395376","92860"
"2008-06-11","Sparky","1309","1297","12"
"2008-06-12","Sparky","472528","381264","91264"
"2008-06-13","Sparky","43676","39319","4357"
"2008-06-14","Sparky","8448","7982","466"
"2008-06-15","Sparky","25046","22648","2398"
"2008-06-16","Sparky","46579","42553","4026"
"2008-06-17","Sparky","80564","75129","5435"
"2008-06-18","Sparky","23837","23136","701"
"2008-06-19","Sparky","25487","22686","2801"
"2008-06-20","Sparky","472528","381264","91264"
"2008-06-21","Sparky","42985","39066","3919"
"2008-06-22","Sparky","69684","65934","3750"
"2008-06-23","Sparky","18989","17462","1527"
"2008-06-24","Sparky","15957","15743","214"
"2008-06-25","Sparky","918","841","77"
"2008-06-26","Sparky","23316","21649","1667"
"2008-06-27","Sparky","539543","445976","93567"
"2008-06-28","Sparky","29178","28822","356"
"2008-06-29","Sparky","28758","26418","2340"
"2008-06-30","Sparky","17708","16066","1642"
"2008-07-01","Sparky","14576","13409","1167"
"2008-07-02","Sparky","7089","6699","390"
"2008-07-03","Sparky","32797","30217","2580"
"2008-07-04","Sparky","30056","27618","2438"
"2008-07-05","Sparky","20205","18811","1394"
"2008-07-06","Sparky","5939","5560","379"
"2008-07-07","Sparky","8554","8279","275"
"2008-07-08","Sparky","16239","15969","270"
"2008-07-09","Sparky","69343","66089","3254"
"2008-07-10","Sparky","32284","29475","2809"
"2008-07-11","Sparky","13996","13048","948"
"2008-07-12","Sparky","21545","19986","1559"
"2008-07-13","Sparky","15028","13809","1219"
"2008-07-14","Sparky","21808","20042","1766"
"2008-07-15","Sparky","19017","17363","1654"
"2008-07-16","Sparky","48186","46454","1732"
"2008-07-17","Sparky","24894","23260","1634"
"2008-07-18","Sparky","47907","44479","3428"
"2008-07-19","Sparky","96482","90784","5698"
"2008-07-20","Sparky","16239","15969","270"
"2008-07-21","Sparky","487917","395593","92324"
"2008-07-22","Sparky","43614","40408","3206"
"2008-07-23","Sparky","494015","402136","91879"
"2008-07-24","Sparky","3818","3719","99"
"2008-07-25","Sparky","9598","9121","477"
"2008-07-26","Sparky","55924","53609","2315"
"2008-07-27","Sparky","44053","42578","1475"
"2008-07-28","Sparky","19766","19327","439"
"2008-07-29","Sparky","480976","389246","91730"
"2008-07-30","Sparky","19156","17686","1470"
"2008-07-31","Sparky","40806","37242","3564"
"2008-08-01","Sparky","52936","49497","3439"
"2008-08-02","Sparky","10266","9343","923"
"2008-08-03","Sparky","15708","14516","1192"
"2008-08-04","Sparky","9769","8956","813"
"2008-08-05","Sparky","79224","70459","8765"
"2008-08-06","Sparky","62837","59151","3686"
"2008-08-07","Sparky","23064","21346","1718"
"2008-08-08","Sparky","501554","409079","92475"
"2008-08-09","Sparky","479776","387717","92059"
"2008-08-10","Sparky","10278","9424","854"
"2008-08-11","Sparky","45063","41514","3549"
"2008-08-12","Sparky","16046","15149","897"
"2008-08-13","Sparky","14977","14485","492"
"2008-08-14","Sparky","27317","26222","1095"
"2008-08-15","Sparky","530623","437600","93023"
"2008-08-16","Sparky","21786","20399","1387"
"2008-08-17","Sparky","13028","12259","769"
"2008-08-18","Sparky","496133","403804","92329"
"2008-08-19","Sparky","10007","9494","513"
"2008-08-20","Sparky","26265","24258","2007"
"2008-08-21","Sparky","30487","28429","2058"
"2008-08-22","Sparky","32794","31586","1208"
"2008-08-23","Sparky","30626","29511","1115"
"2008-08-24","Sparky","493113","399527","93586"
"2008-08-25","Sparky","18614","17230","1384"
"2008-08-26","Sparky","30206","28038","2168"
"2008-08-27","Sparky","44206","41693","2513"
"2008-08-28","Sparky","61214","58713","2501"
"2008-08-29","Sparky","18205","16857","1348"
"2008-08-30","Sparky","3018","2890","128"
"2008-08-31","Sparky","500495","407926","92569"
"2008-09-01","Sparky","44974","41271","3703"
"2008-09-02","Sparky","76883","68966","7917"
"2008-09-03","Sparky","21206","19222","1984"
"2008-09-04","Sparky","16466","16211","255"
"2008-09-05","Sparky","42116","38042","4074"
"2008-09-06","Sparky","13875","13199","676"
"2008-09-07","Sparky","22687","21997","690"
"2008-09-08","Sparky","38246","36321","1925"
"2008-09-09","Sparky","48683","47245","1438"
"2008-09-10","Sparky","40827","37322","3505"
"2008-09-11","Sparky","10775","10215","560"
"2008-09-12","Sparky","10266","9747","519"
"2008-09-13","Sparky","43836","40071","3765"
"2008-09-14","Sparky","40806","37242","3564"
"2008-09-15","Sparky","28814","26767","2047"
"2008-09-16","Sparky","43654","40024","3630"
"2008-09-17","Sparky","34356","32408","1948"
"2008-09-18","Sparky","498243","404870","93373"
"2008-09-19","Sparky","47506","44809","2697"
"2008-09-20","Sparky","78291","72193","6098"
"2008-09-21","Sparky","27735","26364","1371"
"2008-09-22","Sparky","509","468","41"
"2008-09-23","Sparky","31565","28917","2648"
"2008-09-24","Sparky","1309","1297","12"
"2008-09-25","Sparky","34005","31652","2353"
"2008-09-26","Sparky","16648","14652","1996"
"2008-09-27","Sparky","27337","24945","2392"
"2008-09-28","Sparky","55594","52111","3483"
"2008-09-29","Sparky","20047","18380","1667"
"2008-09-30","Sparky","25096","22230","2866"
"2008-10-01","Sparky","40876","39934","942"
"2008-10-02","Sparky","5437","5174","263"
"2008-10-03","Sparky","62305","56629","5676"
"2008-10-04","Sparky","34394","33244","1150"
"2008-10-05","Sparky","34797","31767","3030"
"2008-10-06","Sparky","25647","23176","2471"
"2008-10-07","Sparky","33554","32263","1291"
"2008-10-08","Sparky","10266","9747","519"
"2008-10-09","Sparky","470019","378842","91177"
"2008-10-10","Sparky","51226","48639","2587"
"2008-10-11","Sparky","59626","55441","4185"
"2008-10-12","Sparky","8448","7982","466"
"2008-10-13","Sparky","10417","9747","670"
"2008-10-14","Sparky","15187","13967","1220"
"2008-10-15","Sparky","27996","26798","1198"
"2008-10-16","Sparky","8448","7578","870"
"2008-10-17","Sparky","509","468","41"
"2008-10-18","Sparky","36697","33528","3169"
"2008-10-19","Sparky","1718","1670","48"
"2008-10-20","Sparky","7657","7230","427"
"2008-10-21","Sparky","5837","5470","367"
"2008-10-22","Sparky","43515","41036","2479"
"2008-10-23","Sparky","54245","49104","5141"
"2008-10-24","Sparky","23328","20978","2350"
"2008-10-25","Sparky","29846","27367","2479"
"2008-10-26","Sparky","14248","14150","98"
"2008-10-27","Sparky","40604","38428","2176"
"2008-10-28","Sparky","72603","67568","5035"
"2008-10-29","Sparky","513005","420419","92586"
"2008-10-30","Sparky","34965","33375","1590"
"2008-10-31","Sparky","31947","30485","1462"
"2008-11-01","Sparky","48186","46454","1732"
"2008-11-02","Sparky","8448","7578","870"
"2008-11-03","Sparky","19464","18572","892"
"2008-11-04","Sparky","28445","27184","1261"
"2008-11-05","Sparky","3427","3263","164"
"2008-11-06","Sparky","6348","5933","415"
"2008-11-07","Sparky","24416","22679","1737"
"2008-11-08","Sparky","20298","18759","1539"
"2008-11-09","Sparky","44085","41786","2299"
"2008-11-10","Sparky","15196","14173","1023"
"2008-11-11","Sparky","17085","15831","1254"
"2008-11-12","Sparky","16796","15061","1735"
"2008-11-13","Sparky","2509","2422","87"
"2008-11-14","Sparky","28165","25713","2452"
"2008-11-15","Sparky","14096","13143","953"
"2008-11-16","Sparky","27477","25022","2455"
"2008-11-17","Sparky","509174","416406","92768"
"2008-11-18","Sparky","92295","83424","8871"
"2008-11-19","Sparky","8448","7578","870"
"2008-11-20","Sparky","64244","58281","5963"
"2008-11-21","Sparky","17548","15576","1972"
"2008-11-22","Sparky","7939","7110","829"
"2008-11-23","Sparky","495335","402445","92890"
"2008-11-24","Sparky","964966","780706","184260"
"2008-11-25","Sparky","499345","406787","92558"
"2008-11-26","Sparky","475958","384402","91556"
"2008-11-27","Sparky","13495","13076","419"
"2008-11-28","Sparky","509","468","41"
"2008-11-29","Sparky","3527","3358","169"
"2008-11-30","Sparky","497215","403121","94094"
"2008-12-01","Sparky","33097","31624","1473"
"2008-12-02","Sparky","17696","16389","1307"
"2008-12-03","Sparky","75994","69367","6627"
"2008-12-04","Sparky","37516","34558","2958"
"2008-12-05","Sparky","7757","7325","432"
"2008-12-06","Sparky","1309","1297","12"
"2008-12-07","Sparky","40124","38133","1991"
"2008-12-08","Sparky","13537","12727","810"
"2008-12-09","Sparky","23837","23136","701"
"2008-12-10","Sparky","535182","441127","94055"
"2008-12-11","Sparky","63246","57834","5412"
"2008-12-12","Sparky","22587","21902","685"
"2008-12-13","Sparky","24345","22365","1980"
"2008-12-14","Sparky","13878","12670","1208"
"2008-12-15","Sparky","52413","50546","1867"
"2008-12-16","Sparky","11366","10373","993"
"2008-12-17","Sparky","72993","69761","3232"
"2008-12-18","Sparky","9769","8956","813"
"2008-12-19","Sparky","11757","10829","928"
"2008-12-20","Sparky","58615","55816","2799"
"2008-12-21","Sparky","510135","415334","94801"
"2008-12-22","Sparky","42746","38801","3945"
"2008-12-23","Sparky","510615","416360","94255"
"2008-12-24","Sparky","7527","7266","261"
"2008-12-25","Sparky","46324","41563","4761"
"2008-12-26","Sparky","18516","17795","721"
"2008-12-27","Sparky","8398","7996","402"
"2008-12-28","Sparky","22007","20352","1655"
"2008-12-29","Sparky","28587","26583","2004"
"2008-12-30","Sparky","81792","75913","5879"
"2008-12-31","Sparky","71842","66225","5617"
"2009-01-01","Sparky","128128","117943","10185"
"2009-01-02","Sparky","106488","99868","6620"
"2009-01-03","Sparky","63950","60973","2977"
"2009-01-04","Sparky","568089","470613","97476"
"2009-01-05","Sparky","91587","87730","3857"
"2009-01-06","Sparky","553859","456859","97000"
"2009-01-07","Sparky","65359","59371","5988"
"2009-01-08","Sparky","44434","41824","2610"
"2009-01-09","Sparky","12884","12341","543"
"2009-01-10","Sparky","158528","146159","12369"
"2009-01-11","Sparky","85483","79993","5490"
"2009-01-12","Sparky","7757","7325","432"
"2009-01-13","Sparky","100790","92927","7863"
"2009-01-14","Sparky","102447","93035","9412"
"2009-01-15","Sparky","65613","62181","3432"
"2009-01-16","Sparky","994959","808232","186727"
"2009-01-17","Sparky","17235","15920","1315"
"2009-01-18","Sparky","120499","110243","10256"
"2009-01-19","Sparky","31454","29868","1586"
"2009-01-20","Sparky","992532","808155","184377"
"2009-01-21","Sparky","80891","74353","6538"
"2009-01-22","Sparky","58382","54192","4190"
"2009-01-23","Sparky","151689","139410","12279"
"2009-01-24","Sparky","63889","58210","5679"
"2009-01-25","Sparky","105678","97656","8022"
"2009-01-26","Sparky","95822","90657","5165"
"2009-01-27","Sparky","58442","54602","3840"
"2009-01-28","Sparky","60842","58358","2484"
"2009-01-29","Sparky","558400","460072","98328"
"2009-01-30","Sparky","495403","402033","93370"
"2009-01-31","Sparky","524051","430881","93170"
"2009-02-01","Sparky","110335","102500","7835"
"2009-02-02","Sparky","43544","42514","1030"
"2009-02-03","Sparky","160716","148755","11961"
"2009-02-04","Sparky","74580","71040","3540"
"2009-02-05","Sparky","64170","60711","3459"
"2009-02-06","Sparky","488236","395376","92860"
"2009-02-07","Sparky","164578","150099","14479"
"2009-02-08","Sparky","15643","14978","665"
"2009-02-09","Sparky","31553","30429","1124"
"2009-02-10","Sparky","110279","104063","6216"
"2009-02-11","Sparky","115389","108791","6598"
"2009-02-12","Sparky","88441","81523","6918"
"2009-02-13","Sparky","580208","479576","100632"
"2009-02-14","Sparky","107830","101927","5903"
"2009-02-15","Sparky","72553","67275","5278"
"2009-02-16","Sparky","34444","32826","1618"
"2009-02-17","Sparky","84993","76315","8678"
"2009-02-18","Sparky","20217","18488","1729"
"2009-02-19","Sparky","51442","48687","2755"
"2009-02-20","Sparky","52413","50200","2213"
"2009-02-21","Sparky","47404","45875","1529"
"2009-02-22","Sparky","53612","49251","4361"
"2009-02-23","Sparky","66092","62138","3954"
"2009-02-24","Sparky","95769","87261","8508"
"2009-02-25","Sparky","527511","431920","95591"
"2009-02-26","Sparky","6145","5952","193"
"2009-02-27","Sparky","41043","37916","3127"
"2009-02-28","Sparky","30736","28325","2411"
"2009-03-01","Sparky","106264","100345","5919"
"2009-03-02","Sparky","9975","9386","589"
"2009-03-03","Sparky","105372","96298","9074"
"2009-03-04","Sparky","159687","149024","10663"
"2009-03-05","Sparky","53904","50026","3878"
"2009-03-06","Sparky","54543","51275","3268"
"2009-03-07","Sparky","12278","11378","900"
"2009-03-08","Sparky","57884","53674","4210"
"2009-03-09","Sparky","114380","106670","7710"
"2009-03-10","Sparky","62054","56563","5491"
"2009-03-11","Sparky","35174","32369","2805"
"2009-03-12","Sparky","44064","41994","2070"
"2009-03-13","Sparky","62853","57172","5681"
"2009-03-14","Sparky","61197","56166","5031"
"2009-03-15","Sparky","78690","72511","6179"
"2009-03-16","Sparky","49202","46432","2770"
"2009-03-17","Sparky","49952","46806","3146"
"2009-03-18","Sparky","1048737","858304","190433"
"2009-03-19","Sparky","29774","27738","2036"
"2009-03-20","Sparky","65338","59712","5626"
"2009-03-21","Sparky","105569","98974","6595"
"2009-03-22","Sparky","63229","61197","2032"
"2009-03-23","Sparky","40274","38176","2098"
"2009-03-24","Sparky","102309","95926","6383"
"2009-03-25","Sparky","59313","56562","2751"
"2009-03-26","Sparky","54072","50778","3294"
"2009-03-27","Sparky","33156","31341","1815"
"2009-03-28","Sparky","93108","86338","6770"
"2009-03-29","Sparky","112242","101709","10533"
"2009-03-30","Sparky","502382","409168","93214"
"2009-03-31","Sparky","551649","454628","97021"
"2009-04-01","Sparky","75333","69516","5817"
"2009-04-02","Sparky","63312","59827","3485"
"2009-04-03","Sparky","51233","47262","3971"
"2009-04-04","Sparky","38503","36020","2483"
"2009-04-05","Sparky","41004","38724","2280"
"2009-04-06","Sparky","50673","46201","4472"
"2009-04-07","Sparky","116080","107177","8903"
"2009-04-08","Sparky","71771","67517","4254"
"2009-04-09","Sparky","98029","90558","7471"
"2009-04-10","Sparky","41153","38414","2739"
"2009-04-11","Sparky","61672","56614","5058"
"2009-04-12","Sparky","66983","62195","4788"
"2009-04-13","Sparky","528871","433924","94947"
"2009-04-14","Sparky","82562","74320","8242"
"2009-04-15","Sparky","70302","65326","4976"
"2009-04-16","Sparky","57870","53700","4170"
"2009-04-17","Sparky","90460","84955","5505"
"2009-04-18","Sparky","86574","77122","9452"
"2009-04-19","Sparky","54372","50593","3779"
"2009-04-20","Sparky","10266","9343","923"
"2009-04-21","Sparky","104329","97828","6501"
"2009-04-22","Sparky","38264","34914","3350"
"2009-04-23","Sparky","52950","48801","4149"
"2009-04-24","Sparky","48785","44112","4673"
"2009-04-25","Sparky","135408","125403","10005"
"2009-04-26","Sparky","30510","27825","2685"
"2009-04-27","Sparky","82341","76374","5967"
"2009-04-28","Sparky","62472","56853","5619"
"2009-04-29","Sparky","521453","428401","93052"
"2009-04-30","Sparky","55555","51228","4327"
"2009-05-01","Sparky","64650","60864","3786"
"2009-05-02","Sparky","81491","74711","6780"
"2009-05-03","Sparky","57889","54644","3245"
"2009-05-04","Sparky","75504","68723","6781"
"2009-05-05","Sparky","44983","43833","1150"
"2009-05-06","Sparky","41113","39300","1813"
"2009-05-07","Sparky","74443","69496","4947"
"2009-05-08","Sparky","571935","474495","97440"
"2009-05-09","Sparky","73614","66444","7170"
"2009-05-10","Sparky","62818","57180","5638"
"2009-05-11","Sparky","24585","23861","724"
"2009-05-12","Sparky","570228","471521","98707"
"2009-05-13","Sparky","85878","80259","5619"
"2009-05-14","Sparky","95480","90273","5207"
"2009-05-15","Sparky","48015","45390","2625"
"2009-05-16","Sparky","118630","113235","5395"
"2009-05-17","Sparky","38503","36020","2483"
"2009-05-18","Sparky","86748","82385","4363"
"2009-05-19","Sparky","34504","31531","2973"
"2009-05-20","Sparky","501200","407450","93750"
"2009-05-21","Sparky","61094","56896","4198"
"2009-05-22","Sparky","44843","40975","3868"
"2009-05-23","Sparky","979153","795921","183232"
"2009-05-24","Sparky","515382","421763","93619"
"2009-05-25","Sparky","526832","430584","96248"
"2009-05-26","Sparky","75562","70509","5053"
"2009-05-27","Sparky","40542","39546","996"
"2009-05-28","Sparky","87918","80882","7036"
"2009-05-29","Sparky","526029","431578","94451"
"2009-05-30","Sparky","552021","456985","95036"
"2009-05-31","Sparky","522264","428086","94178"
"2009-06-01","Sparky","67832","63507","4325"
"2009-06-02","Sparky","26144","23967","2177"
"2009-06-03","Sparky","91079","84491","6588"
"2009-06-04","Sparky","639068","533907","105161"
"2009-06-05","Sparky","113997","104431","9566"
"2009-06-06","Sparky","77480","73110","4370"
"2009-06-07","Sparky","566800","468283","98517"
"2009-06-08","Sparky","523449","427556","95893"
"2009-06-09","Sparky","103375","97944","5431"
"2009-06-10","Sparky","53432","48979","4453"
"2009-06-11","Sparky","150958","139585","11373"
"2009-06-12","Sparky","53722","51497","2225"
"2009-06-13","Sparky","57371","55028","2343"
"2009-06-14","Sparky","98828","91261","7567"
"2009-06-15","Sparky","64122","60695","3427"
"2009-06-16","Sparky","538499","443506","94993"
"2009-06-17","Sparky","516570","421869","94701"
"2009-06-18","Sparky","28746","26741","2005"
"2009-06-19","Sparky","601534","502603","98931"
"2009-06-20","Sparky","88184","82620","5564"
"2009-06-21","Sparky","538372","443798","94574"
"2009-06-22","Sparky","86322","79715","6607"
"2009-06-23","Sparky","126397","117581","8816"
"2009-06-24","Sparky","569946","474258","95688"
"2009-06-25","Sparky","22174","20423","1751"
"2009-06-26","Sparky","61521","57552","3969"
"2009-06-27","Sparky","142134","130303","11831"
"2009-06-28","Sparky","1012547","825688","186859"
"2009-06-29","Sparky","532809","435798","97011"
"2009-06-30","Sparky","130522","119807","10715"
"2009-07-01","Sparky","1040408","849766","190642"
"2009-07-02","Sparky","71793","66812","4981"
"2009-07-03","Sparky","77073","71825","5248"
"2009-07-04","Sparky","32583","29853","2730"
"2009-07-05","Sparky","54990","51142","3848"
"2009-07-06","Sparky","598478","501191","97287"
"2009-07-07","Sparky","81098","74563","6535"
"2009-07-08","Sparky","124065","113280","10785"
"2009-07-09","Sparky","56294","52917","3377"
"2009-07-10","Sparky","540247","444360","95887"
"2009-07-11","Sparky","66841","64832","2009"
"2009-07-12","Sparky","100818","93429","7389"
"2009-07-13","Sparky","542017","446901","95116"
"2009-07-14","Sparky","43304","42058","1246"
"2009-07-15","Sparky","83997","79655","4342"
"2009-07-16","Sparky","82059","75769","6290"
"2009-07-17","Sparky","553035","456432","96603"
"2009-07-18","Sparky","58932","56460","2472"
"2009-07-19","Sparky","52981","51296","1685"
"2009-07-20","Sparky","536480","440047","96433"
"2009-07-21","Sparky","596667","497343","99324"
"2009-07-22","Sparky","93221","89677","3544"
"2009-07-23","Sparky","60659","56122","4537"
"2009-07-24","Sparky","512861","418726","94135"
"2009-07-25","Sparky","1021360","833677","187683"
"2009-07-26","Sparky","1015678","826731","188947"
"2009-07-27","Sparky","48522","45216","3306"
"2009-07-28","Sparky","99846","93438","6408"
"2009-07-29","Sparky","44914","41723","3191"
"2009-07-30","Sparky","1026307","836625","189682"
"2009-07-31","Sparky","631325","525071","106254"
"2009-08-01","Sparky","556966","459839","97127"
"2009-08-02","Sparky","79357","73223","6134"
"2009-08-03","Sparky","117236","108800","8436"
"2009-08-04","Sparky","598206","497910","100296"
"2009-08-05","Sparky","543007","447623","95384"
"2009-08-06","Sparky","536296","440201","96095"
"2009-08-07","Sparky","530358","437202","93156"
"2009-08-08","Sparky","982749","798099","184650"
"2009-08-09","Sparky","82747","76424","6323"
"2009-08-10","Sparky","137616","124641","12975"
"2009-08-11","Sparky","84319","77831","6488"
"2009-08-12","Sparky","136322","125318","11004"
"2009-08-13","Sparky","68501","64465","4036"
"2009-08-14","Sparky","994742","808158","186584"
"2009-08-15","Sparky","117667","108070","9597"
"2009-08-16","Sparky","1023158","834343","188815"
"2009-08-17","Sparky","646513","543062","103451"
"2009-08-18","Sparky","619955","520010","99945"
"2009-08-19","Sparky","68847","65872","2975"
"2009-08-20","Sparky","95317","89270","6047"
"2009-08-21","Sparky","72190","67534","4656"
"2009-08-22","Sparky","1022778","835778","187000"
"2009-08-23","Sparky","42874","41707","1167"
"2009-08-24","Sparky","120986","111434","9552"
"2009-08-25","Sparky","67776","65910","1866"
"2009-08-26","Sparky","95499","87300","8199"
"2009-08-27","Sparky","75863","69496","6367"
"2009-08-28","Sparky","67102","62451","4651"
"2009-08-29","Sparky","51756","48430","3326"
"2009-08-30","Sparky","106058","96939","9119"
"2009-08-31","Sparky","69221","65009","4212"
"2009-09-01","Sparky","539540","443040","96500"
"2009-09-02","Sparky","132466","125083","7383"
"2009-09-03","Sparky","1006279","819630","186649"
"2009-09-04","Sparky","70293","66999","3294"
"2009-09-05","Sparky","49621","45485","4136"
"2009-09-06","Sparky","53235","49481","3754"
"2009-09-07","Sparky","37824","35040","2784"
"2009-09-08","Sparky","87811","82049","5762"
"2009-09-09","Sparky","1454142","1176737","277405"
"2009-09-10","Sparky","76910","71178","5732"
"2009-09-11","Sparky","81448","78034","3414"
"2009-09-12","Sparky","92778","87404","5374"
"2009-09-13","Sparky","103404","96576","6828"
"2009-09-14","Sparky","57403","53324","4079"
"2009-09-15","Sparky","518463","426600","91863"
"2009-09-16","Sparky","148768","139769","8999"
"2009-09-17","Sparky","579310","480048","99262"
"2009-09-18","Sparky","122264","114427","7837"
"2009-09-19","Sparky","548789","452890","95899"
"2009-09-20","Sparky","116229","109123","7106"
"2009-09-21","Sparky","94092","86220","7872"
"2009-09-22","Sparky","52874","48144","4730"
"2009-09-23","Sparky","534130","438925","95205"
"2009-09-24","Sparky","612570","512299","100271"
"2009-09-25","Sparky","38952","35971","2981"
"2009-09-26","Sparky","188936","175869","13067"
"2009-09-27","Sparky","40399","38674","1725"
"2009-09-28","Sparky","586005","486343","99662"
"2009-09-29","Sparky","568126","469746","98380"
"2009-09-30","Sparky","144463","134220","10243"
"2009-10-01","Sparky","85690","81794","3896"
"2009-10-02","Sparky","107977","101505","6472"
"2009-10-03","Sparky","108278","99517","8761"
"2009-10-04","Sparky","73054","66729","6325"
"2009-10-05","Sparky","510011","415082","94929"
"2009-10-06","Sparky","540771","447406","93365"
"2009-10-07","Sparky","523339","430432","92907"
"2009-10-08","Sparky","72131","67389","4742"
"2009-10-09","Sparky","80992","76426","4566"
"2009-10-10","Sparky","80581","73791","6790"
"2009-10-11","Sparky","38444","36330","2114"
"2009-10-12","Sparky","93619","89534","4085"
"2009-10-13","Sparky","26607","25983","624"
"2009-10-14","Sparky","60424","57850","2574"
"2009-10-15","Sparky","37104","33962","3142"
"2009-10-16","Sparky","1021227","836089","185138"
"2009-10-17","Sparky","139464","131004","8460"
"2009-10-18","Sparky","686080","580140","105940"
"2009-10-19","Sparky","144094","135961","8133"
"2009-10-20","Sparky","72362","67233","5129"
"2009-10-21","Sparky","69523","65961","3562"
"2009-10-22","Sparky","37104","35248","1856"
"2009-10-23","Sparky","8557","8154","403"
"2009-10-24","Sparky","31033","29889","1144"
"2009-10-25","Sparky","100175","92377","7798"
"2009-10-26","Sparky","65563","62543","3020"
"2009-10-27","Sparky","148214","137665","10549"
"2009-10-28","Sparky","119376","110243","9133"
"2009-10-29","Sparky","58714","53498","5216"
"2009-10-30","Sparky","24874","23331","1543"
"2009-10-31","Sparky","141718","129574","12144"
"2009-11-01","Sparky","544846","449820","95026"
"2009-11-02","Sparky","1018009","830041","187968"
"2009-11-03","Sparky","145977","135208","10769"
"2009-11-04","Sparky","491094","399466","91628"
"2009-11-05","Sparky","128385","121676","6709"
"2009-11-06","Sparky","89735","84557","5178"
"2009-11-07","Sparky","593086","495482","97604"
"2009-11-08","Sparky","596436","494853","101583"
"2009-11-09","Sparky","86153","78615","7538"
"2009-11-10","Sparky","492061","399619","92442"
"2009-11-11","Sparky","549251","451184","98067"
"2009-11-12","Sparky","1032674","844424","188250"
"2009-11-13","Sparky","64390","59902","4488"
"2009-11-14","Sparky","58929","55815","3114"
"2009-11-15","Sparky","45140","41915","3225"
"2009-11-16","Sparky","69937","65503","4434"
"2009-11-17","Sparky","541090","447361","93729"
"2009-11-18","Sparky","55143","51260","3883"
"2009-11-19","Sparky","633812","534505","99307"
"2009-11-20","Sparky","52035","49010","3025"
"2009-11-21","Sparky","128558","118161","10397"
"2009-11-22","Sparky","56437","51374","5063"
"2009-11-23","Sparky","129865","122610","7255"
"2009-11-24","Sparky","84312","76981","7331"
"2009-11-25","Sparky","108708","103089","5619"
"2009-11-26","Sparky","146222","136274","9948"
"2009-11-27","Sparky","109903","101883","8020"
"2009-11-28","Sparky","507939","414251","93688"
"2009-11-29","Sparky","147243","135406","11837"
"2009-11-30","Sparky","89089","82188","6901"
"2009-12-01","Sparky","95355","88125","7230"
"2009-12-02","Sparky","83930","78745","5185"
"2009-12-03","Sparky","538540","443725","94815"
"2009-12-04","Sparky","49033","46311","2722"
"2009-12-05","Sparky","81537","74941","6596"
"2009-12-06","Sparky","72980","68277","4703"
"2009-12-07","Sparky","559475","461766","97709"
"2009-12-08","Sparky","606514","503776","102738"
"2009-12-09","Sparky","45643","41804","3839"
"2009-12-10","Sparky","64858","59947","4911"
"2009-12-11","Sparky","123198","114366","8832"
"2009-12-12","Sparky","566528","468602","97926"
"2009-12-13","Sparky","94964","90521","4443"
"2009-12-14","Sparky","67639","63183","4456"
"2009-12-15","Sparky","45986","43121","2865"
"2009-12-16","Sparky","596763","496980","99783"
"2009-12-17","Sparky","78487","73792","4695"
"2009-12-18","Sparky","520399","427561","92838"
"2009-12-19","Sparky","540642","444990","95652"
"2009-12-20","Sparky","524562","430614","93948"
"2009-12-21","Sparky","563454","466700","96754"
"2009-12-22","Sparky","141089","132251","8838"
"2009-12-23","Sparky","83899","76873","7026"
"2009-12-24","Sparky","1014119","825343","188776"
"2009-12-25","Sparky","535478","441825","93653"
"2009-12-26","Sparky","545439","447290","98149"
"2009-12-27","Sparky","51990","49661","2329"
"2009-12-28","Sparky","120087","113832","6255"
"2009-12-29","Sparky","96817","91103","5714"
"2009-12-30","Sparky","547517","451128","96389"
"2009-12-31","Sparky","102149","97022","5127"
"2010-01-01","Sparky","95666","91194","4472"
"2010-01-02","Sparky","160095","148488","11607"
"2010-01-03","Sparky","578873","480506","98367"
"2010-01-04","Sparky","138315","127786","10529"
"2010-01-05","Sparky","158564","150195","8369"
"2010-01-06","Sparky","160683","148319","12364"
"2010-01-07","Sparky","74364","69441","4923"
"2010-01-08","Sparky","77810","72171","5639"
"2010-01-09","Sparky","104190","97231","6959"
"2010-01-10","Sparky","649839","545982","103857"
"2010-01-11","Sparky","96008","87526","8482"
"2010-01-12","Sparky","73649","66955","6694"
"2010-01-13","Sparky","531882","437272","94610"
"2010-01-14","Sparky","1080089","889100","190989"
"2010-01-15","Sparky","104615","98665","5950"
"2010-01-16","Sparky","216878","205910","10968"
"2010-01-17","Sparky","120604","112865","7739"
"2010-01-18","Sparky","135744","127217","8527"
"2010-01-19","Sparky","572518","474718","97800"
"2010-01-20","Sparky","145502","136768","8734"
"2010-01-21","Sparky","580203","482957","97246"
"2010-01-22","Sparky","129922","122262","7660"
"2010-01-23","Sparky","104835","96885","7950"
"2010-01-24","Sparky","182543","168583","13960"
"2010-01-25","Sparky","127518","120736","6782"
"2010-01-26","Sparky","165737","158542","7195"
"2010-01-27","Sparky","1113751","917896","195855"
"2010-01-28","Sparky","526721","430671","96050"
"2010-01-29","Sparky","570622","472245","98377"
"2010-01-30","Sparky","586786","491361","95425"
"2010-01-31","Sparky","127322","120046","7276"
"2010-02-01","Sparky","538589","442577","96012"
"2010-02-02","Sparky","84894","78222","6672"
"2010-02-03","Sparky","198495","187972","10523"
"2010-02-04","Sparky","88639","82428","6211"
"2010-02-05","Sparky","145367","134277","11090"
"2010-02-06","Sparky","86587","81106","5481"
"2010-02-07","Sparky","1011478","823130","188348"
"2010-02-08","Sparky","49883","47034","2849"
"2010-02-09","Sparky","181526","167418","14108"
"2010-02-10","Sparky","150020","137431","12589"
"2010-02-11","Sparky","23232","21778","1454"
"2010-02-12","Sparky","561894","462497","99397"
"2010-02-13","Sparky","120504","112202","8302"
"2010-02-14","Sparky","571785","472577","99208"
"2010-02-15","Sparky","141606","130900","10706"
"2010-02-16","Sparky","147559","138697","8862"
"2010-02-17","Sparky","525166","430670","94496"
"2010-02-18","Sparky","105257","95660","9597"
"2010-02-19","Sparky","60252","56955","3297"
"2010-02-20","Sparky","139098","129174","9924"
"2010-02-21","Sparky","577080","479421","97659"
"2010-02-22","Sparky","69601","65674","3927"
"2010-02-23","Sparky","608029","507782","100247"
"2010-02-24","Sparky","634271","532352","101919"
"2010-02-25","Sparky","41874","39468","2406"
"2010-02-26","Sparky","95681","89369","6312"
"2010-02-27","Sparky","65360","60415","4945"
"2010-02-28","Sparky","654522","552809","101713"
"2010-03-01","Sparky","539666","442549","97117"
"2010-03-02","Sparky","79228","73993","5235"
"2010-03-03","Sparky","98742","91322","7420"
"2010-03-04","Sparky","118998","109947","9051"
"2010-03-05","Sparky","621237","521543","99694"
"2010-03-06","Sparky","151731","141669","10062"
"2010-03-07","Sparky","191066","178581","12485"
"2010-03-08","Sparky","59918","56756","3162"
"2010-03-09","Sparky","113898","106168","7730"
"2010-03-10","Sparky","116088","106109","9979"
"2010-03-11","Sparky","156741","142660","14081"
"2010-03-12","Sparky","54470","51500","2970"
"2010-03-13","Sparky","1159894","961301","198593"
"2010-03-14","Sparky","91464","83611","7853"
"2010-03-15","Sparky","170881","156444","14437"
"2010-03-16","Sparky","106876","102072","4804"
"2010-03-17","Sparky","157024","149289","7735"
"2010-03-18","Sparky","93667","86049","7618"
"2010-03-19","Sparky","102093","93385","8708"
"2010-03-20","Sparky","195854","181558","14296"
"2010-03-21","Sparky","157911","145648","12263"
"2010-03-22","Sparky","89169","83213","5956"
"2010-03-23","Sparky","582068","483182","98886"
"2010-03-24","Sparky","82414","77925","4489"
"2010-03-25","Sparky","127505","119959","7546"
"2010-03-26","Sparky","63808","60059","3749"
"2010-03-27","Sparky","89138","82815","6323"
"2010-03-28","Sparky","96408","91482","4926"
"2010-03-29","Sparky","109824","103093","6731"
"2010-03-30","Sparky","119427","109556","9871"
"2010-03-31","Sparky","731403","619819","111584"
"2010-04-01","Sparky","137984","131037","6947"
"2010-04-02","Sparky","213382","198665","14717"
"2010-04-03","Sparky","1080714","889681","191033"
"2010-04-04","Sparky","632969","529935","103034"
"2010-04-05","Sparky","587925","489978","97947"
"2010-04-06","Sparky","69877","64201","5676"
"2010-04-07","Sparky","621609","520870","100739"
"2010-04-08","Sparky","536080","439993","96087"
"2010-04-09","Sparky","143812","135631","8181"
"2010-04-10","Sparky","567453","469355","98098"
"2010-04-11","Sparky","164098","154370","9728"
"2010-04-12","Sparky","546729","450458","96271"
"2010-04-13","Sparky","141109","131673","9436"
"2010-04-14","Sparky","157253","145651","11602"
"2010-04-15","Sparky","595775","497379","98396"
"2010-04-16","Sparky","86168","82054","4114"
"2010-04-17","Sparky","88774","81700","7074"
"2010-04-18","Sparky","112010","104551","7459"
"2010-04-19","Sparky","579019","481262","97757"
"2010-04-20","Sparky","196812","180566","16246"
"2010-04-21","Sparky","127997","122433","5564"
"2010-04-22","Sparky","149854","137622","12232"
"2010-04-23","Sparky","568577","470231","98346"
"2010-04-24","Sparky","163252","152793","10459"
"2010-04-25","Sparky","153865","142033","11832"
"2010-04-26","Sparky","1072906","883405","189501"
"2010-04-27","Sparky","623164","521606","101558"
"2010-04-28","Sparky","217740","202659","15081"
"2010-04-29","Sparky","77062","73217","3845"
"2010-04-30","Sparky","576140","477693","98447"
"2010-05-01","Sparky","158817","149412","9405"
"2010-05-02","Sparky","569718","471989","97729"
"2010-05-03","Sparky","133176","122003","11173"
"2010-05-04","Sparky","116491","108397","8094"
"2010-05-05","Sparky","119900","109669","10231"
"2010-05-06","Sparky","170202","161842","8360"
"2010-05-07","Sparky","153672","142171","11501"
"2010-05-08","Sparky","85611","79250","6361"
"2010-05-09","Sparky","577587","477172","100415"
"2010-05-10","Sparky","577495","478389","99106"
"2010-05-11","Sparky","93814","86521","7293"
"2010-05-12","Sparky","632303","526192","106111"
"2010-05-13","Sparky","644689","540198","104491"
"2010-05-14","Sparky","62779","59984","2795"
"2010-05-15","Sparky","147730","135419","12311"
"2010-05-16","Sparky","1128769","934600","194169"
"2010-05-17","Sparky","138152","129999","8153"
"2010-05-18","Sparky","52391","49157","3234"
"2010-05-19","Sparky","177476","165597","11879"
"2010-05-20","Sparky","614601","512902","101699"
"2010-05-21","Sparky","195950","181759","14191"
"2010-05-22","Sparky","144863","133052","11811"
"2010-05-23","Sparky","592725","492904","99821"
"2010-05-24","Sparky","625943","526066","99877"
"2010-05-25","Sparky","105230","96608","8622"
"2010-05-26","Sparky","61977","58492","3485"
"2010-05-27","Sparky","83351","77836","5515"
"2010-05-28","Sparky","580349","481967","98382"
"2010-05-29","Sparky","719601","611111","108490"
"2010-05-30","Sparky","117322","107444","9878"
"2010-05-31","Sparky","235929","220944","14985"
"2010-06-01","Sparky","1114240","920131","194109"
"2010-06-02","Sparky","635686","532662","103024"
"2010-06-03","Sparky","299531","278700","20831"
"2010-06-04","Sparky","599726","499033","100693"
"2010-06-05","Sparky","754125","641888","112237"
"2010-06-06","Sparky","672626","569695","102931"
"2010-06-07","Sparky","1200213","1000719","199494"
"2010-06-08","Sparky","792301","681728","110573"
"2010-06-09","Sparky","1260895","1058365","202530"
"2010-06-10","Sparky","692902","589073","103829"
"2010-06-11","Sparky","699394","595766","103628"
"2010-06-12","Sparky","671560","568829","102731"
"2010-06-13","Sparky","312246","286529","25717"
"2010-06-14","Sparky","634038","530723","103315"
"2010-06-15","Sparky","604364","505679","98685"
"2010-06-16","Sparky","243795","224668","19127"
"2010-06-17","Sparky","1153824","956320","197504"
"2010-06-18","Sparky","237431","220496","16935"
"2010-06-19","Sparky","249579","233411","16168"
"2010-06-20","Sparky","1116216","920086","196130"
"2010-06-21","Sparky","695280","590253","105027"
"2010-06-22","Sparky","672133","566209","105924"
"2010-06-23","Sparky","1155695","961839","193856"
"2010-06-24","Sparky","224730","209357","15373"
"2010-06-25","Sparky","683552","578613","104939"
"2010-06-26","Sparky","215148","200628","14520"
"2010-06-27","Sparky","1241487","1042260","199227"
"2010-06-28","Sparky","741629","633264","108365"
"2010-06-29","Sparky","182850","170279","12571"
"2010-06-30","Sparky","1124335","927885","196450"
"2010-07-01","Sparky","731133","621954","109179"
"2010-07-02","Sparky","782121","667632","114489"
"2010-07-03","Sparky","305680","285760","19920"
"2010-07-04","Sparky","1673501","1383114","290387"
"2010-07-05","Sparky","675855","570408","105447"
"2010-07-06","Sparky","176295","162647","13648"
"2010-07-07","Sparky","748149","640412","107737"
"2010-07-08","Sparky","404909","376911","27998"
"2010-07-09","Sparky","1184210","981384","202826"
"2010-07-10","Sparky","234287","219699","14588"
"2010-07-11","Sparky","694379","584907","109472"
"2010-07-12","Sparky","243077","228387","14690"
"2010-07-13","Sparky","159608","148816","10792"
"2010-07-14","Sparky","768402","656464","111938"
"2010-07-15","Sparky","716011","609438","106573"
"2010-07-16","Sparky","694856","587535","107321"
"2010-07-17","Sparky","692347","585761","106586"
"2010-07-18","Sparky","676393","566469","109924"
"2010-07-19","Sparky","577569","479003","98566"
"2010-07-20","Sparky","1676322","1389291","287031"
"2010-07-21","Sparky","670749","569035","101714"
"2010-07-22","Sparky","183571","170141","13430"
"2010-07-23","Sparky","206118","191299","14819"
"2010-07-24","Sparky","181133","171314","9819"
"2010-07-25","Sparky","153716","143176","10540"
"2010-07-26","Sparky","674426","570747","103679"
"2010-07-27","Sparky","123010","114692","8318"
"2010-07-28","Sparky","243934","228508","15426"
"2010-07-29","Sparky","686316","581661","104655"
"2010-07-30","Sparky","253129","235212","17917"
"2010-07-31","Sparky","271258","252110","19148"
"2010-08-01","Sparky","1169195","971908","197287"
"2010-08-02","Sparky","192193","178472","13721"
"2010-08-03","Sparky","129722","119243","10479"
"2010-08-04","Sparky","713582","607791","105791"
"2010-08-05","Sparky","293405","274392","19013"
"2010-08-06","Sparky","197192","183987","13205"
"2010-08-07","Sparky","308644","285918","22726"
"2010-08-08","Sparky","670473","565958","104515"
"2010-08-09","Sparky","653585","551720","101865"
"2010-08-10","Sparky","288876","273564","15312"
"2010-08-11","Sparky","172792","161608","11184"
"2010-08-12","Sparky","651078","549350","101728"
"2010-08-13","Sparky","731451","626051","105400"
"2010-08-14","Sparky","253668","238836","14832"
"2010-08-15","Sparky","124842","114654","10188"
"2010-08-16","Sparky","1236564","1032857","203707"
"2010-08-17","Sparky","715638","605143","110495"
"2010-08-18","Sparky","704452","596055","108397"
"2010-08-19","Sparky","239787","227042","12745"
"2010-08-20","Sparky","242961","228916","14045"
"2010-08-21","Sparky","270062","250107","19955"
"2010-08-22","Sparky","236553","222078","14475"
"2010-08-23","Sparky","190424","176614","13810"
"2010-08-24","Sparky","273251","249846","23405"
"2010-08-25","Sparky","733331","627636","105695"
"2010-08-26","Sparky","737897","625093","112804"
"2010-08-27","Sparky","1557834","1274429","283405"
"2010-08-28","Sparky","183289","168487","14802"
"2010-08-29","Sparky","224821","210611","14210"
"2010-08-30","Sparky","1253749","1051115","202634"
"2010-08-31","Sparky","249272","231228","18044"
"2010-09-01","Sparky","261144","241586","19558"
"2010-09-02","Sparky","100001","93156","6845"
"2010-09-03","Sparky","1584248","1297049","287199"
"2010-09-04","Sparky","281143","260304","20839"
"2010-09-05","Sparky","316088","298176","17912"
"2010-09-06","Sparky","225618","208288","17330"
"2010-09-07","Sparky","207345","192578","14767"
"2010-09-08","Sparky","686222","576625","109597"
"2010-09-09","Sparky","138920","130065","8855"
"2010-09-10","Sparky","664053","558024","106029"
"2010-09-11","Sparky","130077","121684","8393"
"2010-09-12","Sparky","750310","638982","111328"
"2010-09-13","Sparky","213271","202040","11231"
"2010-09-14","Sparky","1088585","895819","192766"
"2010-09-15","Sparky","158270","148635","9635"
"2010-09-16","Sparky","621069","522868","98201"
"2010-09-17","Sparky","152599","141493","11106"
"2010-09-18","Sparky","307324","284246","23078"
"2010-09-19","Sparky","722635","617420","105215"
"2010-09-20","Sparky","242277","226943","15334"
"2010-09-21","Sparky","720480","612497","107983"
"2010-09-22","Sparky","174011","162814","11197"
"2010-09-23","Sparky","672969","570535","102434"
"2010-09-24","Sparky","611112","512732","98380"
"2010-09-25","Sparky","674226","567047","107179"
"2010-09-26","Sparky","277887","257171","20716"
"2010-09-27","Sparky","225419","210367","15052"
"2010-09-28","Sparky","1666728","1377410","289318"
"2010-09-29","Sparky","202443","186799","15644"
"2010-09-30","Sparky","221653","204979","16674"
"2010-10-01","Sparky","715987","610481","105506"
"2010-10-02","Sparky","178437","165156","13281"
"2010-10-03","Sparky","257027","241527","15500"
"2010-10-04","Sparky","1206357","1006508","199849"
"2010-10-05","Sparky","627186","527133","100053"
"2010-10-06","Sparky","331927","307255","24672"
"2010-10-07","Sparky","720360","616077","104283"
"2010-10-08","Sparky","659362","552521","106841"
"2010-10-09","Sparky","679539","573738","105801"
"2010-10-10","Sparky","243302","223600","19702"
"2010-10-11","Sparky","635890","534732","101158"
"2010-10-12","Sparky","159077","149651","9426"
"2010-10-13","Sparky","374477","351493","22984"
"2010-10-14","Sparky","1107703","916728","190975"
"2010-10-15","Sparky","645958","542327","103631"
"2010-10-16","Sparky","195393","182740","12653"
"2010-10-17","Sparky","1222558","1017912","204646"
"2010-10-18","Sparky","1068561","877086","191475"
"2010-10-19","Sparky","1688206","1396436","291770"
"2010-10-20","Sparky","715456","610291","105165"
"2010-10-21","Sparky","305762","286965","18797"
"2010-10-22","Sparky","652271","549972","102299"
"2010-10-23","Sparky","667731","559053","108678"
"2010-10-24","Sparky","2060351","1683421","376930"
"2010-10-25","Sparky","771247","661484","109763"
"2010-10-26","Sparky","719861","614104","105757"
"2010-10-27","Sparky","742070","635146","106924"
"2010-10-28","Sparky","718898","610712","108186"
"2010-10-29","Sparky","1029308","842345","186963"
"2010-10-30","Sparky","193483","178287","15196"
"2010-10-31","Sparky","205376","190637","14739"
"2010-11-01","Sparky","202037","188899","13138"
"2010-11-02","Sparky","182550","169522","13028"
"2010-11-03","Sparky","367937","339935","28002"
"2010-11-04","Sparky","1624191","1337232","286959"
"2010-11-05","Sparky","232878","217598","15280"
"2010-11-06","Sparky","588635","491033","97602"
"2010-11-07","Sparky","684674","577470","107204"
"2010-11-08","Sparky","207974","193308","14666"
"2010-11-09","Sparky","723526","617732","105794"
"2010-11-10","Sparky","177491","163842","13649"
"2010-11-11","Sparky","243048","230696","12352"
"2010-11-12","Sparky","155065","146283","8782"
"2010-11-13","Sparky","207665","197052","10613"
"2010-11-14","Sparky","281971","261268","20703"
"2010-11-15","Sparky","719453","610228","109225"
"2010-11-16","Sparky","1225455","1024257","201198"
"2010-11-17","Sparky","170786","157879","12907"
"2010-11-18","Sparky","198739","184476","14263"
"2010-11-19","Sparky","2016182","1642437","373745"
"2010-11-20","Sparky","166039","158967","7072"
"2010-11-21","Sparky","301109","280378","20731"
"2010-11-22","Sparky","640838","535256","105582"
"2010-11-23","Sparky","1095616","904097","191519"
"2010-11-24","Sparky","254297","237688","16609"
"2010-11-25","Sparky","1172076","973973","198103"
"2010-11-26","Sparky","302824","286109","16715"
"2010-11-27","Sparky","216281","198873","17408"
"2010-11-28","Sparky","1641573","1352458","289115"
"2010-11-29","Sparky","245246","225869","19377"
"2010-11-30","Sparky","244337","232117","12220"
"2010-12-01","Sparky","221356","201937","19419"
"2010-12-02","Sparky","184879","172151","12728"
"2010-12-03","Sparky","717376","608409","108967"
"2010-12-04","Sparky","208614","195477","13137"
"2010-12-05","Sparky","1251940","1045716","206224"
"2010-12-06","Sparky","776746","666667","110079"
"2010-12-07","Sparky","183822","170579","13243"
"2010-12-08","Sparky","222144","205142","17002"
"2010-12-09","Sparky","219968","204994","14974"
"2010-12-10","Sparky","637980","537736","100244"
"2010-12-11","Sparky","161840","154172","7668"
"2010-12-12","Sparky","288769","267019","21750"
"2010-12-13","Sparky","189664","179418","10246"
"2010-12-14","Sparky","288351","266499","21852"
"2010-12-15","Sparky","214274","199209","15065"
"2010-12-16","Sparky","623913","524074","99839"
"2010-12-17","Sparky","1177631","981053","196578"
"2010-12-18","Sparky","764116","653910","110206"
"2010-12-19","Sparky","204706","190405","14301"
"2010-12-20","Sparky","1180525","980207","200318"
"2010-12-21","Sparky","252561","237230","15331"
"2010-12-22","Sparky","738825","630373","108452"
"2010-12-23","Sparky","206969","194875","12094"
"2010-12-24","Sparky","343791","319982","23809"
"2010-12-25","Sparky","1187548","990404","197144"
"2010-12-26","Sparky","670839","567331","103508"
"2010-12-27","Sparky","1148358","954463","193895"
"2010-12-28","Sparky","1141764","946062","195702"
"2010-12-29","Sparky","1117388","921237","196151"
"2010-12-30","Sparky","193464","181601","11863"
"2010-12-31","Sparky","1524575","1243490","281085"
"2011-01-01","Sparky","295015","276949","18066"
"2011-01-02","Sparky","285644","266779","18865"
"2011-01-03","Sparky","1257134","1051297","205837"
"2011-01-04","Sparky","758511","646104","112407"
"2011-01-05","Sparky","779416","666147","113269"
"2011-01-06","Sparky","1202257","1003680","198577"
"2011-01-07","Sparky","191218","180567","10651"
"2011-01-08","Sparky","1187988","986946","201042"
"2011-01-09","Sparky","1174060","975720","198340"
"2011-01-10","Sparky","732201","628705","103496"
"2011-01-11","Sparky","793315","680206","113109"
"2011-01-12","Sparky","1179664","980538","199126"
"2011-01-13","Sparky","1144231","953309","190922"
"2011-01-14","Sparky","660072","556183","103889"
"2011-01-15","Sparky","738950","628358","110592"
"2011-01-16","Sparky","1204757","1003244","201513"
"2011-01-17","Sparky","290677","273707","16970"
"2011-01-18","Sparky","361010","337022","23988"
"2011-01-19","Sparky","306218","284847","21371"
"2011-01-20","Sparky","267901","249624","18277"
"2011-01-21","Sparky","871552","749568","121984"
"2011-01-22","Sparky","1075412","883790","191622"
"2011-01-23","Sparky","643551","542874","100677"
"2011-01-24","Sparky","724559","614024","110535"
"2011-01-25","Sparky","1651917","1362477","289440"
"2011-01-26","Sparky","154040","145948","8092"
"2011-01-27","Sparky","1117499","921788","195711"
"2011-01-28","Sparky","1797412","1494373","303039"
"2011-01-29","Sparky","222423","207080","15343"
"2011-01-30","Sparky","1226666","1026055","200611"
"2011-01-31","Sparky","1149230","952917","196313"
"2011-02-01","Sparky","160055","151395","8660"
"2011-02-02","Sparky","719973","606073","113900"
"2011-02-03","Sparky","1195680","1001697","193983"
"2011-02-04","Sparky","757496","644861","112635"
"2011-02-05","Sparky","1165275","969637","195638"
"2011-02-06","Sparky","669290","566789","102501"
"2011-02-07","Sparky","369554","341811","27743"
"2011-02-08","Sparky","295096","275909","19187"
"2011-02-09","Sparky","173461","164945","8516"
"2011-02-10","Sparky","394166","369743","24423"
"2011-02-11","Sparky","1123962","928391","195571"
"2011-02-12","Sparky","1265968","1060795","205173"
"2011-02-13","Sparky","241491","225376","16115"
"2011-02-14","Sparky","142175","133531","8644"
"2011-02-15","Sparky","216115","202495","13620"
"2011-02-16","Sparky","130877","124140","6737"
"2011-02-17","Sparky","1265238","1058318","206920"
"2011-02-18","Sparky","710639","600552","110087"
"2011-02-19","Sparky","768288","656412","111876"
"2011-02-20","Sparky","256310","238534","17776"
"2011-02-21","Sparky","766618","655714","110904"
"2011-02-22","Sparky","1230874","1031062","199812"
"2011-02-23","Sparky","298801","280457","18344"
"2011-02-24","Sparky","777275","660390","116885"
"2011-02-25","Sparky","833573","715723","117850"
"2011-02-26","Sparky","1125790","931015","194775"
"2011-02-27","Sparky","1238715","1036868","201847"
"2011-02-28","Sparky","664368","559488","104880"
"2011-03-01","Sparky","683580","578813","104767"
"2011-03-02","Sparky","253818","238684","15134"
"2011-03-03","Sparky","250883","231908","18975"
"2011-03-04","Sparky","1186168","990480","195688"
"2011-03-05","Sparky","1229960","1021854","208106"
"2011-03-06","Sparky","336981","312163","24818"
"2011-03-07","Sparky","251000","233769","17231"
"2011-03-08","Sparky","630312","530351","99961"
"2011-03-09","Sparky","1583954","1296974","286980"
"2011-03-10","Sparky","251226","233317","17909"
"2011-03-11","Sparky","1223011","1021791","201220"
"2011-03-12","Sparky","282447","259848","22599"
"2011-03-13","Sparky","210960","195348","15612"
"2011-03-14","Sparky","1122869","925830","197039"
"2011-03-15","Sparky","663335","561905","101430"
"2011-03-16","Sparky","319405","293672","25733"
"2011-03-17","Sparky","716776","610092","106684"
"2011-03-18","Sparky","156959","146888","10071"
"2011-03-19","Sparky","812670","697593","115077"
"2011-03-20","Sparky","1118198","925689","192509"
"2011-03-21","Sparky","674741","567189","107552"
"2011-03-22","Sparky","762351","654230","108121"
"2011-03-23","Sparky","675448","571207","104241"
"2011-03-24","Sparky","1236222","1034792","201430"
"2011-03-25","Sparky","1143581","945338","198243"
"2011-03-26","Sparky","1621033","1332192","288841"
"2011-03-27","Sparky","1669840","1384220","285620"
"2011-03-28","Sparky","161000","149732","11268"
"2011-03-29","Sparky","313624","293646","19978"
"2011-03-30","Sparky","1661733","1369791","291942"
"2011-03-31","Sparky","722465","617946","104519"
"2011-04-01","Sparky","704867","594476","110391"
"2011-04-02","Sparky","162132","151515","10617"
"2011-04-03","Sparky","1137800","946535","191265"
"2011-04-04","Sparky","146378","135699","10679"
"2011-04-05","Sparky","345292","323331","21961"
"2011-04-06","Sparky","2136356","1758336","378020"
"2011-04-07","Sparky","201107","186999","14108"
"2011-04-08","Sparky","755430","645764","109666"
"2011-04-09","Sparky","717946","612101","105845"
"2011-04-10","Sparky","248153","234928","13225"
"2011-04-11","Sparky","245278","226606","18672"
"2011-04-12","Sparky","679076","572332","106744"
"2011-04-13","Sparky","220402","207039","13363"
"2011-04-14","Sparky","217893","205424","12469"
"2011-04-15","Sparky","686806","585867","100939"
"2011-04-16","Sparky","1657583","1370019","287564"
"2011-04-17","Sparky","304990","282824","22166"
"2011-04-18","Sparky","310104","286214","23890"
"2011-04-19","Sparky","672621","565460","107161"
"2011-04-20","Sparky","1134717","941359","193358"
"2011-04-21","Sparky","709592","602331","107261"
"2011-04-22","Sparky","195322","185767","9555"
"2011-04-23","Sparky","1137606","942684","194922"
"2011-04-24","Sparky","714849","609772","105077"
"2011-04-25","Sparky","1694896","1399783","295113"
"2011-04-26","Sparky","714630","604800","109830"
"2011-04-27","Sparky","292083","270547","21536"
"2011-04-28","Sparky","1136889","938726","198163"
"2011-04-29","Sparky","1545994","1263101","282893"
"2011-04-30","Sparky","710061","605344","104717"
"2011-05-01","Sparky","746256","633688","112568"
"2011-05-02","Sparky","166650","153371","13279"
"2011-05-03","Sparky","1122757","929939","192818"
"2011-05-04","Sparky","704262","595534","108728"
"2011-05-05","Sparky","1206906","1007499","199407"
"2011-05-06","Sparky","173863","159287","14576"
"2011-05-07","Sparky","698640","594524","104116"
"2011-05-08","Sparky","616661","518267","98394"
"2011-05-09","Sparky","1228731","1024999","203732"
"2011-05-10","Sparky","273007","254716","18291"
"2011-05-11","Sparky","1569071","1286366","282705"
"2011-05-12","Sparky","694865","593739","101126"
"2011-05-13","Sparky","320717","301266","19451"
"2011-05-14","Sparky","1208247","1005875","202372"
"2011-05-15","Sparky","694489","591142","103347"
"2011-05-16","Sparky","287748","270118","17630"
"2011-05-17","Sparky","203693","189376","14317"
"2011-05-18","Sparky","185964","174614","11350"
"2011-05-19","Sparky","1192304","995176","197128"
"2011-05-20","Sparky","753976","647997","105979"
"2011-05-21","Sparky","1260065","1053470","206595"
"2011-05-22","Sparky","679951","571860","108091"
"2011-05-23","Sparky","809882","694613","115269"
"2011-05-24","Sparky","2145903","1764884","381019"
"2011-05-25","Sparky","1201211","999313","201898"
"2011-05-26","Sparky","222344","204905","17439"
"2011-05-27","Sparky","1649774","1359329","290445"
"2011-05-28","Sparky","2590543","2120580","469963"
"2011-05-29","Sparky","1296296","1088645","207651"
"2011-05-30","Sparky","1196129","991482","204647"
"2011-05-31","Sparky","743440","632846","110594"
"2011-06-01","Sparky","796204","680956","115248"
"2011-06-02","Sparky","1715857","1420505","295352"
"2011-06-03","Sparky","380077","355399","24678"
"2011-06-04","Sparky","176805","166147","10658"
"2011-06-05","Sparky","787297","676754","110543"
"2011-06-06","Sparky","264872","246924","17948"
"2011-06-07","Sparky","667795","566152","101643"
"2011-06-08","Sparky","208962","194406","14556"
"2011-06-09","Sparky","241368","226221","15147"
"2011-06-10","Sparky","1203870","1004568","199302"
"2011-06-11","Sparky","1253783","1053266","200517"
"2011-06-12","Sparky","221074","209519","11555"
"2011-06-13","Sparky","372370","344261","28109"
"2011-06-14","Sparky","1260726","1054587","206139"
"2011-06-15","Sparky","1709549","1417460","292089"
"2011-06-16","Sparky","711022","603894","107128"
"2011-06-17","Sparky","1125050","931573","193477"
"2011-06-18","Sparky","673245","565555","107690"
"2011-06-19","Sparky","201791","189097","12694"
"2011-06-20","Sparky","824414","709720","114694"
"2011-06-21","Sparky","761461","651200","110261"
"2011-06-22","Sparky","400189","373911","26278"
"2011-06-23","Sparky","1269084","1068673","200411"
"2011-06-24","Sparky","808855","699979","108876"
"2011-06-25","Sparky","255632","235590","20042"
"2011-06-26","Sparky","753898","642646","111252"
"2011-06-27","Sparky","1193237","994541","198696"
"2011-06-28","Sparky","1338977","1129312","209665"
"2011-06-29","Sparky","1197555","996461","201094"
"2011-06-30","Sparky","246802","231400","15402"
"2011-07-01","Sparky","714423","608006","106417"
"2011-07-02","Sparky","665804","561936","103868"
"2011-07-03","Sparky","736582","629996","106586"
"2011-07-04","Sparky","261231","242285","18946"
"2011-07-05","Sparky","395688","364419","31269"
"2011-07-06","Sparky","251269","232794","18475"
"2011-07-07","Sparky","453364","422935","30429"
"2011-07-08","Sparky","236768","218716","18052"
"2011-07-09","Sparky","781822","668631","113191"
"2011-07-10","Sparky","921614","799564","122050"
"2011-07-11","Sparky","2643897","2166426","477471"
"2011-07-12","Sparky","247514","235010","12504"
"2011-07-13","Sparky","1190804","988216","202588"
"2011-07-14","Sparky","1628215","1342279","285936"
"2011-07-15","Sparky","1190743","989876","200867"
"2011-07-16","Sparky","1223738","1027400","196338"
"2011-07-17","Sparky","267937","247591","20346"
"2011-07-18","Sparky","685896","579707","106189"
"2011-07-19","Sparky","426629","397882","28747"
"2011-07-20","Sparky","250605","233589","17016"
"2011-07-21","Sparky","1277707","1070429","207278"
"2011-07-22","Sparky","1240076","1037288","202788"
"2011-07-23","Sparky","284909","265325","19584"
"2011-07-24","Sparky","272137","252121","20016"
"2011-07-25","Sparky","315843","293824","22019"
"2011-07-26","Sparky","315422","300691","14731"
"2011-07-27","Sparky","178475","168108","10367"
"2011-07-28","Sparky","707652","603139","104513"
"2011-07-29","Sparky","1316651","1115515","201136"
"2011-07-30","Sparky","645746","540922","104824"
"2011-07-31","Sparky","765604","655679","109925"
"2011-08-01","Sparky","890967","771070","119897"
"2011-08-02","Sparky","749460","637154","112306"
"2011-08-03","Sparky","908364","792905","115459"
"2011-08-04","Sparky","1180081","981292","198789"
"2011-08-05","Sparky","804232","694245","109987"
"2011-08-06","Sparky","1224807","1019372","205435"
"2011-08-07","Sparky","341209","318573","22636"
"2011-08-08","Sparky","1203776","1003439","200337"
"2011-08-09","Sparky","2600853","2126831","474022"
"2011-08-10","Sparky","314116","293212","20904"
"2011-08-11","Sparky","402813","370753","32060"
"2011-08-12","Sparky","965929","836487","129442"
"2011-08-13","Sparky","1270509","1066353","204156"
"2011-08-14","Sparky","1689860","1399233","290627"
"2011-08-15","Sparky","1147251","954071","193180"
"2011-08-16","Sparky","674915","572731","102184"
"2011-08-17","Sparky","812962","697614","115348"
"2011-08-18","Sparky","1240586","1038435","202151"
"2011-08-19","Sparky","499700","467160","32540"
"2011-08-20","Sparky","374043","343724","30319"
"2011-08-21","Sparky","1439310","1219593","219717"
"2011-08-22","Sparky","760124","654469","105655"
"2011-08-23","Sparky","717412","611059","106353"
"2011-08-24","Sparky","337327","315646","21681"
"2011-08-25","Sparky","221189","210198","10991"
"2011-08-26","Sparky","895154","775144","120010"
"2011-08-27","Sparky","833088","716595","116493"
"2011-08-28","Sparky","356252","331041","25211"
"2011-08-29","Sparky","837312","721134","116178"
"2011-08-30","Sparky","1589394","1303228","286166"
"2011-08-31","Sparky","838976","725185","113791"
"2011-09-01","Sparky","666474","562521","103953"
"2011-09-02","Sparky","401921","376892","25029"
"2011-09-03","Sparky","198433","186395","12038"
"2011-09-04","Sparky","1689699","1396514","293185"
"2011-09-05","Sparky","700186","592821","107365"
"2011-09-06","Sparky","861167","741596","119571"
"2011-09-07","Sparky","1170483","972798","197685"
"2011-09-08","Sparky","1323401","1116178","207223"
"2011-09-09","Sparky","838049","719926","118123"
"2011-09-10","Sparky","699838","596924","102914"
"2011-09-11","Sparky","760271","650148","110123"
"2011-09-12","Sparky","330029","303956","26073"
"2011-09-13","Sparky","740053","629547","110506"
"2011-09-14","Sparky","396923","372458","24465"
"2011-09-15","Sparky","732083","622237","109846"
"2011-09-16","Sparky","236406","220447","15959"
"2011-09-17","Sparky","330900","309105","21795"
"2011-09-18","Sparky","1267375","1060328","207047"
"2011-09-19","Sparky","822516","707745","114771"
"2011-09-20","Sparky","1190043","992826","197217"
"2011-09-21","Sparky","1282553","1076469","206084"
"2011-09-22","Sparky","329206","306372","22834"
"2011-09-23","Sparky","855638","732044","123594"
"2011-09-24","Sparky","1254204","1048879","205325"
"2011-09-25","Sparky","256315","241753","14562"
"2011-09-26","Sparky","744284","636548","107736"
"2011-09-27","Sparky","360635","334121","26514"
"2011-09-28","Sparky","1129669","933756","195913"
"2011-09-29","Sparky","757944","650282","107662"
"2011-09-30","Sparky","1230690","1031211","199479"
"2011-10-01","Sparky","824954","709972","114982"
"2011-10-02","Sparky","799570","690297","109273"
"2011-10-03","Sparky","692367","585571","106796"
"2011-10-04","Sparky","332511","309591","22920"
"2011-10-05","Sparky","329125","308874","20251"
"2011-10-06","Sparky","317121","296936","20185"
"2011-10-07","Sparky","330435","312087","18348"
"2011-10-08","Sparky","1753544","1454128","299416"
"2011-10-09","Sparky","1274223","1074108","200115"
"2011-10-10","Sparky","752480","642103","110377"
"2011-10-11","Sparky","240743","221639","19104"
"2011-10-12","Sparky","224577","208010","16567"
"2011-10-13","Sparky","751673","645813","105860"
"2011-10-14","Sparky","1722253","1424468","297785"
"2011-10-15","Sparky","324750","303191","21559"
"2011-10-16","Sparky","1638349","1350067","288282"
"2011-10-17","Sparky","1315990","1107297","208693"
"2011-10-18","Sparky","1694791","1407330","287461"
"2011-10-19","Sparky","1685499","1390766","294733"
"2011-10-20","Sparky","1262110","1061518","200592"
"2011-10-21","Sparky","1611289","1325422","285867"
"2011-10-22","Sparky","386790","362808","23982"
"2011-10-23","Sparky","760642","649484","111158"
"2011-10-24","Sparky","698204","591935","106269"
"2011-10-25","Sparky","240400","225325","15075"
"2011-10-26","Sparky","752095","646684","105411"
"2011-10-27","Sparky","1203026","1002622","200404"
"2011-10-28","Sparky","739705","630576","109129"
"2011-10-29","Sparky","805908","694784","111124"
"2011-10-30","Sparky","248704","231265","17439"
"2011-10-31","Sparky","649759","547242","102517"
"2011-11-01","Sparky","695402","587325","108077"
"2011-11-02","Sparky","701504","598137","103367"
"2011-11-03","Sparky","292854","273249","19605"
"2011-11-04","Sparky","786491","676285","110206"
"2011-11-05","Sparky","273798","254257","19541"
"2011-11-06","Sparky","1665364","1377773","287591"
"2011-11-07","Sparky","240741","224745","15996"
"2011-11-08","Sparky","332759","309350","23409"
"2011-11-09","Sparky","747296","640073","107223"
"2011-11-10","Sparky","888727","768652","120075"
"2011-11-11","Sparky","1284508","1075127","209381"
"2011-11-12","Sparky","1253562","1050480","203082"
"2011-11-13","Sparky","693783","589334","104449"
"2011-11-14","Sparky","745556","637571","107985"
"2011-11-15","Sparky","867494","745145","122349"
"2011-11-16","Sparky","845352","731699","113653"
"2011-11-17","Sparky","689524","584746","104778"
"2011-11-18","Sparky","309008","282461","26547"
"2011-11-19","Sparky","1277405","1072320","205085"
"2011-11-20","Sparky","715105","609058","106047"
"2011-11-21","Sparky","211883","197819","14064"
"2011-11-22","Sparky","1312144","1106014","206130"
"2011-11-23","Sparky","238269","217898","20371"
"2011-11-24","Sparky","841360","722938","118422"
"2011-11-25","Sparky","2160566","1781183","379383"
"2011-11-26","Sparky","1216228","1014314","201914"
"2011-11-27","Sparky","243742","227088","16654"
"2011-11-28","Sparky","1266953","1061322","205631"
"2011-11-29","Sparky","1251593","1048657","202936"
"2011-11-30","Sparky","321495","300164","21331"
"2011-12-01","Sparky","1034314","902425","131889"
"2011-12-02","Sparky","686759","583049","103710"
"2011-12-03","Sparky","284600","262476","22124"
"2011-12-04","Sparky","293881","277747","16134"
"2011-12-05","Sparky","319418","304252","15166"
"2011-12-06","Sparky","1262027","1059088","202939"
"2011-12-07","Sparky","840576","721331","119245"
"2011-12-08","Sparky","823839","706267","117572"
"2011-12-09","Sparky","2313570","1921800","391770"
"2011-12-10","Sparky","842921","724138","118783"
"2011-12-11","Sparky","1142668","948524","194144"
"2011-12-12","Sparky","869186","749533","119653"
"2011-12-13","Sparky","345068","323014","22054"
"2011-12-14","Sparky","815809","700074","115735"
"2011-12-15","Sparky","810866","696162","114704"
"2011-12-16","Sparky","815799","698423","117376"
"2011-12-17","Sparky","325854","303449","22405"
"2011-12-18","Sparky","1242295","1038841","203454"
"2011-12-19","Sparky","773331","660817","112514"
"2011-12-20","Sparky","185583","172678","12905"
"2011-12-21","Sparky","2732108","2252164","479944"
"2011-12-22","Sparky","1137896","942247","195649"
"2011-12-23","Sparky","669832","566283","103549"
"2011-12-24","Sparky","1255621","1050838","204783"
"2011-12-25","Sparky","891564","768295","123269"
"2011-12-26","Sparky","352077","329492","22585"
"2011-12-27","Sparky","305717","284841","20876"
"2011-12-28","Sparky","1283810","1075020","208790"
"2011-12-29","Sparky","1208556","1009573","198983"
"2011-12-30","Sparky","1765178","1463070","302108"
"2011-12-31","Sparky","786029","678607","107422"
"2012-01-01","Sparky","968666","849622","119044"
"2012-01-02","Sparky","329578","308841","20737"
"2012-01-03","Sparky","902386","779203","123183"
"2012-01-04","Sparky","3804519","3135027","669492"
"2012-01-05","Sparky","1797254","1498492","298762"
"2012-01-06","Sparky","410074","379255","30819"
"2012-01-07","Sparky","1477189","1256610","220579"
"2012-01-08","Sparky","1289512","1083155","206357"
"2012-01-09","Sparky","747795","638677","109118"
"2012-01-10","Sparky","1320417","1116729","203688"
"2012-01-11","Sparky","1143889","1011845","132044"
"2012-01-12","Sparky","848099","725098","123001"
"2012-01-13","Sparky","1319516","1113545","205971"
"2012-01-14","Sparky","433528","400918","32610"
"2012-01-15","Sparky","459977","428679","31298"
"2012-01-16","Sparky","809566","702071","107495"
"2012-01-17","Sparky","829678","715316","114362"
"2012-01-18","Sparky","1326757","1124594","202163"
"2012-01-19","Sparky","1020655","886760","133895"
"2012-01-20","Sparky","1374246","1157282","216964"
"2012-01-21","Sparky","1254183","1055165","199018"
"2012-01-22","Sparky","515350","486496","28854"
"2012-01-23","Sparky","249350","234512","14838"
"2012-01-24","Sparky","1480387","1260727","219660"
"2012-01-25","Sparky","2829915","2336157","493758"
"2012-01-26","Sparky","1754802","1454845","299957"
"2012-01-27","Sparky","2335296","1939852","395444"
"2012-01-28","Sparky","850618","734445","116173"
"2012-01-29","Sparky","1440126","1231036","209090"
"2012-01-30","Sparky","1882990","1579874","303116"
"2012-01-31","Sparky","863387","749776","113611"
"2012-02-01","Sparky","1474282","1252715","221567"
"2012-02-02","Sparky","1390341","1172799","217542"
"2012-02-03","Sparky","1017964","892381","125583"
"2012-02-04","Sparky","875134","752929","122205"
"2012-02-05","Sparky","394501","367093","27408"
"2012-02-06","Sparky","646352","601704","44648"
"2012-02-07","Sparky","967159","836923","130236"
"2012-02-08","Sparky","467084","432168","34916"
"2012-02-09","Sparky","1406295","1187895","218400"
"2012-02-10","Sparky","1429782","1210210","219572"
"2012-02-11","Sparky","1401268","1189375","211893"
"2012-02-12","Sparky","1545172","1323007","222165"
"2012-02-13","Sparky","983765","858926","124839"
"2012-02-14","Sparky","1266761","1059501","207260"
"2012-02-15","Sparky","1821923","1524092","297831"
"2012-02-16","Sparky","1403346","1193145","210201"
"2012-02-17","Sparky","457125","427901","29224"
"2012-02-18","Sparky","2364732","1969522","395210"
"2012-02-19","Sparky","980978","856143","124835"
"2012-02-20","Sparky","357919","334137","23782"
"2012-02-21","Sparky","2907238","2414596","492642"
"2012-02-22","Sparky","1911413","1604829","306584"
"2012-02-23","Sparky","1372893","1164986","207907"
"2012-02-24","Sparky","1473689","1251365","222324"
"2012-02-25","Sparky","518415","487676","30739"
"2012-02-26","Sparky","1310301","1101329","208972"
"2012-02-27","Sparky","1825764","1519893","305871"
"2012-02-28","Sparky","415067","387901","27166"
"2012-02-29","Sparky","1378230","1164932","213298"
"2012-03-01","Sparky","795844","683389","112455"
"2012-03-02","Sparky","1348413","1139801","208612"
"2012-03-03","Sparky","470012","435667","34345"
"2012-03-04","Sparky","500348","463059","37289"
"2012-03-05","Sparky","855982","741793","114189"
"2012-03-06","Sparky","417481","388282","29199"
"2012-03-07","Sparky","1470722","1255532","215190"
"2012-03-08","Sparky","434978","405490","29488"
"2012-03-09","Sparky","385186","359246","25940"
"2012-03-10","Sparky","2817380","2333050","484330"
"2012-03-11","Sparky","1266737","1058174","208563"
"2012-03-12","Sparky","1836337","1533038","303299"
"2012-03-13","Sparky","599149","552721","46428"
"2012-03-14","Sparky","1383672","1173613","210059"
"2012-03-15","Sparky","1346437","1135677","210760"
"2012-03-16","Sparky","1013942","883190","130752"
"2012-03-17","Sparky","979131","850834","128297"
"2012-03-18","Sparky","515877","478281","37596"
"2012-03-19","Sparky","1347275","1136122","211153"
"2012-03-20","Sparky","863073","747218","115855"
"2012-03-21","Sparky","1018712","891701","127011"
"2012-03-22","Sparky","1082435","951318","131117"
"2012-03-23","Sparky","793624","680089","113535"
"2012-03-24","Sparky","539742","502669","37073"
"2012-03-25","Sparky","880134","761135","118999"
"2012-03-26","Sparky","2298788","1903195","395593"
"2012-03-27","Sparky","474241","443653","30588"
"2012-03-28","Sparky","471575","434780","36795"
"2012-03-29","Sparky","901294","778118","123176"
"2012-03-30","Sparky","1436444","1220187","216257"
"2012-03-31","Sparky","778384","667812","110572"
"2012-04-01","Sparky","947839","827620","120219"
"2012-04-02","Sparky","1710031","1415324","294707"
"2012-04-03","Sparky","841639","725647","115992"
"2012-04-04","Sparky","1029788","901528","128260"
"2012-04-05","Sparky","1806978","1510647","296331"
"2012-04-06","Sparky","520382","483100","37282"
"2012-04-07","Sparky","3198244","2623943","574301"
"2012-04-08","Sparky","2748256","2261151","487105"
"2012-04-09","Sparky","934588","808527","126061"
"2012-04-10","Sparky","3773393","3101192","672201"
"2012-04-11","Sparky","1313406","1109144","204262"
"2012-04-12","Sparky","374860","351222","23638"
"2012-04-13","Sparky","957860","830566","127294"
"2012-04-14","Sparky","1031881","907094","124787"
"2012-04-15","Sparky","1938935","1628388","310547"
"2012-04-16","Sparky","1830093","1533008","297085"
"2012-04-17","Sparky","1412808","1204282","208526"
"2012-04-18","Sparky","1746712","1454140","292572"
"2012-04-19","Sparky","471863","439379","32484"
"2012-04-20","Sparky","1924085","1618506","305579"
"2012-04-21","Sparky","2413407","2006207","407200"
"2012-04-22","Sparky","2566311","2163461","402850"
"2012-04-23","Sparky","428474","396285","32189"
"2012-04-24","Sparky","1759934","1461790","298144"
"2012-04-25","Sparky","1048965","920606","128359"
"2012-04-26","Sparky","1808695","1508754","299941"
"2012-04-27","Sparky","900109","779510","120599"
"2012-04-28","Sparky","2018308","1703688","314620"
"2012-04-29","Sparky","938577","821697","116880"
"2012-04-30","Sparky","1854415","1553000","301415"
"2012-05-01","Sparky","3333781","2751562","582219"
"2012-05-02","Sparky","1347168","1136173","210995"
"2012-05-03","Sparky","984177","857772","126405"
"2012-05-04","Sparky","1336864","1122701","214163"
"2012-05-05","Sparky","1479307","1267230","212077"
"2012-05-06","Sparky","2294553","1903920","390633"
"2012-05-07","Sparky","1361892","1152410","209482"
"2012-05-08","Sparky","602345","553870","48475"
"2012-05-09","Sparky","1434718","1218142","216576"
"2012-05-10","Sparky","1355883","1148184","207699"
"2012-05-11","Sparky","906732","785329","121403"
"2012-05-12","Sparky","590199","550667","39532"
"2012-05-13","Sparky","451542","424124","27418"
"2012-05-14","Sparky","449336","421887","27449"
"2012-05-15","Sparky","1826371","1525142","301229"
"2012-05-16","Sparky","883336","761759","121577"
"2012-05-17","Sparky","466191","439825","26366"
"2012-05-18","Sparky","1330614","1123607","207007"
"2012-05-19","Sparky","527689","498953","28736"
"2012-05-20","Sparky","1311909","1105099","206810"
"2012-05-21","Sparky","1071983","936768","135215"
"2012-05-22","Sparky","562510","523882","38628"
"2012-05-23","Sparky","1390656","1180456","210200"
"2012-05-24","Sparky","1262244","1111421","150823"
"2012-05-25","Sparky","981156","853066","128090"
"2012-05-26","Sparky","1083205","948016","135189"
"2012-05-27","Sparky","549306","510783","38523"
"2012-05-28","Sparky","2281329","1891695","389634"
"2012-05-29","Sparky","389084","364399","24685"
"2012-05-30","Sparky","1535385","1305999","229386"
"2012-05-31","Sparky","366908","339669","27239"
"2012-06-01","Sparky","501039","407517","93522"
"2012-06-02","Sparky","177956","164452","13504"
"2012-06-03","Sparky","664017","560426","103591"
"2012-06-04","Sparky","617373","515881","101492"
"2012-06-05","Sparky","594262","496439","97823"
"2012-06-06","Sparky","1637963","1352829","285134"
"2012-06-07","Sparky","699145","592987","106158"
"2012-06-08","Sparky","677071","572040","105031"
"2012-06-09","Sparky","1070896","883929","186967"
"2012-06-10","Sparky","1090535","899196","191339"
"2012-06-11","Sparky","172307","159420","12887"
"2012-06-12","Sparky","650050","547581","102469"
"2012-06-13","Sparky","667612","563006","104606"
"2012-06-14","Sparky","1222350","1020293","202057"
"2012-06-15","Sparky","690144","585355","104789"
"2012-06-16","Sparky","165890","154718","11172"
"2012-06-17","Sparky","306601","284115","22486"
"2012-06-18","Sparky","145405","136563","8842"
"2012-06-19","Sparky","168567","157983","10584"
"2012-06-20","Sparky","1659163","1367363","291800"
"2012-06-21","Sparky","184354","174773","9581"
"2012-06-22","Sparky","671969","567139","104830"
"2012-06-23","Sparky","636399","534642","101757"
"2012-06-24","Sparky","273488","252119","21369"
"2012-06-25","Sparky","746964","634516","112448"
"2012-06-26","Sparky","134583","126271","8312"
"2012-06-27","Sparky","152575","141280","11295"
"2012-06-28","Sparky","630850","529042","101808"
"2012-06-29","Sparky","722346","612632","109714"
"2012-06-30","Sparky","329082","306294","22788"
"2012-07-01","Sparky","607156","507868","99288"
"2012-07-02","Sparky","275783","254990","20793"
"2012-07-03","Sparky","761326","650263","111063"
"2012-07-04","Sparky","788472","679673","108799"
"2012-07-05","Sparky","261476","243343","18133"
"2012-07-06","Sparky","633204","532450","100754"
"2012-07-07","Sparky","237633","223239","14394"
"2012-07-08","Sparky","282816","268547","14269"
"2012-07-09","Sparky","1146730","947813","198917"
"2012-07-10","Sparky","1187482","988522","198960"
"2012-07-11","Sparky","699278","589074","110204"
"2012-07-12","Sparky","1204056","1006663","197393"
"2012-07-13","Sparky","228295","216531","11764"
"2012-07-14","Sparky","744617","637010","107607"
"2012-07-15","Sparky","303162","283170","19992"
"2012-07-16","Sparky","1100274","909627","190647"
"2012-07-17","Sparky","182828","172732","10096"
"2012-07-18","Sparky","644476","542658","101818"
"2012-07-19","Sparky","650978","548351","102627"
"2012-07-20","Sparky","1583282","1300270","283012"
"2012-07-21","Sparky","220373","205986","14387"
"2012-07-22","Sparky","650791","546309","104482"
"2012-07-23","Sparky","1129935","937301","192634"
"2012-07-24","Sparky","199856","185637","14219"
"2012-07-25","Sparky","717504","609338","108166"
"2012-07-26","Sparky","1087892","895594","192298"
"2012-07-27","Sparky","556164","459713","96451"
"2012-07-28","Sparky","251897","234353","17544"
"2012-07-29","Sparky","748912","637281","111631"
"2012-07-30","Sparky","695990","593409","102581"
"2012-07-31","Sparky","378542","351422","27120"
"2012-08-01","Sparky","713793","607900","105893"
"2012-08-02","Sparky","692461","583774","108687"
"2012-08-03","Sparky","223057","209166","13891"
"2012-08-04","Sparky","1181020","984468","196552"
"2012-08-05","Sparky","196526","183349","13177"
"2012-08-06","Sparky","682975","582050","100925"
"2012-08-07","Sparky","216080","200360","15720"
"2012-08-08","Sparky","715937","609867","106070"
"2012-08-09","Sparky","174036","163517","10519"
"2012-08-10","Sparky","722108","610597","111511"
"2012-08-11","Sparky","199981","187913","12068"
"2012-08-12","Sparky","701885","594376","107509"
"2012-08-13","Sparky","1580875","1296334","284541"
"2012-08-14","Sparky","191170","179085","12085"
"2012-08-15","Sparky","1103132","914158","188974"
"2012-08-16","Sparky","1115500","920238","195262"
"2012-08-17","Sparky","583896","485135","98761"
"2012-08-18","Sparky","359621","336230","23391"
"2012-08-19","Sparky","682781","577919","104862"
"2012-08-20","Sparky","747650","637642","110008"
"2012-08-21","Sparky","639244","535364","103880"
"2012-08-22","Sparky","779428","667233","112195"
"2012-08-23","Sparky","1090723","894696","196027"
"2012-08-24","Sparky","715044","606143","108901"
"2012-08-25","Sparky","664589","560349","104240"
"2012-08-26","Sparky","224972","210980","13992"
"2012-08-27","Sparky","664112","562374","101738"
"2012-08-28","Sparky","692550","586583","105967"
"2012-08-29","Sparky","1153926","953374","200552"
"2012-08-30","Sparky","1122870","928066","194804"
"2012-08-31","Sparky","722548","612999","109549"
"2012-09-01","Sparky","723111","616890","106221"
"2012-09-02","Sparky","1699035","1409559","289476"
"2012-09-03","Sparky","719145","613405","105740"
"2012-09-04","Sparky","240103","224210","15893"
"2012-09-05","Sparky","349134","325045","24089"
"2012-09-06","Sparky","1587221","1301696","285525"
"2012-09-07","Sparky","1207006","1007922","199084"
"2012-09-08","Sparky","188370","173293","15077"
"2012-09-09","Sparky","1612601","1326282","286319"
"2012-09-10","Sparky","622786","522125","100661"
"2012-09-11","Sparky","778028","670217","107811"
"2012-09-12","Sparky","1182143","980953","201190"
"2012-09-13","Sparky","268706","249110","19596"
"2012-09-14","Sparky","188616","175595","13021"
"2012-09-15","Sparky","714202","604954","109248"
"2012-09-16","Sparky","143156","136835","6321"
"2012-09-17","Sparky","1144598","947436","197162"
"2012-09-18","Sparky","675358","571679","103679"
"2012-09-19","Sparky","785818","675000","110818"
"2012-09-20","Sparky","682790","572130","110660"
"2012-09-21","Sparky","253309","232484","20825"
"2012-09-22","Sparky","190173","176171","14002"
"2012-09-23","Sparky","725766","616128","109638"
"2012-09-24","Sparky","646781","546747","100034"
"2012-09-25","Sparky","792149","675992","116157"
"2012-09-26","Sparky","635097","534555","100542"
"2012-09-27","Sparky","1153795","961992","191803"
"2012-09-28","Sparky","324022","300472","23550"
"2012-09-29","Sparky","680039","574991","105048"
"2012-09-30","Sparky","157112","147005","10107"
"2012-10-01","Sparky","1195779","993944","201835"
"2012-10-02","Sparky","195128","181400","13728"
"2012-10-03","Sparky","177094","166328","10766"
"2012-10-04","Sparky","747872","633940","113932"
"2012-10-05","Sparky","322949","300639","22310"
"2012-10-06","Sparky","362866","336387","26479"
"2012-10-07","Sparky","184555","171555","13000"
"2012-10-08","Sparky","300121","277281","22840"
"2012-10-09","Sparky","1198247","998969","199278"
"2012-10-10","Sparky","792630","678337","114293"
"2012-10-11","Sparky","1211106","1014728","196378"
"2012-10-12","Sparky","169740","159721","10019"
"2012-10-13","Sparky","780123","669049","111074"
"2012-10-14","Sparky","369848","341801","28047"
"2012-10-15","Sparky","2149209","1769073","380136"
"2012-10-16","Sparky","727250","620999","106251"
"2012-10-17","Sparky","1648474","1360526","287948"
"2012-10-18","Sparky","774731","662398","112333"
"2012-10-19","Sparky","747087","632736","114351"
"2012-10-20","Sparky","304476","284432","20044"
"2012-10-21","Sparky","640331","534326","106005"
"2012-10-22","Sparky","1609437","1320110","289327"
"2012-10-23","Sparky","282369","267512","14857"
"2012-10-24","Sparky","672628","568949","103679"
"2012-10-25","Sparky","280593","265754","14839"
"2012-10-26","Sparky","1139223","942027","197196"
"2012-10-27","Sparky","701508","591821","109687"
"2012-10-28","Sparky","1154821","957518","197303"
"2012-10-29","Sparky","1663053","1373063","289990"
"2012-10-30","Sparky","722358","611662","110696"
"2012-10-31","Sparky","1151523","953033","198490"
"2012-11-01","Sparky","188065","173878","14187"
"2012-11-02","Sparky","1555456","1270640","284816"
"2012-11-03","Sparky","731051","622872","108179"
"2012-11-04","Sparky","686879","579375","107504"
"2012-11-05","Sparky","651532","548635","102897"
"2012-11-06","Sparky","189708","178121","11587"
"2012-11-07","Sparky","683717","579107","104610"
"2012-11-08","Sparky","739403","628958","110445"
"2012-11-09","Sparky","812205","693845","118360"
"2012-11-10","Sparky","1212540","1012819","199721"
"2012-11-11","Sparky","689658","582913","106745"
"2012-11-12","Sparky","615322","516937","98385"
"2012-11-13","Sparky","237837","227193","10644"
"2012-11-14","Sparky","1665546","1375528","290018"
"2012-11-15","Sparky","343174","320699","22475"
"2012-11-16","Sparky","711693","605933","105760"
"2012-11-17","Sparky","790377","675861","114516"
"2012-11-18","Sparky","1206204","1004888","201316"
"2012-11-19","Sparky","316913","297193","19720"
"2012-11-20","Sparky","752231","639761","112470"
"2012-11-21","Sparky","295086","276559","18527"
"2012-11-22","Sparky","266688","246992","19696"
"2012-11-23","Sparky","1173495","976615","196880"
"2012-11-24","Sparky","141003","130238","10765"
"2012-11-25","Sparky","267300","252335","14965"
"2012-11-26","Sparky","685874","578827","107047"
"2012-11-27","Sparky","674611","573573","101038"
"2012-11-28","Sparky","641457","534727","106730"
"2012-11-29","Sparky","316115","296408","19707"
"2012-11-30","Sparky","722126","613077","109049"
"2012-12-01","Sparky","671575","565967","105608"
"2012-12-02","Sparky","676831","570658","106173"
"2012-12-03","Sparky","1622466","1334981","287485"
"2012-12-04","Sparky","164628","155629","8999"
"2012-12-05","Sparky","216331","199045","17286"
"2012-12-06","Sparky","696661","591430","105231"
"2012-12-07","Sparky","275006","253953","21053"
"2012-12-08","Sparky","657423","550798","106625"
"2012-12-09","Sparky","1234241","1031444","202797"
"2012-12-10","Sparky","1254823","1048603","206220"
"2012-12-11","Sparky","717873","607150","110723"
"2012-12-12","Sparky","309022","292331","16691"
"2012-12-13","Sparky","714976","606380","108596"
"2012-12-14","Sparky","806228","691235","114993"
"2012-12-15","Sparky","736473","628548","107925"
"2012-12-16","Sparky","729292","617903","111389"
"2012-12-17","Sparky","1231091","1025948","205143"
"2012-12-18","Sparky","792029","679498","112531"
"2012-12-19","Sparky","731442","623993","107449"
"2012-12-20","Sparky","1204287","1006751","197536"
"2012-12-21","Sparky","1125132","927998","197134"
"2012-12-22","Sparky","180685","166565","14120"
"2012-12-23","Sparky","1204331","1002998","201333"
"2012-12-24","Sparky","303892","284112","19780"
"2012-12-25","Sparky","315778","291791","23987"
"2012-12-26","Sparky","245223","231011","14212"
"2012-12-27","Sparky","221942","204613","17329"
"2012-12-28","Sparky","195603","184122","11481"
"2012-12-29","Sparky","767550","650517","117033"
"2012-12-30","Sparky","671675","566798","104877"
"2012-12-31","Sparky","1167330","971863","195467"
"2013-01-01","Sparky","236228","222397","13831"
"2013-01-02","Sparky","1117302","982733","134569"
"2013-01-03","Sparky","2231250","1909481","321769"
"2013-01-04","Sparky","1593376","1366255","227121"
"2013-01-05","Sparky","1447897","1231587","216310"
"2013-01-06","Sparky","1207597","1066041","141556"
"2013-01-07","Sparky","3174480","2662063","512417"
"2013-01-08","Sparky","2196719","1862574","334145"
"2013-01-09","Sparky","1279200","1129632","149568"
"2013-01-10","Sparky","1720061","1482936","237125"
"2013-01-11","Sparky","1055900","928165","127735"
"2013-01-12","Sparky","2103490","1781936","321554"
"2013-01-13","Sparky","2100825","1779995","320830"
"2013-01-14","Sparky","668282","625552","42730"
"2013-01-15","Sparky","688480","640709","47771"
"2013-01-16","Sparky","1816570","1567963","248607"
"2013-01-17","Sparky","1664900","1435506","229394"
"2013-01-18","Sparky","1495289","1275515","219774"
"2013-01-19","Sparky","1179630","1043187","136443"
"2013-01-20","Sparky","1660076","1436895","223181"
"2013-01-21","Sparky","2581602","2173937","407665"
"2013-01-22","Sparky","2045019","1728451","316568"
"2013-01-23","Sparky","2613435","2195865","417570"
"2013-01-24","Sparky","3865515","3187830","677685"
"2013-01-25","Sparky","1665859","1433641","232218"
"2013-01-26","Sparky","1679715","1453175","226540"
"2013-01-27","Sparky","565237","533663","31574"
"2013-01-28","Sparky","3098519","2590027","508492"
"2013-01-29","Sparky","1628777","1399812","228965"
"2013-01-30","Sparky","2101623","1775980","325643"
"2013-01-31","Sparky","2519386","2110057","409329"
"2013-02-01","Sparky","2016669","1702714","313955"
"2013-02-02","Sparky","1111645","975108","136537"
"2013-02-03","Sparky","1169727","1033328","136399"
"2013-02-04","Sparky","2700272","2279256","421016"
"2013-02-05","Sparky","2591305","2181878","409427"
"2013-02-06","Sparky","2607251","2195919","411332"
"2013-02-07","Sparky","2610375","2205549","404826"
"2013-02-08","Sparky","1604602","1380672","223930"
"2013-02-09","Sparky","2525666","2113250","412416"
"2013-02-10","Sparky","1192646","1055121","137525"
"2013-02-11","Sparky","4071317","3378715","692602"
"2013-02-12","Sparky","1761641","1520965","240676"
"2013-02-13","Sparky","2034911","1716124","318787"
"2013-02-14","Sparky","4068450","3381942","686508"
"2013-02-15","Sparky","2826248","2338160","488088"
"2013-02-16","Sparky","1749079","1507527","241552"
"2013-02-17","Sparky","2679171","2262576","416595"
"2013-02-18","Sparky","1513933","1293010","220923"
"2013-02-19","Sparky","1611558","1385408","226150"
"2013-02-20","Sparky","1559039","1332728","226311"
"2013-02-21","Sparky","2614628","2204739","409889"
"2013-02-22","Sparky","1720626","1478455","242171"
"2013-02-23","Sparky","709204","657443","51761"
"2013-02-24","Sparky","1600852","1372247","228605"
"2013-02-25","Sparky","1706095","1466809","239286"
"2013-02-26","Sparky","2051141","1732382","318759"
"2013-02-27","Sparky","2730175","2305930","424245"
"2013-02-28","Sparky","1567546","1341236","226310"
"2013-03-01","Sparky","1198462","998419","200043"
"2013-03-02","Sparky","463587","430022","33565"
"2013-03-03","Sparky","1746086","1508291","237795"
"2013-03-04","Sparky","2603435","2186450","416985"
"2013-03-05","Sparky","2726866","2308724","418142"
"2013-03-06","Sparky","784185","727342","56843"
"2013-03-07","Sparky","1153374","1013946","139428"
"2013-03-08","Sparky","1190123","1051388","138735"
"2013-03-09","Sparky","2166395","1839911","326484"
"2013-03-10","Sparky","993829","865726","128103"
"2013-03-11","Sparky","733252","677887","55365"
"2013-03-12","Sparky","2091993","1777184","314809"
"2013-03-13","Sparky","3152767","2638954","513813"
"2013-03-14","Sparky","4060686","3372780","687906"
"2013-03-15","Sparky","720782","669480","51302"
"2013-03-16","Sparky","1303668","1154869","148799"
"2013-03-17","Sparky","1383003","1232867","150136"
"2013-03-18","Sparky","2979347","2483014","496333"
"2013-03-19","Sparky","2205841","1876621","329220"
"2013-03-20","Sparky","2018835","1700898","317937"
"2013-03-21","Sparky","1041934","913923","128011"
"2013-03-22","Sparky","2324988","1986810","338178"
"2013-03-23","Sparky","868531","808300","60231"
"2013-03-24","Sparky","3585990","2982686","603304"
"2013-03-25","Sparky","3287793","2774915","512878"
"2013-03-26","Sparky","1063546","934420","129126"
"2013-03-27","Sparky","2990272","2490632","499640"
"2013-03-28","Sparky","1381559","1229692","151867"
"2013-03-29","Sparky","1867665","1617398","250267"
"2013-03-30","Sparky","2264126","1934988","329138"
"2013-03-31","Sparky","1990687","1677250","313437"
"2013-04-01","Sparky","1257264","1115041","142223"
"2013-04-02","Sparky","2326296","1992819","333477"
"2013-04-03","Sparky","2627279","2204790","422489"
"2013-04-04","Sparky","3436121","2842233","593888"
"2013-04-05","Sparky","3048813","2546624","502189"
"2013-04-06","Sparky","4704183","3915411","788772"
"2013-04-07","Sparky","1839276","1594336","244940"
"2013-04-08","Sparky","1236350","1094725","141625"
"2013-04-09","Sparky","2652310","2232658","419652"
"2013-04-10","Sparky","642381","598506","43875"
"2013-04-11","Sparky","3009989","2512571","497418"
"2013-04-12","Sparky","1174853","1031711","143142"
"2013-04-13","Sparky","2179379","1854058","325321"
"2013-04-14","Sparky","3185541","2676733","508808"
"2013-04-15","Sparky","1625205","1394148","231057"
"2013-04-16","Sparky","2699014","2277348","421666"
"2013-04-17","Sparky","2629525","2217931","411594"
"2013-04-18","Sparky","2276968","1943582","333386"
"2013-04-19","Sparky","2280418","1948802","331616"
"2013-04-20","Sparky","2273678","1944121","329557"
"2013-04-21","Sparky","2736631","2312649","423982"
"2013-04-22","Sparky","3071166","2564624","506542"
"2013-04-23","Sparky","1699284","1464826","234458"
"2013-04-24","Sparky","2329121","1989587","339534"
"2013-04-25","Sparky","2148713","1823090","325623"
"2013-04-26","Sparky","2425695","2084115","341580"
"2013-04-27","Sparky","2234132","1906999","327133"
"2013-04-28","Sparky","940797","882414","58383"
"2013-04-29","Sparky","2118176","1799474","318702"
"2013-04-30","Sparky","1598449","1373639","224810"
"2013-05-01","Sparky","305903","285269","20634"
"2013-05-02","Sparky","1186038","1045074","140964"
"2013-05-03","Sparky","3060980","2553482","507498"
"2013-05-04","Sparky","1742272","1504496","237776"
"2013-05-05","Sparky","2729775","2318120","411655"
"2013-05-06","Sparky","2076095","1762497","313598"
"2013-05-07","Sparky","2142059","1825736","316323"
"2013-05-08","Sparky","842610","782459","60151"
"2013-05-09","Sparky","2499603","2092043","407560"
"2013-05-10","Sparky","2092825","1774352","318473"
"2013-05-11","Sparky","3088161","2582210","505951"
"2013-05-12","Sparky","3060045","2559788","500257"
"2013-05-13","Sparky","1270564","1131032","139532"
"2013-05-14","Sparky","2049647","1726974","322673"
"2013-05-15","Sparky","1883378","1632372","251006"
"2013-05-16","Sparky","1725134","1492763","232371"
"2013-05-17","Sparky","3035290","2532766","502524"
"2013-05-18","Sparky","1265318","1115620","149698"
"2013-05-19","Sparky","1118653","983709","134944"
"2013-05-20","Sparky","1112798","978460","134338"
"2013-05-21","Sparky","2228504","1904537","323967"
"2013-05-22","Sparky","2271098","1939808","331290"
"2013-05-23","Sparky","3551070","2953909","597161"
"2013-05-24","Sparky","2361112","2028765","332347"
"2013-05-25","Sparky","1154197","1022174","132023"
"2013-05-26","Sparky","1661718","1427833","233885"
"2013-05-27","Sparky","2151996","1827031","324965"
"2013-05-28","Sparky","1291310","1140911","150399"
"2013-05-29","Sparky","2393596","1995478","398118"
"2013-05-30","Sparky","2620269","2202493","417776"
"2013-05-31","Sparky","1513631","1292195","221436"
"2008-06-02","Spindown","2759","2176","583"
"2008-06-03","Spindown","38689","32068","6621"
"2008-06-05","Spindown","38689","32068","6621"
"2008-06-06","Spindown","2759","2176","583"
"2008-06-07","Spindown","53147","44001","9146"
"2008-06-08","Spindown","10509","8230","2279"
"2008-06-10","Spindown","9467","8055","1412"
"2008-06-11","Spindown","3859","3447","412"
"2008-06-16","Spindown","44207","36420","7787"
"2008-06-17","Spindown","13848","10547","3301"
"2008-06-18","Spindown","11089","8371","2718"
"2008-06-19","Spindown","6708","5879","829"
"2008-06-20","Spindown","1199","957","242"
"2008-06-21","Spindown","42638","35771","6867"
"2008-06-22","Spindown","13848","10547","3301"
"2008-06-24","Spindown","6257","5361","896"
"2008-06-25","Spindown","6618","5623","995"
"2008-06-26","Spindown","3949","3703","246"
"2008-06-27","Spindown","21598","16601","4997"
"2008-06-29","Spindown","3088","2244","844"
"2008-06-30","Spindown","28736","23354","5382"
"2008-07-02","Spindown","6618","5623","995"
"2008-07-03","Spindown","3859","3447","412"
"2008-07-04","Spindown","42638","35771","6867"
"2008-07-05","Spindown","2759","2176","583"
"2008-07-06","Spindown","3859","3447","412"
"2008-07-07","Spindown","46587","39474","7113"
"2008-07-08","Spindown","1199","957","242"
"2008-07-12","Spindown","39888","33025","6863"
"2008-07-13","Spindown","77378","64136","13242"
"2008-07-15","Spindown","5838","4990","848"
"2008-07-16","Spindown","14287","10804","3483"
"2008-07-17","Spindown","1199","957","242"
"2008-07-19","Spindown","9467","8055","1412"
"2008-07-20","Spindown","44147","36202","7945"
"2008-07-21","Spindown","2759","2176","583"
"2008-07-22","Spindown","12398","9517","2881"
"2008-07-24","Spindown","10509","8230","2279"
"2008-07-25","Spindown","3859","3447","412"
"2008-07-26","Spindown","56486","46318","10168"
"2008-07-27","Spindown","2699","1958","741"
"2008-07-28","Spindown","21598","16601","4997"
"2008-07-29","Spindown","18113","15900","2213"
"2008-07-31","Spindown","1199","957","242"
"2008-08-01","Spindown","6648","5661","987"
"2008-08-03","Spindown","3958","3133","825"
"2008-08-04","Spindown","40578","33355","7223"
"2008-08-05","Spindown","42638","35771","6867"
"2008-08-06","Spindown","53057","43745","9312"
"2008-08-07","Spindown","3958","3133","825"
"2008-08-09","Spindown","2699","1958","741"
"2008-08-10","Spindown","16815","15257","1558"
"2008-08-11","Spindown","38689","32068","6621"
"2008-08-12","Spindown","5148","4660","488"
"2008-08-13","Spindown","2759","2176","583"
"2008-08-14","Spindown","3859","3447","412"
"2008-08-15","Spindown","12366","10357","2009"
"2008-08-16","Spindown","6558","5405","1153"
"2008-08-17","Spindown","3949","3703","246"
"2008-08-18","Spindown","2759","2176","583"
"2008-08-19","Spindown","7817","6580","1237"
"2008-08-20","Spindown","1199","957","242"
"2008-08-21","Spindown","1889","1287","602"
"2008-08-22","Spindown","20705","15935","4770"
"2008-08-23","Spindown","3949","3703","246"
"2008-08-25","Spindown","6347","5617","730"
"2008-08-26","Spindown","6708","5879","829"
"2008-08-27","Spindown","96374","79343","17031"
"2008-08-28","Spindown","2398","1914","484"
"2008-08-29","Spindown","38689","32068","6621"
"2008-08-30","Spindown","38689","32068","6621"
"2008-09-02","Spindown","12978","9658","3320"
"2008-09-03","Spindown","1199","957","242"
"2008-09-04","Spindown","42638","35771","6867"
"2008-09-05","Spindown","1199","957","242"
"2008-09-08","Spindown","15995","13422","2573"
"2008-09-09","Spindown","3859","3447","412"
"2008-09-11","Spindown","3958","3133","825"
"2008-09-12","Spindown","46497","39218","7279"
"2008-09-13","Spindown","5838","4990","848"
"2008-09-14","Spindown","2699","1958","741"
"2008-09-15","Spindown","12226","10231","1995"
"2008-09-16","Spindown","41448","34244","7204"
"2008-09-17","Spindown","45307","37691","7616"
"2008-09-18","Spindown","41388","34026","7362"
"2008-09-19","Spindown","41388","34026","7362"
"2008-09-20","Spindown","1199","957","242"
"2008-09-23","Spindown","5458","4134","1324"
"2008-09-24","Spindown","40578","33355","7223"
"2008-09-25","Spindown","5058","4404","654"
"2008-09-26","Spindown","7808","7150","658"
"2008-09-27","Spindown","11708","9187","2521"
"2008-09-29","Spindown","3088","2244","844"
"2008-09-30","Spindown","41388","34026","7362"
"2008-10-01","Spindown","3949","3703","246"
"2008-10-02","Spindown","11089","8371","2718"
"2008-10-03","Spindown","6717","5309","1408"
"2008-10-04","Spindown","77378","64136","13242"
"2008-10-07","Spindown","42638","35771","6867"
"2008-10-08","Spindown","1199","957","242"
"2008-10-09","Spindown","2759","2176","583"
"2008-10-10","Spindown","49778","40439","9339"
"2008-10-11","Spindown","7907","6836","1071"
"2008-10-13","Spindown","2759","2176","583"
"2008-10-14","Spindown","39888","33025","6863"
"2008-10-16","Spindown","14458","11933","2525"
"2008-10-17","Spindown","3949","3703","246"
"2008-10-19","Spindown","38689","32068","6621"
"2008-10-20","Spindown","11089","8371","2718"
"2008-10-21","Spindown","5748","4734","1014"
"2008-10-22","Spindown","2759","2176","583"
"2008-10-23","Spindown","1889","1287","602"
"2008-10-24","Spindown","10509","8230","2279"
"2008-10-25","Spindown","11708","9187","2521"
"2008-10-26","Spindown","3949","3703","246"
"2008-10-27","Spindown","3949","3703","246"
"2008-10-28","Spindown","38689","32068","6621"
"2008-10-30","Spindown","3088","2244","844"
"2008-11-01","Spindown","38689","32068","6621"
"2008-11-02","Spindown","6708","5879","829"
"2008-11-03","Spindown","3949","3703","246"
"2008-11-04","Spindown","42647","35201","7446"
"2008-11-05","Spindown","3949","3703","246"
"2008-11-06","Spindown","42638","35771","6867"
"2008-11-08","Spindown","11089","8371","2718"
"2008-11-09","Spindown","38689","32068","6621"
"2008-11-10","Spindown","5058","4404","654"
"2008-11-11","Spindown","14368","11677","2691"
"2008-11-12","Spindown","12907","10144","2763"
"2008-11-13","Spindown","43337","35531","7806"
"2008-11-14","Spindown","3949","3703","246"
"2008-11-15","Spindown","6257","5361","896"
"2008-11-16","Spindown","18996","15207","3789"
"2008-11-18","Spindown","1199","957","242"
"2008-11-19","Spindown","3859","3447","412"
"2008-11-20","Spindown","53727","44142","9585"
"2008-11-21","Spindown","10509","8230","2279"
"2008-11-22","Spindown","41388","34026","7362"
"2008-11-23","Spindown","41448","34244","7204"
"2008-11-24","Spindown","16237","13031","3206"
"2008-11-26","Spindown","38689","32068","6621"
"2008-11-27","Spindown","1199","957","242"
"2008-11-28","Spindown","1199","957","242"
"2008-11-29","Spindown","10509","8230","2279"
"2008-11-30","Spindown","41448","34244","7204"
"2008-12-01","Spindown","2759","2176","583"
"2008-12-02","Spindown","2759","2176","583"
"2008-12-03","Spindown","3949","3703","246"
"2008-12-04","Spindown","42638","35771","6867"
"2008-12-05","Spindown","3949","3703","246"
"2008-12-06","Spindown","2759","2176","583"
"2008-12-07","Spindown","11766","10283","1483"
"2008-12-08","Spindown","22217","17417","4800"
"2008-12-09","Spindown","15038","12074","2964"
"2008-12-12","Spindown","6708","5879","829"
"2008-12-14","Spindown","3949","3703","246"
"2008-12-15","Spindown","3859","3447","412"
"2008-12-17","Spindown","3958","3133","825"
"2008-12-18","Spindown","2759","2176","583"
"2008-12-19","Spindown","5518","4352","1166"
"2008-12-21","Spindown","18987","15777","3210"
"2008-12-22","Spindown","2759","2176","583"
"2008-12-23","Spindown","1889","1287","602"
"2008-12-24","Spindown","7037","5947","1090"
"2008-12-26","Spindown","39888","33025","6863"
"2008-12-27","Spindown","51235","42937","8298"
"2008-12-28","Spindown","1889","1287","602"
"2008-12-29","Spindown","3958","3133","825"
"2008-12-30","Spindown","6708","5879","829"
"2009-01-01","Spindown","9787","8693","1094"
"2009-01-02","Spindown","27726","22339","5387"
"2009-01-03","Spindown","15657","12890","2767"
"2009-01-04","Spindown","3859","3447","412"
"2009-01-05","Spindown","59155","48238","10917"
"2009-01-06","Spindown","56764","45598","11166"
"2009-01-07","Spindown","90586","74324","16262"
"2009-01-08","Spindown","32255","26183","6072"
"2009-01-09","Spindown","11089","8371","2718"
"2009-01-10","Spindown","5148","4660","488"
"2009-01-11","Spindown","59765","49624","10141"
"2009-01-12","Spindown","3859","3447","412"
"2009-01-13","Spindown","5148","4660","488"
"2009-01-14","Spindown","41388","34026","7362"
"2009-01-15","Spindown","16927","13361","3566"
"2009-01-16","Spindown","14368","11677","2691"
"2009-01-17","Spindown","10657","9582","1075"
"2009-01-18","Spindown","23294","18911","4383"
"2009-01-19","Spindown","47795","39861","7934"
"2009-01-20","Spindown","3859","3447","412"
"2009-01-21","Spindown","2759","2176","583"
"2009-01-22","Spindown","46497","39218","7279"
"2009-01-23","Spindown","42638","35771","6867"
"2009-01-24","Spindown","53727","44142","9585"
"2009-01-25","Spindown","11708","9187","2521"
"2009-01-26","Spindown","43837","36728","7109"
"2009-01-27","Spindown","7546","6574","972"
"2009-01-28","Spindown","51983","43376","8607"
"2009-01-29","Spindown","8926","7234","1692"
"2009-01-30","Spindown","79776","66050","13726"
"2009-01-31","Spindown","42638","35771","6867"
"2009-02-01","Spindown","48485","40191","8294"
"2009-02-02","Spindown","42638","35771","6867"
"2009-02-03","Spindown","56145","45989","10156"
"2009-02-04","Spindown","60287","48669","11618"
"2009-02-05","Spindown","5148","4660","488"
"2009-02-06","Spindown","10657","9582","1075"
"2009-02-07","Spindown","44207","36420","7787"
"2009-02-08","Spindown","38689","32068","6621"
"2009-02-09","Spindown","11757","10853","904"
"2009-02-10","Spindown","42193","33702","8491"
"2009-02-11","Spindown","41448","34244","7204"
"2009-02-12","Spindown","11089","8371","2718"
"2009-02-13","Spindown","47606","39919","7687"
"2009-02-14","Spindown","12136","9975","2161"
"2009-02-15","Spindown","5058","4404","654"
"2009-02-16","Spindown","12907","10144","2763"
"2009-02-17","Spindown","5838","4990","848"
"2009-02-18","Spindown","26766","21194","5572"
"2009-02-19","Spindown","21598","16601","4997"
"2009-02-20","Spindown","27726","22339","5387"
"2009-02-21","Spindown","10567","9326","1241"
"2009-02-22","Spindown","42638","35771","6867"
"2009-02-23","Spindown","59565","49132","10433"
"2009-02-24","Spindown","2759","2176","583"
"2009-02-25","Spindown","16147","12775","3372"
"2009-02-26","Spindown","1199","957","242"
"2009-02-27","Spindown","13848","10547","3301"
"2009-02-28","Spindown","46446","38430","8016"
"2009-03-01","Spindown","20496","16208","4288"
"2009-03-02","Spindown","14155","12767","1388"
"2009-03-03","Spindown","42548","35515","7033"
"2009-03-04","Spindown","55693","47267","8426"
"2009-03-05","Spindown","2398","1914","484"
"2009-03-06","Spindown","56725","46130","10595"
"2009-03-07","Spindown","1199","957","242"
"2009-03-08","Spindown","10509","8230","2279"
"2009-03-09","Spindown","5518","4352","1166"
"2009-03-10","Spindown","45226","36818","8408"
"2009-03-11","Spindown","5748","4734","1014"
"2009-03-12","Spindown","23055","19099","3956"
"2009-03-13","Spindown","17856","13651","4205"
"2009-03-14","Spindown","7808","7150","658"
"2009-03-15","Spindown","1199","957","242"
"2009-03-16","Spindown","5838","4990","848"
"2009-03-17","Spindown","9097","8363","734"
"2009-03-18","Spindown","9007","8107","900"
"2009-03-19","Spindown","2699","1958","741"
"2009-03-20","Spindown","5847","4420","1427"
"2009-03-21","Spindown","12978","9658","3320"
"2009-03-23","Spindown","49198","40298","8900"
"2009-03-24","Spindown","9097","8363","734"
"2009-03-25","Spindown","16347","13220","3127"
"2009-03-26","Spindown","1889","1287","602"
"2009-03-27","Spindown","45397","37947","7450"
"2009-03-28","Spindown","42548","35515","7033"
"2009-03-29","Spindown","1889","1287","602"
"2009-03-30","Spindown","1199","957","242"
"2009-03-31","Spindown","53145","44879","8266"
"2009-04-01","Spindown","13416","11758","1658"
"2009-04-02","Spindown","6618","5623","995"
"2009-04-03","Spindown","3949","3703","246"
"2009-04-04","Spindown","16837","13105","3732"
"2009-04-05","Spindown","10509","8230","2279"
"2009-04-06","Spindown","60255","49509","10746"
"2009-04-07","Spindown","44437","36802","7635"
"2009-04-08","Spindown","16547","12505","4042"
"2009-04-09","Spindown","53096","43213","9883"
"2009-04-10","Spindown","78577","65093","13484"
"2009-04-12","Spindown","42638","35771","6867"
"2009-04-13","Spindown","48006","39649","8357"
"2009-04-14","Spindown","6717","5309","1408"
"2009-04-15","Spindown","46587","39474","7113"
"2009-04-16","Spindown","14458","11933","2525"
"2009-04-17","Spindown","54305","46368","7937"
"2009-04-18","Spindown","1199","957","242"
"2009-04-19","Spindown","10509","8230","2279"
"2009-04-20","Spindown","7808","7150","658"
"2009-04-21","Spindown","7898","7406","492"
"2009-04-22","Spindown","5148","4660","488"
"2009-04-23","Spindown","6708","5879","829"
"2009-04-24","Spindown","2759","2176","583"
"2009-04-25","Spindown","63656","52231","11425"
"2009-04-26","Spindown","47786","40431","7355"
"2009-04-27","Spindown","39888","33025","6863"
"2009-04-28","Spindown","16027","12582","3445"
"2009-04-29","Spindown","15567","12634","2933"
"2009-04-30","Spindown","15157","11693","3464"
"2009-05-01","Spindown","4648","3463","1185"
"2009-05-02","Spindown","2398","1914","484"
"2009-05-03","Spindown","11766","10283","1483"
"2009-05-04","Spindown","5058","4404","654"
"2009-05-05","Spindown","45636","37759","7877"
"2009-05-06","Spindown","41777","34312","7465"
"2009-05-07","Spindown","11089","8371","2718"
"2009-05-08","Spindown","3949","3703","246"
"2009-05-09","Spindown","52024","43000","9024"
"2009-05-10","Spindown","30074","26233","3841"
"2009-05-11","Spindown","5058","4404","654"
"2009-05-12","Spindown","53147","44001","9146"
"2009-05-13","Spindown","51897","42256","9641"
"2009-05-14","Spindown","9377","7799","1578"
"2009-05-15","Spindown","25124","20945","4179"
"2009-05-16","Spindown","55915","45607","10308"
"2009-05-17","Spindown","7808","7150","658"
"2009-05-18","Spindown","52866","42683","10183"
"2009-05-19","Spindown","4287","3201","1086"
"2009-05-20","Spindown","9007","8107","900"
"2009-05-21","Spindown","7037","5947","1090"
"2009-05-22","Spindown","102412","84825","17587"
"2009-05-23","Spindown","3088","2244","844"
"2009-05-24","Spindown","57006","47448","9558"
"2009-05-25","Spindown","2759","2176","583"
"2009-05-26","Spindown","15038","12074","2964"
"2009-05-27","Spindown","5148","4660","488"
"2009-05-28","Spindown","41448","34244","7204"
"2009-05-29","Spindown","60094","49692","10402"
"2009-05-30","Spindown","120354","99405","20949"
"2009-06-01","Spindown","5058","4404","654"
"2009-06-02","Spindown","69393","56462","12931"
"2009-06-03","Spindown","22846","19224","3622"
"2009-06-04","Spindown","12194","10037","2157"
"2009-06-05","Spindown","24877","19907","4970"
"2009-06-06","Spindown","1199","957","242"
"2009-06-07","Spindown","7727","6277","1450"
"2009-06-08","Spindown","90262","74503","15759"
"2009-06-09","Spindown","6558","5405","1153"
"2009-06-10","Spindown","52254","43382","8872"
"2009-06-11","Spindown","6618","5623","995"
"2009-06-12","Spindown","11089","8371","2718"
"2009-06-13","Spindown","19426","16081","3345"
"2009-06-14","Spindown","55594","47581","8013"
"2009-06-15","Spindown","58443","50013","8430"
"2009-06-16","Spindown","43837","36728","7109"
"2009-06-17","Spindown","17974","14965","3009"
"2009-06-18","Spindown","49256","41394","7862"
"2009-06-19","Spindown","6618","5623","995"
"2009-06-20","Spindown","24045","20181","3864"
"2009-06-21","Spindown","60964","50581","10383"
"2009-06-22","Spindown","6708","5879","829"
"2009-06-23","Spindown","51957","42474","9483"
"2009-06-24","Spindown","10986","9650","1336"
"2009-06-25","Spindown","38689","32068","6621"
"2009-06-26","Spindown","30762","25490","5272"
"2009-06-27","Spindown","54426","43902","10524"
"2009-06-28","Spindown","101213","83868","17345"
"2009-06-29","Spindown","74501","60837","13664"
"2009-06-30","Spindown","3949","3703","246"
"2009-07-01","Spindown","58575","48097","10478"
"2009-07-02","Spindown","66995","54548","12447"
"2009-07-03","Spindown","38689","32068","6621"
"2009-07-04","Spindown","11847","11109","738"
"2009-07-05","Spindown","56235","46245","9990"
"2009-07-06","Spindown","84785","69775","15010"
"2009-07-07","Spindown","3958","3133","825"
"2009-07-08","Spindown","42548","35515","7033"
"2009-07-09","Spindown","21166","17812","3354"
"2009-07-11","Spindown","46407","38962","7445"
"2009-07-12","Spindown","52114","43256","8858"
"2009-07-13","Spindown","1199","957","242"
"2009-07-14","Spindown","47705","39605","8100"
"2009-07-15","Spindown","5058","4404","654"
"2009-07-16","Spindown","24357","18777","5580"
"2009-07-17","Spindown","49955","41154","8801"
"2009-07-18","Spindown","15715","13986","1729"
"2009-07-20","Spindown","119191","96834","22357"
"2009-07-21","Spindown","9697","8437","1260"
"2009-07-22","Spindown","38689","32068","6621"
"2009-07-23","Spindown","54935","44529","10406"
"2009-07-24","Spindown","6708","5879","829"
"2009-07-25","Spindown","20314","15783","4531"
"2009-07-26","Spindown","13266","11284","1982"
"2009-07-27","Spindown","18496","14010","4486"
"2009-07-28","Spindown","90373","75414","14959"
"2009-07-29","Spindown","27116","20953","6163"
"2009-07-30","Spindown","5748","4734","1014"
"2009-07-31","Spindown","27404","22431","4973"
"2009-08-01","Spindown","14368","11677","2691"
"2009-08-02","Spindown","61045","51407","9638"
"2009-08-03","Spindown","85096","71030","14066"
"2009-08-04","Spindown","7808","7150","658"
"2009-08-05","Spindown","64146","52116","12030"
"2009-08-06","Spindown","90646","74542","16104"
"2009-08-07","Spindown","5748","4734","1014"
"2009-08-08","Spindown","5148","4660","488"
"2009-08-09","Spindown","97564","80870","16694"
"2009-08-10","Spindown","100230","82946","17284"
"2009-08-11","Spindown","41448","34244","7204"
"2009-08-12","Spindown","81327","67839","13488"
"2009-08-13","Spindown","47286","39234","8052"
"2009-08-14","Spindown","48476","40761","7715"
"2009-08-15","Spindown","45307","37691","7616"
"2009-08-16","Spindown","44207","36420","7787"
"2009-08-17","Spindown","50545","42607","7938"
"2009-08-18","Spindown","12398","9517","2881"
"2009-08-19","Spindown","41204","33194","8010"
"2009-08-20","Spindown","19115","14826","4289"
"2009-08-21","Spindown","48573","37670","10903"
"2009-08-22","Spindown","42638","35771","6867"
"2009-08-23","Spindown","34602","27309","7293"
"2009-08-24","Spindown","7907","6836","1071"
"2009-08-25","Spindown","50356","42665","7691"
"2009-08-26","Spindown","45726","38015","7711"
"2009-08-27","Spindown","7898","7406","492"
"2009-08-28","Spindown","4588","3245","1343"
"2009-08-29","Spindown","17737","14032","3705"
"2009-08-31","Spindown","38689","32068","6621"
"2009-09-01","Spindown","15567","12634","2933"
"2009-09-02","Spindown","23777","18636","5141"
"2009-09-03","Spindown","55036","45288","9748"
"2009-09-04","Spindown","38689","32068","6621"
"2009-09-05","Spindown","47196","38978","8218"
"2009-09-06","Spindown","80466","66380","14086"
"2009-09-07","Spindown","7808","7150","658"
"2009-09-08","Spindown","22275","18513","3762"
"2009-09-09","Spindown","81327","67839","13488"
"2009-09-10","Spindown","51504","42834","8670"
"2009-09-11","Spindown","43837","36728","7109"
"2009-09-12","Spindown","20885","16494","4391"
"2009-09-13","Spindown","10657","9582","1075"
"2009-09-14","Spindown","17797","14250","3547"
"2009-09-15","Spindown","48485","40191","8294"
"2009-09-16","Spindown","11708","9187","2521"
"2009-09-17","Spindown","50397","41255","9142"
"2009-09-18","Spindown","41448","34244","7204"
"2009-09-19","Spindown","86493","71359","15134"
"2009-09-20","Spindown","20195","16164","4031"
"2009-09-21","Spindown","9007","8107","900"
"2009-09-22","Spindown","25524","20574","4950"
"2009-09-23","Spindown","20556","16426","4130"
"2009-09-24","Spindown","20305","16353","3952"
"2009-09-25","Spindown","6717","5309","1408"
"2009-09-26","Spindown","41448","34244","7204"
"2009-09-27","Spindown","31592","26094","5498"
"2009-09-28","Spindown","26044","21657","4387"
"2009-09-29","Spindown","10477","9070","1407"
"2009-09-30","Spindown","83996","69759","14237"
"2009-10-01","Spindown","13788","10329","3459"
"2009-10-02","Spindown","38689","32068","6621"
"2009-10-03","Spindown","17127","13853","3274"
"2009-10-04","Spindown","89153","73849","15304"
"2009-10-05","Spindown","85276","71542","13734"
"2009-10-06","Spindown","48066","39867","8199"
"2009-10-07","Spindown","13046","12066","980"
"2009-10-08","Spindown","99644","83219","16425"
"2009-10-09","Spindown","21076","17556","3520"
"2009-10-10","Spindown","58205","48405","9800"
"2009-10-11","Spindown","7718","6894","824"
"2009-10-12","Spindown","16607","12723","3884"
"2009-10-13","Spindown","50284","41222","9062"
"2009-10-14","Spindown","43337","35531","7806"
"2009-10-15","Spindown","59765","49624","10141"
"2009-10-16","Spindown","22266","19083","3183"
"2009-10-17","Spindown","48124","39929","8195"
"2009-10-18","Spindown","7898","7406","492"
"2009-10-19","Spindown","1199","957","242"
"2009-10-20","Spindown","17797","14250","3547"
"2009-10-21","Spindown","56916","47192","9724"
"2009-10-22","Spindown","14467","11363","3104"
"2009-10-23","Spindown","68095","55819","12276"
"2009-10-24","Spindown","14516","13029","1487"
"2009-10-25","Spindown","6347","5617","730"
"2009-10-26","Spindown","45307","37691","7616"
"2009-10-27","Spindown","14686","11242","3444"
"2009-10-28","Spindown","52763","43962","8801"
"2009-10-29","Spindown","56654","46616","10038"
"2009-10-30","Spindown","14458","11933","2525"
"2009-10-31","Spindown","45397","37947","7450"
"2009-11-01","Spindown","92945","76770","16175"
"2009-11-02","Spindown","97651","81329","16322"
"2009-11-03","Spindown","122414","101821","20593"
"2009-11-04","Spindown","11667","10597","1070"
"2009-11-05","Spindown","18416","15066","3350"
"2009-11-06","Spindown","28826","23610","5216"
"2009-11-07","Spindown","198093","163803","34290"
"2009-11-08","Spindown","43846","36158","7688"
"2009-11-09","Spindown","17456","13921","3535"
"2009-11-10","Spindown","46071","37570","8501"
"2009-11-11","Spindown","13416","11758","1658"
"2009-11-13","Spindown","116067","96204","19863"
"2009-11-14","Spindown","63492","54987","8505"
"2009-11-15","Spindown","35242","29619","5623"
"2009-11-16","Spindown","41777","34312","7465"
"2009-11-17","Spindown","18407","15636","2771"
"2009-11-18","Spindown","7817","6580","1237"
"2009-11-19","Spindown","13597","10474","3123"
"2009-11-20","Spindown","21076","17556","3520"
"2009-11-21","Spindown","97322","81261","16061"
"2009-11-22","Spindown","22217","17417","4800"
"2009-11-23","Spindown","14467","11363","3104"
"2009-11-24","Spindown","46596","38904","7692"
"2009-11-25","Spindown","60184","49948","10236"
"2009-11-26","Spindown","53057","43745","9312"
"2009-11-27","Spindown","4977","3531","1446"
"2009-11-28","Spindown","40578","33355","7223"
"2009-11-29","Spindown","39888","33025","6863"
"2009-11-30","Spindown","1199","957","242"
"2009-12-01","Spindown","38689","32068","6621"
"2009-12-02","Spindown","7037","5947","1090"
"2009-12-03","Spindown","15047","11504","3543"
"2009-12-04","Spindown","11676","10027","1649"
"2009-12-05","Spindown","43337","35531","7806"
"2009-12-06","Spindown","91845","75499","16346"
"2009-12-07","Spindown","69384","57032","12352"
"2009-12-08","Spindown","10375","7447","2928"
"2009-12-09","Spindown","49333","38370","10963"
"2009-12-10","Spindown","60012","50662","9350"
"2009-12-11","Spindown","59855","49880","9975"
"2009-12-12","Spindown","18416","15066","3350"
"2009-12-13","Spindown","9007","8107","900"
"2009-12-14","Spindown","68185","56075","12110"
"2009-12-15","Spindown","43837","36728","7109"
"2009-12-16","Spindown","16243","12617","3626"
"2009-12-17","Spindown","51897","42256","9641"
"2009-12-18","Spindown","58304","48091","10213"
"2009-12-19","Spindown","56815","46386","10429"
"2009-12-20","Spindown","84086","70015","14071"
"2009-12-21","Spindown","38689","32068","6621"
"2009-12-22","Spindown","24106","18704","5402"
"2009-12-23","Spindown","57595","47019","10576"
"2009-12-24","Spindown","23375","19784","3591"
"2009-12-25","Spindown","6947","5691","1256"
"2009-12-26","Spindown","87584","73200","14384"
"2009-12-27","Spindown","93615","77167","16448"
"2009-12-28","Spindown","86394","71673","14721"
"2009-12-29","Spindown","95414","78198","17216"
"2009-12-30","Spindown","13208","10188","3020"
"2009-12-31","Spindown","9467","8055","1412"
"2010-01-01","Spindown","63665","51661","12004"
"2010-01-02","Spindown","45397","37947","7450"
"2010-01-03","Spindown","43747","36472","7275"
"2010-01-04","Spindown","18326","14810","3516"
"2010-01-05","Spindown","20096","16478","3618"
"2010-01-06","Spindown","130800","106335","24465"
"2010-01-07","Spindown","52254","43382","8872"
"2010-01-08","Spindown","62374","51326","11048"
"2010-01-09","Spindown","45397","37947","7450"
"2010-01-10","Spindown","46446","38430","8016"
"2010-01-11","Spindown","65592","54111","11481"
"2010-01-12","Spindown","97204","79947","17257"
"2010-01-13","Spindown","46596","38904","7692"
"2010-01-14","Spindown","56145","45989","10156"
"2010-01-15","Spindown","73622","59601","14021"
"2010-01-16","Spindown","61133","52541","8592"
"2010-01-17","Spindown","147778","121769","26009"
"2010-01-18","Spindown","16927","13361","3566"
"2010-01-19","Spindown","48156","40123","8033"
"2010-01-20","Spindown","47696","40175","7521"
"2010-01-21","Spindown","49175","40521","8654"
"2010-01-22","Spindown","112792","92124","20668"
"2010-01-23","Spindown","96984","80729","16255"
"2010-01-24","Spindown","39973","33077","6896"
"2010-01-25","Spindown","43485","35896","7589"
"2010-01-26","Spindown","27431","20579","6852"
"2010-01-27","Spindown","53485","43499","9986"
"2010-01-28","Spindown","6947","5691","1256"
"2010-01-29","Spindown","35446","27148","8298"
"2010-01-30","Spindown","17604","15273","2331"
"2010-01-31","Spindown","58575","48097","10478"
"2010-02-01","Spindown","18504","16200","2304"
"2010-02-02","Spindown","143980","119262","24718"
"2010-02-03","Spindown","17346","13732","3614"
"2010-02-04","Spindown","15574","12942","2632"
"2010-02-05","Spindown","58904","48165","10739"
"2010-02-06","Spindown","5748","4734","1014"
"2010-02-07","Spindown","19493","16560","2933"
"2010-02-08","Spindown","17013","14629","2384"
"2010-02-09","Spindown","37432","30206","7226"
"2010-02-10","Spindown","7907","6836","1071"
"2010-02-11","Spindown","64204","53212","10992"
"2010-02-12","Spindown","96811","80525","16286"
"2010-02-13","Spindown","47696","40175","7521"
"2010-02-14","Spindown","6708","5879","829"
"2010-02-15","Spindown","66652","54133","12519"
"2010-02-16","Spindown","49585","41462","8123"
"2010-02-17","Spindown","42322","33325","8997"
"2010-02-18","Spindown","55756","45703","10053"
"2010-02-19","Spindown","114019","95204","18815"
"2010-02-20","Spindown","121044","99735","21309"
"2010-02-21","Spindown","14104","11979","2125"
"2010-02-22","Spindown","63723","52757","10966"
"2010-02-23","Spindown","20724","16724","4000"
"2010-02-24","Spindown","54346","44958","9388"
"2010-02-25","Spindown","107049","87785","19264"
"2010-02-26","Spindown","88467","72507","15960"
"2010-02-27","Spindown","26804","22357","4447"
"2010-02-28","Spindown","86845","72191","14654"
"2010-03-01","Spindown","146402","120245","26157"
"2010-03-02","Spindown","26403","20846","5557"
"2010-03-03","Spindown","24155","20370","3785"
"2010-03-04","Spindown","5148","4660","488"
"2010-03-05","Spindown","59881","50782","9099"
"2010-03-06","Spindown","3958","3133","825"
"2010-03-07","Spindown","48611","38833","9778"
"2010-03-08","Spindown","5847","4420","1427"
"2010-03-09","Spindown","108231","88978","19253"
"2010-03-10","Spindown","3088","2244","844"
"2010-03-11","Spindown","93725","77356","16369"
"2010-03-12","Spindown","89666","73464","16202"
"2010-03-13","Spindown","58214","47835","10379"
"2010-03-14","Spindown","45036","37685","7351"
"2010-03-15","Spindown","43954","35940","8014"
"2010-03-16","Spindown","102493","85651","16842"
"2010-03-17","Spindown","68900","55573","13327"
"2010-03-18","Spindown","49295","40862","8433"
"2010-03-19","Spindown","25606","19705","5901"
"2010-03-20","Spindown","32613","25614","6999"
"2010-03-21","Spindown","27666","22121","5545"
"2010-03-22","Spindown","21085","16986","4099"
"2010-03-23","Spindown","60955","51151","9804"
"2010-03-24","Spindown","95753","80612","15141"
"2010-03-25","Spindown","11706","10065","1641"
"2010-03-26","Spindown","34563","27841","6722"
"2010-03-27","Spindown","53057","43745","9312"
"2010-03-28","Spindown","113048","93556","19492"
"2010-03-29","Spindown","40844","32271","8573"
"2010-03-30","Spindown","29254","23364","5890"
"2010-03-31","Spindown","40578","33355","7223"
"2010-04-02","Spindown","25556","19734","5822"
"2010-04-03","Spindown","66995","54548","12447"
"2010-04-04","Spindown","54926","45099","9827"
"2010-04-05","Spindown","27883","23121","4762"
"2010-04-06","Spindown","72762","60024","12738"
"2010-04-07","Spindown","55296","44791","10505"
"2010-04-08","Spindown","7456","6318","1138"
"2010-04-09","Spindown","1199","957","242"
"2010-04-10","Spindown","13848","10547","3301"
"2010-04-11","Spindown","94834","78057","16777"
"2010-04-12","Spindown","9467","8055","1412"
"2010-04-13","Spindown","57586","47589","9997"
"2010-04-14","Spindown","82535","68226","14309"
"2010-04-15","Spindown","30085","23578","6507"
"2010-04-16","Spindown","95401","79780","15621"
"2010-04-17","Spindown","22743","20503","2240"
"2010-04-18","Spindown","45337","37729","7608"
"2010-04-19","Spindown","53214","44527","8687"
"2010-04-20","Spindown","22445","17713","4732"
"2010-04-22","Spindown","35476","28393","7083"
"2010-04-23","Spindown","33712","28681","5031"
"2010-04-24","Spindown","11667","10597","1070"
"2010-04-25","Spindown","58205","48405","9800"
"2010-04-26","Spindown","27013","22232","4781"
"2010-04-27","Spindown","154096","128171","25925"
"2010-04-28","Spindown","19525","15767","3758"
"2010-04-29","Spindown","50455","42351","8104"
"2010-04-30","Spindown","55906","46177","9729"
"2010-05-01","Spindown","15805","14242","1563"
"2010-05-02","Spindown","62844","52438","10406"
"2010-05-03","Spindown","72820","61120","11700"
"2010-05-04","Spindown","81327","67839","13488"
"2010-05-05","Spindown","135583","112541","23042"
"2010-05-06","Spindown","133284","110313","22971"
"2010-05-07","Spindown","18807","15265","3542"
"2010-05-08","Spindown","59574","48562","11012"
"2010-05-09","Spindown","74812","61128","13684"
"2010-05-10","Spindown","73333","60735","12598"
"2010-05-11","Spindown","49346","41650","7696"
"2010-05-12","Spindown","9796","8123","1673"
"2010-05-13","Spindown","58124","47532","10592"
"2010-05-14","Spindown","46506","38648","7858"
"2010-05-15","Spindown","13208","10188","3020"
"2010-05-16","Spindown","47696","40175","7521"
"2010-05-17","Spindown","17703","14959","2744"
"2010-05-18","Spindown","40233","31546","8687"
"2010-05-19","Spindown","18225","16002","2223"
"2010-05-20","Spindown","86845","72191","14654"
"2010-05-21","Spindown","97683","80489","17194"
"2010-05-22","Spindown","65493","54425","11068"
"2010-05-23","Spindown","25547","20304","5243"
"2010-05-24","Spindown","6257","5361","896"
"2010-05-25","Spindown","27404","22431","4973"
"2010-05-26","Spindown","85186","71286","13900"
"2010-05-27","Spindown","43837","36728","7109"
"2010-05-28","Spindown","104421","86305","18116"
"2010-05-29","Spindown","94373","79905","14468"
"2010-05-30","Spindown","55892","45830","10062"
"2010-05-31","Spindown","20206","16667","3539"
"2010-06-01","Spindown","213019","177773","35246"
"2010-06-02","Spindown","68767","56814","11953"
"2010-06-03","Spindown","147726","122824","24902"
"2010-06-04","Spindown","10905","8824","2081"
"2010-06-05","Spindown","76561","63253","13308"
"2010-06-06","Spindown","29460","25812","3648"
"2010-06-07","Spindown","50397","41255","9142"
"2010-06-08","Spindown","12226","10231","1995"
"2010-06-09","Spindown","132439","107307","25132"
"2010-06-10","Spindown","110288","90658","19630"
"2010-06-11","Spindown","120961","98502","22459"
"2010-06-12","Spindown","75233","62572","12661"
"2010-06-13","Spindown","89473","74487","14986"
"2010-06-14","Spindown","108198","85860","22338"
"2010-06-15","Spindown","146339","121809","24530"
"2010-06-16","Spindown","140415","115742","24673"
"2010-06-17","Spindown","67762","56716","11046"
"2010-06-18","Spindown","10155","8276","1879"
"2010-06-19","Spindown","94721","76887","17834"
"2010-06-20","Spindown","117956","97491","20465"
"2010-06-21","Spindown","70083","56792","13291"
"2010-06-22","Spindown","27522","22859","4663"
"2010-06-23","Spindown","229136","190611","38525"
"2010-06-24","Spindown","30738","24896","5842"
"2010-06-25","Spindown","75422","62514","12908"
"2010-06-26","Spindown","75141","61196","13945"
"2010-06-27","Spindown","44438","34091","10347"
"2010-06-28","Spindown","154279","126996","27283"
"2010-06-29","Spindown","87229","71387","15842"
"2010-06-30","Spindown","136750","114338","22412"
"2010-07-01","Spindown","132044","108763","23281"
"2010-07-02","Spindown","98660","83106","15554"
"2010-07-03","Spindown","41078","34743","6335"
"2010-07-04","Spindown","133671","111477","22194"
"2010-07-05","Spindown","139950","114834","25116"
"2010-07-06","Spindown","87098","71334","15764"
"2010-07-07","Spindown","45779","38021","7758"
"2010-07-08","Spindown","122414","101821","20593"
"2010-07-09","Spindown","102412","84825","17587"
"2010-07-10","Spindown","36213","29316","6897"
"2010-07-11","Spindown","141708","115990","25718"
"2010-07-12","Spindown","210811","173090","37721"
"2010-07-13","Spindown","61401","49765","11636"
"2010-07-14","Spindown","153228","126404","26824"
"2010-07-15","Spindown","64574","51870","12704"
"2010-07-16","Spindown","101243","83906","17337"
"2010-07-17","Spindown","155869","128300","27569"
"2010-07-18","Spindown","175579","144682","30897"
"2010-07-19","Spindown","94121","77950","16171"
"2010-07-20","Spindown","22385","17495","4890"
"2010-07-21","Spindown","153016","126685","26331"
"2010-07-22","Spindown","28373","23006","5367"
"2010-07-23","Spindown","183683","149674","34009"
"2010-07-24","Spindown","62234","51052","11182"
"2010-07-25","Spindown","105516","85522","19994"
"2010-07-26","Spindown","84086","70015","14071"
"2010-07-27","Spindown","139978","115845","24133"
"2010-07-28","Spindown","87698","71408","16290"
"2010-07-29","Spindown","66581","54619","11962"
"2010-07-30","Spindown","82418","69871","12547"
"2010-07-31","Spindown","74922","61317","13605"
"2010-08-01","Spindown","66022","54938","11084"
"2010-08-02","Spindown","19516","16337","3179"
"2010-08-03","Spindown","94593","79123","15470"
"2010-08-04","Spindown","58785","48546","10239"
"2010-08-05","Spindown","32793","26173","6620"
"2010-08-06","Spindown","277374","229764","47610"
"2010-08-07","Spindown","125316","101521","23795"
"2010-08-08","Spindown","182549","151137","31412"
"2010-08-09","Spindown","54498","45489","9009"
"2010-08-10","Spindown","243766","200623","43143"
"2010-08-11","Spindown","111773","90883","20890"
"2010-08-12","Spindown","121914","100624","21290"
"2010-08-13","Spindown","99653","82649","17004"
"2010-08-14","Spindown","53814","44601","9213"
"2010-08-15","Spindown","59030","46807","12223"
"2010-08-16","Spindown","21166","17812","3354"
"2010-08-17","Spindown","107447","88465","18982"
"2010-08-18","Spindown","68050","58194","9856"
"2010-08-19","Spindown","119797","98025","21772"
"2010-08-20","Spindown","102747","83342","19405"
"2010-08-21","Spindown","106531","86741","19790"
"2010-08-22","Spindown","46607","38391","8216"
"2010-08-23","Spindown","167557","137406","30151"
"2010-08-24","Spindown","195817","161543","34274"
"2010-08-25","Spindown","195808","162113","33695"
"2010-08-26","Spindown","23613","21392","2221"
"2010-08-27","Spindown","74520","62465","12055"
"2010-08-28","Spindown","188463","155762","32701"
"2010-08-29","Spindown","24403","19612","4791"
"2010-08-30","Spindown","23377","17699","5678"
"2010-08-31","Spindown","166537","136191","30346"
"2010-09-01","Spindown","76877","63939","12938"
"2010-09-02","Spindown","41542","32692","8850"
"2010-09-03","Spindown","85630","69493","16137"
"2010-09-04","Spindown","22824","17752","5072"
"2010-09-05","Spindown","176411","145152","31259"
"2010-09-06","Spindown","73620","60479","13141"
"2010-09-07","Spindown","126889","103795","23094"
"2010-09-08","Spindown","204615","169728","34887"
"2010-09-09","Spindown","24164","19800","4364"
"2010-09-10","Spindown","96155","79412","16743"
"2010-09-11","Spindown","24944","20433","4511"
"2010-09-12","Spindown","103579","86622","16957"
"2010-09-13","Spindown","154795","127931","26864"
"2010-09-14","Spindown","306430","250598","55832"
"2010-09-15","Spindown","62163","51538","10625"
"2010-09-16","Spindown","193787","159165","34622"
"2010-09-17","Spindown","82859","68090","14769"
"2010-09-18","Spindown","93831","77350","16481"
"2010-09-19","Spindown","110229","91405","18824"
"2010-09-20","Spindown","199187","165632","33555"
"2010-09-21","Spindown","92295","78867","13428"
"2010-09-22","Spindown","69384","57032","12352"
"2010-09-23","Spindown","109359","90516","18843"
"2010-09-24","Spindown","61901","51949","9952"
"2010-09-25","Spindown","98602","83044","15558"
"2010-09-26","Spindown","113786","93027","20759"
"2010-09-27","Spindown","126507","104977","21530"
"2010-09-28","Spindown","102709","85733","16976"
"2010-09-29","Spindown","80370","66682","13688"
"2010-09-30","Spindown","242711","202030","40681"
"2010-10-01","Spindown","213658","177315","36343"
"2010-10-02","Spindown","64146","52116","12030"
"2010-10-03","Spindown","77811","64998","12813"
"2010-10-04","Spindown","67681","55890","11791"
"2010-10-05","Spindown","58288","47337","10951"
"2010-10-06","Spindown","197587","163211","34376"
"2010-10-07","Spindown","146158","119195","26963"
"2010-10-08","Spindown","66572","55189","11383"
"2010-10-09","Spindown","74860","60026","14834"
"2010-10-10","Spindown","43441","36325","7116"
"2010-10-11","Spindown","54921","44895","10026"
"2010-10-12","Spindown","141002","117207","23795"
"2010-10-13","Spindown","191588","158404","33184"
"2010-10-14","Spindown","135362","113439","21923"
"2010-10-15","Spindown","62802","51080","11722"
"2010-10-16","Spindown","138675","113964","24711"
"2010-10-17","Spindown","59101","50196","8905"
"2010-10-18","Spindown","72044","59522","12522"
"2010-10-19","Spindown","78968","65584","13384"
"2010-10-20","Spindown","134911","112058","22853"
"2010-10-21","Spindown","105328","87783","17545"
"2010-10-22","Spindown","178230","147742","30488"
"2010-10-23","Spindown","63433","52009","11424"
"2010-10-24","Spindown","145540","120481","25059"
"2010-10-25","Spindown","40930","33344","7586"
"2010-10-26","Spindown","16246","12461","3785"
"2010-10-27","Spindown","181898","150127","31771"
"2010-10-28","Spindown","142374","116365","26009"
"2010-10-29","Spindown","35253","28171","7082"
"2010-10-30","Spindown","28754","22167","6587"
"2010-10-31","Spindown","30231","27015","3216"
"2010-11-01","Spindown","277052","228970","48082"
"2010-11-02","Spindown","31504","24913","6591"
"2010-11-03","Spindown","86109","72134","13975"
"2010-11-04","Spindown","132506","107833","24673"
"2010-11-05","Spindown","161317","133665","27652"
"2010-11-06","Spindown","165479","136177","29302"
"2010-11-07","Spindown","70332","58950","11382"
"2010-11-08","Spindown","133127","109722","23405"
"2010-11-09","Spindown","80786","67209","13577"
"2010-11-10","Spindown","50240","40664","9576"
"2010-11-11","Spindown","72120","59478","12642"
"2010-11-12","Spindown","93438","76643","16795"
"2010-11-13","Spindown","116586","95596","20990"
"2010-11-14","Spindown","245894","201769","44125"
"2010-11-15","Spindown","58353","49757","8596"
"2010-11-16","Spindown","41759","35643","6116"
"2010-11-17","Spindown","222184","183682","38502"
"2010-11-18","Spindown","222914","185582","37332"
"2010-11-19","Spindown","72670","60646","12024"
"2010-11-20","Spindown","74830","61939","12891"
"2010-11-21","Spindown","117531","97725","19806"
"2010-11-22","Spindown","50784","42419","8365"
"2010-11-23","Spindown","126438","103378","23060"
"2010-11-24","Spindown","47795","39861","7934"
"2010-11-25","Spindown","136080","112835","23245"
"2010-11-26","Spindown","190518","157070","33448"
"2010-11-27","Spindown","26033","21154","4879"
"2010-11-28","Spindown","171724","140414","31310"
"2010-11-29","Spindown","136505","111359","25146"
"2010-11-30","Spindown","169028","140251","28777"
"2010-12-01","Spindown","62833","51935","10898"
"2010-12-02","Spindown","184158","152988","31170"
"2010-12-03","Spindown","119746","98224","21522"
"2010-12-04","Spindown","115777","95647","20130"
"2010-12-05","Spindown","103927","83557","20370"
"2010-12-06","Spindown","208398","172553","35845"
"2010-12-07","Spindown","102010","85973","16037"
"2010-12-08","Spindown","151229","125915","25314"
"2010-12-09","Spindown","216984","176305","40679"
"2010-12-10","Spindown","142268","117656","24612"
"2010-12-11","Spindown","83059","68582","14477"
"2010-12-12","Spindown","96482","80410","16072"
"2010-12-13","Spindown","66211","54927","11284"
"2010-12-14","Spindown","66441","55309","11132"
"2010-12-15","Spindown","22914","18055","4859"
"2010-12-16","Spindown","65592","54111","11481"
"2010-12-17","Spindown","47728","39526","8202"
"2010-12-18","Spindown","131247","107818","23429"
"2010-12-19","Spindown","127932","106173","21759"
"2010-12-20","Spindown","111157","93343","17814"
"2010-12-21","Spindown","60023","48971","11052"
"2010-12-22","Spindown","98562","80808","17754"
"2010-12-23","Spindown","61052","51715","9337"
"2010-12-24","Spindown","21923","18668","3255"
"2010-12-25","Spindown","34563","27841","6722"
"2010-12-26","Spindown","100117","80789","19328"
"2010-12-27","Spindown","180088","146889","33199"
"2010-12-28","Spindown","64422","52517","11905"
"2010-12-29","Spindown","59707","48528","11179"
"2010-12-30","Spindown","70900","58830","12070"
"2010-12-31","Spindown","73559","62129","11430"
"2011-01-01","Spindown","109799","90531","19268"
"2011-01-02","Spindown","128185","106523","21662"
"2011-01-03","Spindown","64452","52555","11897"
"2011-01-04","Spindown","94331","78547","15784"
"2011-01-05","Spindown","202835","165714","37121"
"2011-01-06","Spindown","70184","57598","12586"
"2011-01-07","Spindown","103160","86251","16909"
"2011-01-08","Spindown","53340","43169","10171"
"2011-01-09","Spindown","65012","53970","11042"
"2011-01-10","Spindown","88170","71790","16380"
"2011-01-11","Spindown","183768","149535","34233"
"2011-01-12","Spindown","147988","122366","25622"
"2011-01-13","Spindown","138029","114340","23689"
"2011-01-14","Spindown","11865","9969","1896"
"2011-01-15","Spindown","18185","13719","4466"
"2011-01-16","Spindown","21124","16454","4670"
"2011-01-17","Spindown","95410","79163","16247"
"2011-01-18","Spindown","164445","134568","29877"
"2011-01-19","Spindown","79070","64966","14104"
"2011-01-20","Spindown","179023","146984","32039"
"2011-01-21","Spindown","141817","118125","23692"
"2011-01-22","Spindown","53304","44783","8521"
"2011-01-23","Spindown","100942","83862","17080"
"2011-01-24","Spindown","175081","146132","28949"
"2011-01-25","Spindown","179887","149525","30362"
"2011-01-26","Spindown","44301","34868","9433"
"2011-01-27","Spindown","63461","53168","10293"
"2011-01-28","Spindown","39991","31890","8101"
"2011-01-29","Spindown","61506","49750","11756"
"2011-01-30","Spindown","62575","52536","10039"
"2011-01-31","Spindown","209309","175060","34249"
"2011-02-01","Spindown","94788","77413","17375"
"2011-02-02","Spindown","99937","80378","19559"
"2011-02-03","Spindown","151968","126924","25044"
"2011-02-04","Spindown","139969","116415","23554"
"2011-02-05","Spindown","78776","63800","14976"
"2011-02-06","Spindown","148187","124506","23681"
"2011-02-07","Spindown","89816","75093","14723"
"2011-02-08","Spindown","107470","89229","18241"
"2011-02-09","Spindown","134393","111014","23379"
"2011-02-10","Spindown","72099","58728","13371"
"2011-02-11","Spindown","144058","120244","23814"
"2011-02-12","Spindown","154296","128515","25781"
"2011-02-13","Spindown","163746","135098","28648"
"2011-02-14","Spindown","115029","94221","20808"
"2011-02-15","Spindown","91493","75654","15839"
"2011-02-16","Spindown","199877","166009","33868"
"2011-02-17","Spindown","136961","112128","24833"
"2011-02-18","Spindown","100386","80639","19747"
"2011-02-19","Spindown","199983","166003","33980"
"2011-02-20","Spindown","72950","60035","12915"
"2011-02-21","Spindown","136319","112569","23750"
"2011-02-22","Spindown","79888","64345","15543"
"2011-02-23","Spindown","89979","74133","15846"
"2011-02-24","Spindown","93102","77552","15550"
"2011-02-25","Spindown","101271","84964","16307"
"2011-02-26","Spindown","57760","45129","12631"
"2011-02-27","Spindown","75579","63296","12283"
"2011-02-28","Spindown","43218","36103","7115"
"2011-03-01","Spindown","221691","182602","39089"
"2011-03-02","Spindown","114169","95631","18538"
"2011-03-03","Spindown","163665","134225","29440"
"2011-03-04","Spindown","50930","40994","9936"
"2011-03-05","Spindown","129857","105846","24011"
"2011-03-06","Spindown","177972","146345","31627"
"2011-03-07","Spindown","101522","84003","17519"
"2011-03-08","Spindown","72672","59768","12904"
"2011-03-09","Spindown","130525","107121","23404"
"2011-03-10","Spindown","35410","28953","6457"
"2011-03-11","Spindown","99030","82798","16232"
"2011-03-12","Spindown","81840","67645","14195"
"2011-03-13","Spindown","27172","21893","5279"
"2011-03-14","Spindown","104083","86807","17276"
"2011-03-15","Spindown","35000","28012","6988"
"2011-03-16","Spindown","106757","89122","17635"
"2011-03-17","Spindown","68590","56099","12491"
"2011-03-18","Spindown","195928","162306","33622"
"2011-03-19","Spindown","171853","141024","30829"
"2011-03-20","Spindown","67031","57749","9282"
"2011-03-21","Spindown","164742","134191","30551"
"2011-03-22","Spindown","113919","92703","21216"
"2011-03-23","Spindown","96952","81569","15383"
"2011-03-24","Spindown","163219","134624","28595"
"2011-03-25","Spindown","78440","63228","15212"
"2011-03-26","Spindown","81511","67577","13934"
"2011-03-27","Spindown","82798","69668","13130"
"2011-03-28","Spindown","75655","62884","12771"
"2011-03-29","Spindown","188221","156106","32115"
"2011-03-30","Spindown","75408","62214","13194"
"2011-03-31","Spindown","140310","117708","22602"
"2011-04-01","Spindown","111937","92942","18995"
"2011-04-02","Spindown","100951","83292","17659"
"2011-04-03","Spindown","116090","96125","19965"
"2011-04-04","Spindown","80208","65030","15178"
"2011-04-05","Spindown","108669","90186","18483"
"2011-04-06","Spindown","134305","109929","24376"
"2011-04-07","Spindown","120425","99110","21315"
"2011-04-08","Spindown","74771","62538","12233"
"2011-04-09","Spindown","115727","97775","17952"
"2011-04-10","Spindown","85375","71419","13956"
"2011-04-11","Spindown","23514","21706","1808"
"2011-04-12","Spindown","41448","33401","8047"
"2011-04-13","Spindown","149098","123985","25113"
"2011-04-14","Spindown","83696","70581","13115"
"2011-04-15","Spindown","45530","36897","8633"
"2011-04-16","Spindown","96804","80217","16587"
"2011-04-17","Spindown","135157","110893","24264"
"2011-04-18","Spindown","107679","87897","19782"
"2011-04-19","Spindown","122857","100245","22612"
"2011-04-20","Spindown","129641","106901","22740"
"2011-04-21","Spindown","186737","154652","32085"
"2011-04-22","Spindown","125987","103847","22140"
"2011-04-23","Spindown","135547","109484","26063"
"2011-04-24","Spindown","279132","230112","49020"
"2011-04-25","Spindown","63647","51785","11862"
"2011-04-26","Spindown","30099","25354","4745"
"2011-04-27","Spindown","34050","28179","5871"
"2011-04-28","Spindown","9055","7005","2050"
"2011-04-29","Spindown","60612","49749","10863"
"2011-04-30","Spindown","180579","148977","31602"
"2011-05-01","Spindown","222883","183442","39441"
"2011-05-02","Spindown","168638","138083","30555"
"2011-05-03","Spindown","27634","22961","4673"
"2011-05-04","Spindown","23752","19784","3968"
"2011-05-05","Spindown","75420","63392","12028"
"2011-05-06","Spindown","163105","135400","27705"
"2011-05-07","Spindown","115620","95013","20607"
"2011-05-08","Spindown","58691","49255","9436"
"2011-05-09","Spindown","81770","67322","14448"
"2011-05-10","Spindown","25644","20868","4776"
"2011-05-11","Spindown","73650","61623","12027"
"2011-05-12","Spindown","188485","154848","33637"
"2011-05-13","Spindown","57268","47228","10040"
"2011-05-14","Spindown","123557","101887","21670"
"2011-05-15","Spindown","106793","87317","19476"
"2011-05-16","Spindown","174162","144611","29551"
"2011-05-17","Spindown","5148","4660","488"
"2011-05-18","Spindown","51596","42212","9384"
"2011-05-19","Spindown","87990","71231","16759"
"2011-05-20","Spindown","159360","131177","28183"
"2011-05-21","Spindown","54382","43344","11038"
"2011-05-22","Spindown","63523","52265","11258"
"2011-05-23","Spindown","84221","68087","16134"
"2011-05-24","Spindown","119227","100035","19192"
"2011-05-25","Spindown","119749","99127","20622"
"2011-05-26","Spindown","114330","94461","19869"
"2011-05-27","Spindown","81670","68445","13225"
"2011-05-28","Spindown","177846","147703","30143"
"2011-05-29","Spindown","197991","165995","31996"
"2011-05-30","Spindown","23502","20386","3116"
"2011-05-31","Spindown","67032","54894","12138"
"2011-06-01","Spindown","65959","53864","12095"
"2011-06-02","Spindown","103314","85065","18249"
"2011-06-03","Spindown","151992","126083","25909"
"2011-06-04","Spindown","70009","54989","15020"
"2011-06-05","Spindown","137952","115283","22669"
"2011-06-06","Spindown","15903","13010","2893"
"2011-06-07","Spindown","109807","88996","20811"
"2011-06-08","Spindown","243573","200729","42844"
"2011-06-09","Spindown","128723","106293","22430"
"2011-06-10","Spindown","220672","182247","38425"
"2011-06-11","Spindown","231851","190874","40977"
"2011-06-12","Spindown","103602","86352","17250"
"2011-06-13","Spindown","189940","156986","32954"
"2011-06-14","Spindown","91017","75100","15917"
"2011-06-15","Spindown","119777","100286","19491"
"2011-06-16","Spindown","112266","93057","19209"
"2011-06-17","Spindown","92177","76589","15588"
"2011-06-18","Spindown","117956","97635","20321"
"2011-06-19","Spindown","66791","55068","11723"
"2011-06-20","Spindown","132895","110070","22825"
"2011-06-21","Spindown","125052","101601","23451"
"2011-06-22","Spindown","154035","125993","28042"
"2011-06-23","Spindown","123302","102427","20875"
"2011-06-24","Spindown","130055","110746","19309"
"2011-06-25","Spindown","218632","178878","39754"
"2011-06-26","Spindown","217022","178675","38347"
"2011-06-27","Spindown","109223","88582","20641"
"2011-06-28","Spindown","58647","49684","8963"
"2011-06-29","Spindown","184175","150679","33496"
"2011-06-30","Spindown","106706","88334","18372"
"2011-07-01","Spindown","153317","126776","26541"
"2011-07-02","Spindown","124597","103035","21562"
"2011-07-03","Spindown","159508","132529","26979"
"2011-07-04","Spindown","202917","168660","34257"
"2011-07-05","Spindown","170815","139962","30853"
"2011-07-06","Spindown","45977","38279","7698"
"2011-07-07","Spindown","150815","122088","28727"
"2011-07-08","Spindown","16863","14155","2708"
"2011-07-09","Spindown","193214","157946","35268"
"2011-07-10","Spindown","161487","134072","27415"
"2011-07-11","Spindown","130294","106981","23313"
"2011-07-12","Spindown","234504","194442","40062"
"2011-07-13","Spindown","119274","99641","19633"
"2011-07-14","Spindown","85699","71092","14607"
"2011-07-15","Spindown","218295","178990","39305"
"2011-07-16","Spindown","213515","175073","38442"
"2011-07-17","Spindown","135928","112347","23581"
"2011-07-18","Spindown","126487","104943","21544"
"2011-07-19","Spindown","49318","40682","8636"
"2011-07-20","Spindown","73832","60050","13782"
"2011-07-21","Spindown","117489","96367","21122"
"2011-07-22","Spindown","211472","175163","36309"
"2011-07-23","Spindown","69413","56395","13018"
"2011-07-24","Spindown","74207","62088","12119"
"2011-07-25","Spindown","106312","86862","19450"
"2011-07-26","Spindown","66282","54441","11841"
"2011-07-27","Spindown","112392","92495","19897"
"2011-07-28","Spindown","155533","127159","28374"
"2011-07-29","Spindown","177443","147884","29559"
"2011-07-30","Spindown","97683","80489","17194"
"2011-07-31","Spindown","197700","164352","33348"
"2011-08-01","Spindown","106385","86332","20053"
"2011-08-02","Spindown","258536","216014","42522"
"2011-08-03","Spindown","76598","63694","12904"
"2011-08-04","Spindown","132801","110588","22213"
"2011-08-05","Spindown","226527","185303","41224"
"2011-08-06","Spindown","115597","95236","20361"
"2011-08-07","Spindown","60784","50022","10762"
"2011-08-08","Spindown","161687","133256","28431"
"2011-08-09","Spindown","74520","62465","12055"
"2011-08-10","Spindown","173230","144434","28796"
"2011-08-11","Spindown","86329","71204","15125"
"2011-08-12","Spindown","93009","76315","16694"
"2011-08-13","Spindown","95265","78833","16432"
"2011-08-14","Spindown","105545","84885","20660"
"2011-08-15","Spindown","73519","60880","12639"
"2011-08-16","Spindown","198486","163416","35070"
"2011-08-17","Spindown","239654","194690","44964"
"2011-08-18","Spindown","162096","133576","28520"
"2011-08-19","Spindown","34839","28242","6597"
"2011-08-20","Spindown","122540","100463","22077"
"2011-08-21","Spindown","191998","159536","32462"
"2011-08-22","Spindown","144477","120615","23862"
"2011-08-23","Spindown","217202","179234","37968"
"2011-08-24","Spindown","102178","85165","17013"
"2011-08-25","Spindown","66561","56637","9924"
"2011-08-26","Spindown","172205","140869","31336"
"2011-08-27","Spindown","130222","108971","21251"
"2011-08-28","Spindown","85489","70643","14846"
"2011-08-29","Spindown","90998","74531","16467"
"2011-08-30","Spindown","118068","95703","22365"
"2011-08-31","Spindown","128843","107502","21341"
"2011-09-01","Spindown","114273","91688","22585"
"2011-09-02","Spindown","139157","115731","23426"
"2011-09-03","Spindown","67670","57338","10332"
"2011-09-04","Spindown","136701","112625","24076"
"2011-09-05","Spindown","227851","187590","40261"
"2011-09-06","Spindown","56281","46021","10260"
"2011-09-07","Spindown","179472","149344","30128"
"2011-09-08","Spindown","94825","78818","16007"
"2011-09-09","Spindown","53867","44560","9307"
"2011-09-10","Spindown","99079","79602","19477"
"2011-09-11","Spindown","79868","66363","13505"
"2011-09-12","Spindown","96286","77193","19093"
"2011-09-13","Spindown","71647","61065","10582"
"2011-09-14","Spindown","58672","48661","10011"
"2011-09-15","Spindown","59981","48522","11459"
"2011-09-16","Spindown","148106","123680","24426"
"2011-09-17","Spindown","157366","131083","26283"
"2011-09-18","Spindown","145906","121138","24768"
"2011-09-19","Spindown","125888","102210","23678"
"2011-09-20","Spindown","119568","99377","20191"
"2011-09-21","Spindown","165516","136719","28797"
"2011-09-22","Spindown","40820","34189","6631"
"2011-09-23","Spindown","138512","113818","24694"
"2011-09-24","Spindown","80019","65189","14830"
"2011-09-25","Spindown","29411","24146","5265"
"2011-09-26","Spindown","239423","196924","42499"
"2011-09-27","Spindown","213232","175840","37392"
"2011-09-28","Spindown","69811","60623","9188"
"2011-09-29","Spindown","66639","55715","10924"
"2011-09-30","Spindown","143407","119382","24025"
"2011-10-01","Spindown","116243","93057","23186"
"2011-10-02","Spindown","118037","98508","19529"
"2011-10-03","Spindown","214465","174906","39559"
"2011-10-04","Spindown","119358","98928","20430"
"2011-10-05","Spindown","96304","80547","15757"
"2011-10-06","Spindown","183529","152038","31491"
"2011-10-07","Spindown","168308","140175","28133"
"2011-10-08","Spindown","113386","94142","19244"
"2011-10-09","Spindown","228907","188386","40521"
"2011-10-10","Spindown","60782","48949","11833"
"2011-10-11","Spindown","102898","85675","17223"
"2011-10-12","Spindown","99147","82010","17137"
"2011-10-13","Spindown","72838","59980","12858"
"2011-10-14","Spindown","144315","117779","26536"
"2011-10-15","Spindown","167306","137333","29973"
"2011-10-16","Spindown","190724","154656","36068"
"2011-10-17","Spindown","258275","214629","43646"
"2011-10-18","Spindown","85215","69633","15582"
"2011-10-19","Spindown","26882","23386","3496"
"2011-10-20","Spindown","69799","58368","11431"
"2011-10-21","Spindown","208416","172079","36337"
"2011-10-22","Spindown","48216","40289","7927"
"2011-10-23","Spindown","108252","87921","20331"
"2011-10-24","Spindown","147970","121555","26415"
"2011-10-25","Spindown","92784","79514","13270"
"2011-10-26","Spindown","71720","59849","11871"
"2011-10-27","Spindown","179577","150051","29526"
"2011-10-28","Spindown","123907","102705","21202"
"2011-10-29","Spindown","111772","88954","22818"
"2011-10-30","Spindown","26661","21400","5261"
"2011-10-31","Spindown","75629","63166","12463"
"2011-11-01","Spindown","238697","197114","41583"
"2011-11-02","Spindown","147365","122515","24850"
"2011-11-03","Spindown","43730","35144","8586"
"2011-11-04","Spindown","123207","101063","22144"
"2011-11-05","Spindown","227167","187785","39382"
"2011-11-06","Spindown","90347","73496","16851"
"2011-11-07","Spindown","88227","69970","18257"
"2011-11-08","Spindown","153879","126059","27820"
"2011-11-09","Spindown","136881","113184","23697"
"2011-11-10","Spindown","127437","106084","21353"
"2011-11-11","Spindown","203777","168046","35731"
"2011-11-12","Spindown","284900","236405","48495"
"2011-11-13","Spindown","86086","72256","13830"
"2011-11-14","Spindown","167820","139198","28622"
"2011-11-15","Spindown","143445","117038","26407"
"2011-11-16","Spindown","107909","88427","19482"
"2011-11-17","Spindown","186446","154713","31733"
"2011-11-18","Spindown","203469","168676","34793"
"2011-11-19","Spindown","222234","183873","38361"
"2011-11-20","Spindown","48998","40044","8954"
"2011-11-21","Spindown","182637","148616","34021"
"2011-11-22","Spindown","72275","56449","15826"
"2011-11-23","Spindown","157419","130750","26669"
"2011-11-24","Spindown","75570","63866","11704"
"2011-11-25","Spindown","66349","55931","10418"
"2011-11-26","Spindown","131496","107782","23714"
"2011-11-27","Spindown","168060","137208","30852"
"2011-11-28","Spindown","59913","50976","8937"
"2011-11-29","Spindown","165104","135716","29388"
"2011-11-30","Spindown","192296","157594","34702"
"2011-12-01","Spindown","125787","104609","21178"
"2011-12-02","Spindown","73739","60098","13641"
"2011-12-03","Spindown","145699","121349","24350"
"2011-12-04","Spindown","264768","217536","47232"
"2011-12-05","Spindown","92341","73590","18751"
"2011-12-06","Spindown","156007","127306","28701"
"2011-12-07","Spindown","158642","128625","30017"
"2011-12-08","Spindown","86433","72319","14114"
"2011-12-09","Spindown","149470","122556","26914"
"2011-12-10","Spindown","180186","149555","30631"
"2011-12-11","Spindown","104156","84748","19408"
"2011-12-12","Spindown","153245","124048","29197"
"2011-12-13","Spindown","143813","115509","28304"
"2011-12-14","Spindown","303246","250957","52289"
"2011-12-15","Spindown","99326","80687","18639"
"2011-12-16","Spindown","105923","86428","19495"
"2011-12-17","Spindown","169334","140589","28745"
"2011-12-18","Spindown","150917","123742","27175"
"2011-12-19","Spindown","212455","176038","36417"
"2011-12-20","Spindown","102676","82473","20203"
"2011-12-21","Spindown","20713","18172","2541"
"2011-12-22","Spindown","136348","110725","25623"
"2011-12-23","Spindown","146249","121553","24696"
"2011-12-24","Spindown","123208","102945","20263"
"2011-12-25","Spindown","106819","89354","17465"
"2011-12-26","Spindown","203586","168018","35568"
"2011-12-27","Spindown","160797","133742","27055"
"2011-12-28","Spindown","49599","42000","7599"
"2011-12-29","Spindown","18221","15016","3205"
"2011-12-30","Spindown","125876","101949","23927"
"2011-12-31","Spindown","36258","30960","5298"
"2012-01-01","Spindown","159209","132690","26519"
"2012-01-02","Spindown","180662","148920","31742"
"2012-01-03","Spindown","173073","143843","29230"
"2012-01-04","Spindown","167773","140370","27403"
"2012-01-05","Spindown","269928","221447","48481"
"2012-01-06","Spindown","260687","217081","43606"
"2012-01-07","Spindown","164473","133724","30749"
"2012-01-08","Spindown","118198","98421","19777"
"2012-01-09","Spindown","145830","121373","24457"
"2012-01-10","Spindown","172552","140510","32042"
"2012-01-11","Spindown","267951","221321","46630"
"2012-01-12","Spindown","166204","140517","25687"
"2012-01-13","Spindown","137379","111575","25804"
"2012-01-14","Spindown","251641","209506","42135"
"2012-01-15","Spindown","176706","144862","31844"
"2012-01-16","Spindown","268927","222056","46871"
"2012-01-17","Spindown","110525","90312","20213"
"2012-01-18","Spindown","133725","108581","25144"
"2012-01-19","Spindown","305132","249955","55177"
"2012-01-20","Spindown","198714","162725","35989"
"2012-01-21","Spindown","289091","238381","50710"
"2012-01-22","Spindown","118172","96627","21545"
"2012-01-23","Spindown","155964","128994","26970"
"2012-01-24","Spindown","174822","145004","29818"
"2012-01-25","Spindown","145743","117189","28554"
"2012-01-26","Spindown","196679","163720","32959"
"2012-01-27","Spindown","121033","100089","20944"
"2012-01-28","Spindown","139893","115663","24230"
"2012-01-29","Spindown","276264","227129","49135"
"2012-01-30","Spindown","130621","106689","23932"
"2012-01-31","Spindown","184363","149804","34559"
"2012-02-01","Spindown","230498","192649","37849"
"2012-02-02","Spindown","189936","157760","32176"
"2012-02-03","Spindown","280371","228733","51638"
"2012-02-04","Spindown","86867","69387","17480"
"2012-02-05","Spindown","74658","61619","13039"
"2012-02-06","Spindown","271308","223415","47893"
"2012-02-07","Spindown","239892","195981","43911"
"2012-02-08","Spindown","180188","152202","27986"
"2012-02-09","Spindown","408550","336569","71981"
"2012-02-10","Spindown","93444","76229","17215"
"2012-02-11","Spindown","68891","55199","13692"
"2012-02-12","Spindown","178391","147703","30688"
"2012-02-13","Spindown","196175","163535","32640"
"2012-02-14","Spindown","232867","190291","42576"
"2012-02-15","Spindown","255457","208381","47076"
"2012-02-16","Spindown","141053","116093","24960"
"2012-02-17","Spindown","54238","46033","8205"
"2012-02-18","Spindown","169214","140396","28818"
"2012-02-19","Spindown","256157","210344","45813"
"2012-02-20","Spindown","171730","143334","28396"
"2012-02-21","Spindown","212616","176297","36319"
"2012-02-22","Spindown","190232","155692","34540"
"2012-02-23","Spindown","102702","84557","18145"
"2012-02-24","Spindown","97568","80049","17519"
"2012-02-25","Spindown","234531","192732","41799"
"2012-02-26","Spindown","120326","98538","21788"
"2012-02-27","Spindown","201321","165227","36094"
"2012-02-28","Spindown","124155","101947","22208"
"2012-02-29","Spindown","143968","119988","23980"
"2012-03-01","Spindown","305850","251540","54310"
"2012-03-02","Spindown","150541","124655","25886"
"2012-03-03","Spindown","178219","148096","30123"
"2012-03-04","Spindown","277975","230704","47271"
"2012-03-05","Spindown","182038","150545","31493"
"2012-03-06","Spindown","251219","207097","44122"
"2012-03-07","Spindown","137395","112329","25066"
"2012-03-08","Spindown","240554","198034","42520"
"2012-03-09","Spindown","140431","115480","24951"
"2012-03-10","Spindown","259107","212101","47006"
"2012-03-11","Spindown","277170","229250","47920"
"2012-03-12","Spindown","117266","97543","19723"
"2012-03-13","Spindown","209547","172057","37490"
"2012-03-14","Spindown","127334","105169","22165"
"2012-03-15","Spindown","152212","124368","27844"
"2012-03-16","Spindown","73620","60479","13141"
"2012-03-17","Spindown","143591","118133","25458"
"2012-03-18","Spindown","200433","164812","35621"
"2012-03-19","Spindown","185992","154201","31791"
"2012-03-20","Spindown","145592","118731","26861"
"2012-03-21","Spindown","117685","97676","20009"
"2012-03-22","Spindown","134611","111254","23357"
"2012-03-23","Spindown","154295","126734","27561"
"2012-03-24","Spindown","145809","119237","26572"
"2012-03-25","Spindown","234100","191653","42447"
"2012-03-26","Spindown","162571","135921","26650"
"2012-03-27","Spindown","185211","152697","32514"
"2012-03-28","Spindown","200740","165872","34868"
"2012-03-29","Spindown","99019","80591","18428"
"2012-03-30","Spindown","212224","174882","37342"
"2012-03-31","Spindown","243557","202325","41232"
"2012-04-01","Spindown","227534","186971","40563"
"2012-04-02","Spindown","391964","323681","68283"
"2012-04-03","Spindown","165392","137295","28097"
"2012-04-04","Spindown","166441","135428","31013"
"2012-04-05","Spindown","248732","205892","42840"
"2012-04-06","Spindown","242075","199785","42290"
"2012-04-07","Spindown","140811","116437","24374"
"2012-04-08","Spindown","249732","205887","43845"
"2012-04-09","Spindown","160292","131354","28938"
"2012-04-10","Spindown","151040","126164","24876"
"2012-04-11","Spindown","222719","186198","36521"
"2012-04-12","Spindown","360736","296478","64258"
"2012-04-13","Spindown","212372","175989","36383"
"2012-04-14","Spindown","133864","110645","23219"
"2012-04-15","Spindown","513706","422299","91407"
"2012-04-16","Spindown","116725","97565","19160"
"2012-04-17","Spindown","276957","226512","50445"
"2012-04-18","Spindown","296311","245965","50346"
"2012-04-19","Spindown","270181","223944","46237"
"2012-04-20","Spindown","458266","377911","80355"
"2012-04-21","Spindown","324651","268552","56099"
"2012-04-22","Spindown","101724","84552","17172"
"2012-04-23","Spindown","241118","199792","41326"
"2012-04-24","Spindown","125851","103198","22653"
"2012-04-25","Spindown","232538","190712","41826"
"2012-04-26","Spindown","135934","110796","25138"
"2012-04-27","Spindown","214312","178212","36100"
"2012-04-28","Spindown","156309","128358","27951"
"2012-04-29","Spindown","141584","116762","24822"
"2012-04-30","Spindown","132246","108330","23916"
"2012-05-01","Spindown","169320","140390","28930"
"2012-05-02","Spindown","324137","265900","58237"
"2012-05-03","Spindown","308632","254635","53997"
"2012-05-04","Spindown","165212","135498","29714"
"2012-05-05","Spindown","61454","50657","10797"
"2012-05-06","Spindown","186155","154295","31860"
"2012-05-07","Spindown","210220","173552","36668"
"2012-05-08","Spindown","308479","254462","54017"
"2012-05-09","Spindown","162463","134807","27656"
"2012-05-10","Spindown","206254","169265","36989"
"2012-05-11","Spindown","188527","154594","33933"
"2012-05-12","Spindown","218894","178438","40456"
"2012-05-13","Spindown","267827","220785","47042"
"2012-05-14","Spindown","161643","132877","28766"
"2012-05-15","Spindown","110200","91199","19001"
"2012-05-16","Spindown","95248","77309","17939"
"2012-05-17","Spindown","134446","110973","23473"
"2012-05-18","Spindown","243345","200624","42721"
"2012-05-19","Spindown","231740","190111","41629"
"2012-05-20","Spindown","309887","256472","53415"
"2012-05-21","Spindown","185193","153124","32069"
"2012-05-22","Spindown","155802","126610","29192"
"2012-05-23","Spindown","402952","334552","68400"
"2012-05-24","Spindown","206778","172341","34437"
"2012-05-25","Spindown","232304","192907","39397"
"2012-05-26","Spindown","156193","131028","25165"
"2012-05-27","Spindown","289832","238292","51540"
"2012-05-28","Spindown","358032","296865","61167"
"2012-05-29","Spindown","228015","188633","39382"
"2012-05-30","Spindown","322955","266094","56861"
"2012-05-31","Spindown","128264","108227","20037"
"2012-06-01","Spindown","140022","116129","23893"
"2012-06-02","Spindown","117569","96518","21051"
"2012-06-03","Spindown","108972","89352","19620"
"2012-06-04","Spindown","56367","46890","9477"
"2012-06-05","Spindown","57956","46438","11518"
"2012-06-06","Spindown","74803","61698","13105"
"2012-06-07","Spindown","151578","125916","25662"
"2012-06-08","Spindown","166471","137767","28704"
"2012-06-09","Spindown","87593","72630","14963"
"2012-06-10","Spindown","137620","115180","22440"
"2012-06-11","Spindown","8507","6910","1597"
"2012-06-12","Spindown","126709","103384","23325"
"2012-06-13","Spindown","107792","87782","20010"
"2012-06-14","Spindown","160877","132686","28191"
"2012-06-15","Spindown","103330","84464","18866"
"2012-06-16","Spindown","88044","73148","14896"
"2012-06-17","Spindown","83871","68328","15543"
"2012-06-18","Spindown","65863","54117","11746"
"2012-06-19","Spindown","202948","166781","36167"
"2012-06-20","Spindown","87058","70258","16800"
"2012-06-21","Spindown","61901","51949","9952"
"2012-06-22","Spindown","187656","156173","31483"
"2012-06-23","Spindown","59060","47982","11078"
"2012-06-24","Spindown","61574","50760","10814"
"2012-06-25","Spindown","194824","162000","32824"
"2012-06-26","Spindown","138030","116121","21909"
"2012-06-27","Spindown","145138","116868","28270"
"2012-06-28","Spindown","88400","72172","16228"
"2012-06-29","Spindown","49355","41080","8275"
"2012-06-30","Spindown","58943","47633","11310"
"2012-07-01","Spindown","127199","104476","22723"
"2012-07-02","Spindown","75413","63084","12329"
"2012-07-03","Spindown","104651","86835","17816"
"2012-07-04","Spindown","110410","90074","20336"
"2012-07-05","Spindown","165056","136818","28238"
"2012-07-06","Spindown","7916","6266","1650"
"2012-07-07","Spindown","117697","97937","19760"
"2012-07-08","Spindown","25354","21327","4027"
"2012-07-09","Spindown","94892","79153","15739"
"2012-07-10","Spindown","137842","113520","24322"
"2012-07-11","Spindown","84419","69410","15009"
"2012-07-12","Spindown","58082","49751","8331"
"2012-07-13","Spindown","62648","51320","11328"
"2012-07-14","Spindown","104642","86441","18201"
"2012-07-15","Spindown","31961","26447","5514"
"2012-07-16","Spindown","45226","36818","8408"
"2012-07-17","Spindown","91697","78659","13038"
"2012-07-18","Spindown","36472","29061","7411"
"2012-07-19","Spindown","62154","52108","10046"
"2012-07-20","Spindown","47876","40878","6998"
"2012-07-21","Spindown","136800","113345","23455"
"2012-07-22","Spindown","163801","132680","31121"
"2012-07-23","Spindown","96766","81615","15151"
"2012-07-24","Spindown","251244","207030","44214"
"2012-07-25","Spindown","95050","76955","18095"
"2012-07-26","Spindown","83738","68510","15228"
"2012-07-27","Spindown","103349","86193","17156"
"2012-07-28","Spindown","142339","117318","25021"
"2012-07-29","Spindown","98508","78891","19617"
"2012-07-30","Spindown","37170","30617","6553"
"2012-07-31","Spindown","52747","43255","9492"
"2012-08-01","Spindown","159557","130618","28939"
"2012-08-02","Spindown","117369","96026","21343"
"2012-08-03","Spindown","105323","86354","18969"
"2012-08-04","Spindown","32481","27577","4904"
"2012-08-05","Spindown","66615","53544","13071"
"2012-08-06","Spindown","190420","155064","35356"
"2012-08-07","Spindown","62682","50739","11943"
"2012-08-08","Spindown","77562","63874","13688"
"2012-08-09","Spindown","62582","52896","9686"
"2012-08-10","Spindown","72134","59778","12356"
"2012-08-11","Spindown","55545","45915","9630"
"2012-08-12","Spindown","60729","50098","10631"
"2012-08-13","Spindown","12884","10367","2517"
"2012-08-14","Spindown","89578","71314","18264"
"2012-08-15","Spindown","112882","92380","20502"
"2012-08-16","Spindown","139449","116249","23200"
"2012-08-17","Spindown","72201","60304","11897"
"2012-08-18","Spindown","215498","175651","39847"
"2012-08-19","Spindown","178228","148620","29608"
"2012-08-20","Spindown","59471","49888","9583"
"2012-08-21","Spindown","78781","64764","14017"
"2012-08-22","Spindown","114111","93375","20736"
"2012-08-23","Spindown","36132","28490","7642"
"2012-08-24","Spindown","15715","13986","1729"
"2012-08-25","Spindown","3958","3133","825"
"2012-08-26","Spindown","60336","49492","10844"
"2012-08-27","Spindown","94933","77743","17190"
"2012-08-28","Spindown","38730","31883","6847"
"2012-08-29","Spindown","146820","122264","24556"
"2012-08-30","Spindown","102479","85351","17128"
"2012-08-31","Spindown","91681","73393","18288"
"2012-09-01","Spindown","99660","82957","16703"
"2012-09-02","Spindown","198583","163879","34704"
"2012-09-03","Spindown","106271","88272","17999"
"2012-09-04","Spindown","111500","93758","17742"
"2012-09-05","Spindown","105053","85687","19366"
"2012-09-06","Spindown","40120","31513","8607"
"2012-09-07","Spindown","24311","18236","6075"
"2012-09-08","Spindown","174617","144415","30202"
"2012-09-09","Spindown","48156","40123","8033"
"2012-09-10","Spindown","106928","90204","16724"
"2012-09-11","Spindown","111590","90628","20962"
"2012-09-12","Spindown","60310","48590","11720"
"2012-09-13","Spindown","140820","115575","25245"
"2012-09-14","Spindown","63753","52795","10958"
"2012-09-15","Spindown","92564","77753","14811"
"2012-09-16","Spindown","168436","137725","30711"
"2012-09-17","Spindown","137796","113840","23956"
"2012-09-18","Spindown","82148","67253","14895"
"2012-09-19","Spindown","110121","92289","17832"
"2012-09-20","Spindown","319644","263758","55886"
"2012-09-21","Spindown","133622","109811","23811"
"2012-09-22","Spindown","119664","99075","20589"
"2012-09-23","Spindown","147949","122898","25051"
"2012-09-24","Spindown","36682","29658","7024"
"2012-09-25","Spindown","79812","64436","15376"
"2012-09-26","Spindown","239793","200193","39600"
"2012-09-27","Spindown","107951","89684","18267"
"2012-09-28","Spindown","100720","85522","15198"
"2012-09-29","Spindown","111098","91329","19769"
"2012-09-30","Spindown","98130","81776","16354"
"2012-10-01","Spindown","179010","148328","30682"
"2012-10-02","Spindown","292131","240668","51463"
"2012-10-03","Spindown","109290","89904","19386"
"2012-10-04","Spindown","76769","64823","11946"
"2012-10-05","Spindown","47912","39073","8839"
"2012-10-06","Spindown","73153","60223","12930"
"2012-10-07","Spindown","134538","109043","25495"
"2012-10-08","Spindown","129648","105971","23677"
"2012-10-09","Spindown","41939","36155","5784"
"2012-10-10","Spindown","95807","77811","17996"
"2012-10-11","Spindown","89425","73687","15738"
"2012-10-12","Spindown","136840","114594","22246"
"2012-10-13","Spindown","174052","146373","27679"
"2012-10-14","Spindown","152779","124835","27944"
"2012-10-15","Spindown","156954","129885","27069"
"2012-10-16","Spindown","106860","87796","19064"
"2012-10-17","Spindown","188977","157580","31397"
"2012-10-18","Spindown","175109","143375","31734"
"2012-10-19","Spindown","50915","42299","8616"
"2012-10-20","Spindown","85308","70893","14415"
"2012-10-21","Spindown","94331","78547","15784"
"2012-10-22","Spindown","40049","33134","6915"
"2012-10-23","Spindown","161769","132387","29382"
"2012-10-24","Spindown","61761","52686","9075"
"2012-10-25","Spindown","241695","198911","42784"
"2012-10-26","Spindown","64245","51802","12443"
"2012-10-27","Spindown","164229","134533","29696"
"2012-10-28","Spindown","109111","91274","17837"
"2012-10-29","Spindown","123838","103057","20781"
"2012-10-30","Spindown","201069","165451","35618"
"2012-10-31","Spindown","58762","48917","9845"
"2012-11-01","Spindown","75578","61367","14211"
"2012-11-02","Spindown","175054","143348","31706"
"2012-11-03","Spindown","140445","115780","24665"
"2012-11-04","Spindown","78201","63416","14785"
"2012-11-05","Spindown","112015","87902","24113"
"2012-11-06","Spindown","94486","76404","18082"
"2012-11-07","Spindown","127728","103782","23946"
"2012-11-08","Spindown","140560","116072","24488"
"2012-11-09","Spindown","81269","66934","14335"
"2012-11-10","Spindown","151562","123509","28053"
"2012-11-11","Spindown","86385","71400","14985"
"2012-11-12","Spindown","34983","27504","7479"
"2012-11-13","Spindown","294368","243460","50908"
"2012-11-14","Spindown","111699","92368","19331"
"2012-11-15","Spindown","112631","92307","20324"
"2012-11-16","Spindown","51043","39820","11223"
"2012-11-17","Spindown","249517","206729","42788"
"2012-11-18","Spindown","104359","87208","17151"
"2012-11-19","Spindown","67902","56842","11060"
"2012-11-20","Spindown","159897","131608","28289"
"2012-11-21","Spindown","339060","278628","60432"
"2012-11-22","Spindown","171670","143215","28455"
"2012-11-23","Spindown","74248","64255","9993"
"2012-11-24","Spindown","46444","39499","6945"
"2012-11-25","Spindown","119290","96520","22770"
"2012-11-26","Spindown","168776","138296","30480"
"2012-11-27","Spindown","116537","97412","19125"
"2012-11-28","Spindown","118469","97297","21172"
"2012-11-29","Spindown","141008","113314","27694"
"2012-11-30","Spindown","17305","15243","2062"
"2012-12-01","Spindown","164024","134378","29646"
"2012-12-02","Spindown","141158","115887","25271"
"2012-12-03","Spindown","222886","185558","37328"
"2012-12-04","Spindown","160557","131805","28752"
"2012-12-05","Spindown","69404","56965","12439"
"2012-12-06","Spindown","145065","117120","27945"
"2012-12-07","Spindown","153205","127661","25544"
"2012-12-08","Spindown","102822","85719","17103"
"2012-12-09","Spindown","138906","114104","24802"
"2012-12-10","Spindown","125109","100768","24341"
"2012-12-11","Spindown","95467","78204","17263"
"2012-12-12","Spindown","49346","41650","7696"
"2012-12-13","Spindown","79365","67959","11406"
"2012-12-14","Spindown","107386","87422","19964"
"2012-12-15","Spindown","98377","80045","18332"
"2012-12-16","Spindown","101749","84588","17161"
"2012-12-17","Spindown","108349","88514","19835"
"2012-12-18","Spindown","33454","27140","6314"
"2012-12-19","Spindown","259927","215273","44654"
"2012-12-20","Spindown","84032","68145","15887"
"2012-12-21","Spindown","105801","87113","18688"
"2012-12-22","Spindown","85908","70967","14941"
"2012-12-23","Spindown","77311","62594","14717"
"2012-12-24","Spindown","67663","57030","10633"
"2012-12-25","Spindown","154517","128651","25866"
"2012-12-26","Spindown","131881","109876","22005"
"2012-12-27","Spindown","43917","35863","8054"
"2012-12-28","Spindown","105319","88353","16966"
"2012-12-29","Spindown","145639","120167","25472"
"2012-12-30","Spindown","27851","23961","3890"
"2012-12-31","Spindown","92229","75682","16547"
"2013-01-01","Spindown","144711","118182","26529"
"2013-01-02","Spindown","359951","299386","60565"
"2013-01-03","Spindown","329815","269104","60711"
"2013-01-04","Spindown","258031","213817","44214"
"2013-01-05","Spindown","162754","132548","30206"
"2013-01-06","Spindown","329863","269875","59988"
"2013-01-07","Spindown","372737","307318","65419"
"2013-01-08","Spindown","331508","273148","58360"
"2013-01-09","Spindown","192107","160357","31750"
"2013-01-10","Spindown","305247","250730","54517"
"2013-01-11","Spindown","285493","237106","48387"
"2013-01-12","Spindown","418164","348927","69237"
"2013-01-13","Spindown","373131","308860","64271"
"2013-01-14","Spindown","288086","237357","50729"
"2013-01-15","Spindown","277166","228529","48637"
"2013-01-16","Spindown","292376","242847","49529"
"2013-01-17","Spindown","250477","204120","46357"
"2013-01-18","Spindown","172945","143951","28994"
"2013-01-19","Spindown","107797","89402","18395"
"2013-01-20","Spindown","265638","218550","47088"
"2013-01-21","Spindown","351226","288731","62495"
"2013-01-22","Spindown","345713","283442","62271"
"2013-01-23","Spindown","146686","120928","25758"
"2013-01-24","Spindown","225160","187822","37338"
"2013-01-25","Spindown","213930","177391","36539"
"2013-01-26","Spindown","286978","234770","52208"
"2013-01-27","Spindown","350891","291374","59517"
"2013-01-28","Spindown","351621","291150","60471"
"2013-01-29","Spindown","300055","249214","50841"
"2013-01-30","Spindown","479715","398241","81474"
"2013-01-31","Spindown","267431","221151","46280"
"2013-02-01","Spindown","147562","120819","26743"
"2013-02-02","Spindown","240811","198014","42797"
"2013-02-03","Spindown","403041","332921","70120"
"2013-02-04","Spindown","384714","316550","68164"
"2013-02-05","Spindown","321916","263685","58231"
"2013-02-06","Spindown","487926","403520","84406"
"2013-02-07","Spindown","353060","291726","61334"
"2013-02-08","Spindown","320922","267817","53105"
"2013-02-09","Spindown","439909","364980","74929"
"2013-02-10","Spindown","326281","270262","56019"
"2013-02-11","Spindown","250493","203537","46956"
"2013-02-12","Spindown","271415","226177","45238"
"2013-02-13","Spindown","644056","525171","118885"
"2013-02-14","Spindown","396463","327536","68927"
"2013-02-15","Spindown","264470","214937","49533"
"2013-02-16","Spindown","304972","252628","52344"
"2013-02-17","Spindown","342123","279430","62693"
"2013-02-18","Spindown","136862","112586","24276"
"2013-02-19","Spindown","481920","399048","82872"
"2013-02-20","Spindown","277094","227086","50008"
"2013-02-21","Spindown","290574","240722","49852"
"2013-02-22","Spindown","284079","232702","51377"
"2013-02-23","Spindown","262449","215864","46585"
"2013-02-24","Spindown","338893","281657","57236"
"2013-02-25","Spindown","303355","249995","53360"
"2013-02-26","Spindown","271069","223646","47423"
"2013-02-27","Spindown","243062","200137","42925"
"2013-02-28","Spindown","271661","221678","49983"
"2013-03-01","Spindown","77787","63487","14300"
"2013-03-02","Spindown","40006","34388","5618"
"2013-03-03","Spindown","337516","279437","58079"
"2013-03-04","Spindown","305827","256446","49381"
"2013-03-05","Spindown","318931","261126","57805"
"2013-03-06","Spindown","221519","179926","41593"
"2013-03-07","Spindown","380940","311852","69088"
"2013-03-08","Spindown","278066","228391","49675"
"2013-03-09","Spindown","370627","305079","65548"
"2013-03-10","Spindown","317012","263647","53365"
"2013-03-11","Spindown","366038","300939","65099"
"2013-03-12","Spindown","277905","228479","49426"
"2013-03-13","Spindown","566831","470329","96502"
"2013-03-14","Spindown","354735","291776","62959"
"2013-03-15","Spindown","505564","413695","91869"
"2013-03-16","Spindown","223107","184252","38855"
"2013-03-17","Spindown","568953","465644","103309"
"2013-03-18","Spindown","327156","267770","59386"
"2013-03-19","Spindown","378361","312628","65733"
"2013-03-20","Spindown","489028","405644","83384"
"2013-03-21","Spindown","285799","236610","49189"
"2013-03-22","Spindown","321560","264192","57368"
"2013-03-23","Spindown","426046","349111","76935"
"2013-03-24","Spindown","448058","369786","78272"
"2013-03-25","Spindown","380445","316578","63867"
"2013-03-26","Spindown","711421","587904","123517"
"2013-03-27","Spindown","460809","380346","80463"
"2013-03-28","Spindown","297158","240804","56354"
"2013-03-29","Spindown","318048","261297","56751"
"2013-03-30","Spindown","312154","256602","55552"
"2013-03-31","Spindown","234944","193560","41384"
"2013-04-01","Spindown","400692","331738","68954"
"2013-04-02","Spindown","438454","360360","78094"
"2013-04-03","Spindown","263229","216450","46779"
"2013-04-04","Spindown","362526","300819","61707"
"2013-04-05","Spindown","233834","195810","38024"
"2013-04-06","Spindown","263534","215963","47571"
"2013-04-07","Spindown","359586","295137","64449"
"2013-04-08","Spindown","364704","300842","63862"
"2013-04-09","Spindown","339282","278513","60769"
"2013-04-10","Spindown","399552","330272","69280"
"2013-04-11","Spindown","417584","343924","73660"
"2013-04-12","Spindown","350140","286672","63468"
"2013-04-13","Spindown","537449","443101","94348"
"2013-04-14","Spindown","384971","318483","66488"
"2013-04-15","Spindown","341861","283555","58306"
"2013-04-16","Spindown","248249","204312","43937"
"2013-04-17","Spindown","350276","290058","60218"
"2013-04-18","Spindown","332158","274576","57582"
"2013-04-19","Spindown","267515","221640","45875"
"2013-04-20","Spindown","518958","431758","87200"
"2013-04-21","Spindown","428777","354421","74356"
"2013-04-22","Spindown","417439","344088","73351"
"2013-04-23","Spindown","391879","322880","68999"
"2013-04-24","Spindown","530291","438037","92254"
"2013-04-25","Spindown","218417","179925","38492"
"2013-04-26","Spindown","334736","275267","59469"
"2013-04-27","Spindown","451441","373868","77573"
"2013-04-28","Spindown","353649","294359","59290"
"2013-04-29","Spindown","314007","255646","58361"
"2013-04-30","Spindown","386897","319515","67382"
"2013-05-01","Spindown","59058","46979","12079"
"2013-05-02","Spindown","308003","250617","57386"
"2013-05-03","Spindown","382920","315223","67697"
"2013-05-04","Spindown","184007","153514","30493"
"2013-05-05","Spindown","246535","204302","42233"
"2013-05-06","Spindown","326142","268363","57779"
"2013-05-07","Spindown","444884","367629","77255"
"2013-05-08","Spindown","250523","207516","43007"
"2013-05-09","Spindown","513105","420325","92780"
"2013-05-10","Spindown","356490","291959","64531"
"2013-05-11","Spindown","468658","385866","82792"
"2013-05-12","Spindown","188062","153140","34922"
"2013-05-13","Spindown","346371","284616","61755"
"2013-05-14","Spindown","426492","351679","74813"
"2013-05-15","Spindown","417118","344902","72216"
"2013-05-16","Spindown","293248","244369","48879"
"2013-05-17","Spindown","250875","208204","42671"
"2013-05-18","Spindown","464797","384699","80098"
"2013-05-19","Spindown","498501","415684","82817"
"2013-05-20","Spindown","339887","281252","58635"
"2013-05-21","Spindown","376486","310724","65762"
"2013-05-22","Spindown","385127","319459","65668"
"2013-05-23","Spindown","415150","343476","71674"
"2013-05-24","Spindown","194928","159064","35864"
"2013-05-25","Spindown","509902","421516","88386"
"2013-05-26","Spindown","282513","236120","46393"
"2013-05-27","Spindown","333721","277930","55791"
"2013-05-28","Spindown","184544","151133","33411"
"2013-05-29","Spindown","215492","176698","38794"
"2013-05-30","Spindown","260540","212317","48223"
"2013-05-31","Spindown","133626","107135","26491"
"2008-06-02","Sprite","13389","10492","2897"
"2008-06-04","Sprite","12549","8170","4379"
"2008-06-05","Sprite","48198","29681","18517"
"2008-06-06","Sprite","18039","13234","4805"
"2008-06-08","Sprite","12549","8170","4379"
"2008-06-09","Sprite","18039","13234","4805"
"2008-06-10","Sprite","13389","10492","2897"
"2008-06-12","Sprite","35649","21511","14138"
"2008-06-13","Sprite","26778","20984","5794"
"2008-06-14","Sprite","12549","8170","4379"
"2008-06-15","Sprite","25938","18662","7276"
"2008-06-18","Sprite","35649","21511","14138"
"2008-06-22","Sprite","13389","10492","2897"
"2008-06-23","Sprite","18039","13234","4805"
"2008-06-25","Sprite","13389","10492","2897"
"2008-06-27","Sprite","25938","18662","7276"
"2008-06-28","Sprite","12549","8170","4379"
"2008-07-03","Sprite","13389","10492","2897"
"2008-07-05","Sprite","25938","18662","7276"
"2008-07-06","Sprite","12549","8170","4379"
"2008-07-08","Sprite","18039","13234","4805"
"2008-07-13","Sprite","18039","13234","4805"
"2008-07-14","Sprite","25098","16340","8758"
"2008-07-15","Sprite","13389","10492","2897"
"2008-07-16","Sprite","12549","8170","4379"
"2008-07-17","Sprite","18039","13234","4805"
"2008-07-20","Sprite","12549","8170","4379"
"2008-07-23","Sprite","13389","10492","2897"
"2008-07-24","Sprite","12549","8170","4379"
"2008-07-25","Sprite","13389","10492","2897"
"2008-07-26","Sprite","60747","37851","22896"
"2008-07-29","Sprite","13389","10492","2897"
"2008-07-30","Sprite","13389","10492","2897"
"2008-07-31","Sprite","13389","10492","2897"
"2008-08-02","Sprite","39327","29154","10173"
"2008-08-07","Sprite","39327","29154","10173"
"2008-08-09","Sprite","18039","13234","4805"
"2008-08-11","Sprite","12549","8170","4379"
"2008-08-12","Sprite","18039","13234","4805"
"2008-08-16","Sprite","18039","13234","4805"
"2008-08-17","Sprite","25938","18662","7276"
"2008-08-18","Sprite","13389","10492","2897"
"2008-08-23","Sprite","48198","29681","18517"
"2008-08-27","Sprite","13389","10492","2897"
"2008-08-30","Sprite","25938","18662","7276"
"2008-09-01","Sprite","18039","13234","4805"
"2008-09-03","Sprite","13389","10492","2897"
"2008-09-04","Sprite","18039","13234","4805"
"2008-09-05","Sprite","13389","10492","2897"
"2008-09-07","Sprite","35649","21511","14138"
"2008-09-09","Sprite","53688","34745","18943"
"2008-09-13","Sprite","13389","10492","2897"
"2008-09-19","Sprite","25098","16340","8758"
"2008-09-23","Sprite","35649","21511","14138"
"2008-09-26","Sprite","13389","10492","2897"
"2008-10-03","Sprite","13389","10492","2897"
"2008-10-05","Sprite","12549","8170","4379"
"2008-10-06","Sprite","26778","20984","5794"
"2008-10-07","Sprite","12549","8170","4379"
"2008-10-08","Sprite","18039","13234","4805"
"2008-10-12","Sprite","13389","10492","2897"
"2008-10-14","Sprite","13389","10492","2897"
"2008-10-15","Sprite","13389","10492","2897"
"2008-10-17","Sprite","26778","20984","5794"
"2008-10-19","Sprite","13389","10492","2897"
"2008-10-20","Sprite","35649","21511","14138"
"2008-10-23","Sprite","25938","18662","7276"
"2008-10-25","Sprite","26778","20984","5794"
"2008-10-29","Sprite","39327","29154","10173"
"2008-10-30","Sprite","55686","37744","17942"
"2008-10-31","Sprite","37647","24510","13137"
"2008-11-01","Sprite","13389","10492","2897"
"2008-11-03","Sprite","13389","10492","2897"
"2008-11-04","Sprite","13389","10492","2897"
"2008-11-05","Sprite","12549","8170","4379"
"2008-11-08","Sprite","13389","10492","2897"
"2008-11-09","Sprite","18039","13234","4805"
"2008-11-10","Sprite","67077","45237","21840"
"2008-11-12","Sprite","35649","21511","14138"
"2008-11-13","Sprite","12549","8170","4379"
"2008-11-14","Sprite","48198","29681","18517"
"2008-11-15","Sprite","12549","8170","4379"
"2008-11-18","Sprite","53688","34745","18943"
"2008-11-19","Sprite","13389","10492","2897"
"2008-11-21","Sprite","13389","10492","2897"
"2008-11-25","Sprite","18039","13234","4805"
"2008-11-27","Sprite","12549","8170","4379"
"2008-11-28","Sprite","25938","18662","7276"
"2008-11-29","Sprite","18039","13234","4805"
"2008-11-30","Sprite","18039","13234","4805"
"2008-12-02","Sprite","13389","10492","2897"
"2008-12-04","Sprite","48198","29681","18517"
"2008-12-08","Sprite","18039","13234","4805"
"2008-12-13","Sprite","18039","13234","4805"
"2008-12-15","Sprite","13389","10492","2897"
"2008-12-17","Sprite","12549","8170","4379"
"2008-12-18","Sprite","13389","10492","2897"
"2008-12-20","Sprite","12549","8170","4379"
"2008-12-26","Sprite","26778","20984","5794"
"2008-12-27","Sprite","35649","21511","14138"
"2008-12-28","Sprite","18039","13234","4805"
"2008-12-29","Sprite","31428","23726","7702"
"2009-01-01","Sprite","13389","10492","2897"
"2009-01-02","Sprite","18039","13234","4805"
"2009-01-04","Sprite","13389","10492","2897"
"2009-01-05","Sprite","12549","8170","4379"
"2009-01-06","Sprite","48198","29681","18517"
"2009-01-07","Sprite","43977","31896","12081"
"2009-01-10","Sprite","35649","21511","14138"
"2009-01-11","Sprite","12549","8170","4379"
"2009-01-12","Sprite","18039","13234","4805"
"2009-01-13","Sprite","66105","50138","15967"
"2009-01-14","Sprite","13389","10492","2897"
"2009-01-15","Sprite","75816","52987","22829"
"2009-01-16","Sprite","79626","53407","26219"
"2009-01-17","Sprite","25938","18662","7276"
"2009-01-18","Sprite","52716","39646","13070"
"2009-01-20","Sprite","53688","34745","18943"
"2009-01-21","Sprite","35649","21511","14138"
"2009-01-22","Sprite","13389","10492","2897"
"2009-01-24","Sprite","13389","10492","2897"
"2009-01-25","Sprite","57366","42388","14978"
"2009-01-27","Sprite","12549","8170","4379"
"2009-01-28","Sprite","31428","23726","7702"
"2009-01-29","Sprite","12549","8170","4379"
"2009-02-02","Sprite","13389","10492","2897"
"2009-02-04","Sprite","18039","13234","4805"
"2009-02-05","Sprite","25938","18662","7276"
"2009-02-06","Sprite","26778","20984","5794"
"2009-02-07","Sprite","18039","13234","4805"
"2009-02-08","Sprite","13389","10492","2897"
"2009-02-09","Sprite","31428","23726","7702"
"2009-02-10","Sprite","31428","23726","7702"
"2009-02-12","Sprite","31428","23726","7702"
"2009-02-13","Sprite","26778","20984","5794"
"2009-02-14","Sprite","13389","10492","2897"
"2009-02-15","Sprite","70755","52880","17875"
"2009-02-16","Sprite","36078","26468","9610"
"2009-02-17","Sprite","13389","10492","2897"
"2009-02-18","Sprite","13389","10492","2897"
"2009-02-20","Sprite","26778","20984","5794"
"2009-02-22","Sprite","44817","34218","10599"
"2009-02-23","Sprite","18039","13234","4805"
"2009-02-24","Sprite","26778","20984","5794"
"2009-02-27","Sprite","12549","8170","4379"
"2009-02-28","Sprite","13389","10492","2897"
"2009-03-01","Sprite","62016","45130","16886"
"2009-03-03","Sprite","13389","10492","2897"
"2009-03-04","Sprite","13389","10492","2897"
"2009-03-06","Sprite","18039","13234","4805"
"2009-03-07","Sprite","13389","10492","2897"
"2009-03-08","Sprite","26778","20984","5794"
"2009-03-09","Sprite","13389","10492","2897"
"2009-03-10","Sprite","13389","10492","2897"
"2009-03-14","Sprite","39327","29154","10173"
"2009-03-15","Sprite","48627","34638","13989"
"2009-03-16","Sprite","12549","8170","4379"
"2009-03-17","Sprite","96825","64319","32506"
"2009-03-18","Sprite","18039","13234","4805"
"2009-03-19","Sprite","35649","21511","14138"
"2009-03-21","Sprite","13389","10492","2897"
"2009-03-22","Sprite","56526","40066","16460"
"2009-03-26","Sprite","43977","31896","12081"
"2009-03-27","Sprite","12549","8170","4379"
"2009-03-28","Sprite","13389","10492","2897"
"2009-03-29","Sprite","12549","8170","4379"
"2009-03-30","Sprite","13389","10492","2897"
"2009-03-31","Sprite","18039","13234","4805"
"2009-04-01","Sprite","35649","21511","14138"
"2009-04-03","Sprite","25938","18662","7276"
"2009-04-05","Sprite","25938","18662","7276"
"2009-04-06","Sprite","12549","8170","4379"
"2009-04-07","Sprite","31428","23726","7702"
"2009-04-08","Sprite","49038","32003","17035"
"2009-04-09","Sprite","18039","13234","4805"
"2009-04-10","Sprite","13389","10492","2897"
"2009-04-11","Sprite","13389","10492","2897"
"2009-04-12","Sprite","26778","20984","5794"
"2009-04-13","Sprite","102726","66748","35978"
"2009-04-15","Sprite","18039","13234","4805"
"2009-04-16","Sprite","18039","13234","4805"
"2009-04-17","Sprite","26778","20984","5794"
"2009-04-18","Sprite","25098","16340","8758"
"2009-04-19","Sprite","13389","10492","2897"
"2009-04-21","Sprite","35649","21511","14138"
"2009-04-22","Sprite","30588","21404","9184"
"2009-04-23","Sprite","13389","10492","2897"
"2009-04-24","Sprite","49038","32003","17035"
"2009-04-25","Sprite","12549","8170","4379"
"2009-04-27","Sprite","13389","10492","2897"
"2009-04-28","Sprite","30588","21404","9184"
"2009-04-29","Sprite","13389","10492","2897"
"2009-04-30","Sprite","13389","10492","2897"
"2009-05-02","Sprite","36078","26468","9610"
"2009-05-03","Sprite","26778","20984","5794"
"2009-05-04","Sprite","66237","42915","23322"
"2009-05-07","Sprite","30588","21404","9184"
"2009-05-10","Sprite","31428","23726","7702"
"2009-05-11","Sprite","58206","44710","13496"
"2009-05-12","Sprite","13389","10492","2897"
"2009-05-14","Sprite","67506","50194","17312"
"2009-05-15","Sprite","43977","31896","12081"
"2009-05-17","Sprite","13389","10492","2897"
"2009-05-19","Sprite","25938","18662","7276"
"2009-05-21","Sprite","35649","21511","14138"
"2009-05-22","Sprite","12549","8170","4379"
"2009-05-23","Sprite","30588","21404","9184"
"2009-05-24","Sprite","30588","21404","9184"
"2009-05-26","Sprite","13389","10492","2897"
"2009-05-27","Sprite","18039","13234","4805"
"2009-05-30","Sprite","18039","13234","4805"
"2009-06-01","Sprite","12549","8170","4379"
"2009-06-02","Sprite","12549","8170","4379"
"2009-06-05","Sprite","25938","18662","7276"
"2009-06-06","Sprite","49038","32003","17035"
"2009-06-07","Sprite","18039","13234","4805"
"2009-06-08","Sprite","25938","18662","7276"
"2009-06-09","Sprite","13389","10492","2897"
"2009-06-11","Sprite","30588","21404","9184"
"2009-06-12","Sprite","12549","8170","4379"
"2009-06-13","Sprite","43977","31896","12081"
"2009-06-14","Sprite","51876","37324","14552"
"2009-06-15","Sprite","18039","13234","4805"
"2009-06-19","Sprite","18039","13234","4805"
"2009-06-20","Sprite","31428","23726","7702"
"2009-06-21","Sprite","67077","45237","21840"
"2009-06-22","Sprite","13389","10492","2897"
"2009-06-23","Sprite","49038","32003","17035"
"2009-06-24","Sprite","12549","8170","4379"
"2009-06-25","Sprite","18039","13234","4805"
"2009-06-26","Sprite","48198","29681","18517"
"2009-06-27","Sprite","13389","10492","2897"
"2009-06-28","Sprite","12549","8170","4379"
"2009-06-29","Sprite","13389","10492","2897"
"2009-06-30","Sprite","18039","13234","4805"
"2009-07-01","Sprite","18039","13234","4805"
"2009-07-02","Sprite","61587","40173","21414"
"2009-07-03","Sprite","25098","16340","8758"
"2009-07-05","Sprite","12549","8170","4379"
"2009-07-06","Sprite","18039","13234","4805"
"2009-07-07","Sprite","75405","55622","19783"
"2009-07-08","Sprite","54117","39702","14415"
"2009-07-09","Sprite","31428","23726","7702"
"2009-07-10","Sprite","18039","13234","4805"
"2009-07-11","Sprite","35649","21511","14138"
"2009-07-13","Sprite","25938","18662","7276"
"2009-07-15","Sprite","13389","10492","2897"
"2009-07-18","Sprite","30588","21404","9184"
"2009-07-19","Sprite","48627","34638","13989"
"2009-07-20","Sprite","52716","39646","13070"
"2009-07-21","Sprite","102594","73971","28623"
"2009-07-22","Sprite","18039","13234","4805"
"2009-07-23","Sprite","31428","23726","7702"
"2009-07-24","Sprite","43977","31896","12081"
"2009-07-25","Sprite","18039","13234","4805"
"2009-07-26","Sprite","61587","40173","21414"
"2009-07-27","Sprite","13389","10492","2897"
"2009-07-28","Sprite","51876","37324","14552"
"2009-07-29","Sprite","25098","16340","8758"
"2009-07-30","Sprite","12549","8170","4379"
"2009-08-01","Sprite","18039","13234","4805"
"2009-08-02","Sprite","30588","21404","9184"
"2009-08-04","Sprite","13389","10492","2897"
"2009-08-06","Sprite","66237","42915","23322"
"2009-08-07","Sprite","18039","13234","4805"
"2009-08-08","Sprite","30588","21404","9184"
"2009-08-09","Sprite","56526","40066","16460"
"2009-08-11","Sprite","18039","13234","4805"
"2009-08-12","Sprite","13389","10492","2897"
"2009-08-13","Sprite","26778","20984","5794"
"2009-08-15","Sprite","12549","8170","4379"
"2009-08-16","Sprite","12549","8170","4379"
"2009-08-17","Sprite","116115","77240","38875"
"2009-08-19","Sprite","49038","32003","17035"
"2009-08-20","Sprite","83847","51192","32655"
"2009-08-21","Sprite","13389","10492","2897"
"2009-08-22","Sprite","35649","21511","14138"
"2009-08-23","Sprite","25938","18662","7276"
"2009-08-28","Sprite","31428","23726","7702"
"2009-08-29","Sprite","31428","23726","7702"
"2009-08-30","Sprite","39327","29154","10173"
"2009-08-31","Sprite","48198","29681","18517"
"2009-09-01","Sprite","13389","10492","2897"
"2009-09-03","Sprite","60747","37851","22896"
"2009-09-04","Sprite","12549","8170","4379"
"2009-09-05","Sprite","44817","34218","10599"
"2009-09-06","Sprite","35649","21511","14138"
"2009-09-08","Sprite","25938","18662","7276"
"2009-09-09","Sprite","56526","40066","16460"
"2009-09-10","Sprite","12549","8170","4379"
"2009-09-11","Sprite","49038","32003","17035"
"2009-09-12","Sprite","87525","58835","28690"
"2009-09-13","Sprite","61587","40173","21414"
"2009-09-14","Sprite","13389","10492","2897"
"2009-09-15","Sprite","18039","13234","4805"
"2009-09-18","Sprite","38487","26832","11655"
"2009-09-19","Sprite","44817","34218","10599"
"2009-09-20","Sprite","13389","10492","2897"
"2009-09-21","Sprite","18039","13234","4805"
"2009-09-23","Sprite","25938","18662","7276"
"2009-09-24","Sprite","25098","16340","8758"
"2009-09-25","Sprite","12549","8170","4379"
"2009-09-28","Sprite","36078","26468","9610"
"2009-09-29","Sprite","18039","13234","4805"
"2009-09-30","Sprite","12549","8170","4379"
"2009-10-02","Sprite","44817","34218","10599"
"2009-10-03","Sprite","18039","13234","4805"
"2009-10-04","Sprite","13389","10492","2897"
"2009-10-05","Sprite","62016","45130","16886"
"2009-10-06","Sprite","30588","21404","9184"
"2009-10-07","Sprite","30588","21404","9184"
"2009-10-08","Sprite","12549","8170","4379"
"2009-10-09","Sprite","38487","26832","11655"
"2009-10-10","Sprite","26778","20984","5794"
"2009-10-11","Sprite","43977","31896","12081"
"2009-10-12","Sprite","62427","42495","19932"
"2009-10-13","Sprite","18039","13234","4805"
"2009-10-14","Sprite","31428","23726","7702"
"2009-10-15","Sprite","13389","10492","2897"
"2009-10-16","Sprite","52716","39646","13070"
"2009-10-19","Sprite","18039","13234","4805"
"2009-10-20","Sprite","12549","8170","4379"
"2009-10-21","Sprite","105564","72069","33495"
"2009-10-22","Sprite","25938","18662","7276"
"2009-10-23","Sprite","13389","10492","2897"
"2009-10-24","Sprite","13389","10492","2897"
"2009-10-25","Sprite","12549","8170","4379"
"2009-10-26","Sprite","43137","29574","13563"
"2009-10-27","Sprite","56526","40066","16460"
"2009-10-28","Sprite","25938","18662","7276"
"2009-10-29","Sprite","31428","23726","7702"
"2009-10-30","Sprite","13389","10492","2897"
"2009-10-31","Sprite","18039","13234","4805"
"2009-11-01","Sprite","13389","10492","2897"
"2009-11-02","Sprite","12549","8170","4379"
"2009-11-03","Sprite","62427","42495","19932"
"2009-11-04","Sprite","25938","18662","7276"
"2009-11-06","Sprite","25938","18662","7276"
"2009-11-07","Sprite","13389","10492","2897"
"2009-11-08","Sprite","49038","32003","17035"
"2009-11-09","Sprite","39327","29154","10173"
"2009-11-10","Sprite","18039","13234","4805"
"2009-11-11","Sprite","44817","34218","10599"
"2009-11-12","Sprite","12549","8170","4379"
"2009-11-13","Sprite","12549","8170","4379"
"2009-11-14","Sprite","31428","23726","7702"
"2009-11-15","Sprite","25938","18662","7276"
"2009-11-16","Sprite","39327","29154","10173"
"2009-11-17","Sprite","43977","31896","12081"
"2009-11-18","Sprite","49467","36960","12507"
"2009-11-19","Sprite","51036","35002","16034"
"2009-11-20","Sprite","69075","48236","20839"
"2009-11-21","Sprite","25938","18662","7276"
"2009-11-22","Sprite","12549","8170","4379"
"2009-11-23","Sprite","13389","10492","2897"
"2009-11-24","Sprite","18039","13234","4805"
"2009-11-25","Sprite","18039","13234","4805"
"2009-11-26","Sprite","26778","20984","5794"
"2009-11-27","Sprite","48198","29681","18517"
"2009-11-28","Sprite","25938","18662","7276"
"2009-11-29","Sprite","25938","18662","7276"
"2009-12-01","Sprite","13389","10492","2897"
"2009-12-02","Sprite","18039","13234","4805"
"2009-12-03","Sprite","61176","42808","18368"
"2009-12-04","Sprite","12549","8170","4379"
"2009-12-05","Sprite","13389","10492","2897"
"2009-12-06","Sprite","48627","34638","13989"
"2009-12-11","Sprite","12549","8170","4379"
"2009-12-14","Sprite","31428","23726","7702"
"2009-12-15","Sprite","84705","61106","23599"
"2009-12-16","Sprite","13389","10492","2897"
"2009-12-17","Sprite","68235","45914","22321"
"2009-12-19","Sprite","49038","32003","17035"
"2009-12-20","Sprite","56526","40066","16460"
"2009-12-21","Sprite","44817","34218","10599"
"2009-12-22","Sprite","13389","10492","2897"
"2009-12-23","Sprite","12549","8170","4379"
"2009-12-24","Sprite","18039","13234","4805"
"2009-12-26","Sprite","40167","31476","8691"
"2009-12-27","Sprite","49467","36960","12507"
"2009-12-28","Sprite","12549","8170","4379"
"2009-12-29","Sprite","62016","45130","16886"
"2009-12-30","Sprite","18039","13234","4805"
"2009-12-31","Sprite","12549","8170","4379"
"2010-01-01","Sprite","36078","26468","9610"
"2010-01-02","Sprite","25938","18662","7276"
"2010-01-03","Sprite","13389","10492","2897"
"2010-01-04","Sprite","39327","29154","10173"
"2010-01-05","Sprite","75405","55622","19783"
"2010-01-06","Sprite","13389","10492","2897"
"2010-01-07","Sprite","13389","10492","2897"
"2010-01-08","Sprite","25098","16340","8758"
"2010-01-10","Sprite","87954","63792","24162"
"2010-01-12","Sprite","93015","63899","29116"
"2010-01-13","Sprite","13389","10492","2897"
"2010-01-14","Sprite","31428","23726","7702"
"2010-01-16","Sprite","35649","21511","14138"
"2010-01-17","Sprite","13389","10492","2897"
"2010-01-19","Sprite","13389","10492","2897"
"2010-01-20","Sprite","25938","18662","7276"
"2010-01-23","Sprite","25938","18662","7276"
"2010-01-24","Sprite","57366","42388","14978"
"2010-01-25","Sprite","62016","45130","16886"
"2010-01-26","Sprite","31428","23726","7702"
"2010-01-27","Sprite","60747","37851","22896"
"2010-01-28","Sprite","66105","50138","15967"
"2010-01-29","Sprite","62016","45130","16886"
"2010-01-30","Sprite","53688","34745","18943"
"2010-02-01","Sprite","43977","31896","12081"
"2010-02-02","Sprite","86274","59148","27126"
"2010-02-03","Sprite","38487","26832","11655"
"2010-02-04","Sprite","13389","10492","2897"
"2010-02-05","Sprite","26778","20984","5794"
"2010-02-06","Sprite","18039","13234","4805"
"2010-02-07","Sprite","51036","35002","16034"
"2010-02-08","Sprite","13389","10492","2897"
"2010-02-09","Sprite","30588","21404","9184"
"2010-02-10","Sprite","67077","45237","21840"
"2010-02-11","Sprite","25938","18662","7276"
"2010-02-12","Sprite","12549","8170","4379"
"2010-02-13","Sprite","43977","31896","12081"
"2010-02-14","Sprite","13389","10492","2897"
"2010-02-15","Sprite","13389","10492","2897"
"2010-02-16","Sprite","39327","29154","10173"
"2010-02-17","Sprite","25938","18662","7276"
"2010-02-18","Sprite","57366","42388","14978"
"2010-02-19","Sprite","48198","29681","18517"
"2010-02-20","Sprite","25098","16340","8758"
"2010-02-21","Sprite","25938","18662","7276"
"2010-02-23","Sprite","70755","52880","17875"
"2010-02-24","Sprite","13389","10492","2897"
"2010-02-25","Sprite","53688","34745","18943"
"2010-02-27","Sprite","43137","29574","13563"
"2010-02-28","Sprite","48627","34638","13989"
"2010-03-01","Sprite","13389","10492","2897"
"2010-03-02","Sprite","44817","34218","10599"
"2010-03-03","Sprite","62016","45130","16886"
"2010-03-04","Sprite","40167","31476","8691"
"2010-03-05","Sprite","30588","21404","9184"
"2010-03-06","Sprite","71727","47979","23748"
"2010-03-07","Sprite","37647","24510","13137"
"2010-03-08","Sprite","48198","29681","18517"
"2010-03-09","Sprite","25098","16340","8758"
"2010-03-10","Sprite","66237","42915","23322"
"2010-03-11","Sprite","18039","13234","4805"
"2010-03-12","Sprite","39327","29154","10173"
"2010-03-13","Sprite","12549","8170","4379"
"2010-03-15","Sprite","48198","29681","18517"
"2010-03-16","Sprite","67077","45237","21840"
"2010-03-17","Sprite","25938","18662","7276"
"2010-03-18","Sprite","49038","32003","17035"
"2010-03-19","Sprite","52716","39646","13070"
"2010-03-20","Sprite","44817","34218","10599"
"2010-03-21","Sprite","30588","21404","9184"
"2010-03-23","Sprite","85116","58471","26645"
"2010-03-24","Sprite","40167","31476","8691"
"2010-03-25","Sprite","107805","74447","33358"
"2010-03-26","Sprite","39327","29154","10173"
"2010-03-27","Sprite","13389","10492","2897"
"2010-03-28","Sprite","13389","10492","2897"
"2010-03-29","Sprite","52716","39646","13070"
"2010-03-30","Sprite","26778","20984","5794"
"2010-03-31","Sprite","52716","39646","13070"
"2010-04-01","Sprite","61587","40173","21414"
"2010-04-02","Sprite","60747","37851","22896"
"2010-04-03","Sprite","13389","10492","2897"
"2010-04-04","Sprite","25098","16340","8758"
"2010-04-05","Sprite","25938","18662","7276"
"2010-04-06","Sprite","58206","44710","13496"
"2010-04-07","Sprite","25938","18662","7276"
"2010-04-08","Sprite","13389","10492","2897"
"2010-04-09","Sprite","53556","41968","11588"
"2010-04-11","Sprite","13389","10492","2897"
"2010-04-13","Sprite","12549","8170","4379"
"2010-04-14","Sprite","76245","57944","18301"
"2010-04-15","Sprite","80466","55729","24737"
"2010-04-16","Sprite","75405","55622","19783"
"2010-04-18","Sprite","67077","45237","21840"
"2010-04-19","Sprite","31428","23726","7702"
"2010-04-20","Sprite","25938","18662","7276"
"2010-04-22","Sprite","61587","40173","21414"
"2010-04-23","Sprite","18039","13234","4805"
"2010-04-24","Sprite","25938","18662","7276"
"2010-04-27","Sprite","49467","36960","12507"
"2010-04-28","Sprite","13389","10492","2897"
"2010-04-29","Sprite","12549","8170","4379"
"2010-04-30","Sprite","44817","34218","10599"
"2010-05-01","Sprite","12549","8170","4379"
"2010-05-02","Sprite","31428","23726","7702"
"2010-05-03","Sprite","71727","47979","23748"
"2010-05-04","Sprite","12549","8170","4379"
"2010-05-05","Sprite","56526","40066","16460"
"2010-05-06","Sprite","44817","34218","10599"
"2010-05-07","Sprite","118953","82561","36392"
"2010-05-08","Sprite","57366","42388","14978"
"2010-05-09","Sprite","12549","8170","4379"
"2010-05-10","Sprite","39327","29154","10173"
"2010-05-11","Sprite","18039","13234","4805"
"2010-05-12","Sprite","48198","29681","18517"
"2010-05-13","Sprite","12549","8170","4379"
"2010-05-14","Sprite","26778","20984","5794"
"2010-05-15","Sprite","79626","53407","26219"
"2010-05-16","Sprite","82464","58728","23736"
"2010-05-17","Sprite","49038","32003","17035"
"2010-05-18","Sprite","25938","18662","7276"
"2010-05-19","Sprite","12549","8170","4379"
"2010-05-20","Sprite","25098","16340","8758"
"2010-05-21","Sprite","43977","31896","12081"
"2010-05-22","Sprite","43137","29574","13563"
"2010-05-23","Sprite","40167","31476","8691"
"2010-05-24","Sprite","12549","8170","4379"
"2010-05-25","Sprite","18039","13234","4805"
"2010-05-26","Sprite","12549","8170","4379"
"2010-05-27","Sprite","38487","26832","11655"
"2010-05-28","Sprite","18039","13234","4805"
"2010-05-29","Sprite","26778","20984","5794"
"2010-05-30","Sprite","44817","34218","10599"
"2010-05-31","Sprite","13389","10492","2897"
"2010-06-01","Sprite","98505","68963","29542"
"2010-06-02","Sprite","85116","58471","26645"
"2010-06-03","Sprite","83304","61050","22254"
"2010-06-04","Sprite","49467","36960","12507"
"2010-06-05","Sprite","75405","55622","19783"
"2010-06-06","Sprite","89337","56256","33081"
"2010-06-07","Sprite","58206","44710","13496"
"2010-06-08","Sprite","78654","58308","20346"
"2010-06-09","Sprite","86685","56513","30172"
"2010-06-10","Sprite","75405","55622","19783"
"2010-06-11","Sprite","70755","52880","17875"
"2010-06-12","Sprite","61176","42808","18368"
"2010-06-13","Sprite","101343","74284","27059"
"2010-06-14","Sprite","80466","55729","24737"
"2010-06-15","Sprite","100914","69327","31587"
"2010-06-16","Sprite","25938","18662","7276"
"2010-06-17","Sprite","160092","109136","50956"
"2010-06-18","Sprite","25938","18662","7276"
"2010-06-19","Sprite","79494","60630","18864"
"2010-06-20","Sprite","62016","45130","16886"
"2010-06-21","Sprite","49038","32003","17035"
"2010-06-22","Sprite","56526","40066","16460"
"2010-06-23","Sprite","108402","77390","31012"
"2010-06-24","Sprite","154602","104072","50530"
"2010-06-25","Sprite","91335","59255","32080"
"2010-06-26","Sprite","68235","45914","22321"
"2010-06-27","Sprite","151764","98751","53013"
"2010-06-28","Sprite","60747","37851","22896"
"2010-06-29","Sprite","18039","13234","4805"
"2010-06-30","Sprite","56526","40066","16460"
"2010-07-01","Sprite","13389","10492","2897"
"2010-07-02","Sprite","61176","42808","18368"
"2010-07-03","Sprite","87525","58835","28690"
"2010-07-04","Sprite","48627","34638","13989"
"2010-07-05","Sprite","44817","34218","10599"
"2010-07-06","Sprite","12549","8170","4379"
"2010-07-07","Sprite","25938","18662","7276"
"2010-07-08","Sprite","30588","21404","9184"
"2010-07-09","Sprite","65265","47816","17449"
"2010-07-10","Sprite","67506","50194","17312"
"2010-07-11","Sprite","105153","74704","30449"
"2010-07-12","Sprite","69915","50558","19357"
"2010-07-13","Sprite","53556","41968","11588"
"2010-07-14","Sprite","52716","39646","13070"
"2010-07-15","Sprite","48198","29681","18517"
"2010-07-17","Sprite","25938","18662","7276"
"2010-07-18","Sprite","85116","58471","26645"
"2010-07-19","Sprite","26778","20984","5794"
"2010-07-20","Sprite","88365","61157","27208"
"2010-07-21","Sprite","63585","43172","20413"
"2010-07-22","Sprite","30588","21404","9184"
"2010-07-23","Sprite","49467","36960","12507"
"2010-07-24","Sprite","62016","45130","16886"
"2010-07-26","Sprite","12549","8170","4379"
"2010-07-27","Sprite","13389","10492","2897"
"2010-07-28","Sprite","53556","41968","11588"
"2010-07-29","Sprite","107673","81670","26003"
"2010-07-30","Sprite","18039","13234","4805"
"2010-07-31","Sprite","60747","37851","22896"
"2010-08-01","Sprite","62016","45130","16886"
"2010-08-02","Sprite","127281","92946","34335"
"2010-08-03","Sprite","43977","31896","12081"
"2010-08-04","Sprite","88794","66114","22680"
"2010-08-05","Sprite","86685","56513","30172"
"2010-08-06","Sprite","57366","42388","14978"
"2010-08-07","Sprite","84984","65694","19290"
"2010-08-08","Sprite","56526","40066","16460"
"2010-08-09","Sprite","43137","29574","13563"
"2010-08-10","Sprite","75405","55622","19783"
"2010-08-11","Sprite","98505","68963","29542"
"2010-08-12","Sprite","73296","46021","27275"
"2010-08-13","Sprite","110214","74811","35403"
"2010-08-14","Sprite","25938","18662","7276"
"2010-08-15","Sprite","78786","51085","27701"
"2010-08-16","Sprite","131091","93366","37725"
"2010-08-17","Sprite","106404","74391","32013"
"2010-08-18","Sprite","25098","16340","8758"
"2010-08-19","Sprite","75405","55622","19783"
"2010-08-20","Sprite","44817","34218","10599"
"2010-08-21","Sprite","156843","106450","50393"
"2010-08-22","Sprite","84144","63372","20772"
"2010-08-23","Sprite","25938","18662","7276"
"2010-08-24","Sprite","92175","61577","30598"
"2010-08-25","Sprite","84144","63372","20772"
"2010-08-26","Sprite","57366","42388","14978"
"2010-08-27","Sprite","43977","31896","12081"
"2010-08-28","Sprite","74565","53300","21265"
"2010-08-29","Sprite","25938","18662","7276"
"2010-08-30","Sprite","51876","37324","14552"
"2010-08-31","Sprite","75405","55622","19783"
"2010-09-01","Sprite","43977","31896","12081"
"2010-09-02","Sprite","43137","29574","13563"
"2010-09-03","Sprite","13389","10492","2897"
"2010-09-05","Sprite","74976","50665","24311"
"2010-09-06","Sprite","70755","52880","17875"
"2010-09-08","Sprite","68235","45914","22321"
"2010-09-09","Sprite","80466","55729","24737"
"2010-09-10","Sprite","106833","79348","27485"
"2010-09-11","Sprite","69075","48236","20839"
"2010-09-12","Sprite","57366","42388","14978"
"2010-09-13","Sprite","43977","31896","12081"
"2010-09-14","Sprite","25938","18662","7276"
"2010-09-15","Sprite","65265","47816","17449"
"2010-09-16","Sprite","150381","106287","44094"
"2010-09-17","Sprite","13389","10492","2897"
"2010-09-18","Sprite","25938","18662","7276"
"2010-09-19","Sprite","143211","96579","46632"
"2010-09-20","Sprite","71595","55202","16393"
"2010-09-21","Sprite","18039","13234","4805"
"2010-09-22","Sprite","62856","47452","15404"
"2010-09-23","Sprite","13389","10492","2897"
"2010-09-24","Sprite","39327","29154","10173"
"2010-09-25","Sprite","75405","55622","19783"
"2010-09-26","Sprite","96693","71542","25151"
"2010-09-27","Sprite","26778","20984","5794"
"2010-09-28","Sprite","75816","52987","22829"
"2010-09-29","Sprite","87954","63792","24162"
"2010-09-30","Sprite","56526","40066","16460"
"2010-10-01","Sprite","25938","18662","7276"
"2010-10-02","Sprite","131091","93366","37725"
"2010-10-03","Sprite","13389","10492","2897"
"2010-10-04","Sprite","100503","71962","28541"
"2010-10-05","Sprite","13389","10492","2897"
"2010-10-06","Sprite","146703","98644","48059"
"2010-10-07","Sprite","102315","69383","32932"
"2010-10-08","Sprite","62016","45130","16886"
"2010-10-09","Sprite","105564","72069","33495"
"2010-10-10","Sprite","25098","16340","8758"
"2010-10-11","Sprite","92604","66534","26070"
"2010-10-12","Sprite","48627","34638","13989"
"2010-10-13","Sprite","50196","32680","17516"
"2010-10-14","Sprite","18039","13234","4805"
"2010-10-15","Sprite","36078","26468","9610"
"2010-10-16","Sprite","39327","29154","10173"
"2010-10-17","Sprite","79626","53407","26219"
"2010-10-18","Sprite","43977","31896","12081"
"2010-10-19","Sprite","58206","44710","13496"
"2010-10-20","Sprite","93015","63899","29116"
"2010-10-21","Sprite","97533","73864","23669"
"2010-10-22","Sprite","75405","55622","19783"
"2010-10-23","Sprite","51876","37324","14552"
"2010-10-24","Sprite","18039","13234","4805"
"2010-10-25","Sprite","111894","79455","32439"
"2010-10-26","Sprite","93015","63899","29116"
"2010-10-27","Sprite","96693","71542","25151"
"2010-10-28","Sprite","71595","55202","16393"
"2010-10-29","Sprite","57366","42388","14978"
"2010-10-30","Sprite","30588","21404","9184"
"2010-10-31","Sprite","39327","29154","10173"
"2010-11-01","Sprite","57366","42388","14978"
"2010-11-02","Sprite","154470","111295","43175"
"2010-11-03","Sprite","66945","52460","14485"
"2010-11-04","Sprite","75405","55622","19783"
"2010-11-05","Sprite","105993","77026","28967"
"2010-11-06","Sprite","61587","40173","21414"
"2010-11-07","Sprite","83304","61050","22254"
"2010-11-08","Sprite","89634","68436","21198"
"2010-11-09","Sprite","69915","50558","19357"
"2010-11-10","Sprite","13389","10492","2897"
"2010-11-11","Sprite","141213","93580","47633"
"2010-11-12","Sprite","115275","74918","40357"
"2010-11-13","Sprite","75816","52987","22829"
"2010-11-14","Sprite","117141","85140","32001"
"2010-11-15","Sprite","80055","58364","21691"
"2010-11-16","Sprite","167991","114564","53427"
"2010-11-17","Sprite","74565","53300","21265"
"2010-11-18","Sprite","44817","34218","10599"
"2010-11-19","Sprite","64425","45494","18931"
"2010-11-20","Sprite","26778","20984","5794"
"2010-11-21","Sprite","26778","20984","5794"
"2010-11-22","Sprite","74565","53300","21265"
"2010-11-23","Sprite","93444","68856","24588"
"2010-11-24","Sprite","105153","74704","30449"
"2010-11-25","Sprite","88794","66114","22680"
"2010-11-26","Sprite","25938","18662","7276"
"2010-11-27","Sprite","74976","50665","24311"
"2010-11-28","Sprite","36078","26468","9610"
"2010-11-29","Sprite","61587","40173","21414"
"2010-11-30","Sprite","110922","84356","26566"
"2010-12-01","Sprite","43137","29574","13563"
"2010-12-02","Sprite","53556","41968","11588"
"2010-12-03","Sprite","52716","39646","13070"
"2010-12-04","Sprite","39327","29154","10173"
"2010-12-05","Sprite","25098","16340","8758"
"2010-12-06","Sprite","61587","40173","21414"
"2010-12-07","Sprite","75405","55622","19783"
"2010-12-08","Sprite","61587","40173","21414"
"2010-12-09","Sprite","70755","52880","17875"
"2010-12-10","Sprite","147132","103601","43531"
"2010-12-11","Sprite","119382","87518","31864"
"2010-12-12","Sprite","38487","26832","11655"
"2010-12-13","Sprite","12549","8170","4379"
"2010-12-14","Sprite","43977","31896","12081"
"2010-12-15","Sprite","31428","23726","7702"
"2010-12-16","Sprite","25098","16340","8758"
"2010-12-17","Sprite","64425","45494","18931"
"2010-12-18","Sprite","12549","8170","4379"
"2010-12-19","Sprite","61176","42808","18368"
"2010-12-20","Sprite","57366","42388","14978"
"2010-12-21","Sprite","74136","48343","25793"
"2010-12-22","Sprite","66105","50138","15967"
"2010-12-23","Sprite","39327","29154","10173"
"2010-12-24","Sprite","101754","71649","30105"
"2010-12-25","Sprite","25938","18662","7276"
"2010-12-26","Sprite","114732","84776","29956"
"2010-12-27","Sprite","88365","61157","27208"
"2010-12-28","Sprite","31428","23726","7702"
"2010-12-29","Sprite","30588","21404","9184"
"2010-12-30","Sprite","74136","48343","25793"
"2010-12-31","Sprite","141231","101172","40059"
"2011-01-01","Sprite","145863","96322","49541"
"2011-01-02","Sprite","75816","52987","22829"
"2011-01-03","Sprite","25938","18662","7276"
"2011-01-04","Sprite","118953","82561","36392"
"2011-01-05","Sprite","114435","72596","41839"
"2011-01-06","Sprite","62856","47452","15404"
"2011-01-07","Sprite","79626","53407","26219"
"2011-01-08","Sprite","57366","42388","14978"
"2011-01-09","Sprite","30588","21404","9184"
"2011-01-10","Sprite","136992","95795","41197"
"2011-01-11","Sprite","100914","69327","31587"
"2011-01-12","Sprite","43977","31896","12081"
"2011-01-13","Sprite","51876","37324","14552"
"2011-01-14","Sprite","93015","63899","29116"
"2011-01-15","Sprite","25098","16340","8758"
"2011-01-16","Sprite","75405","55622","19783"
"2011-01-17","Sprite","86685","56513","30172"
"2011-01-18","Sprite","62016","45130","16886"
"2011-01-19","Sprite","40167","31476","8691"
"2011-01-20","Sprite","31428","23726","7702"
"2011-01-21","Sprite","114732","84776","29956"
"2011-01-22","Sprite","31428","23726","7702"
"2011-01-23","Sprite","112323","84412","27911"
"2011-01-24","Sprite","30588","21404","9184"
"2011-01-25","Sprite","96693","71542","25151"
"2011-01-26","Sprite","52716","39646","13070"
"2011-01-27","Sprite","57366","42388","14978"
"2011-01-28","Sprite","88794","66114","22680"
"2011-01-29","Sprite","25938","18662","7276"
"2011-01-30","Sprite","67077","45237","21840"
"2011-01-31","Sprite","57366","42388","14978"
"2011-02-01","Sprite","125283","89947","35336"
"2011-02-02","Sprite","95853","69220","26633"
"2011-02-03","Sprite","43137","29574","13563"
"2011-02-04","Sprite","79494","60630","18864"
"2011-02-05","Sprite","30588","21404","9184"
"2011-02-06","Sprite","96396","59362","37034"
"2011-02-07","Sprite","92604","66534","26070"
"2011-02-08","Sprite","74976","50665","24311"
"2011-02-09","Sprite","12549","8170","4379"
"2011-02-10","Sprite","71298","43022","28276"
"2011-02-11","Sprite","82464","58728","23736"
"2011-02-12","Sprite","103752","74648","29104"
"2011-02-13","Sprite","30588","21404","9184"
"2011-02-14","Sprite","51876","37324","14552"
"2011-02-15","Sprite","57366","42388","14978"
"2011-02-16","Sprite","82464","58728","23736"
"2011-02-17","Sprite","48198","29681","18517"
"2011-02-18","Sprite","110643","79768","30875"
"2011-02-19","Sprite","101343","74284","27059"
"2011-02-20","Sprite","78786","51085","27701"
"2011-02-21","Sprite","31428","23726","7702"
"2011-02-22","Sprite","57366","42388","14978"
"2011-02-23","Sprite","105564","72069","33495"
"2011-02-24","Sprite","40167","31476","8691"
"2011-02-25","Sprite","126441","90624","35817"
"2011-02-26","Sprite","105993","77026","28967"
"2011-02-27","Sprite","74976","50665","24311"
"2011-02-28","Sprite","92604","66534","26070"
"2011-03-01","Sprite","25098","16340","8758"
"2011-03-02","Sprite","102072","70004","32068"
"2011-03-03","Sprite","26778","20984","5794"
"2011-03-04","Sprite","124014","82668","41346"
"2011-03-05","Sprite","188571","120939","67632"
"2011-03-06","Sprite","30588","21404","9184"
"2011-03-07","Sprite","48627","34638","13989"
"2011-03-08","Sprite","25098","16340","8758"
"2011-03-09","Sprite","66237","42915","23322"
"2011-03-10","Sprite","83304","61050","22254"
"2011-03-11","Sprite","102726","66748","35978"
"2011-03-12","Sprite","146703","98644","48059"
"2011-03-13","Sprite","67506","50194","17312"
"2011-03-14","Sprite","57366","42388","14978"
"2011-03-15","Sprite","31428","23726","7702"
"2011-03-16","Sprite","74136","48343","25793"
"2011-03-17","Sprite","107244","76713","30531"
"2011-03-18","Sprite","124311","94848","29463"
"2011-03-19","Sprite","51036","35002","16034"
"2011-03-20","Sprite","65265","47816","17449"
"2011-03-21","Sprite","79626","53407","26219"
"2011-03-22","Sprite","96825","64319","32506"
"2011-03-23","Sprite","110214","74811","35403"
"2011-03-24","Sprite","149541","103965","45576"
"2011-03-25","Sprite","114864","77553","37311"
"2011-03-26","Sprite","138150","96472","41678"
"2011-03-27","Sprite","142482","100859","41623"
"2011-03-28","Sprite","57366","42388","14978"
"2011-03-29","Sprite","97254","69276","27978"
"2011-03-30","Sprite","111054","77133","33921"
"2011-03-31","Sprite","56526","40066","16460"
"2011-04-01","Sprite","126852","87989","38863"
"2011-04-02","Sprite","105153","74704","30449"
"2011-04-03","Sprite","128664","85410","43254"
"2011-04-04","Sprite","112623","75175","37448"
"2011-04-05","Sprite","26778","20984","5794"
"2011-04-06","Sprite","57366","42388","14978"
"2011-04-07","Sprite","57366","42388","14978"
"2011-04-08","Sprite","128253","88045","40208"
"2011-04-09","Sprite","93855","66221","27634"
"2011-04-10","Sprite","93444","68856","24588"
"2011-04-11","Sprite","39327","29154","10173"
"2011-04-12","Sprite","38487","26832","11655"
"2011-04-13","Sprite","97254","69276","27978"
"2011-04-14","Sprite","66237","42915","23322"
"2011-04-15","Sprite","142482","100859","41623"
"2011-04-16","Sprite","18039","13234","4805"
"2011-04-17","Sprite","75816","52987","22829"
"2011-04-18","Sprite","132474","85830","46644"
"2011-04-19","Sprite","129933","92689","37244"
"2011-04-20","Sprite","111054","77133","33921"
"2011-04-21","Sprite","111465","74498","36967"
"2011-04-22","Sprite","97236","61684","35552"
"2011-04-23","Sprite","61587","40173","21414"
"2011-04-25","Sprite","58206","44710","13496"
"2011-04-26","Sprite","49038","32003","17035"
"2011-04-27","Sprite","30588","21404","9184"
"2011-04-28","Sprite","105564","72069","33495"
"2011-04-29","Sprite","141213","93580","47633"
"2011-04-30","Sprite","79494","60630","18864"
"2011-05-01","Sprite","213780","143881","69899"
"2011-05-02","Sprite","49038","32003","17035"
"2011-05-03","Sprite","136152","93473","42679"
"2011-05-04","Sprite","13389","10492","2897"
"2011-05-05","Sprite","74976","50665","24311"
"2011-05-06","Sprite","13389","10492","2897"
"2011-05-07","Sprite","105993","77026","28967"
"2011-05-08","Sprite","44817","34218","10599"
"2011-05-09","Sprite","69915","50558","19357"
"2011-05-10","Sprite","43977","31896","12081"
"2011-05-11","Sprite","49038","32003","17035"
"2011-05-12","Sprite","144051","98901","45150"
"2011-05-13","Sprite","61176","42808","18368"
"2011-05-14","Sprite","13389","10492","2897"
"2011-05-15","Sprite","116115","77240","38875"
"2011-05-16","Sprite","51876","37324","14552"
"2011-05-17","Sprite","62016","45130","16886"
"2011-05-18","Sprite","58206","44710","13496"
"2011-05-19","Sprite","58206","44710","13496"
"2011-05-20","Sprite","40167","31476","8691"
"2011-05-21","Sprite","25938","18662","7276"
"2011-05-22","Sprite","69915","50558","19357"
"2011-05-23","Sprite","102726","66748","35978"
"2011-05-24","Sprite","54117","39702","14415"
"2011-05-25","Sprite","113463","77497","35966"
"2011-05-26","Sprite","43977","31896","12081"
"2011-05-27","Sprite","115704","79875","35829"
"2011-05-28","Sprite","71595","55202","16393"
"2011-05-29","Sprite","126984","80766","46218"
"2011-05-30","Sprite","109242","79712","29530"
"2011-05-31","Sprite","69075","48236","20839"
"2011-06-01","Sprite","106404","74391","32013"
"2011-06-02","Sprite","44817","34218","10599"
"2011-06-03","Sprite","25938","18662","7276"
"2011-06-04","Sprite","155031","109029","46002"
"2011-06-05","Sprite","79215","56042","23173"
"2011-06-06","Sprite","51876","37324","14552"
"2011-06-07","Sprite","158280","111715","46565"
"2011-06-08","Sprite","44817","34218","10599"
"2011-06-09","Sprite","12549","8170","4379"
"2011-06-10","Sprite","124443","87625","36818"
"2011-06-11","Sprite","125415","82724","42691"
"2011-06-12","Sprite","142053","95902","46151"
"2011-06-13","Sprite","100503","71962","28541"
"2011-06-14","Sprite","105564","72069","33495"
"2011-06-15","Sprite","193929","133226","60703"
"2011-06-16","Sprite","66105","50138","15967"
"2011-06-17","Sprite","145434","91365","54069"
"2011-06-18","Sprite","149541","103965","45576"
"2011-06-19","Sprite","106833","79348","27485"
"2011-06-20","Sprite","95013","66898","28115"
"2011-06-21","Sprite","193518","135861","57657"
"2011-06-22","Sprite","89634","68436","21198"
"2011-06-23","Sprite","76974","53664","23310"
"2011-06-24","Sprite","97665","66641","31024"
"2011-06-25","Sprite","31428","23726","7702"
"2011-06-26","Sprite","75405","55622","19783"
"2011-06-27","Sprite","113052","80132","32920"
"2011-06-28","Sprite","194358","138183","56175"
"2011-06-29","Sprite","99663","69640","30023"
"2011-06-30","Sprite","93855","66221","27634"
"2011-07-01","Sprite","104592","76970","27622"
"2011-07-02","Sprite","178971","124692","54279"
"2011-07-03","Sprite","85845","54191","31654"
"2011-07-04","Sprite","149970","108922","41048"
"2011-07-05","Sprite","158280","111715","46565"
"2011-07-06","Sprite","56526","40066","16460"
"2011-07-07","Sprite","44817","34218","10599"
"2011-07-08","Sprite","35649","21511","14138"
"2011-07-09","Sprite","98823","67318","31505"
"2011-07-10","Sprite","49467","36960","12507"
"2011-07-11","Sprite","57366","42388","14978"
"2011-07-12","Sprite","83304","61050","22254"
"2011-07-13","Sprite","51876","37324","14552"
"2011-07-14","Sprite","145863","96322","49541"
"2011-07-15","Sprite","74565","53300","21265"
"2011-07-16","Sprite","80895","60686","20209"
"2011-07-17","Sprite","123603","85303","38300"
"2011-07-18","Sprite","93444","68856","24588"
"2011-07-19","Sprite","186870","130120","56750"
"2011-07-20","Sprite","76974","53664","23310"
"2011-07-21","Sprite","146703","98644","48059"
"2011-07-22","Sprite","154191","106707","47484"
"2011-07-23","Sprite","88794","66114","22680"
"2011-07-24","Sprite","43977","31896","12081"
"2011-07-25","Sprite","96693","71542","25151"
"2011-07-26","Sprite","62856","47452","15404"
"2011-07-27","Sprite","113463","77497","35966"
"2011-07-28","Sprite","140670","103438","37232"
"2011-07-29","Sprite","26778","20984","5794"
"2011-07-30","Sprite","92604","66534","26070"
"2011-07-31","Sprite","120951","85560","35391"
"2011-08-01","Sprite","97533","73864","23669"
"2011-08-02","Sprite","89634","68436","21198"
"2011-08-03","Sprite","104724","69747","34977"
"2011-08-04","Sprite","70755","52880","17875"
"2011-08-05","Sprite","136152","93473","42679"
"2011-08-06","Sprite","115275","74918","40357"
"2011-08-07","Sprite","133182","95375","37807"
"2011-08-08","Sprite","106833","79348","27485"
"2011-08-09","Sprite","92175","61577","30598"
"2011-08-10","Sprite","79626","53407","26219"
"2011-08-11","Sprite","71298","43022","28276"
"2011-08-12","Sprite","101343","74284","27059"
"2011-08-13","Sprite","48627","34638","13989"
"2011-08-14","Sprite","78654","58308","20346"
"2011-08-15","Sprite","92175","61577","30598"
"2011-08-16","Sprite","88794","66114","22680"
"2011-08-17","Sprite","90363","64156","26207"
"2011-08-18","Sprite","123603","85303","38300"
"2011-08-19","Sprite","181101","120468","60633"
"2011-08-20","Sprite","105993","77026","28967"
"2011-08-21","Sprite","70755","52880","17875"
"2011-08-22","Sprite","93444","68856","24588"
"2011-08-23","Sprite","56526","40066","16460"
"2011-08-24","Sprite","123192","87938","35254"
"2011-08-25","Sprite","75816","52987","22829"
"2011-08-26","Sprite","144891","101223","43668"
"2011-08-27","Sprite","62016","45130","16886"
"2011-08-28","Sprite","146292","101279","45013"
"2011-08-29","Sprite","75405","55622","19783"
"2011-08-30","Sprite","102183","76606","25577"
"2011-08-31","Sprite","155871","111351","44520"
"2011-09-01","Sprite","97533","73864","23669"
"2011-09-02","Sprite","43977","31896","12081"
"2011-09-03","Sprite","74565","53300","21265"
"2011-09-04","Sprite","69915","50558","19357"
"2011-09-05","Sprite","75816","52987","22829"
"2011-09-06","Sprite","132771","98010","34761"
"2011-09-07","Sprite","83304","61050","22254"
"2011-09-08","Sprite","88365","61157","27208"
"2011-09-09","Sprite","169260","121843","47417"
"2011-09-10","Sprite","102726","66748","35978"
"2011-09-11","Sprite","81624","56406","25218"
"2011-09-13","Sprite","185619","130433","55186"
"2011-09-14","Sprite","77814","55986","21828"
"2011-09-15","Sprite","93015","63899","29116"
"2011-09-16","Sprite","71595","55202","16393"
"2011-09-17","Sprite","132342","93053","39289"
"2011-09-18","Sprite","71595","55202","16393"
"2011-09-19","Sprite","118953","82561","36392"
"2011-09-20","Sprite","109785","69854","39931"
"2011-09-21","Sprite","84276","56149","28127"
"2011-09-22","Sprite","38487","26832","11655"
"2011-09-23","Sprite","91203","66478","24725"
"2011-09-24","Sprite","146274","93687","52587"
"2011-09-25","Sprite","69075","48236","20839"
"2011-09-26","Sprite","98505","68963","29542"
"2011-09-27","Sprite","88794","66114","22680"
"2011-09-28","Sprite","118113","80239","37874"
"2011-09-29","Sprite","87954","63792","24162"
"2011-09-30","Sprite","111894","79455","32439"
"2011-10-01","Sprite","25938","18662","7276"
"2011-10-02","Sprite","58206","44710","13496"
"2011-10-03","Sprite","127413","85723","41690"
"2011-10-04","Sprite","74565","53300","21265"
"2011-10-05","Sprite","51876","37324","14552"
"2011-10-06","Sprite","92175","61577","30598"
"2011-10-07","Sprite","26778","20984","5794"
"2011-10-08","Sprite","125283","89947","35336"
"2011-10-09","Sprite","190548","137763","52785"
"2011-10-10","Sprite","154191","106707","47484"
"2011-10-11","Sprite","109785","69854","39931"
"2011-10-12","Sprite","74976","50665","24311"
"2011-10-13","Sprite","125283","89947","35336"
"2011-10-14","Sprite","70755","52880","17875"
"2011-10-15","Sprite","124014","82668","41346"
"2011-10-16","Sprite","105993","77026","28967"
"2011-10-17","Sprite","215049","151160","63889"
"2011-10-18","Sprite","165171","116835","48336"
"2011-10-19","Sprite","124032","90260","33772"
"2011-10-20","Sprite","183378","128055","55323"
"2011-10-21","Sprite","58206","44710","13496"
"2011-10-22","Sprite","43977","31896","12081"
"2011-10-23","Sprite","78654","58308","20346"
"2011-10-24","Sprite","52716","39646","13070"
"2011-10-25","Sprite","76974","53664","23310"
"2011-10-26","Sprite","123603","85303","38300"
"2011-10-27","Sprite","209988","151053","58935"
"2011-10-28","Sprite","93855","66221","27634"
"2011-10-29","Sprite","52716","39646","13070"
"2011-10-30","Sprite","38487","26832","11655"
"2011-10-31","Sprite","56526","40066","16460"
"2011-11-01","Sprite","30588","21404","9184"
"2011-11-02","Sprite","157440","109393","48047"
"2011-11-03","Sprite","61176","42808","18368"
"2011-11-04","Sprite","76974","53664","23310"
"2011-11-05","Sprite","201231","135711","65520"
"2011-11-06","Sprite","118953","82561","36392"
"2011-11-07","Sprite","51876","37324","14552"
"2011-11-08","Sprite","64425","45494","18931"
"2011-11-09","Sprite","102912","72326","30586"
"2011-11-10","Sprite","124872","92582","32290"
"2011-11-11","Sprite","113892","82454","31438"
"2011-11-12","Sprite","102183","76606","25577"
"2011-11-13","Sprite","79626","53407","26219"
"2011-11-14","Sprite","143640","101536","42104"
"2011-11-15","Sprite","100914","69327","31587"
"2011-11-16","Sprite","122631","90204","32427"
"2011-11-17","Sprite","125283","89947","35336"
"2011-11-18","Sprite","39327","29154","10173"
"2011-11-19","Sprite","113463","77497","35966"
"2011-11-20","Sprite","30588","21404","9184"
"2011-11-21","Sprite","51036","35002","16034"
"2011-11-22","Sprite","93444","68856","24588"
"2011-11-23","Sprite","97236","61684","35552"
"2011-11-24","Sprite","115275","74918","40357"
"2011-11-25","Sprite","105564","72069","33495"
"2011-11-26","Sprite","123471","92526","30945"
"2011-11-27","Sprite","112623","75175","37448"
"2011-11-28","Sprite","182649","132335","50314"
"2011-11-29","Sprite","18039","13234","4805"
"2011-11-30","Sprite","127692","90311","37381"
"2011-12-01","Sprite","53556","41968","11588"
"2011-12-02","Sprite","161361","116415","44946"
"2011-12-03","Sprite","26778","20984","5794"
"2011-12-04","Sprite","26778","20984","5794"
"2011-12-05","Sprite","111054","77133","33921"
"2011-12-06","Sprite","118953","82561","36392"
"2011-12-07","Sprite","128961","97590","31371"
"2011-12-08","Sprite","52716","39646","13070"
"2011-12-09","Sprite","103155","71705","31450"
"2011-12-10","Sprite","105564","72069","33495"
"2011-12-11","Sprite","43977","31896","12081"
"2011-12-12","Sprite","96693","71542","25151"
"2011-12-13","Sprite","64425","45494","18931"
"2011-12-14","Sprite","49038","32003","17035"
"2011-12-15","Sprite","82464","58728","23736"
"2011-12-16","Sprite","139401","96159","43242"
"2011-12-17","Sprite","154602","104072","50530"
"2011-12-18","Sprite","64425","45494","18931"
"2011-12-19","Sprite","51876","37324","14552"
"2011-12-20","Sprite","66105","50138","15967"
"2011-12-21","Sprite","69075","48236","20839"
"2011-12-22","Sprite","26778","20984","5794"
"2011-12-23","Sprite","57366","42388","14978"
"2011-12-24","Sprite","137832","98117","39715"
"2011-12-25","Sprite","76245","57944","18301"
"2011-12-26","Sprite","31428","23726","7702"
"2011-12-27","Sprite","52716","39646","13070"
"2011-12-28","Sprite","105564","72069","33495"
"2011-12-29","Sprite","12549","8170","4379"
"2011-12-30","Sprite","39327","29154","10173"
"2011-12-31","Sprite","101343","74284","27059"
"2012-01-01","Sprite","149112","99008","50104"
"2012-01-02","Sprite","105993","77026","28967"
"2012-01-03","Sprite","117273","77917","39356"
"2012-01-04","Sprite","78654","58308","20346"
"2012-01-05","Sprite","131502","90731","40771"
"2012-01-06","Sprite","106404","74391","32013"
"2012-01-07","Sprite","88794","66114","22680"
"2012-01-08","Sprite","106404","74391","32013"
"2012-01-09","Sprite","70755","52880","17875"
"2012-01-10","Sprite","122631","90204","32427"
"2012-01-11","Sprite","222108","154266","67842"
"2012-01-12","Sprite","93015","63899","29116"
"2012-01-13","Sprite","146049","101900","44149"
"2012-01-14","Sprite","137832","98117","39715"
"2012-01-15","Sprite","173481","119628","53853"
"2012-01-16","Sprite","108945","67532","41413"
"2012-01-17","Sprite","101343","74284","27059"
"2012-01-18","Sprite","175908","127584","48324"
"2012-01-19","Sprite","141213","93580","47633"
"2012-01-20","Sprite","83304","61050","22254"
"2012-01-21","Sprite","149541","103965","45576"
"2012-01-22","Sprite","88794","66114","22680"
"2012-01-23","Sprite","81624","56406","25218"
"2012-01-24","Sprite","185601","122841","62760"
"2012-01-25","Sprite","53556","41968","11588"
"2012-01-26","Sprite","116412","89420","26992"
"2012-01-27","Sprite","207747","148675","59072"
"2012-01-28","Sprite","158709","116672","42037"
"2012-01-29","Sprite","154191","106707","47484"
"2012-01-30","Sprite","69915","50558","19357"
"2012-01-31","Sprite","136992","95795","41197"
"2012-02-01","Sprite","147561","108558","39003"
"2012-02-02","Sprite","106833","79348","27485"
"2012-02-03","Sprite","88794","66114","22680"
"2012-02-04","Sprite","194919","135917","59002"
"2012-02-05","Sprite","165768","119778","45990"
"2012-02-06","Sprite","165582","114200","51382"
"2012-02-07","Sprite","106404","74391","32013"
"2012-02-08","Sprite","159549","118994","40555"
"2012-02-09","Sprite","25098","16340","8758"
"2012-02-10","Sprite","113892","82454","31438"
"2012-02-11","Sprite","188028","130797","57231"
"2012-02-12","Sprite","154191","106707","47484"
"2012-02-13","Sprite","181398","132648","48750"
"2012-02-14","Sprite","181941","122790","59151"
"2012-02-15","Sprite","140670","103438","37232"
"2012-02-16","Sprite","210717","146773","63944"
"2012-02-17","Sprite","70755","52880","17875"
"2012-02-18","Sprite","84687","53514","31173"
"2012-02-19","Sprite","89337","56256","33081"
"2012-02-20","Sprite","114303","79819","34484"
"2012-02-21","Sprite","147861","99321","48540"
"2012-02-22","Sprite","160932","111458","49474"
"2012-02-23","Sprite","126852","87989","38863"
"2012-02-24","Sprite","152379","109286","43093"
"2012-02-25","Sprite","114864","77553","37311"
"2012-02-26","Sprite","220428","149622","70806"
"2012-02-27","Sprite","118953","82561","36392"
"2012-02-28","Sprite","114732","84776","29956"
"2012-02-29","Sprite","159549","118994","40555"
"2012-03-01","Sprite","127281","92946","34335"
"2012-03-02","Sprite","136563","90838","45725"
"2012-03-03","Sprite","124872","92582","32290"
"2012-03-04","Sprite","133182","95375","37807"
"2012-03-05","Sprite","168009","122156","45853"
"2012-03-06","Sprite","70755","52880","17875"
"2012-03-07","Sprite","88794","66114","22680"
"2012-03-08","Sprite","185190","125476","59714"
"2012-03-09","Sprite","91335","59255","32080"
"2012-03-10","Sprite","74976","50665","24311"
"2012-03-11","Sprite","180558","130326","50232"
"2012-03-12","Sprite","70755","52880","17875"
"2012-03-13","Sprite","106404","74391","32013"
"2012-03-14","Sprite","109242","79712","29530"
"2012-03-15","Sprite","148569","108866","39703"
"2012-03-16","Sprite","111894","79455","32439"
"2012-03-17","Sprite","241716","165542","76174"
"2012-03-18","Sprite","155739","118574","37165"
"2012-03-19","Sprite","194769","135548","59221"
"2012-03-20","Sprite","107244","76713","30531"
"2012-03-21","Sprite","124332","81023","43309"
"2012-03-22","Sprite","148701","101643","47058"
"2012-03-23","Sprite","190977","142720","48257"
"2012-03-24","Sprite","315870","221477","94393"
"2012-03-25","Sprite","66945","52460","14485"
"2012-03-26","Sprite","127281","92946","34335"
"2012-03-27","Sprite","202257","143611","58646"
"2012-03-28","Sprite","167151","112242","54909"
"2012-03-29","Sprite","62427","42495","19932"
"2012-03-30","Sprite","110625","72176","38449"
"2012-03-31","Sprite","98934","73920","25014"
"2012-04-01","Sprite","198597","143560","55037"
"2012-04-02","Sprite","94284","71178","23106"
"2012-04-03","Sprite","127824","83088","44736"
"2012-04-04","Sprite","51876","37324","14552"
"2012-04-05","Sprite","82464","58728","23736"
"2012-04-06","Sprite","142053","95902","46151"
"2012-04-07","Sprite","133182","95375","37807"
"2012-04-08","Sprite","146160","108502","37658"
"2012-04-09","Sprite","113892","82454","31438"
"2012-04-10","Sprite","131091","93366","37725"
"2012-04-11","Sprite","158412","104492","53920"
"2012-04-12","Sprite","162930","114457","48473"
"2012-04-13","Sprite","199419","138290","61129"
"2012-04-14","Sprite","63585","43172","20413"
"2012-04-15","Sprite","75816","52987","22829"
"2012-04-16","Sprite","95853","69220","26633"
"2012-04-17","Sprite","150381","106287","44094"
"2012-04-18","Sprite","202686","148568","54118"
"2012-04-19","Sprite","135741","96108","39633"
"2012-04-20","Sprite","111894","79455","32439"
"2012-04-21","Sprite","129933","92689","37244"
"2012-04-22","Sprite","74136","48343","25793"
"2012-04-23","Sprite","213780","143881","69899"
"2012-04-24","Sprite","217887","156481","61406"
"2012-04-25","Sprite","51036","35002","16034"
"2012-04-26","Sprite","69915","50558","19357"
"2012-04-27","Sprite","167151","112242","54909"
"2012-04-28","Sprite","155871","111351","44520"
"2012-04-29","Sprite","148401","110880","37521"
"2012-04-30","Sprite","202257","143611","58646"
"2012-05-01","Sprite","110214","74811","35403"
"2012-05-02","Sprite","76245","57944","18301"
"2012-05-03","Sprite","101754","71649","30105"
"2012-05-04","Sprite","131502","90731","40771"
"2012-05-05","Sprite","208290","138817","69473"
"2012-05-06","Sprite","129933","92689","37244"
"2012-05-07","Sprite","252432","190116","62316"
"2012-05-08","Sprite","111894","79455","32439"
"2012-05-09","Sprite","169821","119577","50244"
"2012-05-10","Sprite","105432","79292","26140"
"2012-05-11","Sprite","89205","63479","25726"
"2012-05-12","Sprite","105993","77026","28967"
"2012-05-13","Sprite","224106","157265","66841"
"2012-05-14","Sprite","136563","90838","45725"
"2012-05-15","Sprite","111483","82090","29393"
"2012-05-16","Sprite","130662","88409","42253"
"2012-05-17","Sprite","97533","73864","23669"
"2012-05-18","Sprite","110082","82034","28048"
"2012-05-19","Sprite","83304","61050","22254"
"2012-05-20","Sprite","102183","76606","25577"
"2012-05-21","Sprite","137403","93160","44243"
"2012-05-22","Sprite","121791","87882","33909"
"2012-05-23","Sprite","161250","109813","51437"
"2012-05-24","Sprite","92883","71122","21761"
"2012-05-25","Sprite","168738","117876","50862"
"2012-05-26","Sprite","101343","74284","27059"
"2012-05-27","Sprite","140241","98481","41760"
"2012-05-28","Sprite","154899","116252","38647"
"2012-05-29","Sprite","181380","125056","56324"
"2012-05-30","Sprite","206907","146353","60554"
"2012-05-31","Sprite","155442","106394","49048"
"2012-06-01","Sprite","13389","10492","2897"
"2012-06-02","Sprite","49038","32003","17035"
"2012-06-03","Sprite","129093","90367","38726"
"2012-06-04","Sprite","43977","31896","12081"
"2012-06-05","Sprite","71595","55202","16393"
"2012-06-06","Sprite","13389","10492","2897"
"2012-06-07","Sprite","88365","61157","27208"
"2012-06-08","Sprite","31428","23726","7702"
"2012-06-10","Sprite","25938","18662","7276"
"2012-06-11","Sprite","65265","47816","17449"
"2012-06-12","Sprite","79626","53407","26219"
"2012-06-13","Sprite","40167","31476","8691"
"2012-06-14","Sprite","49467","36960","12507"
"2012-06-15","Sprite","91335","59255","32080"
"2012-06-16","Sprite","25098","16340","8758"
"2012-06-17","Sprite","119382","87518","31864"
"2012-06-18","Sprite","25938","18662","7276"
"2012-06-19","Sprite","60747","37851","22896"
"2012-06-20","Sprite","74976","50665","24311"
"2012-06-21","Sprite","74976","50665","24311"
"2012-06-22","Sprite","66105","50138","15967"
"2012-06-23","Sprite","43977","31896","12081"
"2012-06-24","Sprite","58206","44710","13496"
"2012-06-26","Sprite","133182","95375","37807"
"2012-06-27","Sprite","101886","64426","37460"
"2012-06-28","Sprite","13389","10492","2897"
"2012-06-29","Sprite","58206","44710","13496"
"2012-06-30","Sprite","30588","21404","9184"
"2012-07-01","Sprite","56526","40066","16460"
"2012-07-02","Sprite","101754","71649","30105"
"2012-07-03","Sprite","101886","64426","37460"
"2012-07-04","Sprite","91335","59255","32080"
"2012-07-05","Sprite","26778","20984","5794"
"2012-07-06","Sprite","93015","63899","29116"
"2012-07-07","Sprite","37647","24510","13137"
"2012-07-08","Sprite","69915","50558","19357"
"2012-07-09","Sprite","116115","77240","38875"
"2012-07-10","Sprite","67077","45237","21840"
"2012-07-11","Sprite","31428","23726","7702"
"2012-07-12","Sprite","116862","80552","36310"
"2012-07-13","Sprite","98505","68963","29542"
"2012-07-14","Sprite","52716","39646","13070"
"2012-07-15","Sprite","79626","53407","26219"
"2012-07-16","Sprite","25938","18662","7276"
"2012-07-17","Sprite","13389","10492","2897"
"2012-07-18","Sprite","25938","18662","7276"
"2012-07-19","Sprite","61587","40173","21414"
"2012-07-20","Sprite","58206","44710","13496"
"2012-07-21","Sprite","13389","10492","2897"
"2012-07-23","Sprite","25938","18662","7276"
"2012-07-24","Sprite","80466","55729","24737"
"2012-07-25","Sprite","51876","37324","14552"
"2012-07-26","Sprite","13389","10492","2897"
"2012-07-27","Sprite","26778","20984","5794"
"2012-07-28","Sprite","49467","36960","12507"
"2012-07-29","Sprite","62427","42495","19932"
"2012-07-30","Sprite","74976","50665","24311"
"2012-07-31","Sprite","96396","59362","37034"
"2012-08-01","Sprite","94284","71178","23106"
"2012-08-02","Sprite","12549","8170","4379"
"2012-08-03","Sprite","92604","66534","26070"
"2012-08-04","Sprite","123603","85303","38300"
"2012-08-05","Sprite","62427","42495","19932"
"2012-08-06","Sprite","111054","77133","33921"
"2012-08-07","Sprite","26778","20984","5794"
"2012-08-08","Sprite","84687","53514","31173"
"2012-08-09","Sprite","67077","45237","21840"
"2012-08-10","Sprite","82464","58728","23736"
"2012-08-11","Sprite","123174","80346","42828"
"2012-08-12","Sprite","60747","37851","22896"
"2012-08-13","Sprite","102315","69383","32932"
"2012-08-14","Sprite","115275","74918","40357"
"2012-08-15","Sprite","68235","45914","22321"
"2012-08-16","Sprite","26778","20984","5794"
"2012-08-17","Sprite","98094","71598","26496"
"2012-08-18","Sprite","43977","31896","12081"
"2012-08-19","Sprite","30588","21404","9184"
"2012-08-20","Sprite","37647","24510","13137"
"2012-08-21","Sprite","93855","66221","27634"
"2012-08-22","Sprite","114732","84776","29956"
"2012-08-23","Sprite","43977","31896","12081"
"2012-08-24","Sprite","57366","42388","14978"
"2012-08-25","Sprite","69915","50558","19357"
"2012-08-26","Sprite","93444","68856","24588"
"2012-08-27","Sprite","43977","31896","12081"
"2012-08-28","Sprite","93015","63899","29116"
"2012-08-29","Sprite","25098","16340","8758"
"2012-08-30","Sprite","75405","55622","19783"
"2012-08-31","Sprite","43977","31896","12081"
"2012-09-01","Sprite","88365","61157","27208"
"2012-09-02","Sprite","96825","64319","32506"
"2012-09-03","Sprite","49467","36960","12507"
"2012-09-04","Sprite","103155","71705","31450"
"2012-09-05","Sprite","111465","74498","36967"
"2012-09-06","Sprite","96693","71542","25151"
"2012-09-07","Sprite","88365","61157","27208"
"2012-09-08","Sprite","51036","35002","16034"
"2012-09-09","Sprite","157983","99535","58448"
"2012-09-10","Sprite","43977","31896","12081"
"2012-09-11","Sprite","56526","40066","16460"
"2012-09-12","Sprite","84984","65694","19290"
"2012-09-13","Sprite","44817","34218","10599"
"2012-09-14","Sprite","62016","45130","16886"
"2012-09-15","Sprite","53556","41968","11588"
"2012-09-16","Sprite","52716","39646","13070"
"2012-09-17","Sprite","84705","61106","23599"
"2012-09-18","Sprite","106404","74391","32013"
"2012-09-19","Sprite","88794","66114","22680"
"2012-09-20","Sprite","93015","63899","29116"
"2012-09-21","Sprite","133743","93109","40634"
"2012-09-22","Sprite","12549","8170","4379"
"2012-09-23","Sprite","70755","52880","17875"
"2012-09-24","Sprite","57366","42388","14978"
"2012-09-25","Sprite","78786","51085","27701"
"2012-09-26","Sprite","39327","29154","10173"
"2012-09-27","Sprite","43137","29574","13563"
"2012-09-28","Sprite","43137","29574","13563"
"2012-09-29","Sprite","67077","45237","21840"
"2012-09-30","Sprite","51876","37324","14552"
"2012-10-01","Sprite","51036","35002","16034"
"2012-10-02","Sprite","36078","26468","9610"
"2012-10-03","Sprite","80466","55729","24737"
"2012-10-04","Sprite","112323","84412","27911"
"2012-10-05","Sprite","102183","76606","25577"
"2012-10-06","Sprite","61587","40173","21414"
"2012-10-07","Sprite","93723","73444","20279"
"2012-10-08","Sprite","65265","47816","17449"
"2012-10-09","Sprite","87954","63792","24162"
"2012-10-10","Sprite","111483","82090","29393"
"2012-10-11","Sprite","64425","45494","18931"
"2012-10-12","Sprite","73296","46021","27275"
"2012-10-13","Sprite","49467","36960","12507"
"2012-10-14","Sprite","71595","55202","16393"
"2012-10-15","Sprite","164742","111878","52864"
"2012-10-16","Sprite","43977","31896","12081"
"2012-10-17","Sprite","101754","71649","30105"
"2012-10-18","Sprite","18039","13234","4805"
"2012-10-19","Sprite","43977","31896","12081"
"2012-10-20","Sprite","62016","45130","16886"
"2012-10-21","Sprite","65265","47816","17449"
"2012-10-22","Sprite","88365","61157","27208"
"2012-10-23","Sprite","43977","31896","12081"
"2012-10-24","Sprite","40167","31476","8691"
"2012-10-25","Sprite","49467","36960","12507"
"2012-10-26","Sprite","69915","50558","19357"
"2012-10-27","Sprite","44817","34218","10599"
"2012-10-28","Sprite","93015","63899","29116"
"2012-10-29","Sprite","61587","40173","21414"
"2012-10-30","Sprite","74565","53300","21265"
"2012-10-31","Sprite","100914","69327","31587"
"2012-11-02","Sprite","56526","40066","16460"
"2012-11-03","Sprite","105432","79292","26140"
"2012-11-04","Sprite","114303","79819","34484"
"2012-11-05","Sprite","48198","29681","18517"
"2012-11-06","Sprite","123603","85303","38300"
"2012-11-07","Sprite","105993","77026","28967"
"2012-11-08","Sprite","62016","45130","16886"
"2012-11-09","Sprite","110214","74811","35403"
"2012-11-10","Sprite","80895","60686","20209"
"2012-11-11","Sprite","13389","10492","2897"
"2012-11-12","Sprite","147840","113146","34694"
"2012-11-13","Sprite","133743","93109","40634"
"2012-11-14","Sprite","56526","40066","16460"
"2012-11-15","Sprite","87954","63792","24162"
"2012-11-16","Sprite","49467","36960","12507"
"2012-11-17","Sprite","56526","40066","16460"
"2012-11-18","Sprite","37647","24510","13137"
"2012-11-19","Sprite","67077","45237","21840"
"2012-11-20","Sprite","65265","47816","17449"
"2012-11-21","Sprite","97665","66641","31024"
"2012-11-22","Sprite","31428","23726","7702"
"2012-11-23","Sprite","38487","26832","11655"
"2012-11-24","Sprite","74136","48343","25793"
"2012-11-25","Sprite","173910","124585","49325"
"2012-11-26","Sprite","53688","34745","18943"
"2012-11-27","Sprite","121791","87882","33909"
"2012-11-28","Sprite","123603","85303","38300"
"2012-11-29","Sprite","62016","45130","16886"
"2012-11-30","Sprite","44817","34218","10599"
"2012-12-01","Sprite","48627","34638","13989"
"2012-12-02","Sprite","40167","31476","8691"
"2012-12-03","Sprite","40167","31476","8691"
"2012-12-04","Sprite","43137","29574","13563"
"2012-12-05","Sprite","43977","31896","12081"
"2012-12-06","Sprite","95853","69220","26633"
"2012-12-07","Sprite","107244","76713","30531"
"2012-12-08","Sprite","74565","53300","21265"
"2012-12-09","Sprite","31428","23726","7702"
"2012-12-10","Sprite","38487","26832","11655"
"2012-12-11","Sprite","51876","37324","14552"
"2012-12-12","Sprite","100503","71962","28541"
"2012-12-13","Sprite","12549","8170","4379"
"2012-12-14","Sprite","25938","18662","7276"
"2012-12-15","Sprite","36078","26468","9610"
"2012-12-16","Sprite","76245","57944","18301"
"2012-12-17","Sprite","102183","76606","25577"
"2012-12-18","Sprite","62427","42495","19932"
"2012-12-19","Sprite","25938","18662","7276"
"2012-12-20","Sprite","76974","53664","23310"
"2012-12-21","Sprite","25938","18662","7276"
"2012-12-22","Sprite","87954","63792","24162"
"2012-12-23","Sprite","12549","8170","4379"
"2012-12-24","Sprite","25938","18662","7276"
"2012-12-25","Sprite","39327","29154","10173"
"2012-12-26","Sprite","25938","18662","7276"
"2012-12-27","Sprite","93015","63899","29116"
"2012-12-28","Sprite","74976","50665","24311"
"2012-12-29","Sprite","162090","112135","49955"
"2012-12-30","Sprite","48627","34638","13989"
"2012-12-31","Sprite","96693","71542","25151"
"2013-01-01","Sprite","13389","10492","2897"
"2013-01-02","Sprite","93015","63899","29116"
"2013-01-03","Sprite","252285","178305","73980"
"2013-01-04","Sprite","247074","177829","69245"
"2013-01-05","Sprite","187617","133432","54185"
"2013-01-06","Sprite","234096","164702","69394"
"2013-01-07","Sprite","267633","198029","69604"
"2013-01-08","Sprite","349092","235032","114060"
"2013-01-09","Sprite","259026","183056","75970"
"2013-01-10","Sprite","180129","125369","54760"
"2013-01-11","Sprite","163770","116779","46991"
"2013-01-12","Sprite","118113","80239","37874"
"2013-01-13","Sprite","222108","154266","67842"
"2013-01-14","Sprite","173778","131808","41970"
"2013-01-15","Sprite","203658","143667","59991"
"2013-01-16","Sprite","264273","188741","75532"
"2013-01-17","Sprite","115572","87098","28474"
"2013-01-18","Sprite","204498","145989","58509"
"2013-01-19","Sprite","270735","188904","81831"
"2013-01-20","Sprite","227598","159330","68268"
"2013-01-21","Sprite","248343","185108","63235"
"2013-01-22","Sprite","232977","157792","75185"
"2013-01-23","Sprite","166608","122100","44508"
"2013-01-24","Sprite","157869","114350","43519"
"2013-01-25","Sprite","270306","183947","86359"
"2013-01-26","Sprite","257382","183621","73761"
"2013-01-27","Sprite","137421","100752","36669"
"2013-01-28","Sprite","259194","181042","78152"
"2013-01-29","Sprite","238203","177302","60901"
"2013-01-30","Sprite","201960","131431","70529"
"2013-01-31","Sprite","296262","210201","86061"
"2013-02-01","Sprite","296244","202609","93635"
"2013-02-02","Sprite","214506","161018","53488"
"2013-02-03","Sprite","209016","155954","53062"
"2013-02-04","Sprite","173778","131808","41970"
"2013-02-05","Sprite","298653","202973","95680"
"2013-02-06","Sprite","242853","180044","62809"
"2013-02-07","Sprite","175479","122627","52852"
"2013-02-08","Sprite","256785","180678","76107"
"2013-02-09","Sprite","214806","151781","63025"
"2013-02-10","Sprite","223266","154943","68323"
"2013-02-11","Sprite","214395","154416","59979"
"2013-02-12","Sprite","185058","132699","52359"
"2013-02-13","Sprite","146889","104222","42667"
"2013-02-14","Sprite","352341","237718","114623"
"2013-02-15","Sprite","220725","161802","58923"
"2013-02-16","Sprite","367542","245631","121911"
"2013-02-17","Sprite","181809","130013","51796"
"2013-02-18","Sprite","209016","155954","53062"
"2013-02-19","Sprite","95853","69220","26633"
"2013-02-20","Sprite","155460","113986","41474"
"2013-02-21","Sprite","393795","284065","109730"
"2013-02-22","Sprite","263712","191007","72705"
"2013-02-23","Sprite","251313","183206","68107"
"2013-02-24","Sprite","252564","182893","69671"
"2013-02-25","Sprite","306795","207780","99015"
"2013-02-26","Sprite","245394","173185","72209"
"2013-02-27","Sprite","161958","119358","42600"
"2013-02-28","Sprite","241716","165542","76174"
"2013-03-01","Sprite","107244","76713","30531"
"2013-03-02","Sprite","49038","32003","17035"
"2013-03-03","Sprite","262032","186363","75669"
"2013-03-04","Sprite","186030","127798","58232"
"2013-03-05","Sprite","355608","247996","107612"
"2013-03-06","Sprite","355719","254598","101121"
"2013-03-07","Sprite","218616","152201","66415"
"2013-03-08","Sprite","330078","248116","81962"
"2013-03-09","Sprite","240333","173078","67255"
"2013-03-10","Sprite","247074","177829","69245"
"2013-03-11","Sprite","241584","172765","68819"
"2013-03-12","Sprite","329538","236557","92981"
"2013-03-13","Sprite","254244","187537","66707"
"2013-03-14","Sprite","186738","137343","49395"
"2013-03-15","Sprite","140373","91258","49115"
"2013-03-16","Sprite","239718","162543","77175"
"2013-03-17","Sprite","141213","93580","47633"
"2013-03-18","Sprite","87954","63792","24162"
"2013-03-19","Sprite","212826","156374","56452"
"2013-03-20","Sprite","266925","188484","78441"
"2013-03-21","Sprite","241695","179367","62328"
"2013-03-22","Sprite","214227","156430","57797"
"2013-03-23","Sprite","215646","154103","61543"
"2013-03-24","Sprite","185487","137656","47831"
"2013-03-25","Sprite","192249","128582","63667"
"2013-03-26","Sprite","274002","199182","74820"
"2013-03-27","Sprite","213966","149459","64507"
"2013-03-28","Sprite","230436","164651","65785"
"2013-03-29","Sprite","202257","143611","58646"
"2013-03-30","Sprite","301305","202716","98589"
"2013-03-31","Sprite","234657","162436","72221"
"2013-04-01","Sprite","308979","216357","92622"
"2013-04-02","Sprite","106833","79348","27485"
"2013-04-03","Sprite","272172","194169","78003"
"2013-04-04","Sprite","234525","169659","64866"
"2013-04-05","Sprite","295833","205244","90589"
"2013-04-06","Sprite","261024","186055","74969"
"2013-04-07","Sprite","231594","165328","66266"
"2013-04-08","Sprite","152379","109286","43093"
"2013-04-09","Sprite","290490","211991","78499"
"2013-04-10","Sprite","243825","175143","68682"
"2013-04-11","Sprite","193518","135861","57657"
"2013-04-12","Sprite","114732","84776","29956"
"2013-04-13","Sprite","205227","141709","63518"
"2013-04-14","Sprite","304572","212994","91578"
"2013-04-15","Sprite","119661","92106","27555"
"2013-04-16","Sprite","273144","189268","83876"
"2013-04-17","Sprite","182649","132335","50314"
"2013-04-18","Sprite","214806","151781","63025"
"2013-04-19","Sprite","371220","253274","117946"
"2013-04-20","Sprite","265656","181205","84451"
"2013-04-21","Sprite","164610","119101","45509"
"2013-04-22","Sprite","248046","172928","75118"
"2013-04-23","Sprite","163359","119414","43945"
"2013-04-24","Sprite","251295","175614","75681"
"2013-04-25","Sprite","190977","142720","48257"
"2013-04-26","Sprite","352359","245310","107049"
"2013-04-27","Sprite","193107","138496","54611"
"2013-04-28","Sprite","421416","285954","135462"
"2013-04-29","Sprite","217347","144922","72425"
"2013-04-30","Sprite","308250","220637","87613"
"2013-05-01","Sprite","99663","69640","30023"
"2013-05-02","Sprite","198579","135968","62611"
"2013-05-03","Sprite","167019","119465","47554"
"2013-05-04","Sprite","286533","199760","86773"
"2013-05-05","Sprite","175479","122627","52852"
"2013-05-06","Sprite","220296","156845","63451"
"2013-05-07","Sprite","238746","167444","71302"
"2013-05-08","Sprite","194358","138183","56175"
"2013-05-09","Sprite","201417","141289","60128"
"2013-05-10","Sprite","313311","220744","92567"
"2013-05-11","Sprite","212265","158640","53625"
"2013-05-12","Sprite","330789","236244","94545"
"2013-05-13","Sprite","211986","154052","57934"
"2013-05-14","Sprite","261138","171240","89898"
"2013-05-15","Sprite","348252","232710","115542"
"2013-05-16","Sprite","244125","165906","78219"
"2013-05-17","Sprite","186870","130120","56750"
"2013-05-18","Sprite","136860","103018","33842"
"2013-05-19","Sprite","153219","111608","41611"
"2013-05-20","Sprite","208065","147030","61035"
"2013-05-21","Sprite","214209","148838","65371"
"2013-05-22","Sprite","273441","201448","71993"
"2013-05-23","Sprite","276075","193599","82476"
"2013-05-24","Sprite","306570","215993","90577"
"2013-05-25","Sprite","255516","173399","82117"
"2013-05-26","Sprite","138150","96472","41678"
"2013-05-27","Sprite","324159","238095","86064"
"2013-05-28","Sprite","220296","156845","63451"
"2013-05-29","Sprite","258597","178099","80498"
"2013-05-30","Sprite","289371","205081","84290"
"2013-05-31","Sprite","198579","135968","62611"
"2008-06-03","SuperGamer","28968","26410","2558"
"2008-06-04","SuperGamer","10019","8943","1076"
"2008-06-06","SuperGamer","49316","44436","4880"
"2008-06-07","SuperGamer","39597","35058","4539"
"2008-06-08","SuperGamer","13199","11686","1513"
"2008-06-09","SuperGamer","13199","11686","1513"
"2008-06-10","SuperGamer","20038","17886","2152"
"2008-06-11","SuperGamer","10019","8943","1076"
"2008-06-12","SuperGamer","36417","32315","4102"
"2008-06-13","SuperGamer","23218","20629","2589"
"2008-06-14","SuperGamer","26398","23372","3026"
"2008-06-15","SuperGamer","12899","12121","778"
"2008-06-17","SuperGamer","10019","8943","1076"
"2008-06-18","SuperGamer","13199","11686","1513"
"2008-06-20","SuperGamer","42167","38096","4071"
"2008-06-21","SuperGamer","13199","11686","1513"
"2008-06-22","SuperGamer","13199","11686","1513"
"2008-06-23","SuperGamer","13199","11686","1513"
"2008-06-24","SuperGamer","23218","20629","2589"
"2008-06-25","SuperGamer","12899","12121","778"
"2008-06-26","SuperGamer","23218","20629","2589"
"2008-06-27","SuperGamer","33237","29572","3665"
"2008-06-28","SuperGamer","23218","20629","2589"
"2008-06-29","SuperGamer","10019","8943","1076"
"2008-06-30","SuperGamer","38987","35353","3634"
"2008-07-01","SuperGamer","28968","26410","2558"
"2008-07-04","SuperGamer","23218","20629","2589"
"2008-07-05","SuperGamer","26398","23372","3026"
"2008-07-06","SuperGamer","67965","62338","5627"
"2008-07-07","SuperGamer","13199","11686","1513"
"2008-07-08","SuperGamer","10019","8943","1076"
"2008-07-09","SuperGamer","23218","20629","2589"
"2008-07-10","SuperGamer","13199","11686","1513"
"2008-07-11","SuperGamer","26398","23372","3026"
"2008-07-12","SuperGamer","38987","35353","3634"
"2008-07-13","SuperGamer","42167","38096","4071"
"2008-07-14","SuperGamer","26098","23807","2291"
"2008-07-19","SuperGamer","39597","35058","4539"
"2008-07-20","SuperGamer","13199","11686","1513"
"2008-07-21","SuperGamer","10019","8943","1076"
"2008-07-23","SuperGamer","12899","12121","778"
"2008-07-24","SuperGamer","13199","11686","1513"
"2008-07-25","SuperGamer","18949","17467","1482"
"2008-07-27","SuperGamer","23218","20629","2589"
"2008-07-28","SuperGamer","37898","34934","2964"
"2008-07-31","SuperGamer","13199","11686","1513"
"2008-08-01","SuperGamer","12899","12121","778"
"2008-08-04","SuperGamer","18949","17467","1482"
"2008-08-05","SuperGamer","26398","23372","3026"
"2008-08-08","SuperGamer","18949","17467","1482"
"2008-08-09","SuperGamer","10019","8943","1076"
"2008-08-10","SuperGamer","26098","23807","2291"
"2008-08-11","SuperGamer","33237","29572","3665"
"2008-08-12","SuperGamer","33237","29572","3665"
"2008-08-13","SuperGamer","13199","11686","1513"
"2008-08-14","SuperGamer","18949","17467","1482"
"2008-08-15","SuperGamer","18949","17467","1482"
"2008-08-16","SuperGamer","18949","17467","1482"
"2008-08-17","SuperGamer","18949","17467","1482"
"2008-08-18","SuperGamer","13199","11686","1513"
"2008-08-19","SuperGamer","13199","11686","1513"
"2008-08-20","SuperGamer","36117","32750","3367"
"2008-08-21","SuperGamer","13199","11686","1513"
"2008-08-22","SuperGamer","37898","34934","2964"
"2008-08-23","SuperGamer","32148","29153","2995"
"2008-08-25","SuperGamer","26098","23807","2291"
"2008-08-26","SuperGamer","10019","8943","1076"
"2008-08-28","SuperGamer","18949","17467","1482"
"2008-08-29","SuperGamer","42167","38096","4071"
"2008-08-30","SuperGamer","20038","17886","2152"
"2008-09-01","SuperGamer","22918","21064","1854"
"2008-09-02","SuperGamer","10019","8943","1076"
"2008-09-03","SuperGamer","57646","53830","3816"
"2008-09-06","SuperGamer","32937","30007","2930"
"2008-09-07","SuperGamer","49616","44001","5615"
"2008-09-08","SuperGamer","18949","17467","1482"
"2008-09-10","SuperGamer","18949","17467","1482"
"2008-09-12","SuperGamer","37898","34934","2964"
"2008-09-15","SuperGamer","13199","11686","1513"
"2008-09-16","SuperGamer","13199","11686","1513"
"2008-09-17","SuperGamer","10019","8943","1076"
"2008-09-18","SuperGamer","37898","34934","2964"
"2008-09-19","SuperGamer","26398","23372","3026"
"2008-09-20","SuperGamer","18949","17467","1482"
"2008-09-21","SuperGamer","26398","23372","3026"
"2008-09-22","SuperGamer","10019","8943","1076"
"2008-09-23","SuperGamer","13199","11686","1513"
"2008-09-26","SuperGamer","18949","17467","1482"
"2008-09-27","SuperGamer","39597","35058","4539"
"2008-09-28","SuperGamer","26398","23372","3026"
"2008-09-29","SuperGamer","31848","29588","2260"
"2008-10-01","SuperGamer","13199","11686","1513"
"2008-10-02","SuperGamer","23218","20629","2589"
"2008-10-03","SuperGamer","28968","26410","2558"
"2008-10-04","SuperGamer","13199","11686","1513"
"2008-10-05","SuperGamer","13199","11686","1513"
"2008-10-07","SuperGamer","23218","20629","2589"
"2008-10-10","SuperGamer","23218","20629","2589"
"2008-10-12","SuperGamer","18949","17467","1482"
"2008-10-13","SuperGamer","18949","17467","1482"
"2008-10-14","SuperGamer","33237","29572","3665"
"2008-10-15","SuperGamer","13199","11686","1513"
"2008-10-16","SuperGamer","23218","20629","2589"
"2008-10-17","SuperGamer","23218","20629","2589"
"2008-10-18","SuperGamer","18949","17467","1482"
"2008-10-19","SuperGamer","13199","11686","1513"
"2008-10-21","SuperGamer","22918","21064","1854"
"2008-10-22","SuperGamer","18949","17467","1482"
"2008-10-23","SuperGamer","55366","49782","5584"
"2008-10-24","SuperGamer","26398","23372","3026"
"2008-10-26","SuperGamer","28968","26410","2558"
"2008-10-28","SuperGamer","12899","12121","778"
"2008-10-29","SuperGamer","12899","12121","778"
"2008-10-30","SuperGamer","63996","58741","5255"
"2008-10-31","SuperGamer","10019","8943","1076"
"2008-11-01","SuperGamer","12899","12121","778"
"2008-11-02","SuperGamer","13199","11686","1513"
"2008-11-06","SuperGamer","18949","17467","1482"
"2008-11-07","SuperGamer","18949","17467","1482"
"2008-11-09","SuperGamer","13199","11686","1513"
"2008-11-10","SuperGamer","12899","12121","778"
"2008-11-11","SuperGamer","32148","29153","2995"
"2008-11-13","SuperGamer","18949","17467","1482"
"2008-11-14","SuperGamer","36417","32315","4102"
"2008-11-15","SuperGamer","32148","29153","2995"
"2008-11-16","SuperGamer","33237","29572","3665"
"2008-11-18","SuperGamer","26398","23372","3026"
"2008-11-19","SuperGamer","13199","11686","1513"
"2008-11-21","SuperGamer","12899","12121","778"
"2008-11-22","SuperGamer","20038","17886","2152"
"2008-11-23","SuperGamer","22918","21064","1854"
"2008-11-24","SuperGamer","26098","23807","2291"
"2008-11-26","SuperGamer","22918","21064","1854"
"2008-11-27","SuperGamer","10019","8943","1076"
"2008-11-29","SuperGamer","12899","12121","778"
"2008-12-01","SuperGamer","36117","32750","3367"
"2008-12-02","SuperGamer","26398","23372","3026"
"2008-12-03","SuperGamer","36417","32315","4102"
"2008-12-06","SuperGamer","52796","46744","6052"
"2008-12-07","SuperGamer","13199","11686","1513"
"2008-12-08","SuperGamer","10019","8943","1076"
"2008-12-09","SuperGamer","18949","17467","1482"
"2008-12-10","SuperGamer","13199","11686","1513"
"2008-12-11","SuperGamer","10019","8943","1076"
"2008-12-12","SuperGamer","18949","17467","1482"
"2008-12-13","SuperGamer","18949","17467","1482"
"2008-12-14","SuperGamer","28968","26410","2558"
"2008-12-16","SuperGamer","13199","11686","1513"
"2008-12-18","SuperGamer","50797","47055","3742"
"2008-12-19","SuperGamer","26398","23372","3026"
"2008-12-20","SuperGamer","12899","12121","778"
"2008-12-21","SuperGamer","13199","11686","1513"
"2008-12-23","SuperGamer","12899","12121","778"
"2008-12-24","SuperGamer","32148","29153","2995"
"2008-12-25","SuperGamer","12899","12121","778"
"2008-12-26","SuperGamer","12899","12121","778"
"2008-12-27","SuperGamer","28968","26410","2558"
"2008-12-28","SuperGamer","18949","17467","1482"
"2008-12-29","SuperGamer","45047","41274","3773"
"2008-12-31","SuperGamer","49316","44436","4880"
"2009-01-01","SuperGamer","58246","52960","5286"
"2009-01-02","SuperGamer","64296","58306","5990"
"2009-01-03","SuperGamer","10019","8943","1076"
"2009-01-04","SuperGamer","13199","11686","1513"
"2009-01-05","SuperGamer","49616","44001","5615"
"2009-01-06","SuperGamer","46436","41258","5178"
"2009-01-07","SuperGamer","23218","20629","2589"
"2009-01-09","SuperGamer","13199","11686","1513"
"2009-01-10","SuperGamer","13199","11686","1513"
"2009-01-11","SuperGamer","23218","20629","2589"
"2009-01-13","SuperGamer","36417","32315","4102"
"2009-01-14","SuperGamer","42167","38096","4071"
"2009-01-15","SuperGamer","51886","47474","4412"
"2009-01-16","SuperGamer","26398","23372","3026"
"2009-01-17","SuperGamer","10019","8943","1076"
"2009-01-18","SuperGamer","41867","38531","3336"
"2009-01-19","SuperGamer","71745","64211","7534"
"2009-01-21","SuperGamer","52975","47893","5082"
"2009-01-22","SuperGamer","45047","41274","3773"
"2009-01-23","SuperGamer","26098","23807","2291"
"2009-01-24","SuperGamer","46436","41258","5178"
"2009-01-25","SuperGamer","32148","29153","2995"
"2009-01-26","SuperGamer","33237","29572","3665"
"2009-01-27","SuperGamer","10019","8943","1076"
"2009-01-28","SuperGamer","39297","35493","3804"
"2009-01-29","SuperGamer","45047","41274","3773"
"2009-01-30","SuperGamer","31848","29588","2260"
"2009-01-31","SuperGamer","36417","32315","4102"
"2009-02-01","SuperGamer","96144","87894","8250"
"2009-02-02","SuperGamer","12899","12121","778"
"2009-02-03","SuperGamer","52186","47039","5147"
"2009-02-04","SuperGamer","23218","20629","2589"
"2009-02-05","SuperGamer","46136","41693","4443"
"2009-02-06","SuperGamer","10019","8943","1076"
"2009-02-07","SuperGamer","10019","8943","1076"
"2009-02-08","SuperGamer","55366","49782","5584"
"2009-02-10","SuperGamer","46436","41258","5178"
"2009-02-11","SuperGamer","36417","32315","4102"
"2009-02-12","SuperGamer","26098","23807","2291"
"2009-02-13","SuperGamer","39297","35493","3804"
"2009-02-14","SuperGamer","23218","20629","2589"
"2009-02-15","SuperGamer","68565","61468","7097"
"2009-02-16","SuperGamer","10019","8943","1076"
"2009-02-17","SuperGamer","13199","11686","1513"
"2009-02-18","SuperGamer","68565","61468","7097"
"2009-02-19","SuperGamer","45047","41274","3773"
"2009-02-20","SuperGamer","33237","29572","3665"
"2009-02-21","SuperGamer","42167","38096","4071"
"2009-02-23","SuperGamer","13199","11686","1513"
"2009-02-24","SuperGamer","55366","49782","5584"
"2009-02-25","SuperGamer","45047","41274","3773"
"2009-02-26","SuperGamer","87514","78935","8579"
"2009-02-27","SuperGamer","10019","8943","1076"
"2009-02-28","SuperGamer","31848","29588","2260"
"2009-03-01","SuperGamer","18949","17467","1482"
"2009-03-02","SuperGamer","36417","32315","4102"
"2009-03-03","SuperGamer","13199","11686","1513"
"2009-03-04","SuperGamer","55366","49782","5584"
"2009-03-05","SuperGamer","45836","42128","3708"
"2009-03-06","SuperGamer","23218","20629","2589"
"2009-03-07","SuperGamer","42167","38096","4071"
"2009-03-10","SuperGamer","23218","20629","2589"
"2009-03-11","SuperGamer","67955","61763","6192"
"2009-03-12","SuperGamer","55066","50217","4849"
"2009-03-13","SuperGamer","31848","29588","2260"
"2009-03-14","SuperGamer","32148","29153","2995"
"2009-03-15","SuperGamer","32937","30007","2930"
"2009-03-17","SuperGamer","26398","23372","3026"
"2009-03-18","SuperGamer","46136","41693","4443"
"2009-03-19","SuperGamer","93264","84716","8548"
"2009-03-20","SuperGamer","22918","21064","1854"
"2009-03-21","SuperGamer","65085","59160","5925"
"2009-03-22","SuperGamer","18949","17467","1482"
"2009-03-23","SuperGamer","57936","52820","5116"
"2009-03-24","SuperGamer","32148","29153","2995"
"2009-03-25","SuperGamer","32148","29153","2995"
"2009-03-26","SuperGamer","52196","47614","4582"
"2009-03-27","SuperGamer","51886","47474","4412"
"2009-03-28","SuperGamer","13199","11686","1513"
"2009-03-29","SuperGamer","62515","56122","6393"
"2009-03-30","SuperGamer","12899","12121","778"
"2009-03-31","SuperGamer","10019","8943","1076"
"2009-04-01","SuperGamer","66866","61344","5522"
"2009-04-02","SuperGamer","61116","55563","5553"
"2009-04-03","SuperGamer","42167","38096","4071"
"2009-04-04","SuperGamer","42167","38096","4071"
"2009-04-05","SuperGamer","12899","12121","778"
"2009-04-06","SuperGamer","28968","26410","2558"
"2009-04-07","SuperGamer","12899","12121","778"
"2009-04-08","SuperGamer","51886","47474","4412"
"2009-04-09","SuperGamer","28968","26410","2558"
"2009-04-10","SuperGamer","10019","8943","1076"
"2009-04-11","SuperGamer","49006","44296","4710"
"2009-04-12","SuperGamer","36117","32750","3367"
"2009-04-13","SuperGamer","36117","32750","3367"
"2009-04-14","SuperGamer","52186","47039","5147"
"2009-04-15","SuperGamer","42167","38096","4071"
"2009-04-16","SuperGamer","52196","47614","4582"
"2009-04-17","SuperGamer","37898","34934","2964"
"2009-04-18","SuperGamer","31848","29588","2260"
"2009-04-19","SuperGamer","26398","23372","3026"
"2009-04-20","SuperGamer","31848","29588","2260"
"2009-04-21","SuperGamer","97533","87878","9655"
"2009-04-22","SuperGamer","52186","47039","5147"
"2009-04-23","SuperGamer","18949","17467","1482"
"2009-04-24","SuperGamer","25798","24242","1556"
"2009-04-27","SuperGamer","22918","21064","1854"
"2009-04-28","SuperGamer","26098","23807","2291"
"2009-04-29","SuperGamer","68265","61903","6362"
"2009-04-30","SuperGamer","49316","44436","4880"
"2009-05-01","SuperGamer","42167","38096","4071"
"2009-05-02","SuperGamer","18949","17467","1482"
"2009-05-03","SuperGamer","13199","11686","1513"
"2009-05-04","SuperGamer","10019","8943","1076"
"2009-05-05","SuperGamer","13199","11686","1513"
"2009-05-06","SuperGamer","32148","29153","2995"
"2009-05-07","SuperGamer","39297","35493","3804"
"2009-05-09","SuperGamer","12899","12121","778"
"2009-05-10","SuperGamer","39597","35058","4539"
"2009-05-11","SuperGamer","46136","41693","4443"
"2009-05-12","SuperGamer","12899","12121","778"
"2009-05-13","SuperGamer","45047","41274","3773"
"2009-05-14","SuperGamer","18949","17467","1482"
"2009-05-15","SuperGamer","26398","23372","3026"
"2009-05-16","SuperGamer","55366","49782","5584"
"2009-05-17","SuperGamer","13199","11686","1513"
"2009-05-18","SuperGamer","10019","8943","1076"
"2009-05-19","SuperGamer","35817","33185","2632"
"2009-05-20","SuperGamer","26098","23807","2291"
"2009-05-21","SuperGamer","78584","70411","8173"
"2009-05-22","SuperGamer","70046","64087","5959"
"2009-05-23","SuperGamer","32148","29153","2995"
"2009-05-24","SuperGamer","12899","12121","778"
"2009-05-25","SuperGamer","38987","35353","3634"
"2009-05-26","SuperGamer","46436","41258","5178"
"2009-05-27","SuperGamer","13199","11686","1513"
"2009-05-28","SuperGamer","75404","67668","7736"
"2009-05-29","SuperGamer","20038","17886","2152"
"2009-05-30","SuperGamer","23218","20629","2589"
"2009-05-31","SuperGamer","57936","52820","5116"
"2009-06-01","SuperGamer","20038","17886","2152"
"2009-06-02","SuperGamer","52186","47039","5147"
"2009-06-03","SuperGamer","43256","38515","4741"
"2009-06-04","SuperGamer","23218","20629","2589"
"2009-06-05","SuperGamer","32148","29153","2995"
"2009-06-06","SuperGamer","68565","61468","7097"
"2009-06-07","SuperGamer","67955","61763","6192"
"2009-06-08","SuperGamer","10019","8943","1076"
"2009-06-09","SuperGamer","55366","49782","5584"
"2009-06-10","SuperGamer","37898","34934","2964"
"2009-06-11","SuperGamer","10019","8943","1076"
"2009-06-12","SuperGamer","46436","41258","5178"
"2009-06-13","SuperGamer","35817","33185","2632"
"2009-06-14","SuperGamer","75796","69868","5928"
"2009-06-15","SuperGamer","10019","8943","1076"
"2009-06-16","SuperGamer","12899","12121","778"
"2009-06-17","SuperGamer","36417","32315","4102"
"2009-06-18","SuperGamer","28968","26410","2558"
"2009-06-19","SuperGamer","18949","17467","1482"
"2009-06-20","SuperGamer","46436","41258","5178"
"2009-06-21","SuperGamer","28968","26410","2558"
"2009-06-22","SuperGamer","46436","41258","5178"
"2009-06-23","SuperGamer","18949","17467","1482"
"2009-06-24","SuperGamer","45347","40839","4508"
"2009-06-25","SuperGamer","45047","41274","3773"
"2009-06-26","SuperGamer","59335","53379","5956"
"2009-06-27","SuperGamer","28968","26410","2558"
"2009-06-28","SuperGamer","129381","117466","11915"
"2009-06-29","SuperGamer","42167","38096","4071"
"2009-06-30","SuperGamer","65695","58865","6830"
"2009-07-01","SuperGamer","32148","29153","2995"
"2009-07-02","SuperGamer","44747","41709","3038"
"2009-07-03","SuperGamer","10019","8943","1076"
"2009-07-04","SuperGamer","55066","50217","4849"
"2009-07-05","SuperGamer","92572","82951","9621"
"2009-07-06","SuperGamer","49616","44001","5615"
"2009-07-07","SuperGamer","38987","35353","3634"
"2009-07-08","SuperGamer","46136","41693","4443"
"2009-07-09","SuperGamer","13199","11686","1513"
"2009-07-10","SuperGamer","37898","34934","2964"
"2009-07-11","SuperGamer","22918","21064","1854"
"2009-07-12","SuperGamer","87514","78935","8579"
"2009-07-13","SuperGamer","20038","17886","2152"
"2009-07-14","SuperGamer","49616","44001","5615"
"2009-07-15","SuperGamer","31848","29588","2260"
"2009-07-16","SuperGamer","52796","46744","6052"
"2009-07-17","SuperGamer","26398","23372","3026"
"2009-07-18","SuperGamer","47917","43877","4040"
"2009-07-19","SuperGamer","43256","38515","4741"
"2009-07-20","SuperGamer","13199","11686","1513"
"2009-07-21","SuperGamer","33237","29572","3665"
"2009-07-22","SuperGamer","68565","61468","7097"
"2009-07-23","SuperGamer","52186","47039","5147"
"2009-07-24","SuperGamer","72234","65500","6734"
"2009-07-26","SuperGamer","55066","50217","4849"
"2009-07-27","SuperGamer","28968","26410","2558"
"2009-07-28","SuperGamer","28968","26410","2558"
"2009-07-29","SuperGamer","96144","87894","8250"
"2009-07-30","SuperGamer","49016","44871","4145"
"2009-07-31","SuperGamer","55366","49782","5584"
"2009-08-01","SuperGamer","23218","20629","2589"
"2009-08-03","SuperGamer","39597","35058","4539"
"2009-08-04","SuperGamer","67955","61763","6192"
"2009-08-05","SuperGamer","31848","29588","2260"
"2009-08-06","SuperGamer","80065","73030","7035"
"2009-08-07","SuperGamer","30057","26829","3228"
"2009-08-08","SuperGamer","13199","11686","1513"
"2009-08-09","SuperGamer","32937","30007","2930"
"2009-08-10","SuperGamer","10019","8943","1076"
"2009-08-11","SuperGamer","39297","35493","3804"
"2009-08-12","SuperGamer","32148","29153","2995"
"2009-08-13","SuperGamer","41867","38531","3336"
"2009-08-15","SuperGamer","82553","74008","8545"
"2009-08-16","SuperGamer","13199","11686","1513"
"2009-08-17","SuperGamer","23218","20629","2589"
"2009-08-18","SuperGamer","51097","46620","4477"
"2009-08-22","SuperGamer","18949","17467","1482"
"2009-08-23","SuperGamer","28968","26410","2558"
"2009-08-24","SuperGamer","10019","8943","1076"
"2009-08-25","SuperGamer","46436","41258","5178"
"2009-08-26","SuperGamer","71445","64646","6799"
"2009-08-27","SuperGamer","78584","70411","8173"
"2009-08-28","SuperGamer","33237","29572","3665"
"2009-08-30","SuperGamer","87214","79370","7844"
"2009-08-31","SuperGamer","28968","26410","2558"
"2009-09-01","SuperGamer","87214","79370","7844"
"2009-09-03","SuperGamer","62205","55982","6223"
"2009-09-04","SuperGamer","47917","43877","4040"
"2009-09-05","SuperGamer","26398","23372","3026"
"2009-09-06","SuperGamer","23218","20629","2589"
"2009-09-07","SuperGamer","88603","79354","9249"
"2009-09-08","SuperGamer","22918","21064","1854"
"2009-09-09","SuperGamer","55366","49782","5584"
"2009-09-10","SuperGamer","52796","46744","6052"
"2009-09-11","SuperGamer","13199","11686","1513"
"2009-09-13","SuperGamer","52186","47039","5147"
"2009-09-14","SuperGamer","79765","73465","6300"
"2009-09-15","SuperGamer","55366","49782","5584"
"2009-09-16","SuperGamer","20038","17886","2152"
"2009-09-17","SuperGamer","77495","69992","7503"
"2009-09-18","SuperGamer","38997","35928","3069"
"2009-09-19","SuperGamer","56455","50201","6254"
"2009-09-20","SuperGamer","20038","17886","2152"
"2009-09-21","SuperGamer","49316","44436","4880"
"2009-09-22","SuperGamer","31848","29588","2260"
"2009-09-23","SuperGamer","23218","20629","2589"
"2009-09-24","SuperGamer","26398","23372","3026"
"2009-09-25","SuperGamer","78284","70846","7438"
"2009-09-26","SuperGamer","37898","34934","2964"
"2009-09-27","SuperGamer","52186","47039","5147"
"2009-09-28","SuperGamer","78584","70411","8173"
"2009-09-29","SuperGamer","32148","29153","2995"
"2009-09-30","SuperGamer","39597","35058","4539"
"2009-10-01","SuperGamer","32148","29153","2995"
"2009-10-02","SuperGamer","13199","11686","1513"
"2009-10-03","SuperGamer","20038","17886","2152"
"2009-10-04","SuperGamer","52186","47039","5147"
"2009-10-05","SuperGamer","78584","70411","8173"
"2009-10-06","SuperGamer","13199","11686","1513"
"2009-10-07","SuperGamer","49016","44871","4145"
"2009-10-08","SuperGamer","22918","21064","1854"
"2009-10-09","SuperGamer","49016","44871","4145"
"2009-10-10","SuperGamer","78284","70846","7438"
"2009-10-11","SuperGamer","90394","82113","8281"
"2009-10-12","SuperGamer","23218","20629","2589"
"2009-10-13","SuperGamer","33237","29572","3665"
"2009-10-14","SuperGamer","39297","35493","3804"
"2009-10-15","SuperGamer","33237","29572","3665"
"2009-10-16","SuperGamer","38997","35928","3069"
"2009-10-17","SuperGamer","55366","49782","5584"
"2009-10-18","SuperGamer","30057","26829","3228"
"2009-10-19","SuperGamer","72534","65065","7469"
"2009-10-20","SuperGamer","26098","23807","2291"
"2009-10-21","SuperGamer","71745","64211","7534"
"2009-10-22","SuperGamer","65385","58725","6660"
"2009-10-23","SuperGamer","30057","26829","3228"
"2009-10-24","SuperGamer","58546","52525","6021"
"2009-10-25","SuperGamer","45347","40839","4508"
"2009-10-26","SuperGamer","10019","8943","1076"
"2009-10-27","SuperGamer","25798","24242","1556"
"2009-10-28","SuperGamer","10019","8943","1076"
"2009-10-29","SuperGamer","13199","11686","1513"
"2009-10-30","SuperGamer","38987","35353","3634"
"2009-10-31","SuperGamer","13199","11686","1513"
"2009-11-01","SuperGamer","49616","44001","5615"
"2009-11-02","SuperGamer","42167","38096","4071"
"2009-11-03","SuperGamer","104382","94653","9729"
"2009-11-04","SuperGamer","59335","53379","5956"
"2009-11-05","SuperGamer","49016","44871","4145"
"2009-11-07","SuperGamer","32148","29153","2995"
"2009-11-08","SuperGamer","93264","84716","8548"
"2009-11-09","SuperGamer","23218","20629","2589"
"2009-11-10","SuperGamer","98714","90932","7782"
"2009-11-11","SuperGamer","41867","38531","3336"
"2009-11-12","SuperGamer","59335","53379","5956"
"2009-11-13","SuperGamer","49616","44001","5615"
"2009-11-15","SuperGamer","69654","61887","7767"
"2009-11-16","SuperGamer","45347","40839","4508"
"2009-11-17","SuperGamer","111831","100558","11273"
"2009-11-18","SuperGamer","36417","32315","4102"
"2009-11-19","SuperGamer","88995","81554","7441"
"2009-11-20","SuperGamer","61116","55563","5553"
"2009-11-21","SuperGamer","10019","8943","1076"
"2009-11-22","SuperGamer","60816","55998","4818"
"2009-11-23","SuperGamer","86914","79805","7109"
"2009-11-24","SuperGamer","55366","49782","5584"
"2009-11-25","SuperGamer","26398","23372","3026"
"2009-11-26","SuperGamer","22918","21064","1854"
"2009-11-27","SuperGamer","65385","58725","6660"
"2009-11-28","SuperGamer","59335","53379","5956"
"2009-11-29","SuperGamer","36417","32315","4102"
"2009-11-30","SuperGamer","61905","56417","5488"
"2009-12-01","SuperGamer","55366","49782","5584"
"2009-12-02","SuperGamer","67965","62338","5627"
"2009-12-03","SuperGamer","55366","49782","5584"
"2009-12-04","SuperGamer","39597","35058","4539"
"2009-12-05","SuperGamer","13199","11686","1513"
"2009-12-06","SuperGamer","20038","17886","2152"
"2009-12-07","SuperGamer","55366","49782","5584"
"2009-12-08","SuperGamer","41867","38531","3336"
"2009-12-09","SuperGamer","36417","32315","4102"
"2009-12-10","SuperGamer","18949","17467","1482"
"2009-12-11","SuperGamer","75114","68678","6436"
"2009-12-12","SuperGamer","78284","70846","7438"
"2009-12-13","SuperGamer","52186","47039","5147"
"2009-12-14","SuperGamer","55366","49782","5584"
"2009-12-15","SuperGamer","36417","32315","4102"
"2009-12-17","SuperGamer","65695","58865","6830"
"2009-12-18","SuperGamer","26398","23372","3026"
"2009-12-19","SuperGamer","47917","43877","4040"
"2009-12-20","SuperGamer","52496","47179","5317"
"2009-12-21","SuperGamer","46436","41258","5178"
"2009-12-22","SuperGamer","74015","67684","6331"
"2009-12-23","SuperGamer","68265","61903","6362"
"2009-12-24","SuperGamer","33237","29572","3665"
"2009-12-25","SuperGamer","91783","82097","9686"
"2009-12-26","SuperGamer","20038","17886","2152"
"2009-12-27","SuperGamer","23218","20629","2589"
"2009-12-28","SuperGamer","20038","17886","2152"
"2009-12-29","SuperGamer","68265","61903","6362"
"2009-12-30","SuperGamer","45047","41274","3773"
"2009-12-31","SuperGamer","46436","41258","5178"
"2010-01-01","SuperGamer","55066","50217","4849"
"2010-01-02","SuperGamer","56155","50636","5519"
"2010-01-03","SuperGamer","23218","20629","2589"
"2010-01-04","SuperGamer","71745","64211","7534"
"2010-01-05","SuperGamer","119841","109237","10604"
"2010-01-06","SuperGamer","13199","11686","1513"
"2010-01-07","SuperGamer","104072","94513","9559"
"2010-01-08","SuperGamer","102112","91180","10932"
"2010-01-09","SuperGamer","43256","38515","4741"
"2010-01-10","SuperGamer","70835","64941","5894"
"2010-01-11","SuperGamer","47917","43877","4040"
"2010-01-12","SuperGamer","88913","79494","9419"
"2010-01-13","SuperGamer","59335","53379","5956"
"2010-01-14","SuperGamer","28968","26410","2558"
"2010-01-16","SuperGamer","110432","99999","10433"
"2010-01-17","SuperGamer","80065","73030","7035"
"2010-01-18","SuperGamer","66866","61344","5522"
"2010-01-19","SuperGamer","69654","61887","7767"
"2010-01-20","SuperGamer","91793","82672","9121"
"2010-01-21","SuperGamer","46136","41693","4443"
"2010-01-22","SuperGamer","98622","88297","10325"
"2010-01-23","SuperGamer","68265","61903","6362"
"2010-01-24","SuperGamer","45347","40839","4508"
"2010-01-25","SuperGamer","32148","29153","2995"
"2010-01-26","SuperGamer","75714","67808","7906"
"2010-01-27","SuperGamer","87514","78935","8579"
"2010-01-28","SuperGamer","63996","58741","5255"
"2010-01-29","SuperGamer","94663","85275","9388"
"2010-01-30","SuperGamer","92572","82951","9621"
"2010-01-31","SuperGamer","42167","38096","4071"
"2010-02-01","SuperGamer","32148","29153","2995"
"2010-02-02","SuperGamer","95752","85694","10058"
"2010-02-03","SuperGamer","77495","69992","7503"
"2010-02-04","SuperGamer","18949","17467","1482"
"2010-02-05","SuperGamer","120451","108942","11509"
"2010-02-06","SuperGamer","84034","76627","7407"
"2010-02-07","SuperGamer","78584","70411","8173"
"2010-02-08","SuperGamer","90394","82113","8281"
"2010-02-09","SuperGamer","55066","50217","4849"
"2010-02-10","SuperGamer","39597","35058","4539"
"2010-02-11","SuperGamer","85123","77046","8077"
"2010-02-12","SuperGamer","72234","65500","6734"
"2010-02-13","SuperGamer","59635","52944","6691"
"2010-02-14","SuperGamer","20038","17886","2152"
"2010-02-15","SuperGamer","107862","96961","10901"
"2010-02-16","SuperGamer","94663","85275","9388"
"2010-02-17","SuperGamer","94053","85570","8483"
"2010-02-18","SuperGamer","63996","58741","5255"
"2010-02-19","SuperGamer","47917","43877","4040"
"2010-02-20","SuperGamer","71445","64646","6799"
"2010-02-21","SuperGamer","120451","108942","11509"
"2010-02-22","SuperGamer","74015","67684","6331"
"2010-02-23","SuperGamer","111521","100418","11103"
"2010-02-24","SuperGamer","18949","17467","1482"
"2010-02-25","SuperGamer","10019","8943","1076"
"2010-02-26","SuperGamer","81154","73449","7705"
"2010-02-27","SuperGamer","20038","17886","2152"
"2010-02-28","SuperGamer","58246","52960","5286"
"2010-03-01","SuperGamer","95452","86129","9323"
"2010-03-02","SuperGamer","100713","90621","10092"
"2010-03-03","SuperGamer","51097","46620","4477"
"2010-03-04","SuperGamer","110132","100434","9698"
"2010-03-05","SuperGamer","74015","67684","6331"
"2010-03-06","SuperGamer","65385","58725","6660"
"2010-03-07","SuperGamer","38987","35353","3634"
"2010-03-08","SuperGamer","94663","85275","9388"
"2010-03-09","SuperGamer","68565","61468","7097"
"2010-03-10","SuperGamer","111221","100853","10368"
"2010-03-11","SuperGamer","39597","35058","4539"
"2010-03-12","SuperGamer","60816","55998","4818"
"2010-03-13","SuperGamer","45347","40839","4508"
"2010-03-14","SuperGamer","28968","26410","2558"
"2010-03-15","SuperGamer","96444","87459","8985"
"2010-03-16","SuperGamer","139400","126409","12991"
"2010-03-17","SuperGamer","26398","23372","3026"
"2010-03-18","SuperGamer","70835","64941","5894"
"2010-03-19","SuperGamer","81154","73449","7705"
"2010-03-20","SuperGamer","121061","108647","12414"
"2010-03-21","SuperGamer","23218","20629","2589"
"2010-03-22","SuperGamer","28968","26410","2558"
"2010-03-23","SuperGamer","69654","61887","7767"
"2010-03-24","SuperGamer","46436","41258","5178"
"2010-03-25","SuperGamer","97233","88313","8920"
"2010-03-26","SuperGamer","98622","88297","10325"
"2010-03-27","SuperGamer","81764","73154","8610"
"2010-03-28","SuperGamer","81164","74024","7140"
"2010-03-29","SuperGamer","42167","38096","4071"
"2010-03-30","SuperGamer","71135","64506","6629"
"2010-03-31","SuperGamer","45047","41274","3773"
"2010-04-01","SuperGamer","43256","38515","4741"
"2010-04-02","SuperGamer","68565","61468","7097"
"2010-04-03","SuperGamer","53275","47458","5817"
"2010-04-04","SuperGamer","37898","34934","2964"
"2010-04-05","SuperGamer","26398","23372","3026"
"2010-04-06","SuperGamer","79373","71265","8108"
"2010-04-07","SuperGamer","98622","88297","10325"
"2010-04-08","SuperGamer","109033","99440","9593"
"2010-04-09","SuperGamer","13199","11686","1513"
"2010-04-10","SuperGamer","145460","132330","13130"
"2010-04-11","SuperGamer","57946","53395","4551"
"2010-04-12","SuperGamer","77984","71281","6703"
"2010-04-13","SuperGamer","77195","70427","6768"
"2010-04-14","SuperGamer","26398","23372","3026"
"2010-04-15","SuperGamer","87514","78935","8579"
"2010-04-16","SuperGamer","45347","40839","4508"
"2010-04-17","SuperGamer","45347","40839","4508"
"2010-04-18","SuperGamer","61905","56417","5488"
"2010-04-19","SuperGamer","113612","102742","10870"
"2010-04-20","SuperGamer","49006","44296","4710"
"2010-04-21","SuperGamer","81154","73449","7705"
"2010-04-22","SuperGamer","46436","41258","5178"
"2010-04-23","SuperGamer","181567","164505","17062"
"2010-04-24","SuperGamer","42167","38096","4071"
"2010-04-25","SuperGamer","58546","52525","6021"
"2010-04-26","SuperGamer","101502","91475","10027"
"2010-04-27","SuperGamer","62205","55982","6223"
"2010-04-28","SuperGamer","43256","38515","4741"
"2010-04-29","SuperGamer","119662","108088","11574"
"2010-04-30","SuperGamer","49016","44871","4145"
"2010-05-01","SuperGamer","77195","70427","6768"
"2010-05-02","SuperGamer","28968","26410","2558"
"2010-05-03","SuperGamer","10019","8943","1076"
"2010-05-04","SuperGamer","26398","23372","3026"
"2010-05-05","SuperGamer","137609","123650","13959"
"2010-05-06","SuperGamer","68265","61903","6362"
"2010-05-07","SuperGamer","81464","73589","7875"
"2010-05-08","SuperGamer","26098","23807","2291"
"2010-05-09","SuperGamer","36117","32750","3367"
"2010-05-10","SuperGamer","52186","47039","5147"
"2010-05-11","SuperGamer","13199","11686","1513"
"2010-05-12","SuperGamer","68265","61903","6362"
"2010-05-13","SuperGamer","143751","131631","12120"
"2010-05-14","SuperGamer","120151","109377","10774"
"2010-05-15","SuperGamer","65085","59160","5925"
"2010-05-16","SuperGamer","91483","82532","8951"
"2010-05-17","SuperGamer","49006","44296","4710"
"2010-05-18","SuperGamer","118762","109393","9369"
"2010-05-19","SuperGamer","23218","20629","2589"
"2010-05-20","SuperGamer","91173","82392","8781"
"2010-05-21","SuperGamer","67965","62338","5627"
"2010-05-22","SuperGamer","49616","44001","5615"
"2010-05-23","SuperGamer","77984","71281","6703"
"2010-05-24","SuperGamer","74315","67249","7066"
"2010-05-25","SuperGamer","36417","32315","4102"
"2010-05-26","SuperGamer","95142","85989","9153"
"2010-05-27","SuperGamer","62815","55687","7128"
"2010-05-28","SuperGamer","58546","52525","6021"
"2010-05-29","SuperGamer","98022","89167","8855"
"2010-05-30","SuperGamer","80065","73030","7035"
"2010-05-31","SuperGamer","26398","23372","3026"
"2010-06-01","SuperGamer","123631","111685","11946"
"2010-06-02","SuperGamer","137130","122936","14194"
"2010-06-03","SuperGamer","123631","111685","11946"
"2010-06-04","SuperGamer","236333","215157","21176"
"2010-06-05","SuperGamer","200216","182407","17809"
"2010-06-06","SuperGamer","156079","140403","15676"
"2010-06-07","SuperGamer","124420","112539","11881"
"2010-06-08","SuperGamer","178087","162197","15890"
"2010-06-09","SuperGamer","110122","99859","10263"
"2010-06-10","SuperGamer","62205","55982","6223"
"2010-06-11","SuperGamer","111531","100993","10538"
"2010-06-12","SuperGamer","110732","99564","11168"
"2010-06-13","SuperGamer","101502","91475","10027"
"2010-06-14","SuperGamer","97233","88313","8920"
"2010-06-15","SuperGamer","117281","106774","10507"
"2010-06-16","SuperGamer","126201","114723","11478"
"2010-06-17","SuperGamer","182966","165064","17902"
"2010-06-18","SuperGamer","117281","106774","10507"
"2010-06-19","SuperGamer","81464","73589","7875"
"2010-06-20","SuperGamer","127590","114707","12883"
"2010-06-21","SuperGamer","118181","105469","12712"
"2010-06-22","SuperGamer","93753","86005","7748"
"2010-06-23","SuperGamer","101802","91040","10762"
"2010-06-24","SuperGamer","78284","70846","7438"
"2010-06-25","SuperGamer","168978","152524","16454"
"2010-06-26","SuperGamer","162628","147613","15015"
"2010-06-27","SuperGamer","201126","181677","19449"
"2010-06-28","SuperGamer","36417","32315","4102"
"2010-06-29","SuperGamer","107562","97396","10166"
"2010-06-30","SuperGamer","91483","82532","8951"
"2010-07-01","SuperGamer","107562","97396","10166"
"2010-07-02","SuperGamer","96444","87459","8985"
"2010-07-03","SuperGamer","117581","106339","11242"
"2010-07-04","SuperGamer","160227","145149","15078"
"2010-07-05","SuperGamer","64785","59595","5190"
"2010-07-06","SuperGamer","104982","93783","11199"
"2010-07-07","SuperGamer","127111","113993","13118"
"2010-07-08","SuperGamer","170067","152943","17124"
"2010-07-09","SuperGamer","146849","132314","14535"
"2010-07-10","SuperGamer","183266","164629","18637"
"2010-07-11","SuperGamer","71135","64506","6629"
"2010-07-12","SuperGamer","133960","120768","13192"
"2010-07-13","SuperGamer","94353","85135","9218"
"2010-07-14","SuperGamer","146849","132314","14535"
"2010-07-15","SuperGamer","130470","117885","12585"
"2010-07-16","SuperGamer","51886","47474","4412"
"2010-07-17","SuperGamer","149908","136641","13267"
"2010-07-18","SuperGamer","94053","85570","8483"
"2010-07-19","SuperGamer","112131","100123","12008"
"2010-07-20","SuperGamer","131162","119650","11512"
"2010-07-21","SuperGamer","66174","59579","6595"
"2010-07-22","SuperGamer","84334","76192","8142"
"2010-07-23","SuperGamer","126990","115577","11413"
"2010-07-24","SuperGamer","127600","115282","12318"
"2010-07-25","SuperGamer","99803","91351","8452"
"2010-07-26","SuperGamer","166108","149921","16187"
"2010-07-27","SuperGamer","122232","111126","11106"
"2010-07-28","SuperGamer","162318","147473","14845"
"2010-07-29","SuperGamer","90694","81678","9016"
"2010-07-30","SuperGamer","94663","85275","9388"
"2010-07-31","SuperGamer","122232","111126","11106"
"2010-08-01","SuperGamer","66174","59579","6595"
"2010-08-02","SuperGamer","75414","68243","7171"
"2010-08-03","SuperGamer","139700","125974","13726"
"2010-08-04","SuperGamer","68265","61903","6362"
"2010-08-05","SuperGamer","155779","140838","14941"
"2010-08-06","SuperGamer","194156","176486","17670"
"2010-08-07","SuperGamer","125412","113869","11543"
"2010-08-08","SuperGamer","102983","94094","8889"
"2010-08-09","SuperGamer","64296","58306","5990"
"2010-08-10","SuperGamer","46436","41258","5178"
"2010-08-11","SuperGamer","125112","114304","10808"
"2010-08-12","SuperGamer","116182","105780","10402"
"2010-08-13","SuperGamer","101502","91475","10027"
"2010-08-14","SuperGamer","100902","92345","8557"
"2010-08-15","SuperGamer","72534","65065","7469"
"2010-08-16","SuperGamer","116090","103145","12945"
"2010-08-17","SuperGamer","92572","82951","9621"
"2010-08-18","SuperGamer","165508","150791","14717"
"2010-08-19","SuperGamer","124720","112104","12616"
"2010-08-20","SuperGamer","98932","88437","10495"
"2010-08-21","SuperGamer","193977","175337","18640"
"2010-08-22","SuperGamer","199035","179353","19682"
"2010-08-23","SuperGamer","125112","114304","10808"
"2010-08-24","SuperGamer","127111","113993","13118"
"2010-08-25","SuperGamer","155368","143432","11936"
"2010-08-26","SuperGamer","153388","138949","14439"
"2010-08-27","SuperGamer","97533","87878","9655"
"2010-08-28","SuperGamer","94663","85275","9388"
"2010-08-29","SuperGamer","101502","91475","10027"
"2010-08-30","SuperGamer","126501","114288","12213"
"2010-08-31","SuperGamer","156878","141832","15046"
"2010-09-01","SuperGamer","85433","77186","8247"
"2010-09-02","SuperGamer","78584","70411","8173"
"2010-09-03","SuperGamer","75404","67668","7736"
"2010-09-04","SuperGamer","197046","180239","16807"
"2010-09-05","SuperGamer","200216","182407","17809"
"2010-09-06","SuperGamer","113912","102307","11605"
"2010-09-07","SuperGamer","107552","96821","10731"
"2010-09-08","SuperGamer","175817","158724","17093"
"2010-09-09","SuperGamer","84334","76192","8142"
"2010-09-10","SuperGamer","120761","109082","11679"
"2010-09-11","SuperGamer","108651","97815","10836"
"2010-09-12","SuperGamer","184447","167683","16764"
"2010-09-13","SuperGamer","146549","132749","13800"
"2010-09-14","SuperGamer","81464","73589","7875"
"2010-09-15","SuperGamer","111521","100418","11103"
"2010-09-16","SuperGamer","165488","149641","15847"
"2010-09-17","SuperGamer","133350","121063","12287"
"2010-09-18","SuperGamer","151210","138111","13099"
"2010-09-19","SuperGamer","112910","100402","12508"
"2010-09-20","SuperGamer","114701","103161","11540"
"2010-09-21","SuperGamer","253022","229726","23296"
"2010-09-22","SuperGamer","92964","85151","7813"
"2010-09-23","SuperGamer","86914","79805","7109"
"2010-09-24","SuperGamer","74315","67249","7066"
"2010-09-25","SuperGamer","92872","82516","10356"
"2010-09-26","SuperGamer","166490","151546","14944"
"2010-09-27","SuperGamer","101502","91475","10027"
"2010-09-28","SuperGamer","89092","80643","8449"
"2010-09-29","SuperGamer","166887","150200","16687"
"2010-09-30","SuperGamer","92964","85151","7813"
"2010-10-01","SuperGamer","88003","80224","7779"
"2010-10-02","SuperGamer","171858","155702","16156"
"2010-10-03","SuperGamer","98622","88297","10325"
"2010-10-04","SuperGamer","199834","180782","19052"
"2010-10-05","SuperGamer","152299","138530","13769"
"2010-10-06","SuperGamer","66474","59144","7330"
"2010-10-07","SuperGamer","107562","97396","10166"
"2010-10-08","SuperGamer","59635","52944","6691"
"2010-10-09","SuperGamer","113312","103177","10135"
"2010-10-10","SuperGamer","65695","58865","6830"
"2010-10-11","SuperGamer","101202","91910","9292"
"2010-10-12","SuperGamer","155779","140838","14941"
"2010-10-13","SuperGamer","111821","99983","11838"
"2010-10-14","SuperGamer","140799","126968","13831"
"2010-10-15","SuperGamer","161626","145708","15918"
"2010-10-16","SuperGamer","99803","91351","8452"
"2010-10-17","SuperGamer","111221","100853","10368"
"2010-10-18","SuperGamer","143969","129136","14833"
"2010-10-19","SuperGamer","149729","135492","14237"
"2010-10-20","SuperGamer","103772","94948","8824"
"2010-10-21","SuperGamer","75404","67668","7736"
"2010-10-22","SuperGamer","178997","161467","17530"
"2010-10-23","SuperGamer","71135","64506","6629"
"2010-10-24","SuperGamer","129381","117466","11915"
"2010-10-25","SuperGamer","129681","117031","12650"
"2010-10-26","SuperGamer","126511","114863","11648"
"2010-10-27","SuperGamer","76014","67373","8641"
"2010-10-28","SuperGamer","115001","102726","12275"
"2010-10-29","SuperGamer","104682","94218","10464"
"2010-10-30","SuperGamer","188716","170845","17871"
"2010-10-31","SuperGamer","82553","74008","8545"
"2010-11-01","SuperGamer","84034","76627","7407"
"2010-11-02","SuperGamer","123331","112120","11211"
"2010-11-03","SuperGamer","178997","161467","17530"
"2010-11-04","SuperGamer","203996","184280","19716"
"2010-11-05","SuperGamer","96144","87894","8250"
"2010-11-06","SuperGamer","81464","73589","7875"
"2010-11-07","SuperGamer","128079","115996","12083"
"2010-11-08","SuperGamer","143679","130146","13533"
"2010-11-09","SuperGamer","116981","107209","9772"
"2010-11-10","SuperGamer","114401","103596","10805"
"2010-11-11","SuperGamer","154690","140419","14271"
"2010-11-12","SuperGamer","78584","70411","8173"
"2010-11-13","SuperGamer","120451","108942","11509"
"2010-11-14","SuperGamer","94663","85275","9388"
"2010-11-15","SuperGamer","135828","121466","14362"
"2010-11-16","SuperGamer","70835","64941","5894"
"2010-11-17","SuperGamer","91783","82097","9686"
"2010-11-18","SuperGamer","78584","70411","8173"
"2010-11-19","SuperGamer","131080","117590","13490"
"2010-11-20","SuperGamer","159448","144870","14578"
"2010-11-21","SuperGamer","81464","73589","7875"
"2010-11-22","SuperGamer","191596","174023","17573"
"2010-11-23","SuperGamer","69354","62322","7032"
"2010-11-24","SuperGamer","162018","147908","14110"
"2010-11-25","SuperGamer","114091","103456","10635"
"2010-11-26","SuperGamer","84644","76332","8312"
"2010-11-27","SuperGamer","71135","64506","6629"
"2010-11-28","SuperGamer","101894","93675","8219"
"2010-11-29","SuperGamer","129381","117466","11915"
"2010-11-30","SuperGamer","114701","103161","11540"
"2010-12-01","SuperGamer","107252","97256","9996"
"2010-12-02","SuperGamer","89784","82408","7376"
"2010-12-03","SuperGamer","22918","21064","1854"
"2010-12-04","SuperGamer","65385","58725","6660"
"2010-12-05","SuperGamer","92964","85151","7813"
"2010-12-06","SuperGamer","131559","118304","13255"
"2010-12-07","SuperGamer","101802","91040","10762"
"2010-12-08","SuperGamer","46436","41258","5178"
"2010-12-09","SuperGamer","145460","132330","13130"
"2010-12-10","SuperGamer","94663","85275","9388"
"2010-12-11","SuperGamer","115790","103580","12210"
"2010-12-12","SuperGamer","65695","58865","6830"
"2010-12-13","SuperGamer","139899","128273","11626"
"2010-12-14","SuperGamer","113312","103177","10135"
"2010-12-15","SuperGamer","104682","94218","10464"
"2010-12-16","SuperGamer","201523","180331","21192"
"2010-12-17","SuperGamer","109822","100294","9528"
"2010-12-18","SuperGamer","96531","85973","10558"
"2010-12-19","SuperGamer","153209","137800","15409"
"2010-12-20","SuperGamer","121240","109796","11444"
"2010-12-21","SuperGamer","130480","118460","12020"
"2010-12-22","SuperGamer","137319","124660","12659"
"2010-12-23","SuperGamer","118462","109828","8634"
"2010-12-24","SuperGamer","155779","140838","14941"
"2010-12-25","SuperGamer","136220","123666","12554"
"2010-12-26","SuperGamer","95752","85694","10058"
"2010-12-27","SuperGamer","79673","70830","8843"
"2010-12-28","SuperGamer","104682","94218","10464"
"2010-12-29","SuperGamer","106463","96402","10061"
"2010-12-30","SuperGamer","97533","87878","9655"
"2010-12-31","SuperGamer","175507","158584","16923"
"2011-01-01","SuperGamer","45047","41274","3773"
"2011-01-02","SuperGamer","72834","64630","8204"
"2011-01-03","SuperGamer","135431","122812","12619"
"2011-01-04","SuperGamer","137319","124660","12659"
"2011-01-05","SuperGamer","172158","155267","16891"
"2011-01-06","SuperGamer","133650","120628","13022"
"2011-01-07","SuperGamer","191286","173883","17403"
"2011-01-08","SuperGamer","91483","82532","8951"
"2011-01-09","SuperGamer","238032","215281","22751"
"2011-01-10","SuperGamer","69654","61887","7767"
"2011-01-11","SuperGamer","229794","208522","21272"
"2011-01-12","SuperGamer","104072","94513","9559"
"2011-01-13","SuperGamer","166979","152835","14144"
"2011-01-14","SuperGamer","166887","150200","16687"
"2011-01-15","SuperGamer","117271","106199","11072"
"2011-01-16","SuperGamer","134429","120907","13522"
"2011-01-17","SuperGamer","78584","70411","8173"
"2011-01-18","SuperGamer","139410","126984","12426"
"2011-01-19","SuperGamer","125112","114304","10808"
"2011-01-20","SuperGamer","168678","152959","15719"
"2011-01-21","SuperGamer","151200","137536","13664"
"2011-01-22","SuperGamer","164898","151086","13812"
"2011-01-23","SuperGamer","109730","97659","12071"
"2011-01-24","SuperGamer","72234","65500","6734"
"2011-01-25","SuperGamer","141491","128733","12758"
"2011-01-26","SuperGamer","97843","88018","9825"
"2011-01-27","SuperGamer","155479","141273","14206"
"2011-01-28","SuperGamer","92572","82951","9621"
"2011-01-29","SuperGamer","194766","176191","18575"
"2011-01-30","SuperGamer","193377","176207","17170"
"2011-01-31","SuperGamer","113912","102307","11605"
"2011-02-01","SuperGamer","144148","130285","13863"
"2011-02-02","SuperGamer","127590","114707","12883"
"2011-02-03","SuperGamer","91183","82967","8216"
"2011-02-04","SuperGamer","96923","88173","8750"
"2011-02-05","SuperGamer","170159","155578","14581"
"2011-02-06","SuperGamer","111821","99983","11838"
"2011-02-07","SuperGamer","130170","118320","11850"
"2011-02-08","SuperGamer","122232","111126","11106"
"2011-02-09","SuperGamer","84034","76627","7407"
"2011-02-10","SuperGamer","90084","81973","8111"
"2011-02-11","SuperGamer","132561","120209","12352"
"2011-02-12","SuperGamer","144361","131336","13025"
"2011-02-13","SuperGamer","156268","142127","14141"
"2011-02-14","SuperGamer","116482","105345","11137"
"2011-02-15","SuperGamer","85133","77621","7512"
"2011-02-16","SuperGamer","139710","126549","13161"
"2011-02-17","SuperGamer","104372","94078","10294"
"2011-02-18","SuperGamer","112610","100837","11773"
"2011-02-19","SuperGamer","94363","85710","8653"
"2011-02-20","SuperGamer","194776","176766","18010"
"2011-02-21","SuperGamer","105771","94637","11134"
"2011-02-22","SuperGamer","101802","91040","10762"
"2011-02-23","SuperGamer","114391","103021","11370"
"2011-02-24","SuperGamer","149419","135352","14067"
"2011-02-25","SuperGamer","76014","67373","8641"
"2011-02-26","SuperGamer","119062","108958","10104"
"2011-02-27","SuperGamer","138229","123930","14299"
"2011-02-28","SuperGamer","82853","73573","9280"
"2011-03-01","SuperGamer","110442","100574","9868"
"2011-03-02","SuperGamer","165188","150076","15112"
"2011-03-03","SuperGamer","113791","103891","9900"
"2011-03-04","SuperGamer","110732","99564","11168"
"2011-03-05","SuperGamer","162628","147613","15015"
"2011-03-06","SuperGamer","79673","70830","8843"
"2011-03-07","SuperGamer","46136","41693","4443"
"2011-03-08","SuperGamer","132261","120644","11617"
"2011-03-09","SuperGamer","108341","97675","10666"
"2011-03-10","SuperGamer","82945","76208","6737"
"2011-03-11","SuperGamer","182656","164924","17732"
"2011-03-12","SuperGamer","104372","94078","10294"
"2011-03-13","SuperGamer","136230","124241","11989"
"2011-03-14","SuperGamer","212244","191614","20630"
"2011-03-15","SuperGamer","136520","123231","13289"
"2011-03-16","SuperGamer","217374","197115","20259"
"2011-03-17","SuperGamer","105171","95507","9664"
"2011-03-18","SuperGamer","142270","129012","13258"
"2011-03-19","SuperGamer","140789","126393","14396"
"2011-03-20","SuperGamer","172637","155981","16656"
"2011-03-21","SuperGamer","120751","108507","12244"
"2011-03-22","SuperGamer","100113","91491","8622"
"2011-03-23","SuperGamer","178997","161467","17530"
"2011-03-24","SuperGamer","106163","96837","9326"
"2011-03-25","SuperGamer","110432","99999","10433"
"2011-03-26","SuperGamer","209456","191071","18385"
"2011-03-27","SuperGamer","202404","183820","18584"
"2011-03-28","SuperGamer","108641","97240","11401"
"2011-03-29","SuperGamer","194674","173556","21118"
"2011-03-30","SuperGamer","108162","96526","11636"
"2011-03-31","SuperGamer","172347","156991","15356"
"2011-04-01","SuperGamer","141970","129447","12523"
"2011-04-02","SuperGamer","170546","153657","16889"
"2011-04-03","SuperGamer","81464","73589","7875"
"2011-04-04","SuperGamer","123321","111545","11776"
"2011-04-05","SuperGamer","129391","118041","11350"
"2011-04-06","SuperGamer","224034","202166","21868"
"2011-04-07","SuperGamer","129081","117901","11180"
"2011-04-08","SuperGamer","82553","74008","8545"
"2011-04-09","SuperGamer","152599","138095","14504"
"2011-04-10","SuperGamer","154298","138219","16079"
"2011-04-11","SuperGamer","152299","138530","13769"
"2011-04-12","SuperGamer","155978","143137","12841"
"2011-04-13","SuperGamer","119362","108523","10839"
"2011-04-14","SuperGamer","97233","88313","8920"
"2011-04-15","SuperGamer","165987","151505","14482"
"2011-04-16","SuperGamer","79673","70830","8843"
"2011-04-17","SuperGamer","144768","130565","14203"
"2011-04-18","SuperGamer","125112","114304","10808"
"2011-04-19","SuperGamer","180396","162026","18370"
"2011-04-20","SuperGamer","143669","129571","14098"
"2011-04-21","SuperGamer","107862","96961","10901"
"2011-04-22","SuperGamer","145460","132330","13130"
"2011-04-23","SuperGamer","133040","120923","12117"
"2011-04-24","SuperGamer","67955","61763","6192"
"2011-04-25","SuperGamer","68565","61468","7097"
"2011-04-26","SuperGamer","188716","170845","17871"
"2011-04-27","SuperGamer","170149","155003","15146"
"2011-04-28","SuperGamer","128689","115701","12988"
"2011-04-29","SuperGamer","191896","173588","18308"
"2011-04-30","SuperGamer","191886","173013","18873"
"2011-05-01","SuperGamer","227524","205049","22475"
"2011-05-02","SuperGamer","94363","85710","8653"
"2011-05-03","SuperGamer","164709","149362","15347"
"2011-05-04","SuperGamer","134139","121917","12222"
"2011-05-05","SuperGamer","152899","137660","15239"
"2011-05-06","SuperGamer","186146","167807","18339"
"2011-05-07","SuperGamer","140199","127838","12361"
"2011-05-08","SuperGamer","160227","145149","15078"
"2011-05-09","SuperGamer","146849","132314","14535"
"2011-05-10","SuperGamer","136830","123371","13459"
"2011-05-11","SuperGamer","132740","121358","11382"
"2011-05-12","SuperGamer","126201","114723","11478"
"2011-05-13","SuperGamer","151210","138111","13099"
"2011-05-14","SuperGamer","107252","97256","9996"
"2011-05-15","SuperGamer","130291","116736","13555"
"2011-05-16","SuperGamer","123631","111685","11946"
"2011-05-17","SuperGamer","84334","76192","8142"
"2011-05-18","SuperGamer","56455","50201","6254"
"2011-05-19","SuperGamer","141399","126098","15301"
"2011-05-20","SuperGamer","173726","156400","17326"
"2011-05-21","SuperGamer","161539","147194","14345"
"2011-05-22","SuperGamer","175817","158724","17093"
"2011-05-23","SuperGamer","84644","76332","8312"
"2011-05-24","SuperGamer","140499","127403","13096"
"2011-05-25","SuperGamer","176906","159143","17763"
"2011-05-26","SuperGamer","117581","106339","11242"
"2011-05-27","SuperGamer","140799","126968","13831"
"2011-05-28","SuperGamer","155179","141708","13471"
"2011-05-29","SuperGamer","119362","108523","10839"
"2011-05-30","SuperGamer","98322","88732","9590"
"2011-05-31","SuperGamer","152899","137660","15239"
"2011-06-01","SuperGamer","97533","87878","9655"
"2011-06-02","SuperGamer","188905","172569","16336"
"2011-06-03","SuperGamer","152909","138235","14674"
"2011-06-04","SuperGamer","175425","156524","18901"
"2011-06-05","SuperGamer","180396","162026","18370"
"2011-06-06","SuperGamer","140789","126393","14396"
"2011-06-07","SuperGamer","138611","125555","13056"
"2011-06-08","SuperGamer","149729","135492","14237"
"2011-06-09","SuperGamer","164709","149362","15347"
"2011-06-10","SuperGamer","168978","152524","16454"
"2011-06-11","SuperGamer","189016","170410","18606"
"2011-06-12","SuperGamer","150208","136206","14002"
"2011-06-13","SuperGamer","199035","179353","19682"
"2011-06-14","SuperGamer","151118","135476","15642"
"2011-06-15","SuperGamer","162318","147473","14845"
"2011-06-16","SuperGamer","134439","121482","12957"
"2011-06-17","SuperGamer","126501","114288","12213"
"2011-06-18","SuperGamer","152599","138095","14504"
"2011-06-19","SuperGamer","156868","141257","15611"
"2011-06-20","SuperGamer","231972","209360","22612"
"2011-06-21","SuperGamer","190797","172594","18203"
"2011-06-22","SuperGamer","199824","180207","19617"
"2011-06-23","SuperGamer","201615","182966","18649"
"2011-06-24","SuperGamer","188406","170705","17701"
"2011-06-25","SuperGamer","231483","208071","23412"
"2011-06-26","SuperGamer","209456","191071","18385"
"2011-06-27","SuperGamer","133650","120628","13022"
"2011-06-28","SuperGamer","118370","107193","11177"
"2011-06-29","SuperGamer","183837","167978","15859"
"2011-06-30","SuperGamer","207655","187737","19918"
"2011-07-01","SuperGamer","201426","181242","20184"
"2011-07-02","SuperGamer","160048","144000","16048"
"2011-07-03","SuperGamer","91183","82967","8216"
"2011-07-04","SuperGamer","195855","176610","19245"
"2011-07-05","SuperGamer","135920","124101","11819"
"2011-07-06","SuperGamer","242291","217868","24423"
"2011-07-07","SuperGamer","94353","85135","9218"
"2011-07-08","SuperGamer","135620","124536","11084"
"2011-07-09","SuperGamer","136830","123371","13459"
"2011-07-10","SuperGamer","171548","155562","15986"
"2011-07-11","SuperGamer","147938","132733","15205"
"2011-07-12","SuperGamer","150518","136346","14172"
"2011-07-13","SuperGamer","90084","81973","8111"
"2011-07-14","SuperGamer","122721","112415","10306"
"2011-07-15","SuperGamer","181175","162305","18870"
"2011-07-16","SuperGamer","121850","109501","12349"
"2011-07-17","SuperGamer","142580","129152","13428"
"2011-07-18","SuperGamer","94053","85570","8483"
"2011-07-19","SuperGamer","189505","171699","17806"
"2011-07-20","SuperGamer","182676","166074","16602"
"2011-07-21","SuperGamer","173818","159035","14783"
"2011-07-22","SuperGamer","111521","100418","11103"
"2011-07-23","SuperGamer","143359","129431","13928"
"2011-07-24","SuperGamer","127600","115282","12318"
"2011-07-25","SuperGamer","190415","170969","19446"
"2011-07-26","SuperGamer","192496","172718","19778"
"2011-07-27","SuperGamer","228894","209827","19067"
"2011-07-28","SuperGamer","111821","99983","11838"
"2011-07-29","SuperGamer","156868","141257","15611"
"2011-07-30","SuperGamer","249043","225554","23489"
"2011-07-31","SuperGamer","153398","139524","13874"
"2011-08-01","SuperGamer","181567","164505","17062"
"2011-08-02","SuperGamer","205574","185988","19586"
"2011-08-03","SuperGamer","145939","133044","12895"
"2011-08-04","SuperGamer","125020","111669","13351"
"2011-08-05","SuperGamer","152599","138095","14504"
"2011-08-06","SuperGamer","79194","70116","9078"
"2011-08-07","SuperGamer","136230","124241","11989"
"2011-08-08","SuperGamer","172947","156121","16826"
"2011-08-09","SuperGamer","209664","188001","21663"
"2011-08-10","SuperGamer","178087","162197","15890"
"2011-08-11","SuperGamer","94963","84840","10123"
"2011-08-12","SuperGamer","143669","129571","14098"
"2011-08-13","SuperGamer","168678","152959","15719"
"2011-08-14","SuperGamer","134129","121342","12787"
"2011-08-15","SuperGamer","204606","183985","20621"
"2011-08-16","SuperGamer","156868","141257","15611"
"2011-08-17","SuperGamer","218676","198585","20091"
"2011-08-18","SuperGamer","166587","150635","15952"
"2011-08-19","SuperGamer","178697","161902","16795"
"2011-08-20","SuperGamer","164898","151086","13812"
"2011-08-21","SuperGamer","108951","97380","11571"
"2011-08-22","SuperGamer","127290","115142","12148"
"2011-08-23","SuperGamer","224533","204030","20503"
"2011-08-24","SuperGamer","133650","120628","13022"
"2011-08-25","SuperGamer","199335","178918","20417"
"2011-08-26","SuperGamer","155479","141273","14206"
"2011-08-27","SuperGamer","204785","185134","19651"
"2011-08-28","SuperGamer","205095","185274","19821"
"2011-08-29","SuperGamer","237543","213992","23551"
"2011-08-30","SuperGamer","222645","202182","20463"
"2011-08-31","SuperGamer","182366","165934","16432"
"2011-09-01","SuperGamer","146239","132609","13630"
"2011-09-02","SuperGamer","140489","126828","13661"
"2011-09-03","SuperGamer","85423","76611","8812"
"2011-09-04","SuperGamer","128210","114987","13223"
"2011-09-05","SuperGamer","127600","115282","12318"
"2011-09-06","SuperGamer","125020","111669","13351"
"2011-09-07","SuperGamer","167497","149905","17592"
"2011-09-08","SuperGamer","118181","105469","12712"
"2011-09-09","SuperGamer","209756","190636","19120"
"2011-09-10","SuperGamer","199035","179353","19682"
"2011-09-11","SuperGamer","147938","132733","15205"
"2011-09-12","SuperGamer","243182","221932","21250"
"2011-09-13","SuperGamer","164506","148886","15620"
"2011-09-14","SuperGamer","223744","203176","20568"
"2011-09-15","SuperGamer","183566","164194","19372"
"2011-09-16","SuperGamer","196944","177029","19915"
"2011-09-17","SuperGamer","146849","132314","14535"
"2011-09-18","SuperGamer","219383","197379","22004"
"2011-09-19","SuperGamer","167976","150619","17357"
"2011-09-20","SuperGamer","122929","109345","13584"
"2011-09-21","SuperGamer","208454","189166","19288"
"2011-09-22","SuperGamer","105461","94497","10964"
"2011-09-23","SuperGamer","136520","123231","13289"
"2011-09-24","SuperGamer","194766","176191","18575"
"2011-09-25","SuperGamer","154298","138219","16079"
"2011-09-26","SuperGamer","150818","135911","14907"
"2011-09-27","SuperGamer","141888","127387","14501"
"2011-09-28","SuperGamer","134739","121047","13692"
"2011-09-29","SuperGamer","174825","157394","17431"
"2011-09-30","SuperGamer","373962","339957","34005"
"2011-10-01","SuperGamer","169757","152803","16954"
"2011-10-02","SuperGamer","156079","140403","15676"
"2011-10-03","SuperGamer","203914","182220","21694"
"2011-10-04","SuperGamer","263641","237799","25842"
"2011-10-05","SuperGamer","277019","250634","26385"
"2011-10-06","SuperGamer","276612","251405","25207"
"2011-10-07","SuperGamer","189016","170410","18606"
"2011-10-08","SuperGamer","217684","197255","20429"
"2011-10-09","SuperGamer","43256","38515","4741"
"2011-10-10","SuperGamer","111831","100558","11273"
"2011-10-11","SuperGamer","113312","103177","10135"
"2011-10-12","SuperGamer","164017","147597","16420"
"2011-10-13","SuperGamer","171848","155127","16721"
"2011-10-14","SuperGamer","217873","198979","18894"
"2011-10-15","SuperGamer","167666","150479","17187"
"2011-10-16","SuperGamer","180967","165375","15592"
"2011-10-17","SuperGamer","136530","123806","12724"
"2011-10-18","SuperGamer","143669","129571","14098"
"2011-10-19","SuperGamer","214814","194652","20162"
"2011-10-20","SuperGamer","163228","146743","16485"
"2011-10-21","SuperGamer","151810","137241","14569"
"2011-10-22","SuperGamer","262242","237240","25002"
"2011-10-23","SuperGamer","227713","206773","20940"
"2011-10-24","SuperGamer","186325","168956","17369"
"2011-10-25","SuperGamer","124430","113114","11316"
"2011-10-26","SuperGamer","161229","147054","14175"
"2011-10-27","SuperGamer","225433","202725","22708"
"2011-10-28","SuperGamer","180086","161886","18200"
"2011-10-29","SuperGamer","170367","152508","17859"
"2011-10-30","SuperGamer","222553","199547","23006"
"2011-10-31","SuperGamer","200826","182112","18714"
"2011-11-01","SuperGamer","62815","55687","7128"
"2011-11-02","SuperGamer","195076","176331","18745"
"2011-11-03","SuperGamer","140799","126968","13831"
"2011-11-04","SuperGamer","161529","146619","14910"
"2011-11-05","SuperGamer","126990","115577","11413"
"2011-11-06","SuperGamer","141099","126533","14566"
"2011-11-07","SuperGamer","231575","210706","20869"
"2011-11-08","SuperGamer","95152","86564","8588"
"2011-11-09","SuperGamer","131080","117590","13490"
"2011-11-10","SuperGamer","152899","137660","15239"
"2011-11-11","SuperGamer","152609","138670","13939"
"2011-11-12","SuperGamer","120940","110231","10709"
"2011-11-13","SuperGamer","186446","167372","19074"
"2011-11-14","SuperGamer","192985","174007","18978"
"2011-11-15","SuperGamer","121240","109796","11444"
"2011-11-16","SuperGamer","167589","152540","15049"
"2011-11-17","SuperGamer","100713","90621","10092"
"2011-11-18","SuperGamer","152599","138095","14504"
"2011-11-19","SuperGamer","197646","179369","18277"
"2011-11-20","SuperGamer","122842","110831","12011"
"2011-11-21","SuperGamer","143379","130581","12798"
"2011-11-22","SuperGamer","194466","176626","17840"
"2011-11-23","SuperGamer","81464","73589","7875"
"2011-11-24","SuperGamer","149119","135787","13332"
"2011-11-25","SuperGamer","184355","165048","19307"
"2011-11-26","SuperGamer","189316","169975","19341"
"2011-11-27","SuperGamer","158349","143876","14473"
"2011-11-28","SuperGamer","161229","147054","14175"
"2011-11-29","SuperGamer","107741","98545","9196"
"2011-11-30","SuperGamer","174036","156540","17496"
"2011-12-01","SuperGamer","203004","182950","20054"
"2011-12-02","SuperGamer","185846","168242","17604"
"2011-12-03","SuperGamer","60816","55998","4818"
"2011-12-04","SuperGamer","188227","169556","18671"
"2011-12-05","SuperGamer","197264","177744","19520"
"2011-12-06","SuperGamer","245553","222671","22882"
"2011-12-07","SuperGamer","94053","85570","8483"
"2011-12-08","SuperGamer","127900","114847","13053"
"2011-12-09","SuperGamer","147638","133168","14470"
"2011-12-10","SuperGamer","72234","65500","6734"
"2011-12-11","SuperGamer","199335","178918","20417"
"2011-12-12","SuperGamer","152798","140394","12404"
"2011-12-13","SuperGamer","124410","111964","12446"
"2011-12-14","SuperGamer","123331","112120","11211"
"2011-12-15","SuperGamer","127600","115282","12318"
"2011-12-16","SuperGamer","141878","126812","15066"
"2011-12-17","SuperGamer","141588","127822","13766"
"2011-12-18","SuperGamer","140499","127403","13096"
"2011-12-19","SuperGamer","96052","85259","10793"
"2011-12-20","SuperGamer","190497","173029","17468"
"2011-12-21","SuperGamer","145150","132190","12960"
"2011-12-22","SuperGamer","42167","38096","4071"
"2011-12-23","SuperGamer","52196","47614","4582"
"2011-12-24","SuperGamer","162618","147038","15580"
"2011-12-25","SuperGamer","141181","128593","12588"
"2011-12-26","SuperGamer","117281","106774","10507"
"2011-12-27","SuperGamer","133350","121063","12287"
"2011-12-28","SuperGamer","137130","122936","14194"
"2011-12-29","SuperGamer","189205","172134","17071"
"2011-12-30","SuperGamer","114711","103736","10975"
"2011-12-31","SuperGamer","139700","125974","13726"
"2012-01-01","SuperGamer","275630","250650","24980"
"2012-01-02","SuperGamer","170948","156432","14516"
"2012-01-03","SuperGamer","276840","249485","27355"
"2012-01-04","SuperGamer","263031","238094","24937"
"2012-01-05","SuperGamer","275238","248450","26788"
"2012-01-06","SuperGamer","233453","211979","21474"
"2012-01-07","SuperGamer","143669","129571","14098"
"2012-01-08","SuperGamer","236541","212087","24454"
"2012-01-09","SuperGamer","127600","115282","12318"
"2012-01-10","SuperGamer","299148","270844","28304"
"2012-01-11","SuperGamer","168368","152819","15549"
"2012-01-12","SuperGamer","152599","138095","14504"
"2012-01-13","SuperGamer","210545","191490","19055"
"2012-01-14","SuperGamer","183276","165204","18072"
"2012-01-15","SuperGamer","214112","192312","21800"
"2012-01-16","SuperGamer","271579","244993","26586"
"2012-01-17","SuperGamer","276027","249304","26723"
"2012-01-18","SuperGamer","307086","278038","29048"
"2012-01-19","SuperGamer","218294","196960","21334"
"2012-01-20","SuperGamer","224034","202166","21868"
"2012-01-21","SuperGamer","156868","141257","15611"
"2012-01-22","SuperGamer","143369","130006","13363"
"2012-01-23","SuperGamer","260650","236780","23870"
"2012-01-24","SuperGamer","260950","236345","24605"
"2012-01-25","SuperGamer","187927","169991","17936"
"2012-01-26","SuperGamer","263631","237224","26407"
"2012-01-27","SuperGamer","198425","179648","18777"
"2012-01-28","SuperGamer","228003","205763","22240"
"2012-01-29","SuperGamer","158567","141381","17186"
"2012-01-30","SuperGamer","192075","174737","17338"
"2012-01-31","SuperGamer","136230","124241","11989"
"2012-02-01","SuperGamer","292217","262009","30208"
"2012-02-02","SuperGamer","215114","194217","20897"
"2012-02-03","SuperGamer","237243","214427","22816"
"2012-02-04","SuperGamer","103593","93799","9794"
"2012-02-05","SuperGamer","262731","238529","24202"
"2012-02-06","SuperGamer","229683","210681","19002"
"2012-02-07","SuperGamer","228613","205468","23145"
"2012-02-08","SuperGamer","201034","179042","21992"
"2012-02-09","SuperGamer","133950","120193","13757"
"2012-02-10","SuperGamer","258680","232872","25808"
"2012-02-11","SuperGamer","254890","230424","24466"
"2012-02-12","SuperGamer","305416","273695","31721"
"2012-02-13","SuperGamer","217684","197255","20429"
"2012-02-14","SuperGamer","168068","153254","14814"
"2012-02-15","SuperGamer","344016","310969","33047"
"2012-02-16","SuperGamer","287817","259856","27961"
"2012-02-17","SuperGamer","236323","214582","21741"
"2012-02-18","SuperGamer","195555","177045","18510"
"2012-02-19","SuperGamer","185846","168242","17604"
"2012-02-20","SuperGamer","327114","295349","31765"
"2012-02-21","SuperGamer","342496","311994","30502"
"2012-02-22","SuperGamer","265708","240796","24912"
"2012-02-23","SuperGamer","285659","260168","25491"
"2012-02-24","SuperGamer","232902","209780","23122"
"2012-02-25","SuperGamer","272871","245888","26983"
"2012-02-26","SuperGamer","336354","304013","32341"
"2012-02-27","SuperGamer","325425","295800","29625"
"2012-02-28","SuperGamer","255011","228840","26171"
"2012-02-29","SuperGamer","264730","238218","26512"
"2012-03-01","SuperGamer","235941","212957","22984"
"2012-03-02","SuperGamer","209064","188871","20193"
"2012-03-03","SuperGamer","170856","153797","17059"
"2012-03-04","SuperGamer","263021","237519","25502"
"2012-03-05","SuperGamer","147938","132733","15205"
"2012-03-06","SuperGamer","221164","199563","21601"
"2012-03-07","SuperGamer","348072","313080","34992"
"2012-03-08","SuperGamer","196654","178039","18615"
"2012-03-09","SuperGamer","215903","195071","20832"
"2012-03-10","SuperGamer","329607","300448","29159"
"2012-03-11","SuperGamer","213333","192033","21300"
"2012-03-12","SuperGamer","287938","258272","29666"
"2012-03-13","SuperGamer","274749","247161","27588"
"2012-03-14","SuperGamer","281680","255996","25684"
"2012-03-15","SuperGamer","266700","242126","24574"
"2012-03-16","SuperGamer","332177","303486","28691"
"2012-03-17","SuperGamer","274541","250231","24310"
"2012-03-18","SuperGamer","232282","209500","22782"
"2012-03-19","SuperGamer","296258","267091","29167"
"2012-03-20","SuperGamer","261550","235475","26075"
"2012-03-21","SuperGamer","292987","267657","25330"
"2012-03-22","SuperGamer","282290","255701","26589"
"2012-03-23","SuperGamer","271651","246478","25173"
"2012-03-24","SuperGamer","258752","234357","24395"
"2012-03-25","SuperGamer","193285","173572","19713"
"2012-03-26","SuperGamer","306979","278374","28605"
"2012-03-27","SuperGamer","260761","234621","26140"
"2012-03-28","SuperGamer","201605","182391","19214"
"2012-03-29","SuperGamer","174917","160029","14888"
"2012-03-30","SuperGamer","271971","247193","24778"
"2012-03-31","SuperGamer","202002","181045","20957"
"2012-04-01","SuperGamer","192685","174442","18243"
"2012-04-02","SuperGamer","234063","211684","22379"
"2012-04-03","SuperGamer","356784","324099","32685"
"2012-04-04","SuperGamer","256981","232748","24233"
"2012-04-05","SuperGamer","162226","144838","17388"
"2012-04-06","SuperGamer","236541","212087","24454"
"2012-04-07","SuperGamer","252422","230596","21826"
"2012-04-08","SuperGamer","222742","201271","21471"
"2012-04-09","SuperGamer","224344","202306","22038"
"2012-04-10","SuperGamer","217984","196820","21164"
"2012-04-11","SuperGamer","235544","214303","21241"
"2012-04-12","SuperGamer","208754","188731","20023"
"2012-04-13","SuperGamer","212244","191614","20630"
"2012-04-14","SuperGamer","252610","226376","26234"
"2012-04-15","SuperGamer","242993","220208","22785"
"2012-04-16","SuperGamer","193774","174861","18913"
"2012-04-17","SuperGamer","177216","159283","17933"
"2012-04-18","SuperGamer","214204","194947","19257"
"2012-04-19","SuperGamer","267010","242266","24744"
"2012-04-20","SuperGamer","296186","265606","30580"
"2012-04-21","SuperGamer","271869","243983","27886"
"2012-04-22","SuperGamer","216992","195490","21502"
"2012-04-23","SuperGamer","138529","123495","15034"
"2012-04-24","SuperGamer","289729","261031","28698"
"2012-04-25","SuperGamer","217684","197255","20429"
"2012-04-26","SuperGamer","286738","260012","26726"
"2012-04-27","SuperGamer","262421","238389","24032"
"2012-04-28","SuperGamer","217684","197255","20429"
"2012-04-29","SuperGamer","265422","239983","25439"
"2012-04-30","SuperGamer","258060","232592","25468"
"2012-05-01","SuperGamer","227713","206773","20940"
"2012-05-02","SuperGamer","265809","238062","27747"
"2012-05-03","SuperGamer","279899","253812","26087"
"2012-05-04","SuperGamer","225632","205024","20608"
"2012-05-05","SuperGamer","310658","282981","27677"
"2012-05-06","SuperGamer","283379","256120","27259"
"2012-05-07","SuperGamer","215903","195071","20832"
"2012-05-08","SuperGamer","242901","217573","25328"
"2012-05-09","SuperGamer","304288","276920","27368"
"2012-05-10","SuperGamer","205574","185988","19586"
"2012-05-11","SuperGamer","294569","267542","27027"
"2012-05-12","SuperGamer","211934","191474","20460"
"2012-05-13","SuperGamer","213323","191458","21865"
"2012-05-14","SuperGamer","177095","160867","16228"
"2012-05-15","SuperGamer","216813","194341","22472"
"2012-05-16","SuperGamer","227224","205484","21740"
"2012-05-17","SuperGamer","306597","276749","29848"
"2012-05-18","SuperGamer","184844","166337","18507"
"2012-05-19","SuperGamer","195855","176610","19245"
"2012-05-20","SuperGamer","236953","215437","21516"
"2012-05-21","SuperGamer","221653","200852","20801"
"2012-05-22","SuperGamer","264919","239942","24977"
"2012-05-23","SuperGamer","256981","232748","24233"
"2012-05-24","SuperGamer","307076","277463","29613"
"2012-05-25","SuperGamer","212723","192328","20395"
"2012-05-26","SuperGamer","304409","275336","29073"
"2012-05-27","SuperGamer","235762","211808","23954"
"2012-05-28","SuperGamer","168189","151670","16519"
"2012-05-29","SuperGamer","294187","265917","28270"
"2012-05-30","SuperGamer","277029","251209","25820"
"2012-05-31","SuperGamer","280291","256012","24279"
"2012-06-01","SuperGamer","55366","49782","5584"
"2012-06-02","SuperGamer","94363","85710","8653"
"2012-06-03","SuperGamer","138800","127279","11521"
"2012-06-04","SuperGamer","137319","124660","12659"
"2012-06-05","SuperGamer","81764","73154","8610"
"2012-06-06","SuperGamer","103893","93364","10529"
"2012-06-07","SuperGamer","109251","96945","12306"
"2012-06-08","SuperGamer","129691","117606","12085"
"2012-06-09","SuperGamer","85123","77046","8077"
"2012-06-10","SuperGamer","89213","79059","10154"
"2012-06-11","SuperGamer","18949","17467","1482"
"2012-06-12","SuperGamer","84034","76627","7407"
"2012-06-13","SuperGamer","136220","123666","12554"
"2012-06-14","SuperGamer","84334","76192","8142"
"2012-06-15","SuperGamer","65085","59160","5925"
"2012-06-16","SuperGamer","126211","115298","10913"
"2012-06-17","SuperGamer","103593","93799","9794"
"2012-06-18","SuperGamer","115490","104015","11475"
"2012-06-19","SuperGamer","78584","70411","8173"
"2012-06-20","SuperGamer","45347","40839","4508"
"2012-06-21","SuperGamer","94663","85275","9388"
"2012-06-22","SuperGamer","100413","91056","9357"
"2012-06-23","SuperGamer","128989","115266","13723"
"2012-06-24","SuperGamer","85423","76611","8812"
"2012-06-25","SuperGamer","65385","58725","6660"
"2012-06-26","SuperGamer","105292","93923","11369"
"2012-06-27","SuperGamer","99411","89151","10260"
"2012-06-28","SuperGamer","65395","59300","6095"
"2012-06-29","SuperGamer","95452","86129","9323"
"2012-06-30","SuperGamer","159259","143146","16113"
"2012-07-01","SuperGamer","178997","161467","17530"
"2012-07-02","SuperGamer","88003","80224","7779"
"2012-07-03","SuperGamer","255592","232764","22828"
"2012-07-04","SuperGamer","158838","145165","13673"
"2012-07-05","SuperGamer","156268","142127","14141"
"2012-07-06","SuperGamer","79673","70830","8843"
"2012-07-07","SuperGamer","151897","135755","16142"
"2012-07-08","SuperGamer","145460","132330","13130"
"2012-07-09","SuperGamer","108951","97380","11571"
"2012-07-10","SuperGamer","160929","147489","13440"
"2012-07-11","SuperGamer","81764","73154","8610"
"2012-07-12","SuperGamer","124420","112539","11881"
"2012-07-13","SuperGamer","52496","47179","5317"
"2012-07-14","SuperGamer","52796","46744","6052"
"2012-07-15","SuperGamer","113002","103037","9965"
"2012-07-16","SuperGamer","78584","70411","8173"
"2012-07-17","SuperGamer","68265","61903","6362"
"2012-07-18","SuperGamer","129691","117606","12085"
"2012-07-19","SuperGamer","49616","44001","5615"
"2012-07-20","SuperGamer","166587","150635","15952"
"2012-07-21","SuperGamer","192196","173153","19043"
"2012-07-22","SuperGamer","91783","82097","9686"
"2012-07-23","SuperGamer","56455","50201","6254"
"2012-07-24","SuperGamer","124720","112104","12616"
"2012-07-25","SuperGamer","101502","91475","10027"
"2012-07-26","SuperGamer","137130","122936","14194"
"2012-07-27","SuperGamer","160837","144854","15983"
"2012-07-28","SuperGamer","200526","182547","17979"
"2012-07-29","SuperGamer","137919","123790","14129"
"2012-07-30","SuperGamer","115001","102726","12275"
"2012-07-31","SuperGamer","90394","82113","8281"
"2012-08-01","SuperGamer","111221","100853","10368"
"2012-08-02","SuperGamer","216503","194201","22302"
"2012-08-03","SuperGamer","100413","91056","9357"
"2012-08-04","SuperGamer","143379","130581","12798"
"2012-08-05","SuperGamer","88613","79929","8684"
"2012-08-06","SuperGamer","91483","82532","8951"
"2012-08-07","SuperGamer","97233","88313","8920"
"2012-08-08","SuperGamer","65085","59160","5925"
"2012-08-09","SuperGamer","204795","185709","19086"
"2012-08-10","SuperGamer","91962","83246","8716"
"2012-08-11","SuperGamer","100713","90621","10092"
"2012-08-12","SuperGamer","179476","162181","17295"
"2012-08-13","SuperGamer","148330","134933","13397"
"2012-08-14","SuperGamer","124110","112399","11711"
"2012-08-15","SuperGamer","111211","100278","10933"
"2012-08-16","SuperGamer","153988","138079","15909"
"2012-08-17","SuperGamer","97233","88313","8920"
"2012-08-18","SuperGamer","52796","46744","6052"
"2012-08-19","SuperGamer","157560","143022","14538"
"2012-08-20","SuperGamer","136520","123231","13289"
"2012-08-21","SuperGamer","144758","129990","14768"
"2012-08-22","SuperGamer","139710","126549","13161"
"2012-08-23","SuperGamer","213415","194093","19322"
"2012-08-24","SuperGamer","114880","104310","10570"
"2012-08-25","SuperGamer","127900","114847","13053"
"2012-08-26","SuperGamer","85423","76611","8812"
"2012-08-27","SuperGamer","77984","71281","6703"
"2012-08-28","SuperGamer","136520","123231","13289"
"2012-08-29","SuperGamer","68265","61903","6362"
"2012-08-30","SuperGamer","113612","102742","10870"
"2012-08-31","SuperGamer","104682","94218","10464"
"2012-09-01","SuperGamer","116182","105780","10402"
"2012-09-02","SuperGamer","88303","79789","8514"
"2012-09-03","SuperGamer","98143","87583","10560"
"2012-09-04","SuperGamer","94963","84840","10123"
"2012-09-05","SuperGamer","120151","109377","10774"
"2012-09-06","SuperGamer","106163","96837","9326"
"2012-09-07","SuperGamer","110122","99859","10263"
"2012-09-08","SuperGamer","77984","71281","6703"
"2012-09-09","SuperGamer","78584","70411","8173"
"2012-09-10","SuperGamer","76493","68087","8406"
"2012-09-11","SuperGamer","138611","125555","13056"
"2012-09-12","SuperGamer","147328","133028","14300"
"2012-09-13","SuperGamer","114401","103596","10805"
"2012-09-14","SuperGamer","140489","126828","13661"
"2012-09-15","SuperGamer","130770","117450","13320"
"2012-09-16","SuperGamer","39297","35493","3804"
"2012-09-17","SuperGamer","108162","96526","11636"
"2012-09-18","SuperGamer","159148","145305","13843"
"2012-09-19","SuperGamer","124420","112539","11881"
"2012-09-20","SuperGamer","152289","137955","14334"
"2012-09-21","SuperGamer","94063","86145","7918"
"2012-09-22","SuperGamer","117881","105904","11977"
"2012-09-23","SuperGamer","113302","102602","10700"
"2012-09-24","SuperGamer","165198","150651","14547"
"2012-09-25","SuperGamer","228613","205468","23145"
"2012-09-26","SuperGamer","117271","106199","11072"
"2012-09-27","SuperGamer","98022","89167","8855"
"2012-09-28","SuperGamer","117881","105904","11977"
"2012-09-29","SuperGamer","114701","103161","11540"
"2012-09-30","SuperGamer","105471","95072","10399"
"2012-10-01","SuperGamer","59635","52944","6691"
"2012-10-02","SuperGamer","122150","109066","13084"
"2012-10-03","SuperGamer","142580","129152","13428"
"2012-10-04","SuperGamer","91483","82532","8951"
"2012-10-05","SuperGamer","77984","71281","6703"
"2012-10-06","SuperGamer","139100","126844","12256"
"2012-10-07","SuperGamer","180478","164086","16392"
"2012-10-08","SuperGamer","105471","95072","10399"
"2012-10-09","SuperGamer","125809","112523","13286"
"2012-10-10","SuperGamer","135349","120752","14597"
"2012-10-11","SuperGamer","152909","138235","14674"
"2012-10-12","SuperGamer","81154","73449","7705"
"2012-10-13","SuperGamer","101202","91910","9292"
"2012-10-14","SuperGamer","183276","165204","18072"
"2012-10-15","SuperGamer","168378","153394","14984"
"2012-10-16","SuperGamer","220864","199998","20866"
"2012-10-17","SuperGamer","136520","123231","13289"
"2012-10-18","SuperGamer","202215","182096","20119"
"2012-10-19","SuperGamer","104082","95088","8994"
"2012-10-20","SuperGamer","62815","55687","7128"
"2012-10-21","SuperGamer","171848","155127","16721"
"2012-10-22","SuperGamer","113912","102307","11605"
"2012-10-23","SuperGamer","98332","89307","9025"
"2012-10-24","SuperGamer","96933","88748","8185"
"2012-10-25","SuperGamer","96933","88748","8185"
"2012-10-26","SuperGamer","134831","123682","11149"
"2012-10-27","SuperGamer","121240","109796","11444"
"2012-10-28","SuperGamer","180386","161451","18935"
"2012-10-29","SuperGamer","81764","73154","8610"
"2012-10-30","SuperGamer","159438","144295","15143"
"2012-10-31","SuperGamer","113612","102742","10870"
"2012-11-01","SuperGamer","126511","114863","11648"
"2012-11-02","SuperGamer","99014","90497","8517"
"2012-11-03","SuperGamer","141980","130022","11958"
"2012-11-04","SuperGamer","163117","148902","14215"
"2012-11-05","SuperGamer","127900","114847","13053"
"2012-11-06","SuperGamer","126511","114863","11648"
"2012-11-07","SuperGamer","65695","58865","6830"
"2012-11-08","SuperGamer","78284","70846","7438"
"2012-11-09","SuperGamer","200434","179912","20522"
"2012-11-10","SuperGamer","157957","141676","16281"
"2012-11-11","SuperGamer","185047","166813","18234"
"2012-11-12","SuperGamer","149027","133152","15875"
"2012-11-13","SuperGamer","186446","167372","19074"
"2012-11-14","SuperGamer","97233","88313","8920"
"2012-11-15","SuperGamer","73715","68119","5596"
"2012-11-16","SuperGamer","118670","106758","11912"
"2012-11-17","SuperGamer","69354","62322","7032"
"2012-11-18","SuperGamer","114391","103021","11370"
"2012-11-19","SuperGamer","119662","108088","11574"
"2012-11-20","SuperGamer","88603","79354","9249"
"2012-11-21","SuperGamer","116971","106634","10337"
"2012-11-22","SuperGamer","127900","114847","13053"
"2012-11-23","SuperGamer","69054","62757","6297"
"2012-11-24","SuperGamer","72534","65065","7469"
"2012-11-25","SuperGamer","95442","85554","9888"
"2012-11-26","SuperGamer","118181","105469","12712"
"2012-11-27","SuperGamer","133950","120193","13757"
"2012-11-28","SuperGamer","133650","120628","13022"
"2012-11-29","SuperGamer","140189","127263","12926"
"2012-11-30","SuperGamer","126501","114288","12213"
"2012-12-01","SuperGamer","165188","150076","15112"
"2012-12-02","SuperGamer","186146","167807","18339"
"2012-12-03","SuperGamer","156568","141692","14876"
"2012-12-04","SuperGamer","94053","85570","8483"
"2012-12-05","SuperGamer","196247","178810","17437"
"2012-12-06","SuperGamer","182656","164924","17732"
"2012-12-07","SuperGamer","175817","158724","17093"
"2012-12-08","SuperGamer","136830","123371","13459"
"2012-12-09","SuperGamer","198256","179074","19182"
"2012-12-10","SuperGamer","129870","118755","11115"
"2012-12-11","SuperGamer","155479","141273","14206"
"2012-12-12","SuperGamer","100103","90916","9187"
"2012-12-13","SuperGamer","91483","82532","8951"
"2012-12-14","SuperGamer","103293","94234","9059"
"2012-12-15","SuperGamer","153688","138514","15174"
"2012-12-16","SuperGamer","88303","79789","8514"
"2012-12-17","SuperGamer","91783","82097","9686"
"2012-12-18","SuperGamer","206876","187458","19418"
"2012-12-19","SuperGamer","149419","135352","14067"
"2012-12-20","SuperGamer","151597","136190","15407"
"2012-12-21","SuperGamer","191775","175172","16603"
"2012-12-22","SuperGamer","123631","111685","11946"
"2012-12-23","SuperGamer","118660","106183","12477"
"2012-12-24","SuperGamer","197636","178794","18842"
"2012-12-25","SuperGamer","129081","117901","11180"
"2012-12-26","SuperGamer","179786","162321","17465"
"2012-12-27","SuperGamer","126511","114863","11648"
"2012-12-28","SuperGamer","91173","82392","8781"
"2012-12-29","SuperGamer","130470","117885","12585"
"2012-12-30","SuperGamer","70046","64087","5959"
"2012-12-31","SuperGamer","145068","130130","14938"
"2013-01-01","SuperGamer","49006","44296","4710"
"2013-01-02","SuperGamer","409580","370843","38737"
"2013-01-03","SuperGamer","281980","255561","26419"
"2013-01-04","SuperGamer","421869","383259","38610"
"2013-01-05","SuperGamer","377752","342405","35347"
"2013-01-06","SuperGamer","370990","334144","36846"
"2013-01-07","SuperGamer","273631","250961","22670"
"2013-01-08","SuperGamer","437866","396063","41803"
"2013-01-09","SuperGamer","350332","315978","34354"
"2013-01-10","SuperGamer","224833","203595","21238"
"2013-01-11","SuperGamer","321267","290479","30788"
"2013-01-12","SuperGamer","317405","286546","30859"
"2013-01-13","SuperGamer","216503","194201","22302"
"2013-01-14","SuperGamer","303427","274581","28846"
"2013-01-15","SuperGamer","335575","303734","31841"
"2013-01-16","SuperGamer","402920","365792","37128"
"2013-01-17","SuperGamer","258380","233307","25073"
"2013-01-18","SuperGamer","494296","448660","45636"
"2013-01-19","SuperGamer","279018","250323","28695"
"2013-01-20","SuperGamer","277029","251209","25820"
"2013-01-21","SuperGamer","273360","247177","26183"
"2013-01-22","SuperGamer","362045","328591","33454"
"2013-01-23","SuperGamer","264420","238078","26342"
"2013-01-24","SuperGamer","440136","399536","40600"
"2013-01-25","SuperGamer","324065","291597","32468"
"2013-01-26","SuperGamer","441738","400571","41167"
"2013-01-27","SuperGamer","319065","290314","28751"
"2013-01-28","SuperGamer","284850","258164","26686"
"2013-01-29","SuperGamer","331678","301622","30056"
"2013-01-30","SuperGamer","293698","264628","29070"
"2013-01-31","SuperGamer","384412","347456","36956"
"2013-02-01","SuperGamer","397872","362351","35521"
"2013-02-02","SuperGamer","429928","388869","41059"
"2013-02-03","SuperGamer","368604","336376","32228"
"2013-02-04","SuperGamer","290799","266244","24555"
"2013-02-05","SuperGamer","497912","446413","51499"
"2013-02-06","SuperGamer","482975","438247","44728"
"2013-02-07","SuperGamer","316916","285257","31659"
"2013-02-08","SuperGamer","430727","390298","40429"
"2013-02-09","SuperGamer","322066","291908","30158"
"2013-02-10","SuperGamer","375951","339071","36880"
"2013-02-11","SuperGamer","382780","344696","38084"
"2013-02-12","SuperGamer","389842","352522","37320"
"2013-02-13","SuperGamer","260640","236205","24435"
"2013-02-14","SuperGamer","264909","239367","25542"
"2013-02-15","SuperGamer","401032","363944","37088"
"2013-02-16","SuperGamer","385742","349934","35808"
"2013-02-17","SuperGamer","312947","281660","31287"
"2013-02-18","SuperGamer","358473","323648","34825"
"2013-02-19","SuperGamer","404609","365341","39268"
"2013-02-20","SuperGamer","370893","335055","35838"
"2013-02-21","SuperGamer","427736","389279","38457"
"2013-02-22","SuperGamer","693152","626864","66288"
"2013-02-23","SuperGamer","389460","350897","38563"
"2013-02-24","SuperGamer","291917","262444","29473"
"2013-02-25","SuperGamer","313528","285584","27944"
"2013-02-26","SuperGamer","433897","392466","41431"
"2013-02-27","SuperGamer","342404","309359","33045"
"2013-02-28","SuperGamer","389232","352817","36415"
"2013-03-01","SuperGamer","98322","88732","9590"
"2013-03-02","SuperGamer","199514","180067","19447"
"2013-03-03","SuperGamer","455803","411050","44753"
"2013-03-04","SuperGamer","330604","298232","32372"
"2013-03-05","SuperGamer","400171","361605","38566"
"2013-03-06","SuperGamer","426738","385551","41187"
"2013-03-07","SuperGamer","380612","344433","36179"
"2013-03-08","SuperGamer","574086","519729","54357"
"2013-03-09","SuperGamer","469704","425076","44628"
"2013-03-10","SuperGamer","439850","398723","41127"
"2013-03-11","SuperGamer","441777","396927","44850"
"2013-03-12","SuperGamer","268002","243596","24406"
"2013-03-13","SuperGamer","470614","424346","46268"
"2013-03-14","SuperGamer","530941","479055","51886"
"2013-03-15","SuperGamer","296757","268955","27802"
"2013-03-16","SuperGamer","335565","303159","32406"
"2013-03-17","SuperGamer","467995","424377","43618"
"2013-03-18","SuperGamer","499664","452816","46848"
"2013-03-19","SuperGamer","444908","402739","42169"
"2013-03-20","SuperGamer","479713","433444","46269"
"2013-03-21","SuperGamer","453925","409777","44148"
"2013-03-22","SuperGamer","419289","379646","39643"
"2013-03-23","SuperGamer","354722","317556","37166"
"2013-03-24","SuperGamer","645124","585146","59978"
"2013-03-25","SuperGamer","539881","488154","51727"
"2013-03-26","SuperGamer","389150","350757","38393"
"2013-03-27","SuperGamer","363754","329290","34464"
"2013-03-28","SuperGamer","454612","407421","47191"
"2013-03-29","SuperGamer","488072","438619","49453"
"2013-03-30","SuperGamer","471296","425536","45760"
"2013-03-31","SuperGamer","392901","356849","36052"
"2013-04-01","SuperGamer","332995","300121","32874"
"2013-04-02","SuperGamer","364354","328420","35934"
"2013-04-03","SuperGamer","502544","455994","46550"
"2013-04-04","SuperGamer","344684","313407","31277"
"2013-04-05","SuperGamer","427537","386980","40557"
"2013-04-06","SuperGamer","448577","406771","41806"
"2013-04-07","SuperGamer","487762","438479","49283"
"2013-04-08","SuperGamer","388361","349903","38458"
"2013-04-09","SuperGamer","407387","365309","42078"
"2013-04-10","SuperGamer","603654","545269","58385"
"2013-04-11","SuperGamer","380912","343998","36914"
"2013-04-12","SuperGamer","380481","345442","35039"
"2013-04-13","SuperGamer","326238","295981","30257"
"2013-04-14","SuperGamer","343295","313423","29872"
"2013-04-15","SuperGamer","560698","506319","54379"
"2013-04-16","SuperGamer","512243","464222","48021"
"2013-04-17","SuperGamer","309385","277292","32093"
"2013-04-18","SuperGamer","344394","314417","29977"
"2013-04-19","SuperGamer","380220","342233","37987"
"2013-04-20","SuperGamer","302928","272717","30211"
"2013-04-21","SuperGamer","355003","321915","33088"
"2013-04-22","SuperGamer","385360","348309","37051"
"2013-04-23","SuperGamer","433297","393336","39961"
"2013-04-24","SuperGamer","316306","285552","30754"
"2013-04-25","SuperGamer","429008","389024","39984"
"2013-04-26","SuperGamer","364833","329134","35699"
"2013-04-27","SuperGamer","276840","249485","27355"
"2013-04-28","SuperGamer","406589","369824","36765"
"2013-04-29","SuperGamer","452255","405434","46821"
"2013-04-30","SuperGamer","498362","451346","47016"
"2013-05-01","SuperGamer","130770","117450","13320"
"2013-05-02","SuperGamer","326645","295210","31435"
"2013-05-03","SuperGamer","510772","462178","48594"
"2013-05-04","SuperGamer","427038","385116","41922"
"2013-05-05","SuperGamer","441457","396212","45245"
"2013-05-06","SuperGamer","248351","223789","24562"
"2013-05-07","SuperGamer","323155","292327","30828"
"2013-05-08","SuperGamer","373463","338093","35370"
"2013-05-09","SuperGamer","368323","332017","36306"
"2013-05-10","SuperGamer","478934","433165","45769"
"2013-05-11","SuperGamer","318576","289025","29551"
"2013-05-12","SuperGamer","300537","270828","29709"
"2013-05-13","SuperGamer","266308","239926","26382"
"2013-05-14","SuperGamer","381909","341782","40127"
"2013-05-15","SuperGamer","321577","290619","30958"
"2013-05-16","SuperGamer","266119","238202","27917"
"2013-05-17","SuperGamer","449177","405901","43276"
"2013-05-18","SuperGamer","360182","324347","35835"
"2013-05-19","SuperGamer","474476","428279","46197"
"2013-05-20","SuperGamer","429139","388015","41124"
"2013-05-21","SuperGamer","246952","223230","23722"
"2013-05-22","SuperGamer","532601","482823","49778"
"2013-05-23","SuperGamer","425349","385567","39782"
"2013-05-24","SuperGamer","488063","443988","44075"
"2013-05-25","SuperGamer","363652","326080","37572"
"2013-05-26","SuperGamer","468707","427292","41415"
"2013-05-27","SuperGamer","418530","380517","38013"
"2013-05-28","SuperGamer","434899","394371","40528"
"2013-05-29","SuperGamer","396081","359592","36489"
"2013-05-30","SuperGamer","346862","314245","32617"
"2013-05-31","SuperGamer","300537","270828","29709"
"2008-06-03","Terrapin Sands","29217","23475","5742"
"2008-06-05","Terrapin Sands","8839","7245","1594"
"2008-06-06","Terrapin Sands","2929","2441","488"
"2008-06-07","Terrapin Sands","22278","16541","5737"
"2008-06-09","Terrapin Sands","16827","13253","3574"
"2008-06-10","Terrapin Sands","21098","16246","4852"
"2008-06-11","Terrapin Sands","26857","22885","3972"
"2008-06-12","Terrapin Sands","5519","3559","1960"
"2008-06-14","Terrapin Sands","2929","2441","488"
"2008-06-17","Terrapin Sands","5519","3559","1960"
"2008-06-18","Terrapin Sands","12539","8716","3823"
"2008-06-19","Terrapin Sands","9739","7825","1914"
"2008-06-20","Terrapin Sands","8559","7530","1029"
"2008-06-21","Terrapin Sands","11278","9977","1301"
"2008-06-23","Terrapin Sands","12539","8716","3823"
"2008-06-25","Terrapin Sands","27137","22600","4537"
"2008-06-26","Terrapin Sands","21098","16246","4852"
"2008-06-28","Terrapin Sands","13179","12369","810"
"2008-06-29","Terrapin Sands","8839","7245","1594"
"2008-06-30","Terrapin Sands","10169","7109","3060"
"2008-07-01","Terrapin Sands","51935","40317","11618"
"2008-07-03","Terrapin Sands","11038","7118","3920"
"2008-07-04","Terrapin Sands","14207","12418","1789"
"2008-07-05","Terrapin Sands","37276","30998","6278"
"2008-07-06","Terrapin Sands","21378","15961","5417"
"2008-07-07","Terrapin Sands","21227","17796","3431"
"2008-07-09","Terrapin Sands","67622","52509","15113"
"2008-07-12","Terrapin Sands","21098","16246","4852"
"2008-07-15","Terrapin Sands","23946","20243","3703"
"2008-07-16","Terrapin Sands","4159","2987","1172"
"2008-07-17","Terrapin Sands","12718","10517","2201"
"2008-07-18","Terrapin Sands","12668","10266","2402"
"2008-07-19","Terrapin Sands","2929","2441","488"
"2008-07-21","Terrapin Sands","11488","9971","1517"
"2008-07-22","Terrapin Sands","5858","4882","976"
"2008-07-23","Terrapin Sands","11278","9977","1301"
"2008-07-24","Terrapin Sands","11768","9686","2082"
"2008-07-25","Terrapin Sands","8559","7530","1029"
"2008-07-26","Terrapin Sands","8559","7530","1029"
"2008-07-27","Terrapin Sands","2929","2441","488"
"2008-07-28","Terrapin Sands","8559","7530","1029"
"2008-07-29","Terrapin Sands","2929","2441","488"
"2008-08-01","Terrapin Sands","2929","2441","488"
"2008-08-03","Terrapin Sands","24457","22346","2111"
"2008-08-05","Terrapin Sands","9739","7825","1914"
"2008-08-06","Terrapin Sands","18298","15355","2943"
"2008-08-07","Terrapin Sands","14417","12412","2005"
"2008-08-08","Terrapin Sands","12539","8716","3823"
"2008-08-10","Terrapin Sands","2929","2441","488"
"2008-08-11","Terrapin Sands","8559","7530","1029"
"2008-08-14","Terrapin Sands","11768","9686","2082"
"2008-08-15","Terrapin Sands","17118","15060","2058"
"2008-08-16","Terrapin Sands","12539","8716","3823"
"2008-08-17","Terrapin Sands","11488","9971","1517"
"2008-08-18","Terrapin Sands","21098","16246","4852"
"2008-08-19","Terrapin Sands","2929","2441","488"
"2008-08-20","Terrapin Sands","10169","7109","3060"
"2008-08-21","Terrapin Sands","4159","2987","1172"
"2008-08-22","Terrapin Sands","12458","10272","2186"
"2008-08-23","Terrapin Sands","12539","8716","3823"
"2008-08-24","Terrapin Sands","9739","7825","1914"
"2008-08-25","Terrapin Sands","8559","7530","1029"
"2008-08-26","Terrapin Sands","12539","8716","3823"
"2008-08-27","Terrapin Sands","22278","16541","5737"
"2008-08-28","Terrapin Sands","8559","7530","1029"
"2008-08-29","Terrapin Sands","2929","2441","488"
"2008-08-30","Terrapin Sands","15258","11163","4095"
"2008-08-31","Terrapin Sands","18298","15355","2943"
"2008-09-01","Terrapin Sands","2929","2441","488"
"2008-09-03","Terrapin Sands","8559","7530","1029"
"2008-09-04","Terrapin Sands","22918","20194","2724"
"2008-09-06","Terrapin Sands","2929","2441","488"
"2008-09-07","Terrapin Sands","8559","7530","1029"
"2008-09-09","Terrapin Sands","2929","2441","488"
"2008-09-10","Terrapin Sands","27797","20100","7697"
"2008-09-11","Terrapin Sands","12539","8716","3823"
"2008-09-13","Terrapin Sands","21227","17796","3431"
"2008-09-15","Terrapin Sands","17338","15356","1982"
"2008-09-16","Terrapin Sands","31267","23355","7912"
"2008-09-17","Terrapin Sands","5648","4888","760"
"2008-09-18","Terrapin Sands","8559","7530","1029"
"2008-09-19","Terrapin Sands","10017","7869","2148"
"2008-09-21","Terrapin Sands","14417","12412","2005"
"2008-09-22","Terrapin Sands","30297","27429","2868"
"2008-09-23","Terrapin Sands","15468","11157","4311"
"2008-09-24","Terrapin Sands","9739","7825","1914"
"2008-09-25","Terrapin Sands","2719","2447","272"
"2008-09-26","Terrapin Sands","14417","12412","2005"
"2008-09-27","Terrapin Sands","18298","15355","2943"
"2008-09-29","Terrapin Sands","2929","2441","488"
"2008-09-30","Terrapin Sands","22918","20194","2724"
"2008-10-02","Terrapin Sands","5519","3559","1960"
"2008-10-03","Terrapin Sands","9739","7825","1914"
"2008-10-04","Terrapin Sands","28037","23180","4857"
"2008-10-05","Terrapin Sands","15898","14816","1082"
"2008-10-06","Terrapin Sands","28647","23526","5121"
"2008-10-07","Terrapin Sands","9739","7825","1914"
"2008-10-08","Terrapin Sands","12888","9556","3332"
"2008-10-09","Terrapin Sands","16698","11703","4995"
"2008-10-10","Terrapin Sands","12539","8716","3823"
"2008-10-11","Terrapin Sands","8559","7530","1029"
"2008-10-12","Terrapin Sands","26816","21076","5740"
"2008-10-13","Terrapin Sands","9739","7825","1914"
"2008-10-14","Terrapin Sands","24427","18292","6135"
"2008-10-15","Terrapin Sands","5519","3559","1960"
"2008-10-16","Terrapin Sands","22457","18342","4115"
"2008-10-18","Terrapin Sands","4159","2987","1172"
"2008-10-19","Terrapin Sands","12539","8716","3823"
"2008-10-20","Terrapin Sands","12539","8716","3823"
"2008-10-21","Terrapin Sands","2929","2441","488"
"2008-10-22","Terrapin Sands","11488","9971","1517"
"2008-10-23","Terrapin Sands","11768","9686","2082"
"2008-10-25","Terrapin Sands","37685","26419","11266"
"2008-10-26","Terrapin Sands","18058","12275","5783"
"2008-10-30","Terrapin Sands","11768","9686","2082"
"2008-10-31","Terrapin Sands","7088","5428","1660"
"2008-11-02","Terrapin Sands","12668","10266","2402"
"2008-11-03","Terrapin Sands","25677","22590","3087"
"2008-11-04","Terrapin Sands","12668","10266","2402"
"2008-11-05","Terrapin Sands","12539","8716","3823"
"2008-11-06","Terrapin Sands","2929","2441","488"
"2008-11-08","Terrapin Sands","19837","17507","2330"
"2008-11-09","Terrapin Sands","25078","17432","7646"
"2008-11-10","Terrapin Sands","8559","7530","1029"
"2008-11-11","Terrapin Sands","48895","36346","12549"
"2008-11-13","Terrapin Sands","13179","12369","810"
"2008-11-14","Terrapin Sands","8559","7530","1029"
"2008-11-15","Terrapin Sands","8559","7530","1029"
"2008-11-16","Terrapin Sands","13098","9550","3548"
"2008-11-18","Terrapin Sands","11488","9971","1517"
"2008-11-19","Terrapin Sands","2929","2441","488"
"2008-11-20","Terrapin Sands","33637","24962","8675"
"2008-11-21","Terrapin Sands","25207","18982","6225"
"2008-11-24","Terrapin Sands","8559","7530","1029"
"2008-11-25","Terrapin Sands","18298","15355","2943"
"2008-11-26","Terrapin Sands","2719","2447","272"
"2008-11-27","Terrapin Sands","18058","12275","5783"
"2008-11-28","Terrapin Sands","8559","7530","1029"
"2008-11-30","Terrapin Sands","11278","9977","1301"
"2008-12-01","Terrapin Sands","8559","7530","1029"
"2008-12-02","Terrapin Sands","9739","7825","1914"
"2008-12-03","Terrapin Sands","2929","2441","488"
"2008-12-04","Terrapin Sands","5648","4888","760"
"2008-12-05","Terrapin Sands","34946","26807","8139"
"2008-12-06","Terrapin Sands","9739","7825","1914"
"2008-12-07","Terrapin Sands","9739","7825","1914"
"2008-12-08","Terrapin Sands","5858","4882","976"
"2008-12-09","Terrapin Sands","8559","7530","1029"
"2008-12-10","Terrapin Sands","8559","7530","1029"
"2008-12-11","Terrapin Sands","13179","12369","810"
"2008-12-12","Terrapin Sands","17118","15060","2058"
"2008-12-13","Terrapin Sands","25207","18982","6225"
"2008-12-14","Terrapin Sands","8559","7530","1029"
"2008-12-15","Terrapin Sands","9739","7825","1914"
"2008-12-16","Terrapin Sands","28467","22464","6003"
"2008-12-17","Terrapin Sands","5519","3559","1960"
"2008-12-18","Terrapin Sands","12539","8716","3823"
"2008-12-19","Terrapin Sands","18298","15355","2943"
"2008-12-20","Terrapin Sands","21098","16246","4852"
"2008-12-21","Terrapin Sands","26358","24738","1620"
"2008-12-22","Terrapin Sands","2719","2447","272"
"2008-12-23","Terrapin Sands","18298","15355","2943"
"2008-12-24","Terrapin Sands","12539","8716","3823"
"2008-12-25","Terrapin Sands","13898","10812","3086"
"2008-12-26","Terrapin Sands","21378","15961","5417"
"2008-12-27","Terrapin Sands","11488","9971","1517"
"2008-12-28","Terrapin Sands","17118","15060","2058"
"2008-12-29","Terrapin Sands","12539","8716","3823"
"2008-12-30","Terrapin Sands","8559","7530","1029"
"2008-12-31","Terrapin Sands","8559","7530","1029"
"2009-01-01","Terrapin Sands","19417","14150","5267"
"2009-01-02","Terrapin Sands","68753","58722","10031"
"2009-01-03","Terrapin Sands","30726","22320","8406"
"2009-01-05","Terrapin Sands","26857","22885","3972"
"2009-01-06","Terrapin Sands","36356","27630","8726"
"2009-01-07","Terrapin Sands","23946","20243","3703"
"2009-01-08","Terrapin Sands","45155","38240","6915"
"2009-01-09","Terrapin Sands","9739","7825","1914"
"2009-01-10","Terrapin Sands","43684","36138","7546"
"2009-01-11","Terrapin Sands","26665","22690","3975"
"2009-01-12","Terrapin Sands","5519","3559","1960"
"2009-01-13","Terrapin Sands","2929","2441","488"
"2009-01-14","Terrapin Sands","21098","16246","4852"
"2009-01-15","Terrapin Sands","30066","25041","5025"
"2009-01-16","Terrapin Sands","16877","13504","3373"
"2009-01-18","Terrapin Sands","2929","2441","488"
"2009-01-19","Terrapin Sands","47585","42534","5051"
"2009-01-20","Terrapin Sands","21098","16246","4852"
"2009-01-21","Terrapin Sands","21738","19899","1839"
"2009-01-22","Terrapin Sands","27135","22929","4206"
"2009-01-23","Terrapin Sands","52494","41151","11343"
"2009-01-24","Terrapin Sands","12718","10517","2201"
"2009-01-25","Terrapin Sands","36636","27345","9291"
"2009-01-26","Terrapin Sands","53964","42178","11786"
"2009-01-28","Terrapin Sands","12668","10266","2402"
"2009-01-29","Terrapin Sands","54864","42758","12106"
"2009-01-30","Terrapin Sands","23067","17720","5347"
"2009-01-31","Terrapin Sands","8559","7530","1029"
"2009-02-02","Terrapin Sands","41425","33462","7963"
"2009-02-03","Terrapin Sands","17118","15060","2058"
"2009-02-04","Terrapin Sands","5648","4888","760"
"2009-02-06","Terrapin Sands","24045","18707","5338"
"2009-02-07","Terrapin Sands","2719","2447","272"
"2009-02-08","Terrapin Sands","6878","5434","1444"
"2009-02-09","Terrapin Sands","31196","26149","5047"
"2009-02-10","Terrapin Sands","27137","22600","4537"
"2009-02-11","Terrapin Sands","16108","14810","1298"
"2009-02-13","Terrapin Sands","4159","2987","1172"
"2009-02-14","Terrapin Sands","32186","24377","7809"
"2009-02-16","Terrapin Sands","12539","8716","3823"
"2009-02-17","Terrapin Sands","39895","29449","10446"
"2009-02-18","Terrapin Sands","5438","4894","544"
"2009-02-19","Terrapin Sands","17118","15060","2058"
"2009-02-20","Terrapin Sands","38176","31357","6819"
"2009-02-21","Terrapin Sands","22627","17381","5246"
"2009-02-22","Terrapin Sands","25637","18266","7371"
"2009-02-23","Terrapin Sands","42836","36145","6691"
"2009-02-24","Terrapin Sands","12539","8716","3823"
"2009-02-25","Terrapin Sands","50264","40707","9557"
"2009-02-26","Terrapin Sands","8559","7530","1029"
"2009-02-27","Terrapin Sands","44656","40093","4563"
"2009-03-01","Terrapin Sands","25386","20783","4603"
"2009-03-02","Terrapin Sands","11278","9977","1301"
"2009-03-04","Terrapin Sands","19908","14934","4974"
"2009-03-05","Terrapin Sands","15647","12958","2689"
"2009-03-06","Terrapin Sands","18298","15355","2943"
"2009-03-07","Terrapin Sands","28606","25031","3575"
"2009-03-08","Terrapin Sands","38345","32856","5489"
"2009-03-09","Terrapin Sands","24766","19615","5151"
"2009-03-11","Terrapin Sands","9739","7825","1914"
"2009-03-12","Terrapin Sands","35305","28885","6420"
"2009-03-13","Terrapin Sands","11488","9971","1517"
"2009-03-14","Terrapin Sands","49785","39006","10779"
"2009-03-15","Terrapin Sands","34395","27067","7328"
"2009-03-16","Terrapin Sands","28886","24746","4140"
"2009-03-17","Terrapin Sands","2929","2441","488"
"2009-03-18","Terrapin Sands","15258","11163","4095"
"2009-03-19","Terrapin Sands","20327","17216","3111"
"2009-03-20","Terrapin Sands","27747","21978","5769"
"2009-03-21","Terrapin Sands","39044","28515","10529"
"2009-03-22","Terrapin Sands","30297","27429","2868"
"2009-03-23","Terrapin Sands","10169","7109","3060"
"2009-03-24","Terrapin Sands","19837","17507","2330"
"2009-03-25","Terrapin Sands","45574","35432","10142"
"2009-03-26","Terrapin Sands","12668","10266","2402"
"2009-03-27","Terrapin Sands","6878","5434","1444"
"2009-03-28","Terrapin Sands","20117","17222","2895"
"2009-03-29","Terrapin Sands","50644","38492","12152"
"2009-03-30","Terrapin Sands","8559","7530","1029"
"2009-03-31","Terrapin Sands","15927","12673","3254"
"2009-04-01","Terrapin Sands","25566","21060","4506"
"2009-04-02","Terrapin Sands","5858","4882","976"
"2009-04-03","Terrapin Sands","33556","26518","7038"
"2009-04-04","Terrapin Sands","8559","7530","1029"
"2009-04-05","Terrapin Sands","2929","2441","488"
"2009-04-06","Terrapin Sands","30936","22314","8622"
"2009-04-07","Terrapin Sands","42836","36145","6691"
"2009-04-08","Terrapin Sands","17338","15356","1982"
"2009-04-09","Terrapin Sands","31016","25872","5144"
"2009-04-10","Terrapin Sands","11488","9971","1517"
"2009-04-11","Terrapin Sands","8559","7530","1029"
"2009-04-12","Terrapin Sands","37183","32360","4823"
"2009-04-14","Terrapin Sands","33016","29876","3140"
"2009-04-15","Terrapin Sands","22278","16541","5737"
"2009-04-16","Terrapin Sands","12718","10517","2201"
"2009-04-17","Terrapin Sands","8577","7329","1248"
"2009-04-18","Terrapin Sands","32626","25451","7175"
"2009-04-19","Terrapin Sands","18058","12275","5783"
"2009-04-20","Terrapin Sands","25207","18982","6225"
"2009-04-21","Terrapin Sands","9739","7825","1914"
"2009-04-22","Terrapin Sands","60374","49472","10902"
"2009-04-23","Terrapin Sands","58764","49893","8871"
"2009-04-24","Terrapin Sands","2929","2441","488"
"2009-04-25","Terrapin Sands","12718","10517","2201"
"2009-04-26","Terrapin Sands","25677","22590","3087"
"2009-04-27","Terrapin Sands","21098","16246","4852"
"2009-04-28","Terrapin Sands","42196","32492","9704"
"2009-04-29","Terrapin Sands","32376","26444","5932"
"2009-04-30","Terrapin Sands","24156","20237","3919"
"2009-05-01","Terrapin Sands","51274","40907","10367"
"2009-05-02","Terrapin Sands","28037","23180","4857"
"2009-05-03","Terrapin Sands","33766","26512","7254"
"2009-05-04","Terrapin Sands","24457","22346","2111"
"2009-05-05","Terrapin Sands","45254","36483","8771"
"2009-05-06","Terrapin Sands","8559","7530","1029"
"2009-05-07","Terrapin Sands","30344","25085","5259"
"2009-05-08","Terrapin Sands","74273","59545","14728"
"2009-05-09","Terrapin Sands","38675","32822","5853"
"2009-05-10","Terrapin Sands","28396","25037","3359"
"2009-05-11","Terrapin Sands","56063","47245","8818"
"2009-05-12","Terrapin Sands","24206","20488","3718"
"2009-05-13","Terrapin Sands","14417","12412","2005"
"2009-05-14","Terrapin Sands","8839","7245","1594"
"2009-05-15","Terrapin Sands","34277","28615","5662"
"2009-05-16","Terrapin Sands","34806","30738","4068"
"2009-05-17","Terrapin Sands","42755","33326","9429"
"2009-05-19","Terrapin Sands","24156","20237","3919"
"2009-05-20","Terrapin Sands","38856","34959","3897"
"2009-05-21","Terrapin Sands","5648","4888","760"
"2009-05-22","Terrapin Sands","8559","7530","1029"
"2009-05-23","Terrapin Sands","8559","7530","1029"
"2009-05-24","Terrapin Sands","21738","19899","1839"
"2009-05-25","Terrapin Sands","34236","30120","4116"
"2009-05-26","Terrapin Sands","4159","2987","1172"
"2009-05-27","Terrapin Sands","11488","9971","1517"
"2009-05-28","Terrapin Sands","44255","37660","6595"
"2009-05-29","Terrapin Sands","27085","22678","4407"
"2009-05-30","Terrapin Sands","8559","7530","1029"
"2009-05-31","Terrapin Sands","11488","9971","1517"
"2009-06-01","Terrapin Sands","17007","13530","3477"
"2009-06-02","Terrapin Sands","23046","19663","3383"
"2009-06-03","Terrapin Sands","25718","21085","4633"
"2009-06-04","Terrapin Sands","23946","20243","3703"
"2009-06-05","Terrapin Sands","9739","7825","1914"
"2009-06-06","Terrapin Sands","21227","17796","3431"
"2009-06-07","Terrapin Sands","17118","15060","2058"
"2009-06-08","Terrapin Sands","22197","18097","4100"
"2009-06-09","Terrapin Sands","21227","17796","3431"
"2009-06-10","Terrapin Sands","68562","56062","12500"
"2009-06-11","Terrapin Sands","27926","21429","6497"
"2009-06-12","Terrapin Sands","29546","22246","7300"
"2009-06-13","Terrapin Sands","19908","14934","4974"
"2009-06-14","Terrapin Sands","55393","44881","10512"
"2009-06-15","Terrapin Sands","30837","24071","6766"
"2009-06-16","Terrapin Sands","41756","32191","9565"
"2009-06-17","Terrapin Sands","24206","20488","3718"
"2009-06-18","Terrapin Sands","2929","2441","488"
"2009-06-19","Terrapin Sands","31476","25864","5612"
"2009-06-20","Terrapin Sands","30216","24610","5606"
"2009-06-21","Terrapin Sands","15597","12707","2890"
"2009-06-22","Terrapin Sands","8559","7530","1029"
"2009-06-23","Terrapin Sands","8559","7530","1029"
"2009-06-24","Terrapin Sands","33945","28313","5632"
"2009-06-25","Terrapin Sands","34915","28614","6301"
"2009-06-26","Terrapin Sands","17118","15060","2058"
"2009-06-27","Terrapin Sands","21017","17802","3215"
"2009-06-28","Terrapin Sands","37715","29505","8210"
"2009-06-29","Terrapin Sands","21098","16246","4852"
"2009-06-30","Terrapin Sands","8559","7530","1029"
"2009-07-01","Terrapin Sands","21227","17796","3431"
"2009-07-02","Terrapin Sands","21098","16246","4852"
"2009-07-03","Terrapin Sands","38905","32286","6619"
"2009-07-04","Terrapin Sands","35644","30208","5436"
"2009-07-05","Terrapin Sands","29786","25326","4460"
"2009-07-06","Terrapin Sands","29657","23776","5881"
"2009-07-07","Terrapin Sands","22278","16541","5737"
"2009-07-08","Terrapin Sands","12539","8716","3823"
"2009-07-09","Terrapin Sands","44064","35171","8893"
"2009-07-10","Terrapin Sands","14078","11089","2989"
"2009-07-11","Terrapin Sands","8559","7530","1029"
"2009-07-12","Terrapin Sands","29546","22246","7300"
"2009-07-13","Terrapin Sands","28317","22895","5422"
"2009-07-14","Terrapin Sands","42454","35592","6862"
"2009-07-15","Terrapin Sands","23237","16759","6478"
"2009-07-16","Terrapin Sands","5858","4882","976"
"2009-07-17","Terrapin Sands","18397","13598","4799"
"2009-07-18","Terrapin Sands","49155","42214","6941"
"2009-07-19","Terrapin Sands","9739","7825","1914"
"2009-07-20","Terrapin Sands","49565","38710","10855"
"2009-07-21","Terrapin Sands","8839","7245","1594"
"2009-07-22","Terrapin Sands","19478","15650","3828"
"2009-07-23","Terrapin Sands","78120","62415","15705"
"2009-07-24","Terrapin Sands","17398","14775","2623"
"2009-07-25","Terrapin Sands","43116","35860","7256"
"2009-07-26","Terrapin Sands","11488","9971","1517"
"2009-07-27","Terrapin Sands","17007","13530","3477"
"2009-07-28","Terrapin Sands","35416","30415","5001"
"2009-07-29","Terrapin Sands","18728","14639","4089"
"2009-07-30","Terrapin Sands","28437","23532","4905"
"2009-07-31","Terrapin Sands","2929","2441","488"
"2009-08-01","Terrapin Sands","33816","26763","7053"
"2009-08-02","Terrapin Sands","48895","36125","12770"
"2009-08-03","Terrapin Sands","43295","34343","8952"
"2009-08-04","Terrapin Sands","16895","13303","3592"
"2009-08-05","Terrapin Sands","21277","18047","3230"
"2009-08-06","Terrapin Sands","21098","16246","4852"
"2009-08-07","Terrapin Sands","34406","30165","4241"
"2009-08-08","Terrapin Sands","52575","43970","8605"
"2009-08-09","Terrapin Sands","48312","40474","7838"
"2009-08-10","Terrapin Sands","75212","62589","12623"
"2009-08-11","Terrapin Sands","45243","37760","7483"
"2009-08-12","Terrapin Sands","30837","24071","6766"
"2009-08-13","Terrapin Sands","40725","30390","10335"
"2009-08-14","Terrapin Sands","32586","26217","6369"
"2009-08-15","Terrapin Sands","52714","40662","12052"
"2009-08-16","Terrapin Sands","28467","22464","6003"
"2009-08-17","Terrapin Sands","26857","22885","3972"
"2009-08-18","Terrapin Sands","38135","32862","5273"
"2009-08-19","Terrapin Sands","37875","29248","8627"
"2009-08-20","Terrapin Sands","40234","31075","9159"
"2009-08-21","Terrapin Sands","21738","19899","1839"
"2009-08-22","Terrapin Sands","17977","13831","4146"
"2009-08-23","Terrapin Sands","41186","31274","9912"
"2009-08-24","Terrapin Sands","26857","22885","3972"
"2009-08-25","Terrapin Sands","20327","17216","3111"
"2009-08-26","Terrapin Sands","61605","49279","12326"
"2009-08-27","Terrapin Sands","13898","10812","3086"
"2009-08-28","Terrapin Sands","11488","9971","1517"
"2009-08-29","Terrapin Sands","40675","30139","10536"
"2009-08-30","Terrapin Sands","28037","23180","4857"
"2009-08-31","Terrapin Sands","11488","9971","1517"
"2009-09-01","Terrapin Sands","12668","10266","2402"
"2009-09-02","Terrapin Sands","8559","7530","1029"
"2009-09-03","Terrapin Sands","59514","50904","8610"
"2009-09-04","Terrapin Sands","12946","10310","2636"
"2009-09-05","Terrapin Sands","18578","15070","3508"
"2009-09-07","Terrapin Sands","24027","18687","5340"
"2009-09-08","Terrapin Sands","21738","19899","1839"
"2009-09-09","Terrapin Sands","36485","28959","7526"
"2009-09-10","Terrapin Sands","33915","28596","5319"
"2009-09-11","Terrapin Sands","21166","16517","4649"
"2009-09-12","Terrapin Sands","13898","10812","3086"
"2009-09-13","Terrapin Sands","32475","24687","7788"
"2009-09-14","Terrapin Sands","38056","30720","7336"
"2009-09-15","Terrapin Sands","12668","10266","2402"
"2009-09-16","Terrapin Sands","70470","53907","16563"
"2009-09-17","Terrapin Sands","49562","41554","8008"
"2009-09-18","Terrapin Sands","27596","24781","2815"
"2009-09-19","Terrapin Sands","53853","43247","10606"
"2009-09-20","Terrapin Sands","20906","16051","4855"
"2009-09-21","Terrapin Sands","34557","28330","6227"
"2009-09-22","Terrapin Sands","11488","9971","1517"
"2009-09-23","Terrapin Sands","30297","27429","2868"
"2009-09-24","Terrapin Sands","8559","7530","1029"
"2009-09-25","Terrapin Sands","39955","32435","7520"
"2009-09-26","Terrapin Sands","51164","41287","9877"
"2009-09-27","Terrapin Sands","10017","7869","2148"
"2009-09-28","Terrapin Sands","35585","28379","7206"
"2009-09-29","Terrapin Sands","36356","27630","8726"
"2009-09-30","Terrapin Sands","42196","32492","9704"
"2009-10-01","Terrapin Sands","11488","9971","1517"
"2009-10-02","Terrapin Sands","26237","22020","4217"
"2009-10-03","Terrapin Sands","8448","6000","2448"
"2009-10-04","Terrapin Sands","11488","9971","1517"
"2009-10-05","Terrapin Sands","17398","14775","2623"
"2009-10-06","Terrapin Sands","42605","33757","8848"
"2009-10-07","Terrapin Sands","8559","7530","1029"
"2009-10-08","Terrapin Sands","24247","18198","6049"
"2009-10-09","Terrapin Sands","23637","18637","5000"
"2009-10-10","Terrapin Sands","26746","21355","5391"
"2009-10-11","Terrapin Sands","2719","2447","272"
"2009-10-12","Terrapin Sands","15387","12713","2674"
"2009-10-13","Terrapin Sands","31115","24115","7000"
"2009-10-15","Terrapin Sands","22837","17375","5462"
"2009-10-16","Terrapin Sands","36485","28959","7526"
"2009-10-17","Terrapin Sands","25817","18360","7457"
"2009-10-18","Terrapin Sands","39414","31621","7793"
"2009-10-19","Terrapin Sands","25078","17432","7646"
"2009-10-20","Terrapin Sands","60363","52470","7893"
"2009-10-21","Terrapin Sands","22457","18342","4115"
"2009-10-22","Terrapin Sands","8839","7245","1594"
"2009-10-23","Terrapin Sands","47485","35523","11962"
"2009-10-24","Terrapin Sands","12998","10232","2766"
"2009-10-25","Terrapin Sands","8559","7530","1029"
"2009-10-26","Terrapin Sands","41105","29423","11682"
"2009-10-27","Terrapin Sands","29796","21253","8543"
"2009-10-29","Terrapin Sands","32505","27773","4732"
"2009-10-30","Terrapin Sands","21227","17796","3431"
"2009-10-31","Terrapin Sands","17118","15060","2058"
"2009-11-01","Terrapin Sands","18728","14639","4089"
"2009-11-02","Terrapin Sands","54332","42764","11568"
"2009-11-03","Terrapin Sands","8559","7530","1029"
"2009-11-04","Terrapin Sands","21227","17796","3431"
"2009-11-05","Terrapin Sands","19837","17507","2330"
"2009-11-06","Terrapin Sands","20327","17216","3111"
"2009-11-07","Terrapin Sands","31366","25973","5393"
"2009-11-08","Terrapin Sands","8559","7530","1029"
"2009-11-09","Terrapin Sands","39285","30071","9214"
"2009-11-10","Terrapin Sands","12539","8716","3823"
"2009-11-11","Terrapin Sands","48095","34901","13194"
"2009-11-12","Terrapin Sands","29657","23776","5881"
"2009-11-13","Terrapin Sands","13098","9550","3548"
"2009-11-14","Terrapin Sands","13278","9644","3634"
"2009-11-15","Terrapin Sands","22918","20194","2724"
"2009-11-16","Terrapin Sands","18728","14639","4089"
"2009-11-17","Terrapin Sands","59443","49102","10341"
"2009-11-18","Terrapin Sands","2929","2441","488"
"2009-11-19","Terrapin Sands","32376","26223","6153"
"2009-11-20","Terrapin Sands","39805","32866","6939"
"2009-11-21","Terrapin Sands","39396","31601","7795"
"2009-11-22","Terrapin Sands","19908","14934","4974"
"2009-11-23","Terrapin Sands","66840","56136","10704"
"2009-11-24","Terrapin Sands","47535","35774","11761"
"2009-11-25","Terrapin Sands","35945","32317","3628"
"2009-11-26","Terrapin Sands","23817","18693","5124"
"2009-11-27","Terrapin Sands","41344","35018","6326"
"2009-11-28","Terrapin Sands","42755","33326","9429"
"2009-11-29","Terrapin Sands","24014","20293","3721"
"2009-11-30","Terrapin Sands","42755","33326","9429"
"2009-12-01","Terrapin Sands","32085","24416","7669"
"2009-12-02","Terrapin Sands","42755","37701","5054"
"2009-12-03","Terrapin Sands","32586","26217","6369"
"2009-12-04","Terrapin Sands","27176","20639","6537"
"2009-12-05","Terrapin Sands","14078","11089","2989"
"2009-12-06","Terrapin Sands","9739","7825","1914"
"2009-12-07","Terrapin Sands","22278","16541","5737"
"2009-12-08","Terrapin Sands","35945","32317","3628"
"2009-12-09","Terrapin Sands","52134","41588","10546"
"2009-12-10","Terrapin Sands","27797","20100","7697"
"2009-12-11","Terrapin Sands","12668","10266","2402"
"2009-12-12","Terrapin Sands","9739","7825","1914"
"2009-12-13","Terrapin Sands","21227","17796","3431"
"2009-12-14","Terrapin Sands","11278","9977","1301"
"2009-12-15","Terrapin Sands","19726","15977","3749"
"2009-12-16","Terrapin Sands","8559","7530","1029"
"2009-12-17","Terrapin Sands","33806","25746","8060"
"2009-12-18","Terrapin Sands","39975","33975","6000"
"2009-12-19","Terrapin Sands","25078","17432","7646"
"2009-12-20","Terrapin Sands","8787","7323","1464"
"2009-12-21","Terrapin Sands","51355","38383","12972"
"2009-12-22","Terrapin Sands","31396","24905","6491"
"2009-12-23","Terrapin Sands","23946","20243","3703"
"2009-12-24","Terrapin Sands","24226","19958","4268"
"2009-12-25","Terrapin Sands","19478","15650","3828"
"2009-12-26","Terrapin Sands","24027","18687","5340"
"2009-12-27","Terrapin Sands","25677","22590","3087"
"2009-12-28","Terrapin Sands","44813","37116","7697"
"2009-12-29","Terrapin Sands","8559","7530","1029"
"2009-12-30","Terrapin Sands","27386","24787","2599"
"2009-12-31","Terrapin Sands","29657","23776","5881"
"2010-01-01","Terrapin Sands","46863","34987","11876"
"2010-01-02","Terrapin Sands","34277","28615","5662"
"2010-01-03","Terrapin Sands","18728","14639","4089"
"2010-01-04","Terrapin Sands","34996","27058","7938"
"2010-01-05","Terrapin Sands","45663","37748","7915"
"2010-01-06","Terrapin Sands","59613","49147","10466"
"2010-01-07","Terrapin Sands","50484","40700","9784"
"2010-01-08","Terrapin Sands","50884","41572","9312"
"2010-01-09","Terrapin Sands","41145","33747","7398"
"2010-01-10","Terrapin Sands","50123","39526","10597"
"2010-01-11","Terrapin Sands","21245","17595","3650"
"2010-01-12","Terrapin Sands","37306","29709","7597"
"2010-01-13","Terrapin Sands","66671","54858","11813"
"2010-01-14","Terrapin Sands","40594","31695","8899"
"2010-01-15","Terrapin Sands","58483","49103","9380"
"2010-01-16","Terrapin Sands","66481","54279","12202"
"2010-01-17","Terrapin Sands","68194","53292","14902"
"2010-01-18","Terrapin Sands","24226","19958","4268"
"2010-01-19","Terrapin Sands","32657","28019","4638"
"2010-01-20","Terrapin Sands","31294","25916","5378"
"2010-01-21","Terrapin Sands","28037","23180","4857"
"2010-01-22","Terrapin Sands","81440","63132","18308"
"2010-01-23","Terrapin Sands","37125","28237","8888"
"2010-01-24","Terrapin Sands","46165","38191","7974"
"2010-01-25","Terrapin Sands","52673","42952","9721"
"2010-01-26","Terrapin Sands","22278","16541","5737"
"2010-01-27","Terrapin Sands","52812","45519","7293"
"2010-01-28","Terrapin Sands","68373","55093","13280"
"2010-01-29","Terrapin Sands","73673","60216","13457"
"2010-01-30","Terrapin Sands","74742","58981","15761"
"2010-01-31","Terrapin Sands","64603","50583","14020"
"2010-02-01","Terrapin Sands","13179","12369","810"
"2010-02-02","Terrapin Sands","32146","25916","6230"
"2010-02-03","Terrapin Sands","56742","46454","10288"
"2010-02-04","Terrapin Sands","32586","26217","6369"
"2010-02-05","Terrapin Sands","52132","41917","10215"
"2010-02-06","Terrapin Sands","41215","33468","7747"
"2010-02-07","Terrapin Sands","37165","32561","4604"
"2010-02-08","Terrapin Sands","22976","19942","3034"
"2010-02-09","Terrapin Sands","34996","27058","7938"
"2010-02-10","Terrapin Sands","25718","21085","4633"
"2010-02-11","Terrapin Sands","28467","22464","6003"
"2010-02-12","Terrapin Sands","35416","30415","5001"
"2010-02-13","Terrapin Sands","13997","12424","1573"
"2010-02-14","Terrapin Sands","82791","68580","14211"
"2010-02-15","Terrapin Sands","62284","48488","13796"
"2010-02-16","Terrapin Sands","45195","34654","10541"
"2010-02-17","Terrapin Sands","70551","54950","15601"
"2010-02-18","Terrapin Sands","39844","30905","8939"
"2010-02-19","Terrapin Sands","45904","39432","6472"
"2010-02-20","Terrapin Sands","67101","53959","13142"
"2010-02-21","Terrapin Sands","42535","31580","10955"
"2010-02-22","Terrapin Sands","72412","57102","15310"
"2010-02-23","Terrapin Sands","9739","7825","1914"
"2010-02-24","Terrapin Sands","113110","90312","22798"
"2010-02-25","Terrapin Sands","23996","20494","3502"
"2010-02-26","Terrapin Sands","68093","55378","12715"
"2010-02-27","Terrapin Sands","12539","8716","3823"
"2010-02-28","Terrapin Sands","85900","68100","17800"
"2010-03-01","Terrapin Sands","77890","59073","18817"
"2010-03-02","Terrapin Sands","41832","35056","6776"
"2010-03-03","Terrapin Sands","46864","36062","10802"
"2010-03-04","Terrapin Sands","48473","37973","10500"
"2010-03-05","Terrapin Sands","31065","23864","7201"
"2010-03-06","Terrapin Sands","83952","64683","19269"
"2010-03-07","Terrapin Sands","66632","52444","14188"
"2010-03-08","Terrapin Sands","38625","32571","6054"
"2010-03-09","Terrapin Sands","42644","36171","6473"
"2010-03-10","Terrapin Sands","67101","55148","11953"
"2010-03-11","Terrapin Sands","49542","41020","8522"
"2010-03-12","Terrapin Sands","32555","28024","4531"
"2010-03-13","Terrapin Sands","24866","19236","5630"
"2010-03-14","Terrapin Sands","4159","2987","1172"
"2010-03-15","Terrapin Sands","63101","53606","9495"
"2010-03-16","Terrapin Sands","29176","24460","4716"
"2010-03-17","Terrapin Sands","57974","46671","11303"
"2010-03-18","Terrapin Sands","18057","13799","4258"
"2010-03-19","Terrapin Sands","85948","68901","17047"
"2010-03-20","Terrapin Sands","56023","47346","8677"
"2010-03-21","Terrapin Sands","67914","53577","14337"
"2010-03-22","Terrapin Sands","47124","40682","6442"
"2010-03-23","Terrapin Sands","29647","22759","6888"
"2010-03-24","Terrapin Sands","22887","17626","5261"
"2010-03-25","Terrapin Sands","88102","68226","19876"
"2010-03-26","Terrapin Sands","99269","74897","24372"
"2010-03-27","Terrapin Sands","38565","32146","6419"
"2010-03-28","Terrapin Sands","44145","37990","6155"
"2010-03-29","Terrapin Sands","28606","25031","3575"
"2010-03-30","Terrapin Sands","45783","38385","7398"
"2010-03-31","Terrapin Sands","72511","58752","13759"
"2010-04-01","Terrapin Sands","30966","25621","5345"
"2010-04-02","Terrapin Sands","17118","15060","2058"
"2010-04-03","Terrapin Sands","57043","48784","8259"
"2010-04-04","Terrapin Sands","33945","28313","5632"
"2010-04-05","Terrapin Sands","37776","31005","6771"
"2010-04-06","Terrapin Sands","45644","34850","10794"
"2010-04-07","Terrapin Sands","33766","26512","7254"
"2010-04-08","Terrapin Sands","86158","68674","17484"
"2010-04-09","Terrapin Sands","21227","17796","3431"
"2010-04-10","Terrapin Sands","50745","39005","11740"
"2010-04-11","Terrapin Sands","13179","12369","810"
"2010-04-12","Terrapin Sands","44203","37738","6465"
"2010-04-13","Terrapin Sands","66683","53770","12913"
"2010-04-14","Terrapin Sands","36275","28965","7310"
"2010-04-15","Terrapin Sands","35355","29136","6219"
"2010-04-16","Terrapin Sands","36996","31062","5934"
"2010-04-17","Terrapin Sands","47732","37374","10358"
"2010-04-18","Terrapin Sands","30286","24331","5955"
"2010-04-19","Terrapin Sands","95429","74874","20555"
"2010-04-20","Terrapin Sands","79870","60630","19240"
"2010-04-21","Terrapin Sands","27176","20639","6537"
"2010-04-22","Terrapin Sands","102869","77050","25819"
"2010-04-23","Terrapin Sands","89019","74434","14585"
"2010-04-24","Terrapin Sands","55144","42473","12671"
"2010-04-25","Terrapin Sands","61902","47935","13967"
"2010-04-26","Terrapin Sands","42335","29969","12366"
"2010-04-27","Terrapin Sands","60334","47261","13073"
"2010-04-28","Terrapin Sands","18298","15355","2943"
"2010-04-29","Terrapin Sands","24095","18958","5137"
"2010-04-30","Terrapin Sands","27796","21624","6172"
"2010-05-01","Terrapin Sands","63360","51864","11496"
"2010-05-02","Terrapin Sands","52342","41911","10431"
"2010-05-03","Terrapin Sands","31524","25380","6144"
"2010-05-04","Terrapin Sands","62954","55448","7506"
"2010-05-05","Terrapin Sands","56514","46661","9853"
"2010-05-06","Terrapin Sands","26857","22885","3972"
"2010-05-07","Terrapin Sands","43116","35860","7256"
"2010-05-08","Terrapin Sands","52812","45519","7293"
"2010-05-09","Terrapin Sands","29675","23796","5879"
"2010-05-10","Terrapin Sands","67971","50750","17221"
"2010-05-11","Terrapin Sands","32715","27767","4948"
"2010-05-12","Terrapin Sands","57522","43926","13596"
"2010-05-13","Terrapin Sands","43914","35602","8312"
"2010-05-14","Terrapin Sands","69094","53872","15222"
"2010-05-15","Terrapin Sands","56433","48217","8216"
"2010-05-16","Terrapin Sands","68084","52654","15430"
"2010-05-17","Terrapin Sands","34686","29880","4806"
"2010-05-18","Terrapin Sands","32995","27482","5513"
"2010-05-19","Terrapin Sands","21557","17762","3795"
"2010-05-20","Terrapin Sands","42244","35598","6646"
"2010-05-21","Terrapin Sands","34796","29550","5246"
"2010-05-22","Terrapin Sands","24027","18687","5340"
"2010-05-23","Terrapin Sands","48304","39971","8333"
"2010-05-24","Terrapin Sands","51343","43088","8255"
"2010-05-25","Terrapin Sands","59274","43228","16046"
"2010-05-26","Terrapin Sands","31535","27472","4063"
"2010-05-27","Terrapin Sands","25897","22886","3011"
"2010-05-28","Terrapin Sands","11768","9686","2082"
"2010-05-29","Terrapin Sands","69921","58158","11763"
"2010-05-30","Terrapin Sands","61472","50963","10509"
"2010-05-31","Terrapin Sands","57803","44937","12866"
"2010-06-01","Terrapin Sands","46613","38579","8034"
"2010-06-02","Terrapin Sands","73101","56613","16488"
"2010-06-03","Terrapin Sands","84878","67877","17001"
"2010-06-04","Terrapin Sands","94118","74636","19482"
"2010-06-05","Terrapin Sands","37776","31005","6771"
"2010-06-06","Terrapin Sands","70151","53476","16675"
"2010-06-07","Terrapin Sands","45044","36710","8334"
"2010-06-08","Terrapin Sands","88809","71071","17738"
"2010-06-09","Terrapin Sands","91819","75325","16494"
"2010-06-10","Terrapin Sands","85320","67355","17965"
"2010-06-11","Terrapin Sands","129014","99914","29100"
"2010-06-12","Terrapin Sands","45501","38334","7167"
"2010-06-13","Terrapin Sands","99860","71051","28809"
"2010-06-14","Terrapin Sands","88151","64305","23846"
"2010-06-15","Terrapin Sands","71971","59316","12655"
"2010-06-16","Terrapin Sands","58222","46998","11224"
"2010-06-17","Terrapin Sands","84199","69852","14347"
"2010-06-18","Terrapin Sands","76220","62104","14116"
"2010-06-19","Terrapin Sands","74739","60819","13920"
"2010-06-20","Terrapin Sands","131996","107727","24269"
"2010-06-21","Terrapin Sands","39315","33157","6158"
"2010-06-22","Terrapin Sands","95928","78061","17867"
"2010-06-23","Terrapin Sands","56571","44840","11731"
"2010-06-24","Terrapin Sands","81918","67243","14675"
"2010-06-25","Terrapin Sands","21098","16246","4852"
"2010-06-26","Terrapin Sands","119897","97221","22676"
"2010-06-27","Terrapin Sands","83271","63204","20067"
"2010-06-28","Terrapin Sands","65311","49911","15400"
"2010-06-29","Terrapin Sands","78182","63525","14657"
"2010-06-30","Terrapin Sands","91349","71717","19632"
"2010-07-01","Terrapin Sands","32523","27572","4951"
"2010-07-02","Terrapin Sands","150870","123526","27344"
"2010-07-03","Terrapin Sands","79228","62626","16602"
"2010-07-04","Terrapin Sands","46884","37602","9282"
"2010-07-05","Terrapin Sands","109996","87912","22084"
"2010-07-06","Terrapin Sands","94089","75539","18550"
"2010-07-07","Terrapin Sands","103077","84989","18088"
"2010-07-08","Terrapin Sands","158520","131369","27151"
"2010-07-09","Terrapin Sands","133134","109117","24017"
"2010-07-10","Terrapin Sands","55393","43995","11398"
"2010-07-11","Terrapin Sands","51935","40317","11618"
"2010-07-12","Terrapin Sands","84081","68545","15536"
"2010-07-13","Terrapin Sands","41552","35341","6211"
"2010-07-14","Terrapin Sands","45344","35968","9376"
"2010-07-15","Terrapin Sands","106026","82653","23373"
"2010-07-16","Terrapin Sands","120036","102170","17866"
"2010-07-17","Terrapin Sands","74331","57380","16951"
"2010-07-18","Terrapin Sands","68108","56172","11936"
"2010-07-19","Terrapin Sands","100019","80998","19021"
"2010-07-20","Terrapin Sands","69053","55377","13676"
"2010-07-21","Terrapin Sands","72861","57601","15260"
"2010-07-22","Terrapin Sands","100137","82768","17369"
"2010-07-23","Terrapin Sands","55504","46411","9093"
"2010-07-24","Terrapin Sands","95117","79303","15814"
"2010-07-25","Terrapin Sands","69252","56648","12604"
"2010-07-26","Terrapin Sands","86020","68958","17062"
"2010-07-27","Terrapin Sands","94260","74359","19901"
"2010-07-28","Terrapin Sands","62372","51543","10829"
"2010-07-29","Terrapin Sands","87649","70246","17403"
"2010-07-30","Terrapin Sands","65311","53501","11810"
"2010-07-31","Terrapin Sands","56122","45589","10533"
"2010-08-01","Terrapin Sands","112979","94935","18044"
"2010-08-02","Terrapin Sands","98078","81975","16103"
"2010-08-03","Terrapin Sands","79701","63472","16229"
"2010-08-04","Terrapin Sands","78100","66535","11565"
"2010-08-05","Terrapin Sands","125114","99974","25140"
"2010-08-06","Terrapin Sands","86068","71007","15061"
"2010-08-07","Terrapin Sands","123455","99028","24427"
"2010-08-08","Terrapin Sands","105068","87636","17432"
"2010-08-09","Terrapin Sands","110506","87972","22534"
"2010-08-10","Terrapin Sands","37715","29505","8210"
"2010-08-11","Terrapin Sands","177291","141737","35554"
"2010-08-12","Terrapin Sands","79681","64002","15679"
"2010-08-13","Terrapin Sands","101027","78263","22764"
"2010-08-14","Terrapin Sands","55093","44810","10283"
"2010-08-15","Terrapin Sands","59061","46299","12762"
"2010-08-16","Terrapin Sands","62430","50576","11854"
"2010-08-17","Terrapin Sands","27485","23251","4234"
"2010-08-18","Terrapin Sands","86540","71753","14787"
"2010-08-19","Terrapin Sands","69921","58823","11098"
"2010-08-20","Terrapin Sands","144864","108306","36558"
"2010-08-21","Terrapin Sands","77210","59349","17861"
"2010-08-22","Terrapin Sands","57944","43364","14580"
"2010-08-23","Terrapin Sands","7088","5428","1660"
"2010-08-24","Terrapin Sands","54293","47923","6370"
"2010-08-25","Terrapin Sands","52714","41447","11267"
"2010-08-26","Terrapin Sands","101387","79074","22313"
"2010-08-27","Terrapin Sands","86116","70574","15542"
"2010-08-28","Terrapin Sands","68990","56953","12037"
"2010-08-29","Terrapin Sands","106558","88028","18530"
"2010-08-30","Terrapin Sands","83211","68960","14251"
"2010-08-31","Terrapin Sands","82197","65984","16213"
"2010-09-01","Terrapin Sands","52703","43439","9264"
"2010-09-02","Terrapin Sands","111756","83554","28202"
"2010-09-03","Terrapin Sands","74741","59720","15021"
"2010-09-04","Terrapin Sands","70860","54178","16682"
"2010-09-05","Terrapin Sands","80729","64527","16202"
"2010-09-06","Terrapin Sands","71153","59040","12113"
"2010-09-07","Terrapin Sands","105068","83040","22028"
"2010-09-08","Terrapin Sands","69152","53620","15532"
"2010-09-09","Terrapin Sands","103996","84201","19795"
"2010-09-10","Terrapin Sands","65723","53771","11952"
"2010-09-11","Terrapin Sands","80501","65399","15102"
"2010-09-12","Terrapin Sands","109747","86731","23016"
"2010-09-13","Terrapin Sands","60382","47841","12541"
"2010-09-14","Terrapin Sands","120656","101186","19470"
"2010-09-15","Terrapin Sands","94900","77044","17856"
"2010-09-16","Terrapin Sands","108467","86777","21690"
"2010-09-17","Terrapin Sands","79629","64080","15549"
"2010-09-18","Terrapin Sands","82019","65157","16862"
"2010-09-19","Terrapin Sands","82919","68087","14832"
"2010-09-20","Terrapin Sands","136794","108614","28180"
"2010-09-21","Terrapin Sands","68800","54124","14676"
"2010-09-22","Terrapin Sands","82969","65988","16981"
"2010-09-23","Terrapin Sands","66660","56080","10580"
"2010-09-24","Terrapin Sands","69630","56231","13399"
"2010-09-25","Terrapin Sands","27736","18821","8915"
"2010-09-26","Terrapin Sands","147376","115829","31547"
"2010-09-27","Terrapin Sands","101055","84996","16059"
"2010-09-28","Terrapin Sands","76311","59882","16429"
"2010-09-29","Terrapin Sands","45663","37748","7915"
"2010-09-30","Terrapin Sands","109797","85456","24341"
"2010-10-01","Terrapin Sands","56433","48217","8216"
"2010-10-02","Terrapin Sands","90168","73167","17001"
"2010-10-03","Terrapin Sands","34885","25528","9357"
"2010-10-04","Terrapin Sands","85441","69902","15539"
"2010-10-05","Terrapin Sands","57823","48506","9317"
"2010-10-06","Terrapin Sands","64820","55857","8963"
"2010-10-07","Terrapin Sands","48193","38441","9752"
"2010-10-08","Terrapin Sands","84951","65818","19133"
"2010-10-09","Terrapin Sands","96359","75941","20418"
"2010-10-10","Terrapin Sands","29657","23776","5881"
"2010-10-11","Terrapin Sands","96609","74866","21743"
"2010-10-12","Terrapin Sands","78620","61641","16979"
"2010-10-13","Terrapin Sands","138365","114712","23653"
"2010-10-14","Terrapin Sands","102728","82649","20079"
"2010-10-15","Terrapin Sands","126486","103496","22990"
"2010-10-16","Terrapin Sands","119615","96949","22666"
"2010-10-17","Terrapin Sands","55923","42597","13326"
"2010-10-18","Terrapin Sands","119834","98304","21530"
"2010-10-19","Terrapin Sands","61233","49078","12155"
"2010-10-20","Terrapin Sands","37026","29994","7032"
"2010-10-21","Terrapin Sands","56293","44575","11718"
"2010-10-22","Terrapin Sands","57353","47210","10143"
"2010-10-23","Terrapin Sands","55753","44615","11138"
"2010-10-24","Terrapin Sands","87490","67910","19580"
"2010-10-25","Terrapin Sands","93115","75407","17708"
"2010-10-26","Terrapin Sands","142911","112717","30194"
"2010-10-27","Terrapin Sands","84406","70317","14089"
"2010-10-28","Terrapin Sands","75739","60837","14902"
"2010-10-29","Terrapin Sands","72389","62781","9608"
"2010-10-30","Terrapin Sands","96738","76719","20019"
"2010-10-31","Terrapin Sands","88499","73893","14606"
"2010-11-01","Terrapin Sands","109647","87072","22575"
"2010-11-02","Terrapin Sands","89579","73864","15715"
"2010-11-03","Terrapin Sands","172520","147394","25126"
"2010-11-04","Terrapin Sands","47231","38422","8809"
"2010-11-05","Terrapin Sands","60774","47562","13212"
"2010-11-06","Terrapin Sands","53603","44019","9584"
"2010-11-07","Terrapin Sands","72890","56931","15959"
"2010-11-08","Terrapin Sands","56631","42982","13649"
"2010-11-09","Terrapin Sands","52715","38772","13943"
"2010-11-10","Terrapin Sands","105476","80619","24857"
"2010-11-11","Terrapin Sands","87968","68221","19747"
"2010-11-12","Terrapin Sands","101988","83440","18548"
"2010-11-13","Terrapin Sands","90789","74940","15849"
"2010-11-14","Terrapin Sands","48974","40742","8232"
"2010-11-15","Terrapin Sands","74710","57937","16773"
"2010-11-16","Terrapin Sands","70771","58487","12284"
"2010-11-17","Terrapin Sands","50794","44690","6104"
"2010-11-18","Terrapin Sands","95409","76461","18948"
"2010-11-19","Terrapin Sands","115128","96985","18143"
"2010-11-20","Terrapin Sands","89189","77797","11392"
"2010-11-21","Terrapin Sands","51154","42119","9035"
"2010-11-22","Terrapin Sands","66700","52494","14206"
"2010-11-23","Terrapin Sands","94819","79568","15251"
"2010-11-24","Terrapin Sands","119006","90708","28298"
"2010-11-25","Terrapin Sands","66711","54807","11904"
"2010-11-26","Terrapin Sands","60623","49397","11226"
"2010-11-27","Terrapin Sands","77382","55571","21811"
"2010-11-28","Terrapin Sands","44294","35516","8778"
"2010-11-29","Terrapin Sands","53244","42162","11082"
"2010-11-30","Terrapin Sands","83488","67809","15679"
"2010-12-01","Terrapin Sands","82308","67514","14794"
"2010-12-02","Terrapin Sands","120598","95345","25253"
"2010-12-03","Terrapin Sands","42784","35558","7226"
"2010-12-04","Terrapin Sands","117035","95668","21367"
"2010-12-05","Terrapin Sands","81989","64670","17319"
"2010-12-06","Terrapin Sands","47223","38140","9083"
"2010-12-07","Terrapin Sands","65191","53649","11542"
"2010-12-08","Terrapin Sands","105066","82875","22191"
"2010-12-09","Terrapin Sands","71161","59671","11490"
"2010-12-10","Terrapin Sands","111339","83691","27648"
"2010-12-11","Terrapin Sands","65462","51704","13758"
"2010-12-12","Terrapin Sands","76841","63877","12964"
"2010-12-13","Terrapin Sands","100598","83372","17226"
"2010-12-14","Terrapin Sands","45835","38528","7307"
"2010-12-15","Terrapin Sands","101298","79536","21762"
"2010-12-16","Terrapin Sands","78031","61156","16875"
"2010-12-17","Terrapin Sands","115383","98333","17050"
"2010-12-18","Terrapin Sands","99468","81479","17989"
"2010-12-19","Terrapin Sands","59430","50708","8722"
"2010-12-20","Terrapin Sands","83229","68759","14470"
"2010-12-21","Terrapin Sands","103778","87671","16107"
"2010-12-22","Terrapin Sands","156862","125494","31368"
"2010-12-23","Terrapin Sands","125396","102337","23059"
"2010-12-24","Terrapin Sands","93489","74062","19427"
"2010-12-25","Terrapin Sands","40854","31940","8914"
"2010-12-26","Terrapin Sands","91936","73367","18569"
"2010-12-27","Terrapin Sands","127415","97337","30078"
"2010-12-28","Terrapin Sands","93199","74597","18602"
"2010-12-29","Terrapin Sands","138363","114256","24107"
"2010-12-30","Terrapin Sands","18298","15355","2943"
"2010-12-31","Terrapin Sands","104588","86325","18263"
"2011-01-01","Terrapin Sands","103988","83069","20919"
"2011-01-02","Terrapin Sands","96617","83024","13593"
"2011-01-03","Terrapin Sands","77979","60177","17802"
"2011-01-04","Terrapin Sands","57091","48300","8791"
"2011-01-05","Terrapin Sands","52254","38071","14183"
"2011-01-06","Terrapin Sands","98128","82048","16080"
"2011-01-07","Terrapin Sands","122077","97247","24830"
"2011-01-08","Terrapin Sands","157268","129603","27665"
"2011-01-09","Terrapin Sands","111787","90684","21103"
"2011-01-10","Terrapin Sands","90367","78421","11946"
"2011-01-11","Terrapin Sands","42833","33550","9283"
"2011-01-12","Terrapin Sands","56403","45131","11272"
"2011-01-13","Terrapin Sands","58160","45838","12322"
"2011-01-14","Terrapin Sands","84871","65970","18901"
"2011-01-15","Terrapin Sands","99328","77837","21491"
"2011-01-16","Terrapin Sands","125656","103639","22017"
"2011-01-17","Terrapin Sands","120495","92675","27820"
"2011-01-18","Terrapin Sands","127004","101580","25424"
"2011-01-19","Terrapin Sands","138823","107681","31142"
"2011-01-20","Terrapin Sands","89289","73132","16157"
"2011-01-21","Terrapin Sands","87560","70945","16615"
"2011-01-22","Terrapin Sands","102386","80138","22248"
"2011-01-23","Terrapin Sands","68982","52860","16122"
"2011-01-24","Terrapin Sands","85209","68918","16291"
"2011-01-25","Terrapin Sands","93707","75169","18538"
"2011-01-26","Terrapin Sands","95307","79606","15701"
"2011-01-27","Terrapin Sands","54573","44320","10253"
"2011-01-28","Terrapin Sands","59141","46267","12874"
"2011-01-29","Terrapin Sands","94407","75708","18699"
"2011-01-30","Terrapin Sands","91598","69870","21728"
"2011-01-31","Terrapin Sands","181580","146254","35326"
"2011-02-01","Terrapin Sands","76030","62865","13165"
"2011-02-02","Terrapin Sands","118955","97242","21713"
"2011-02-03","Terrapin Sands","83129","65731","17398"
"2011-02-04","Terrapin Sands","109406","85516","23890"
"2011-02-05","Terrapin Sands","73352","54317","19035"
"2011-02-06","Terrapin Sands","92082","69412","22670"
"2011-02-07","Terrapin Sands","79570","62472","17098"
"2011-02-08","Terrapin Sands","54912","45864","9048"
"2011-02-09","Terrapin Sands","62541","49728","12813"
"2011-02-10","Terrapin Sands","37254","29787","7467"
"2011-02-11","Terrapin Sands","98854","81890","16964"
"2011-02-12","Terrapin Sands","87670","69271","18399"
"2011-02-13","Terrapin Sands","64191","53631","10560"
"2011-02-14","Terrapin Sands","97329","82039","15290"
"2011-02-15","Terrapin Sands","76150","65535","10615"
"2011-02-16","Terrapin Sands","80210","62845","17365"
"2011-02-17","Terrapin Sands","39543","32950","6593"
"2011-02-18","Terrapin Sands","108517","87249","21268"
"2011-02-19","Terrapin Sands","88097","70652","17445"
"2011-02-20","Terrapin Sands","53363","41160","12203"
"2011-02-21","Terrapin Sands","146834","119737","27097"
"2011-02-22","Terrapin Sands","65172","52434","12738"
"2011-02-23","Terrapin Sands","121577","99835","21742"
"2011-02-24","Terrapin Sands","94668","76811","17857"
"2011-02-25","Terrapin Sands","119214","101025","18189"
"2011-02-26","Terrapin Sands","23736","20249","3487"
"2011-02-27","Terrapin Sands","127655","105013","22642"
"2011-02-28","Terrapin Sands","71192","57079","14113"
"2011-03-01","Terrapin Sands","142844","115051","27793"
"2011-03-02","Terrapin Sands","74761","57609","17152"
"2011-03-03","Terrapin Sands","99145","84438","14707"
"2011-03-04","Terrapin Sands","92386","72756","19630"
"2011-03-05","Terrapin Sands","72049","57959","14090"
"2011-03-06","Terrapin Sands","113848","92162","21686"
"2011-03-07","Terrapin Sands","141972","120116","21856"
"2011-03-08","Terrapin Sands","95079","78807","16272"
"2011-03-09","Terrapin Sands","124306","96395","27911"
"2011-03-10","Terrapin Sands","107767","90392","17375"
"2011-03-11","Terrapin Sands","126095","103316","22779"
"2011-03-12","Terrapin Sands","91107","78124","12983"
"2011-03-13","Terrapin Sands","84440","68090","16350"
"2011-03-14","Terrapin Sands","136222","115413","20809"
"2011-03-15","Terrapin Sands","117066","93762","23304"
"2011-03-16","Terrapin Sands","78708","62329","16379"
"2011-03-17","Terrapin Sands","97897","79718","18179"
"2011-03-18","Terrapin Sands","111426","92525","18901"
"2011-03-19","Terrapin Sands","86129","72286","13843"
"2011-03-20","Terrapin Sands","133293","104372","28921"
"2011-03-21","Terrapin Sands","55243","40716","14527"
"2011-03-22","Terrapin Sands","91210","69150","22060"
"2011-03-23","Terrapin Sands","116077","92779","23298"
"2011-03-24","Terrapin Sands","52413","42707","9706"
"2011-03-25","Terrapin Sands","51332","40693","10639"
"2011-03-26","Terrapin Sands","92117","71796","20321"
"2011-03-27","Terrapin Sands","63121","48398","14723"
"2011-03-28","Terrapin Sands","106006","79084","26922"
"2011-03-29","Terrapin Sands","96290","84988","11302"
"2011-03-30","Terrapin Sands","33766","26512","7254"
"2011-03-31","Terrapin Sands","129034","107294","21740"
"2011-04-01","Terrapin Sands","177029","143973","33056"
"2011-04-02","Terrapin Sands","105517","84204","21313"
"2011-04-03","Terrapin Sands","126347","102429","23918"
"2011-04-04","Terrapin Sands","87589","69859","17730"
"2011-04-05","Terrapin Sands","103507","84273","19234"
"2011-04-06","Terrapin Sands","139083","112080","27003"
"2011-04-07","Terrapin Sands","100315","78101","22214"
"2011-04-08","Terrapin Sands","77480","60277","17203"
"2011-04-09","Terrapin Sands","103087","85512","17575"
"2011-04-10","Terrapin Sands","106518","80785","25733"
"2011-04-11","Terrapin Sands","94069","74182","19887"
"2011-04-12","Terrapin Sands","98718","77935","20783"
"2011-04-13","Terrapin Sands","84118","65849","18269"
"2011-04-14","Terrapin Sands","145163","117146","28017"
"2011-04-15","Terrapin Sands","71412","57375","14037"
"2011-04-16","Terrapin Sands","151041","126324","24717"
"2011-04-17","Terrapin Sands","53042","44983","8059"
"2011-04-18","Terrapin Sands","69880","54110","15770"
"2011-04-19","Terrapin Sands","160972","127712","33260"
"2011-04-20","Terrapin Sands","139544","110614","28930"
"2011-04-21","Terrapin Sands","135074","108883","26191"
"2011-04-22","Terrapin Sands","83050","64432","18618"
"2011-04-23","Terrapin Sands","143711","115918","27793"
"2011-04-24","Terrapin Sands","89347","73886","15461"
"2011-04-25","Terrapin Sands","106806","80782","26024"
"2011-04-26","Terrapin Sands","49234","37669","11565"
"2011-04-27","Terrapin Sands","141111","111999","29112"
"2011-04-28","Terrapin Sands","90049","74053","15996"
"2011-04-29","Terrapin Sands","108075","82736","25339"
"2011-04-30","Terrapin Sands","76161","60496","15665"
"2011-05-01","Terrapin Sands","105697","88976","16721"
"2011-05-02","Terrapin Sands","83790","66738","17052"
"2011-05-03","Terrapin Sands","94690","78239","16451"
"2011-05-04","Terrapin Sands","59372","46806","12566"
"2011-05-05","Terrapin Sands","65713","57844","7869"
"2011-05-06","Terrapin Sands","77859","63915","13944"
"2011-05-07","Terrapin Sands","133674","104010","29664"
"2011-05-08","Terrapin Sands","64511","53024","11487"
"2011-05-09","Terrapin Sands","93870","74309","19561"
"2011-05-10","Terrapin Sands","82350","63886","18464"
"2011-05-11","Terrapin Sands","100189","87730","12459"
"2011-05-12","Terrapin Sands","82141","63910","18231"
"2011-05-13","Terrapin Sands","91939","77469","14470"
"2011-05-14","Terrapin Sands","53332","40625","12707"
"2011-05-15","Terrapin Sands","90259","70064","20195"
"2011-05-16","Terrapin Sands","176119","141509","34610"
"2011-05-17","Terrapin Sands","64213","50533","13680"
"2011-05-18","Terrapin Sands","130543","104639","25904"
"2011-05-19","Terrapin Sands","47664","37324","10340"
"2011-05-20","Terrapin Sands","68212","54905","13307"
"2011-05-21","Terrapin Sands","154085","124014","30071"
"2011-05-22","Terrapin Sands","127446","104280","23166"
"2011-05-23","Terrapin Sands","65301","53984","11317"
"2011-05-24","Terrapin Sands","35515","28658","6857"
"2011-05-25","Terrapin Sands","87178","75735","11443"
"2011-05-26","Terrapin Sands","30294","24834","5460"
"2011-05-27","Terrapin Sands","107986","91299","16687"
"2011-05-28","Terrapin Sands","111453","93863","17590"
"2011-05-29","Terrapin Sands","161157","134297","26860"
"2011-05-30","Terrapin Sands","93591","76167","17424"
"2011-05-31","Terrapin Sands","88898","71666","17232"
"2011-06-01","Terrapin Sands","125515","99023","26492"
"2011-06-02","Terrapin Sands","167071","136084","30987"
"2011-06-03","Terrapin Sands","71350","59634","11716"
"2011-06-04","Terrapin Sands","165638","127158","38480"
"2011-06-05","Terrapin Sands","143212","118486","24726"
"2011-06-06","Terrapin Sands","102507","85040","17467"
"2011-06-07","Terrapin Sands","87569","73883","13686"
"2011-06-08","Terrapin Sands","128656","103507","25149"
"2011-06-09","Terrapin Sands","86378","72339","14039"
"2011-06-10","Terrapin Sands","58110","46771","11339"
"2011-06-11","Terrapin Sands","91848","72688","19160"
"2011-06-12","Terrapin Sands","125934","105152","20782"
"2011-06-13","Terrapin Sands","100577","80757","19820"
"2011-06-14","Terrapin Sands","115483","96466","19017"
"2011-06-15","Terrapin Sands","125745","100865","24880"
"2011-06-16","Terrapin Sands","85278","68450","16828"
"2011-06-17","Terrapin Sands","95138","77322","17816"
"2011-06-18","Terrapin Sands","117107","92036","25071"
"2011-06-19","Terrapin Sands","72709","59352","13357"
"2011-06-20","Terrapin Sands","115377","91533","23844"
"2011-06-21","Terrapin Sands","93759","72779","20980"
"2011-06-22","Terrapin Sands","151642","123972","27670"
"2011-06-23","Terrapin Sands","62390","51563","10827"
"2011-06-24","Terrapin Sands","93868","71860","22008"
"2011-06-25","Terrapin Sands","138792","110374","28418"
"2011-06-26","Terrapin Sands","108056","91906","16150"
"2011-06-27","Terrapin Sands","88310","72924","15386"
"2011-06-28","Terrapin Sands","131613","106099","25514"
"2011-06-29","Terrapin Sands","67721","57261","10460"
"2011-06-30","Terrapin Sands","80328","66077","14251"
"2011-07-01","Terrapin Sands","88748","69792","18956"
"2011-07-02","Terrapin Sands","113906","92695","21211"
"2011-07-03","Terrapin Sands","144303","123867","20436"
"2011-07-04","Terrapin Sands","109107","90430","18677"
"2011-07-05","Terrapin Sands","74950","58418","16532"
"2011-07-06","Terrapin Sands","70233","55672","14561"
"2011-07-07","Terrapin Sands","105208","87688","17520"
"2011-07-08","Terrapin Sands","105448","85518","19930"
"2011-07-09","Terrapin Sands","102937","83659","19278"
"2011-07-10","Terrapin Sands","140372","113449","26923"
"2011-07-11","Terrapin Sands","102819","81889","20930"
"2011-07-12","Terrapin Sands","125880","106794","19086"
"2011-07-13","Terrapin Sands","67432","60343","7089"
"2011-07-14","Terrapin Sands","111247","94042","17205"
"2011-07-15","Terrapin Sands","116036","94284","21752"
"2011-07-16","Terrapin Sands","95879","79226","16653"
"2011-07-17","Terrapin Sands","113246","92098","21148"
"2011-07-18","Terrapin Sands","119847","101201","18646"
"2011-07-19","Terrapin Sands","37925","29499","8426"
"2011-07-20","Terrapin Sands","109066","87432","21634"
"2011-07-21","Terrapin Sands","105917","82515","23402"
"2011-07-22","Terrapin Sands","185718","149974","35744"
"2011-07-23","Terrapin Sands","78870","65738","13132"
"2011-07-24","Terrapin Sands","91349","71717","19632"
"2011-07-25","Terrapin Sands","111946","93291","18655"
"2011-07-26","Terrapin Sands","149441","113599","35842"
"2011-07-27","Terrapin Sands","137812","113039","24773"
"2011-07-28","Terrapin Sands","161430","126428","35002"
"2011-07-29","Terrapin Sands","120935","100105","20830"
"2011-07-30","Terrapin Sands","78608","65822","12786"
"2011-07-31","Terrapin Sands","130614","108162","22452"
"2011-08-01","Terrapin Sands","87078","68724","18354"
"2011-08-02","Terrapin Sands","133006","108983","24023"
"2011-08-03","Terrapin Sands","86318","70065","16253"
"2011-08-04","Terrapin Sands","140123","116523","23600"
"2011-08-05","Terrapin Sands","115156","93768","21388"
"2011-08-06","Terrapin Sands","119556","92879","26677"
"2011-08-07","Terrapin Sands","104849","79735","25114"
"2011-08-08","Terrapin Sands","80809","64375","16434"
"2011-08-09","Terrapin Sands","160461","129677","30784"
"2011-08-10","Terrapin Sands","102167","84235","17932"
"2011-08-11","Terrapin Sands","82930","66057","16873"
"2011-08-12","Terrapin Sands","98568","80413","18155"
"2011-08-13","Terrapin Sands","127096","95301","31795"
"2011-08-14","Terrapin Sands","155931","121246","34685"
"2011-08-15","Terrapin Sands","212067","168720","43347"
"2011-08-16","Terrapin Sands","89328","72671","16657"
"2011-08-17","Terrapin Sands","72300","57096","15204"
"2011-08-18","Terrapin Sands","145482","122593","22889"
"2011-08-19","Terrapin Sands","84849","69355","15494"
"2011-08-20","Terrapin Sands","163490","128218","35272"
"2011-08-21","Terrapin Sands","170480","141075","29405"
"2011-08-22","Terrapin Sands","145671","119631","26040"
"2011-08-23","Terrapin Sands","85270","67947","17323"
"2011-08-24","Terrapin Sands","152073","129541","22532"
"2011-08-25","Terrapin Sands","96478","75447","21031"
"2011-08-26","Terrapin Sands","122694","99950","22744"
"2011-08-27","Terrapin Sands","141124","108392","32732"
"2011-08-28","Terrapin Sands","81817","61640","20177"
"2011-08-29","Terrapin Sands","126207","98002","28205"
"2011-08-30","Terrapin Sands","123965","98684","25281"
"2011-08-31","Terrapin Sands","99288","81202","18086"
"2011-09-01","Terrapin Sands","130485","108205","22280"
"2011-09-02","Terrapin Sands","123295","98162","25133"
"2011-09-03","Terrapin Sands","138430","109484","28946"
"2011-09-04","Terrapin Sands","64603","47805","16798"
"2011-09-05","Terrapin Sands","165780","133070","32710"
"2011-09-06","Terrapin Sands","121334","99599","21735"
"2011-09-07","Terrapin Sands","87498","72081","15417"
"2011-09-08","Terrapin Sands","149893","114410","35483"
"2011-09-09","Terrapin Sands","176318","143527","32791"
"2011-09-10","Terrapin Sands","141945","115546","26399"
"2011-09-11","Terrapin Sands","88730","72298","16432"
"2011-09-12","Terrapin Sands","115234","93829","21405"
"2011-09-13","Terrapin Sands","127262","101860","25402"
"2011-09-14","Terrapin Sands","109338","85466","23872"
"2011-09-15","Terrapin Sands","142764","111842","30922"
"2011-09-16","Terrapin Sands","107416","82942","24474"
"2011-09-17","Terrapin Sands","117976","96607","21369"
"2011-09-18","Terrapin Sands","103766","80401","23365"
"2011-09-19","Terrapin Sands","120846","97922","22924"
"2011-09-20","Terrapin Sands","176597","139015","37582"
"2011-09-21","Terrapin Sands","84839","69402","15437"
"2011-09-22","Terrapin Sands","85290","70769","14521"
"2011-09-23","Terrapin Sands","117405","91646","25759"
"2011-09-24","Terrapin Sands","147762","117371","30391"
"2011-09-25","Terrapin Sands","116424","93535","22889"
"2011-09-26","Terrapin Sands","145400","114819","30581"
"2011-09-27","Terrapin Sands","39315","33157","6158"
"2011-09-28","Terrapin Sands","151202","120947","30255"
"2011-09-29","Terrapin Sands","137480","112908","24572"
"2011-09-30","Terrapin Sands","77728","66063","11665"
"2011-10-01","Terrapin Sands","106147","85642","20505"
"2011-10-02","Terrapin Sands","118696","94881","23815"
"2011-10-03","Terrapin Sands","108184","91375","16809"
"2011-10-04","Terrapin Sands","151571","120981","30590"
"2011-10-05","Terrapin Sands","161082","129981","31101"
"2011-10-06","Terrapin Sands","122762","100478","22284"
"2011-10-07","Terrapin Sands","110716","92524","18192"
"2011-10-08","Terrapin Sands","123465","100045","23420"
"2011-10-09","Terrapin Sands","150921","122369","28552"
"2011-10-10","Terrapin Sands","81649","65420","16229"
"2011-10-11","Terrapin Sands","118336","92673","25663"
"2011-10-12","Terrapin Sands","119136","100801","18335"
"2011-10-13","Terrapin Sands","73668","57950","15718"
"2011-10-14","Terrapin Sands","74898","61865","13033"
"2011-10-15","Terrapin Sands","117447","98560","18887"
"2011-10-16","Terrapin Sands","116738","94252","22486"
"2011-10-17","Terrapin Sands","73930","61456","12474"
"2011-10-18","Terrapin Sands","111866","87736","24130"
"2011-10-19","Terrapin Sands","99496","82295","17201"
"2011-10-20","Terrapin Sands","150993","119456","31537"
"2011-10-21","Terrapin Sands","103667","85173","18494"
"2011-10-22","Terrapin Sands","65523","53951","11572"
"2011-10-23","Terrapin Sands","146383","119182","27201"
"2011-10-24","Terrapin Sands","173410","137849","35561"
"2011-10-25","Terrapin Sands","147520","115868","31652"
"2011-10-26","Terrapin Sands","162190","133243","28947"
"2011-10-27","Terrapin Sands","56501","48267","8234"
"2011-10-28","Terrapin Sands","115674","93154","22520"
"2011-10-29","Terrapin Sands","97866","82531","15335"
"2011-10-30","Terrapin Sands","168930","131092","37838"
"2011-10-31","Terrapin Sands","83528","67043","16485"
"2011-11-01","Terrapin Sands","105376","87397","17979"
"2011-11-02","Terrapin Sands","125645","100882","24763"
"2011-11-03","Terrapin Sands","78390","59865","18525"
"2011-11-04","Terrapin Sands","99588","77558","22030"
"2011-11-05","Terrapin Sands","118151","98772","19379"
"2011-11-06","Terrapin Sands","115655","93873","21782"
"2011-11-07","Terrapin Sands","127555","101869","25686"
"2011-11-08","Terrapin Sands","136726","112939","23787"
"2011-11-09","Terrapin Sands","129404","107159","22245"
"2011-11-10","Terrapin Sands","104267","81211","23056"
"2011-11-11","Terrapin Sands","220376","180627","39749"
"2011-11-12","Terrapin Sands","113088","87131","25957"
"2011-11-13","Terrapin Sands","99608","85906","13702"
"2011-11-14","Terrapin Sands","128314","100432","27882"
"2011-11-15","Terrapin Sands","170609","137892","32717"
"2011-11-16","Terrapin Sands","118436","91540","26896"
"2011-11-17","Terrapin Sands","107075","88286","18789"
"2011-11-18","Terrapin Sands","52053","40839","11214"
"2011-11-19","Terrapin Sands","58071","48833","9238"
"2011-11-20","Terrapin Sands","137272","113079","24193"
"2011-11-21","Terrapin Sands","99340","81789","17551"
"2011-11-22","Terrapin Sands","118553","98304","20249"
"2011-11-23","Terrapin Sands","149121","121558","27563"
"2011-11-24","Terrapin Sands","120846","96954","23892"
"2011-11-25","Terrapin Sands","159382","125383","33999"
"2011-11-26","Terrapin Sands","104628","82739","21889"
"2011-11-27","Terrapin Sands","88576","69288","19288"
"2011-11-28","Terrapin Sands","117336","97550","19786"
"2011-11-29","Terrapin Sands","120866","94384","26482"
"2011-11-30","Terrapin Sands","139604","114923","24681"
"2011-12-01","Terrapin Sands","101518","78826","22692"
"2011-12-02","Terrapin Sands","86608","70835","15773"
"2011-12-03","Terrapin Sands","122143","99440","22703"
"2011-12-04","Terrapin Sands","104107","82459","21648"
"2011-12-05","Terrapin Sands","87880","72855","15025"
"2011-12-06","Terrapin Sands","92796","72194","20602"
"2011-12-07","Terrapin Sands","52362","42666","9696"
"2011-12-08","Terrapin Sands","145233","119844","25389"
"2011-12-09","Terrapin Sands","117726","88663","29063"
"2011-12-10","Terrapin Sands","113567","90308","23259"
"2011-12-11","Terrapin Sands","92999","75620","17379"
"2011-12-12","Terrapin Sands","129862","107297","22565"
"2011-12-13","Terrapin Sands","120655","99105","21550"
"2011-12-14","Terrapin Sands","123385","100496","22889"
"2011-12-15","Terrapin Sands","60659","48995","11664"
"2011-12-16","Terrapin Sands","142762","114526","28236"
"2011-12-17","Terrapin Sands","97649","79092","18557"
"2011-12-18","Terrapin Sands","158233","125322","32911"
"2011-12-19","Terrapin Sands","86278","67462","18816"
"2011-12-20","Terrapin Sands","172808","142359","30449"
"2011-12-21","Terrapin Sands","109815","86781","23034"
"2011-12-22","Terrapin Sands","77512","65008","12504"
"2011-12-23","Terrapin Sands","99638","81303","18335"
"2011-12-24","Terrapin Sands","104960","83079","21881"
"2011-12-25","Terrapin Sands","97553","77383","20170"
"2011-12-26","Terrapin Sands","108298","91416","16882"
"2011-12-27","Terrapin Sands","192458","157192","35266"
"2011-12-28","Terrapin Sands","133275","101890","31385"
"2011-12-29","Terrapin Sands","115227","95228","19999"
"2011-12-30","Terrapin Sands","125545","95792","29753"
"2011-12-31","Terrapin Sands","99476","75972","23504"
"2012-01-01","Terrapin Sands","183298","148703","34595"
"2012-01-02","Terrapin Sands","115953","91258","24695"
"2012-01-03","Terrapin Sands","120137","100749","19388"
"2012-01-04","Terrapin Sands","129183","105788","23395"
"2012-01-05","Terrapin Sands","165749","132476","33273"
"2012-01-06","Terrapin Sands","180789","150625","30164"
"2012-01-07","Terrapin Sands","176661","145201","31460"
"2012-01-08","Terrapin Sands","144142","121150","22992"
"2012-01-09","Terrapin Sands","99476","77735","21741"
"2012-01-10","Terrapin Sands","157611","127564","30047"
"2012-01-11","Terrapin Sands","111413","90762","20651"
"2012-01-12","Terrapin Sands","255888","208470","47418"
"2012-01-13","Terrapin Sands","142500","116840","25660"
"2012-01-14","Terrapin Sands","173807","144461","29346"
"2012-01-15","Terrapin Sands","145720","122684","23036"
"2012-01-16","Terrapin Sands","174897","142384","32513"
"2012-01-17","Terrapin Sands","202022","157616","44406"
"2012-01-18","Terrapin Sands","161941","124156","37785"
"2012-01-19","Terrapin Sands","104977","85300","19677"
"2012-01-20","Terrapin Sands","186222","157535","28687"
"2012-01-21","Terrapin Sands","201197","156342","44855"
"2012-01-22","Terrapin Sands","150511","118529","31982"
"2012-01-23","Terrapin Sands","160109","129210","30899"
"2012-01-24","Terrapin Sands","237272","198605","38667"
"2012-01-25","Terrapin Sands","121835","93831","28004"
"2012-01-26","Terrapin Sands","117976","96607","21369"
"2012-01-27","Terrapin Sands","201335","163157","38178"
"2012-01-28","Terrapin Sands","176748","139189","37559"
"2012-01-29","Terrapin Sands","90397","71436","18961"
"2012-01-30","Terrapin Sands","155819","126467","29352"
"2012-01-31","Terrapin Sands","180279","146310","33969"
"2012-02-01","Terrapin Sands","167469","135980","31489"
"2012-02-02","Terrapin Sands","128521","101985","26536"
"2012-02-03","Terrapin Sands","204508","159577","44931"
"2012-02-04","Terrapin Sands","232633","178480","54153"
"2012-02-05","Terrapin Sands","95203","78931","16272"
"2012-02-06","Terrapin Sands","216271","176916","39355"
"2012-02-07","Terrapin Sands","171688","141218","30470"
"2012-02-08","Terrapin Sands","155052","121720","33332"
"2012-02-09","Terrapin Sands","202864","164786","38078"
"2012-02-10","Terrapin Sands","133554","111510","22044"
"2012-02-11","Terrapin Sands","243269","201193","42076"
"2012-02-12","Terrapin Sands","187357","152493","34864"
"2012-02-13","Terrapin Sands","141532","112126","29406"
"2012-02-14","Terrapin Sands","155979","127173","28806"
"2012-02-15","Terrapin Sands","204264","168967","35297"
"2012-02-16","Terrapin Sands","131104","105318","25786"
"2012-02-17","Terrapin Sands","177395","146109","31286"
"2012-02-18","Terrapin Sands","206223","164377","41846"
"2012-02-19","Terrapin Sands","166848","135042","31806"
"2012-02-20","Terrapin Sands","163963","134192","29771"
"2012-02-21","Terrapin Sands","126364","103188","23176"
"2012-02-22","Terrapin Sands","155672","119807","35865"
"2012-02-23","Terrapin Sands","199516","151961","47555"
"2012-02-24","Terrapin Sands","134551","114279","20272"
"2012-02-25","Terrapin Sands","153372","127386","25986"
"2012-02-26","Terrapin Sands","172728","140708","32020"
"2012-02-27","Terrapin Sands","204362","169449","34913"
"2012-02-28","Terrapin Sands","110217","82347","27870"
"2012-02-29","Terrapin Sands","97988","75118","22870"
"2012-03-01","Terrapin Sands","165308","134128","31180"
"2012-03-02","Terrapin Sands","109524","87166","22358"
"2012-03-03","Terrapin Sands","167779","139534","28245"
"2012-03-04","Terrapin Sands","146369","117086","29283"
"2012-03-05","Terrapin Sands","125474","101896","23578"
"2012-03-06","Terrapin Sands","200885","162170","38715"
"2012-03-07","Terrapin Sands","125412","102686","22726"
"2012-03-08","Terrapin Sands","119405","99089","20316"
"2012-03-09","Terrapin Sands","193537","165196","28341"
"2012-03-10","Terrapin Sands","139332","110385","28947"
"2012-03-11","Terrapin Sands","227350","181279","46071"
"2012-03-12","Terrapin Sands","94118","74636","19482"
"2012-03-13","Terrapin Sands","163739","132429","31310"
"2012-03-14","Terrapin Sands","104270","81207","23063"
"2012-03-15","Terrapin Sands","119146","95135","24011"
"2012-03-16","Terrapin Sands","153370","122294","31076"
"2012-03-17","Terrapin Sands","170327","134869","35458"
"2012-03-18","Terrapin Sands","182598","142725","39873"
"2012-03-19","Terrapin Sands","205265","160731","44534"
"2012-03-20","Terrapin Sands","140409","112529","27880"
"2012-03-21","Terrapin Sands","167250","137885","29365"
"2012-03-22","Terrapin Sands","204327","163824","40503"
"2012-03-23","Terrapin Sands","187058","150902","36156"
"2012-03-24","Terrapin Sands","159919","124035","35884"
"2012-03-25","Terrapin Sands","191158","152946","38212"
"2012-03-26","Terrapin Sands","194256","150607","43649"
"2012-03-27","Terrapin Sands","158559","127274","31285"
"2012-03-28","Terrapin Sands","199226","159829","39397"
"2012-03-29","Terrapin Sands","141181","114568","26613"
"2012-03-30","Terrapin Sands","127786","106234","21552"
"2012-03-31","Terrapin Sands","150232","116353","33879"
"2012-04-01","Terrapin Sands","203536","159384","44152"
"2012-04-02","Terrapin Sands","135471","108454","27017"
"2012-04-03","Terrapin Sands","144089","120374","23715"
"2012-04-04","Terrapin Sands","279719","226667","53052"
"2012-04-05","Terrapin Sands","196344","153735","42609"
"2012-04-06","Terrapin Sands","196746","156165","40581"
"2012-04-07","Terrapin Sands","211885","173330","38555"
"2012-04-08","Terrapin Sands","161168","125167","36001"
"2012-04-09","Terrapin Sands","162420","133273","29147"
"2012-04-10","Terrapin Sands","210314","172817","37497"
"2012-04-11","Terrapin Sands","169289","140199","29090"
"2012-04-12","Terrapin Sands","135723","110408","25315"
"2012-04-13","Terrapin Sands","160208","132015","28193"
"2012-04-14","Terrapin Sands","221272","178090","43182"
"2012-04-15","Terrapin Sands","229831","188347","41484"
"2012-04-16","Terrapin Sands","110686","87662","23024"
"2012-04-17","Terrapin Sands","135589","110182","25407"
"2012-04-18","Terrapin Sands","175008","139837","35171"
"2012-04-19","Terrapin Sands","145941","113293","32648"
"2012-04-20","Terrapin Sands","194925","158520","36405"
"2012-04-21","Terrapin Sands","220655","179233","41422"
"2012-04-22","Terrapin Sands","180138","140505","39633"
"2012-04-23","Terrapin Sands","165737","140468","25269"
"2012-04-24","Terrapin Sands","145618","116913","28705"
"2012-04-25","Terrapin Sands","216015","181429","34586"
"2012-04-26","Terrapin Sands","172588","139004","33584"
"2012-04-27","Terrapin Sands","204483","159135","45348"
"2012-04-28","Terrapin Sands","143969","120580","23389"
"2012-04-29","Terrapin Sands","140865","112090","28775"
"2012-04-30","Terrapin Sands","155321","129262","26059"
"2012-05-01","Terrapin Sands","234954","192183","42771"
"2012-05-02","Terrapin Sands","207282","164881","42401"
"2012-05-03","Terrapin Sands","184571","151057","33514"
"2012-05-04","Terrapin Sands","229942","189932","40010"
"2012-05-05","Terrapin Sands","240410","195192","45218"
"2012-05-06","Terrapin Sands","264551","203287","61264"
"2012-05-07","Terrapin Sands","179646","142373","37273"
"2012-05-08","Terrapin Sands","155902","124399","31503"
"2012-05-09","Terrapin Sands","198783","162244","36539"
"2012-05-10","Terrapin Sands","139794","106745","33049"
"2012-05-11","Terrapin Sands","193527","155736","37791"
"2012-05-12","Terrapin Sands","227532","181913","45619"
"2012-05-13","Terrapin Sands","258380","209922","48458"
"2012-05-14","Terrapin Sands","209604","162539","47065"
"2012-05-15","Terrapin Sands","174587","137558","37029"
"2012-05-16","Terrapin Sands","140340","112997","27343"
"2012-05-17","Terrapin Sands","138834","113401","25433"
"2012-05-18","Terrapin Sands","147792","115899","31893"
"2012-05-19","Terrapin Sands","128384","104473","23911"
"2012-05-20","Terrapin Sands","104377","88271","16106"
"2012-05-21","Terrapin Sands","192277","152985","39292"
"2012-05-22","Terrapin Sands","130123","106372","23751"
"2012-05-23","Terrapin Sands","164917","136759","28158"
"2012-05-24","Terrapin Sands","270637","224039","46598"
"2012-05-25","Terrapin Sands","168148","135006","33142"
"2012-05-26","Terrapin Sands","232176","187052","45124"
"2012-05-27","Terrapin Sands","226728","180501","46227"
"2012-05-28","Terrapin Sands","218844","169885","48959"
"2012-05-29","Terrapin Sands","193397","161557","31840"
"2012-05-30","Terrapin Sands","174368","142794","31574"
"2012-05-31","Terrapin Sands","134621","107313","27308"
"2012-06-01","Terrapin Sands","73820","61786","12034"
"2012-06-02","Terrapin Sands","91379","75024","16355"
"2012-06-03","Terrapin Sands","56113","47496","8617"
"2012-06-04","Terrapin Sands","63423","50288","13135"
"2012-06-05","Terrapin Sands","104367","84434","19933"
"2012-06-06","Terrapin Sands","141792","114446","27346"
"2012-06-07","Terrapin Sands","69483","54661","14822"
"2012-06-08","Terrapin Sands","92819","70004","22815"
"2012-06-09","Terrapin Sands","94076","71889","22187"
"2012-06-10","Terrapin Sands","68752","51780","16972"
"2012-06-11","Terrapin Sands","98028","81724","16304"
"2012-06-12","Terrapin Sands","52253","43970","8283"
"2012-06-13","Terrapin Sands","16827","13253","3574"
"2012-06-14","Terrapin Sands","92168","72796","19372"
"2012-06-15","Terrapin Sands","73409","59964","13445"
"2012-06-16","Terrapin Sands","42515","34621","7894"
"2012-06-17","Terrapin Sands","35743","28451","7292"
"2012-06-18","Terrapin Sands","73860","53825","20035"
"2012-06-19","Terrapin Sands","93859","75194","18665"
"2012-06-20","Terrapin Sands","81409","68794","12615"
"2012-06-21","Terrapin Sands","95919","78655","17264"
"2012-06-22","Terrapin Sands","99467","80404","19063"
"2012-06-23","Terrapin Sands","76159","60604","15555"
"2012-06-24","Terrapin Sands","74880","62066","12814"
"2012-06-25","Terrapin Sands","117556","96518","21038"
"2012-06-26","Terrapin Sands","52150","41716","10434"
"2012-06-27","Terrapin Sands","78300","65291","13009"
"2012-06-28","Terrapin Sands","115607","92127","23480"
"2012-06-29","Terrapin Sands","65212","51668","13544"
"2012-06-30","Terrapin Sands","73352","58692","14660"
"2012-07-01","Terrapin Sands","88578","76256","12322"
"2012-07-02","Terrapin Sands","95168","76033","19135"
"2012-07-03","Terrapin Sands","53153","41166","11987"
"2012-07-04","Terrapin Sands","83100","67209","15891"
"2012-07-05","Terrapin Sands","88868","68580","20288"
"2012-07-06","Terrapin Sands","80891","65005","15886"
"2012-07-07","Terrapin Sands","63593","50333","13260"
"2012-07-08","Terrapin Sands","120933","98364","22569"
"2012-07-09","Terrapin Sands","108828","84936","23892"
"2012-07-10","Terrapin Sands","38664","30610","8054"
"2012-07-11","Terrapin Sands","77451","63255","14196"
"2012-07-12","Terrapin Sands","30105","23080","7025"
"2012-07-13","Terrapin Sands","67902","49322","18580"
"2012-07-14","Terrapin Sands","78419","64188","14231"
"2012-07-15","Terrapin Sands","94407","78241","16166"
"2012-07-16","Terrapin Sands","76220","62104","14116"
"2012-07-17","Terrapin Sands","73912","61436","12476"
"2012-07-18","Terrapin Sands","76548","62399","14149"
"2012-07-19","Terrapin Sands","31016","25872","5144"
"2012-07-20","Terrapin Sands","93669","78205","15464"
"2012-07-21","Terrapin Sands","123476","98053","25423"
"2012-07-22","Terrapin Sands","132953","106980","25973"
"2012-07-23","Terrapin Sands","61713","46301","15412"
"2012-07-24","Terrapin Sands","58713","48567","10146"
"2012-07-25","Terrapin Sands","79392","62531","16861"
"2012-07-26","Terrapin Sands","89158","72917","16241"
"2012-07-27","Terrapin Sands","102798","80789","22009"
"2012-07-28","Terrapin Sands","87697","72295","15402"
"2012-07-29","Terrapin Sands","71151","59369","11782"
"2012-07-30","Terrapin Sands","95707","79394","16313"
"2012-07-31","Terrapin Sands","107118","80829","26289"
"2012-08-01","Terrapin Sands","133565","106029","27536"
"2012-08-02","Terrapin Sands","101026","82026","19000"
"2012-08-03","Terrapin Sands","82728","66566","16162"
"2012-08-04","Terrapin Sands","45550","39695","5855"
"2012-08-05","Terrapin Sands","84847","69684","15163"
"2012-08-06","Terrapin Sands","59972","51004","8968"
"2012-08-07","Terrapin Sands","52663","43490","9173"
"2012-08-08","Terrapin Sands","80429","65342","15087"
"2012-08-09","Terrapin Sands","107837","85116","22721"
"2012-08-10","Terrapin Sands","65114","52686","12428"
"2012-08-11","Terrapin Sands","99827","81024","18803"
"2012-08-12","Terrapin Sands","65482","55456","10026"
"2012-08-13","Terrapin Sands","42345","36830","5515"
"2012-08-14","Terrapin Sands","53090","41281","11809"
"2012-08-15","Terrapin Sands","109258","88816","20442"
"2012-08-16","Terrapin Sands","69720","52934","16786"
"2012-08-17","Terrapin Sands","79270","66598","12672"
"2012-08-18","Terrapin Sands","60722","47640","13082"
"2012-08-19","Terrapin Sands","95679","78136","17543"
"2012-08-20","Terrapin Sands","116215","91174","25041"
"2012-08-21","Terrapin Sands","77061","64173","12888"
"2012-08-22","Terrapin Sands","68891","55120","13771"
"2012-08-23","Terrapin Sands","78839","63120","15719"
"2012-08-24","Terrapin Sands","23996","20494","3502"
"2012-08-25","Terrapin Sands","107318","91653","15665"
"2012-08-26","Terrapin Sands","36194","30521","5673"
"2012-08-27","Terrapin Sands","97638","80276","17362"
"2012-08-28","Terrapin Sands","126254","102683","23571"
"2012-08-29","Terrapin Sands","86791","69274","17517"
"2012-08-30","Terrapin Sands","35644","30208","5436"
"2012-08-31","Terrapin Sands","41105","34019","7086"
"2012-09-01","Terrapin Sands","77711","61150","16561"
"2012-09-02","Terrapin Sands","74741","57121","17620"
"2012-09-03","Terrapin Sands","93088","77221","15867"
"2012-09-04","Terrapin Sands","74150","60746","13404"
"2012-09-05","Terrapin Sands","102158","76976","25182"
"2012-09-06","Terrapin Sands","132305","105964","26341"
"2012-09-07","Terrapin Sands","107619","80947","26672"
"2012-09-08","Terrapin Sands","113117","90548","22569"
"2012-09-09","Terrapin Sands","117288","96523","20765"
"2012-09-10","Terrapin Sands","102708","80359","22349"
"2012-09-11","Terrapin Sands","70771","58487","12284"
"2012-09-12","Terrapin Sands","41774","34302","7472"
"2012-09-13","Terrapin Sands","44994","39556","5438"
"2012-09-14","Terrapin Sands","93138","73135","20003"
"2012-09-15","Terrapin Sands","122066","90256","31810"
"2012-09-16","Terrapin Sands","90258","68869","21389"
"2012-09-17","Terrapin Sands","99488","76111","23377"
"2012-09-18","Terrapin Sands","55603","43686","11917"
"2012-09-19","Terrapin Sands","61400","47592","13808"
"2012-09-20","Terrapin Sands","95857","75544","20313"
"2012-09-21","Terrapin Sands","80288","65122","15166"
"2012-09-22","Terrapin Sands","80711","64425","16286"
"2012-09-23","Terrapin Sands","67890","56626","11264"
"2012-09-24","Terrapin Sands","58841","48257","10584"
"2012-09-25","Terrapin Sands","78080","61498","16582"
"2012-09-26","Terrapin Sands","111866","87736","24130"
"2012-09-27","Terrapin Sands","37746","27698","10048"
"2012-09-28","Terrapin Sands","47912","37651","10261"
"2012-09-29","Terrapin Sands","72740","59923","12817"
"2012-09-30","Terrapin Sands","49815","39714","10101"
"2012-10-01","Terrapin Sands","112048","88690","23358"
"2012-10-02","Terrapin Sands","61582","49615","11967"
"2012-10-03","Terrapin Sands","86771","69766","17005"
"2012-10-04","Terrapin Sands","88590","71854","16736"
"2012-10-05","Terrapin Sands","36485","29180","7305"
"2012-10-06","Terrapin Sands","56904","45996","10908"
"2012-10-07","Terrapin Sands","35416","30415","5001"
"2012-10-08","Terrapin Sands","99694","81380","18314"
"2012-10-09","Terrapin Sands","109057","89514","19543"
"2012-10-10","Terrapin Sands","118536","94568","23968"
"2012-10-11","Terrapin Sands","76970","61145","15825"
"2012-10-12","Terrapin Sands","103857","83709","20148"
"2012-10-13","Terrapin Sands","54654","42764","11890"
"2012-10-14","Terrapin Sands","115305","92483","22822"
"2012-10-15","Terrapin Sands","125838","102297","23541"
"2012-10-16","Terrapin Sands","113835","91954","21881"
"2012-10-17","Terrapin Sands","74279","63081","11198"
"2012-10-18","Terrapin Sands","119327","92011","27316"
"2012-10-19","Terrapin Sands","87647","70575","17072"
"2012-10-20","Terrapin Sands","43993","37744","6249"
"2012-10-21","Terrapin Sands","94041","74959","19082"
"2012-10-22","Terrapin Sands","58682","47056","11626"
"2012-10-23","Terrapin Sands","66701","53790","12911"
"2012-10-24","Terrapin Sands","83941","70164","13777"
"2012-10-25","Terrapin Sands","107977","87430","20547"
"2012-10-26","Terrapin Sands","88718","72616","16102"
"2012-10-27","Terrapin Sands","171349","137627","33722"
"2012-10-28","Terrapin Sands","83710","67555","16155"
"2012-10-29","Terrapin Sands","113345","90341","23004"
"2012-10-30","Terrapin Sands","94667","75953","18714"
"2012-10-31","Terrapin Sands","115245","88712","26533"
"2012-11-01","Terrapin Sands","89160","72588","16572"
"2012-11-02","Terrapin Sands","91108","70382","20726"
"2012-11-03","Terrapin Sands","189287","154305","34982"
"2012-11-04","Terrapin Sands","73531","60493","13038"
"2012-11-05","Terrapin Sands","83331","69818","13513"
"2012-11-06","Terrapin Sands","80837","65191","15646"
"2012-11-07","Terrapin Sands","76622","65445","11177"
"2012-11-08","Terrapin Sands","143093","116453","26640"
"2012-11-09","Terrapin Sands","74931","61014","13917"
"2012-11-10","Terrapin Sands","101648","81987","19661"
"2012-11-11","Terrapin Sands","75470","65468","10002"
"2012-11-12","Terrapin Sands","113365","91660","21705"
"2012-11-13","Terrapin Sands","115588","91133","24455"
"2012-11-14","Terrapin Sands","111338","89691","21647"
"2012-11-15","Terrapin Sands","118595","97994","20601"
"2012-11-16","Terrapin Sands","125075","101819","23256"
"2012-11-17","Terrapin Sands","135092","105364","29728"
"2012-11-18","Terrapin Sands","68301","55009","13292"
"2012-11-19","Terrapin Sands","146652","122365","24287"
"2012-11-20","Terrapin Sands","102087","84084","18003"
"2012-11-21","Terrapin Sands","54653","44509","10144"
"2012-11-22","Terrapin Sands","87520","68696","18824"
"2012-11-23","Terrapin Sands","125404","103018","22386"
"2012-11-24","Terrapin Sands","119497","96648","22849"
"2012-11-25","Terrapin Sands","127475","102137","25338"
"2012-11-26","Terrapin Sands","68222","55960","12262"
"2012-11-27","Terrapin Sands","125367","104821","20546"
"2012-11-28","Terrapin Sands","108999","85391","23608"
"2012-11-29","Terrapin Sands","90398","73695","16703"
"2012-11-30","Terrapin Sands","108128","85675","22453"
"2012-12-01","Terrapin Sands","124436","99020","25416"
"2012-12-02","Terrapin Sands","126547","97423","29124"
"2012-12-03","Terrapin Sands","88560","71146","17414"
"2012-12-04","Terrapin Sands","81608","65690","15918"
"2012-12-05","Terrapin Sands","136083","107002","29081"
"2012-12-06","Terrapin Sands","113136","90228","22908"
"2012-12-07","Terrapin Sands","68701","58800","9901"
"2012-12-08","Terrapin Sands","107707","81967","25740"
"2012-12-09","Terrapin Sands","51104","40900","10204"
"2012-12-10","Terrapin Sands","89619","73984","15635"
"2012-12-11","Terrapin Sands","98417","73614","24803"
"2012-12-12","Terrapin Sands","108368","83677","24691"
"2012-12-13","Terrapin Sands","120855","104236","16619"
"2012-12-14","Terrapin Sands","148324","117490","30834"
"2012-12-15","Terrapin Sands","91358","73698","17660"
"2012-12-16","Terrapin Sands","61832","54901","6931"
"2012-12-17","Terrapin Sands","80250","63541","16709"
"2012-12-18","Terrapin Sands","105097","80687","24410"
"2012-12-19","Terrapin Sands","81820","63886","17934"
"2012-12-20","Terrapin Sands","96224","78125","18099"
"2012-12-21","Terrapin Sands","88838","71582","17256"
"2012-12-22","Terrapin Sands","96179","75582","20597"
"2012-12-23","Terrapin Sands","105713","83944","21769"
"2012-12-24","Terrapin Sands","107887","85184","22703"
"2012-12-25","Terrapin Sands","99016","80767","18249"
"2012-12-26","Terrapin Sands","39352","31645","7707"
"2012-12-27","Terrapin Sands","170290","133413","36877"
"2012-12-28","Terrapin Sands","70251","55471","14780"
"2012-12-29","Terrapin Sands","80089","68447","11642"
"2012-12-30","Terrapin Sands","54222","45278","8944"
"2012-12-31","Terrapin Sands","81629","68476","13153"
"2013-01-01","Terrapin Sands","67810","56658","11152"
"2013-01-02","Terrapin Sands","219112","173232","45880"
"2013-01-03","Terrapin Sands","213864","178037","35827"
"2013-01-04","Terrapin Sands","248200","203492","44708"
"2013-01-05","Terrapin Sands","182098","148177","33921"
"2013-01-06","Terrapin Sands","207813","170995","36818"
"2013-01-07","Terrapin Sands","361873","289566","72307"
"2013-01-08","Terrapin Sands","244740","195118","49622"
"2013-01-09","Terrapin Sands","299539","236572","62967"
"2013-01-10","Terrapin Sands","305511","245899","59612"
"2013-01-11","Terrapin Sands","242612","199107","43505"
"2013-01-12","Terrapin Sands","312672","258235","54437"
"2013-01-13","Terrapin Sands","260827","201330","59497"
"2013-01-14","Terrapin Sands","214520","175364","39156"
"2013-01-15","Terrapin Sands","278684","232002","46682"
"2013-01-16","Terrapin Sands","236539","194506","42033"
"2013-01-17","Terrapin Sands","295026","238747","56279"
"2013-01-18","Terrapin Sands","170635","138543","32092"
"2013-01-19","Terrapin Sands","337033","266560","70473"
"2013-01-20","Terrapin Sands","296822","239679","57143"
"2013-01-21","Terrapin Sands","276587","225968","50619"
"2013-01-22","Terrapin Sands","332660","264130","68530"
"2013-01-23","Terrapin Sands","177533","146665","30868"
"2013-01-24","Terrapin Sands","281416","221710","59706"
"2013-01-25","Terrapin Sands","197616","161651","35965"
"2013-01-26","Terrapin Sands","238786","194346","44440"
"2013-01-27","Terrapin Sands","236926","193417","43509"
"2013-01-28","Terrapin Sands","303524","245457","58067"
"2013-01-29","Terrapin Sands","221281","178540","42741"
"2013-01-30","Terrapin Sands","303594","237986","65608"
"2013-01-31","Terrapin Sands","209125","164257","44868"
"2013-02-01","Terrapin Sands","250988","199790","51198"
"2013-02-02","Terrapin Sands","241561","198815","42746"
"2013-02-03","Terrapin Sands","331825","274073","57752"
"2013-02-04","Terrapin Sands","224320","185404","38916"
"2013-02-05","Terrapin Sands","272434","216865","55569"
"2013-02-06","Terrapin Sands","255937","208334","47603"
"2013-02-07","Terrapin Sands","242009","195120","46889"
"2013-02-08","Terrapin Sands","332162","275728","56434"
"2013-02-09","Terrapin Sands","250258","206785","43473"
"2013-02-10","Terrapin Sands","185974","145272","40702"
"2013-02-11","Terrapin Sands","244918","200154","44764"
"2013-02-12","Terrapin Sands","208811","172383","36428"
"2013-02-13","Terrapin Sands","258095","209527","48568"
"2013-02-14","Terrapin Sands","366164","291587","74577"
"2013-02-15","Terrapin Sands","315879","257345","58534"
"2013-02-16","Terrapin Sands","240848","195449","45399"
"2013-02-17","Terrapin Sands","341775","281506","60269"
"2013-02-18","Terrapin Sands","272644","224403","48241"
"2013-02-19","Terrapin Sands","278138","222933","55205"
"2013-02-20","Terrapin Sands","198924","160103","38821"
"2013-02-21","Terrapin Sands","300857","246702","54155"
"2013-02-22","Terrapin Sands","200814","160244","40570"
"2013-02-23","Terrapin Sands","255698","211018","44680"
"2013-02-24","Terrapin Sands","385504","304639","80865"
"2013-02-25","Terrapin Sands","233652","182873","50779"
"2013-02-26","Terrapin Sands","296193","238480","57713"
"2013-02-27","Terrapin Sands","350528","291183","59345"
"2013-02-28","Terrapin Sands","269184","225599","43585"
"2013-03-01","Terrapin Sands","89057","71398","17659"
"2013-03-02","Terrapin Sands","99384","84202","15182"
"2013-03-03","Terrapin Sands","375485","307983","67502"
"2013-03-04","Terrapin Sands","215613","171490","44123"
"2013-03-05","Terrapin Sands","272315","221065","51250"
"2013-03-06","Terrapin Sands","197922","157228","40694"
"2013-03-07","Terrapin Sands","269753","223676","46077"
"2013-03-08","Terrapin Sands","278496","224448","54048"
"2013-03-09","Terrapin Sands","252457","205644","46813"
"2013-03-10","Terrapin Sands","203633","167789","35844"
"2013-03-11","Terrapin Sands","272727","223545","49182"
"2013-03-12","Terrapin Sands","305412","251949","53463"
"2013-03-13","Terrapin Sands","383855","300052","83803"
"2013-03-14","Terrapin Sands","295732","233651","62081"
"2013-03-15","Terrapin Sands","300006","242017","57989"
"2013-03-16","Terrapin Sands","186984","150833","36151"
"2013-03-17","Terrapin Sands","357527","293008","64519"
"2013-03-18","Terrapin Sands","361254","289064","72190"
"2013-03-19","Terrapin Sands","264797","215385","49412"
"2013-03-20","Terrapin Sands","271037","219495","51542"
"2013-03-21","Terrapin Sands","348615","272153","76462"
"2013-03-22","Terrapin Sands","256967","205676","51291"
"2013-03-23","Terrapin Sands","312843","241773","71070"
"2013-03-24","Terrapin Sands","250640","206712","43928"
"2013-03-25","Terrapin Sands","263157","215102","48055"
"2013-03-26","Terrapin Sands","325882","264876","61006"
"2013-03-27","Terrapin Sands","320478","258829","61649"
"2013-03-28","Terrapin Sands","282523","234571","47952"
"2013-03-29","Terrapin Sands","288001","233169","54832"
"2013-03-30","Terrapin Sands","380177","308996","71181"
"2013-03-31","Terrapin Sands","247286","201846","45440"
"2013-04-01","Terrapin Sands","354427","283577","70850"
"2013-04-02","Terrapin Sands","311362","246597","64765"
"2013-04-03","Terrapin Sands","330432","269832","60600"
"2013-04-04","Terrapin Sands","339865","272255","67610"
"2013-04-05","Terrapin Sands","312230","257229","55001"
"2013-04-06","Terrapin Sands","330058","265348","64710"
"2013-04-07","Terrapin Sands","352140","287868","64272"
"2013-04-08","Terrapin Sands","309889","259096","50793"
"2013-04-09","Terrapin Sands","262021","211329","50692"
"2013-04-10","Terrapin Sands","313634","250648","62986"
"2013-04-11","Terrapin Sands","229490","186385","43105"
"2013-04-12","Terrapin Sands","315379","255562","59817"
"2013-04-13","Terrapin Sands","235472","191208","44264"
"2013-04-14","Terrapin Sands","308882","243567","65315"
"2013-04-15","Terrapin Sands","307500","236809","70691"
"2013-04-16","Terrapin Sands","251986","203545","48441"
"2013-04-17","Terrapin Sands","351118","280703","70415"
"2013-04-18","Terrapin Sands","329109","267441","61668"
"2013-04-19","Terrapin Sands","346249","276028","70221"
"2013-04-20","Terrapin Sands","275624","216077","59547"
"2013-04-21","Terrapin Sands","284865","228174","56691"
"2013-04-22","Terrapin Sands","344782","280258","64524"
"2013-04-23","Terrapin Sands","341293","269054","72239"
"2013-04-24","Terrapin Sands","279634","233275","46359"
"2013-04-25","Terrapin Sands","218543","184742","33801"
"2013-04-26","Terrapin Sands","202756","166131","36625"
"2013-04-27","Terrapin Sands","318368","265837","52531"
"2013-04-28","Terrapin Sands","264428","212041","52387"
"2013-04-29","Terrapin Sands","421531","343399","78132"
"2013-04-30","Terrapin Sands","349934","279028","70906"
"2013-05-01","Terrapin Sands","180629","142917","37712"
"2013-05-02","Terrapin Sands","325089","262560","62529"
"2013-05-03","Terrapin Sands","312141","254160","57981"
"2013-05-04","Terrapin Sands","262527","219844","42683"
"2013-05-05","Terrapin Sands","193823","157044","36779"
"2013-05-06","Terrapin Sands","229079","177007","52072"
"2013-05-07","Terrapin Sands","270376","224242","46134"
"2013-05-08","Terrapin Sands","250600","196827","53773"
"2013-05-09","Terrapin Sands","296545","236871","59674"
"2013-05-10","Terrapin Sands","306543","246400","60143"
"2013-05-11","Terrapin Sands","249538","205708","43830"
"2013-05-12","Terrapin Sands","248963","211237","37726"
"2013-05-13","Terrapin Sands","301319","238361","62958"
"2013-05-14","Terrapin Sands","368246","303975","64271"
"2013-05-15","Terrapin Sands","261906","212461","49445"
"2013-05-16","Terrapin Sands","248547","202353","46194"
"2013-05-17","Terrapin Sands","330080","273246","56834"
"2013-05-18","Terrapin Sands","278285","219564","58721"
"2013-05-19","Terrapin Sands","293205","240523","52682"
"2013-05-20","Terrapin Sands","355547","300560","54987"
"2013-05-21","Terrapin Sands","271152","214841","56311"
"2013-05-22","Terrapin Sands","288177","235789","52388"
"2013-05-23","Terrapin Sands","264539","212506","52033"
"2013-05-24","Terrapin Sands","299386","234321","65065"
"2013-05-25","Terrapin Sands","218724","176350","42374"
"2013-05-26","Terrapin Sands","285504","225029","60475"
"2013-05-27","Terrapin Sands","285401","230514","54887"
"2013-05-28","Terrapin Sands","249121","195187","53934"
"2013-05-29","Terrapin Sands","223647","180739","42908"
"2013-05-30","Terrapin Sands","278305","226334","51971"
"2013-05-31","Terrapin Sands","209103","165264","43839"
"2008-06-01","Texi","29326","27339","1987"
"2008-06-02","Texi","7558","7241","317"
"2008-06-03","Texi","13558","13350","208"
"2008-06-04","Texi","20437","19247","1190"
"2008-06-05","Texi","1949","1847","102"
"2008-06-06","Texi","27205","26474","731"
"2008-06-07","Texi","6829","6286","543"
"2008-06-08","Texi","5609","5394","215"
"2008-06-09","Texi","6779","6675","104"
"2008-06-10","Texi","21277","20161","1116"
"2008-06-11","Texi","9507","9088","419"
"2008-06-12","Texi","1949","1847","102"
"2008-06-13","Texi","24267","22098","2169"
"2008-06-14","Texi","15237","14653","584"
"2008-06-15","Texi","5609","5394","215"
"2008-06-16","Texi","18406","17392","1014"
"2008-06-17","Texi","5968","5712","256"
"2008-06-18","Texi","1949","1847","102"
"2008-06-19","Texi","6779","6675","104"
"2008-06-20","Texi","1949","1847","102"
"2008-06-21","Texi","29506","26855","2651"
"2008-06-22","Texi","8038","7730","308"
"2008-06-24","Texi","6829","6286","543"
"2008-06-25","Texi","12618","11196","1422"
"2008-06-26","Texi","6779","6675","104"
"2008-06-27","Texi","4019","3865","154"
"2008-06-28","Texi","5609","5394","215"
"2008-06-29","Texi","22016","21328","688"
"2008-06-30","Texi","10059","9373","686"
"2008-07-02","Texi","12438","11680","758"
"2008-07-04","Texi","16888","15659","1229"
"2008-07-05","Texi","6829","6286","543"
"2008-07-06","Texi","39654","37602","2052"
"2008-07-07","Texi","15378","14006","1372"
"2008-07-08","Texi","10059","9373","686"
"2008-07-09","Texi","10798","10540","258"
"2008-07-10","Texi","16457","15545","912"
"2008-07-11","Texi","1949","1847","102"
"2008-07-12","Texi","5847","5541","306"
"2008-07-13","Texi","12438","11680","758"
"2008-07-14","Texi","14208","12725","1483"
"2008-07-15","Texi","6829","6286","543"
"2008-07-16","Texi","19687","18632","1055"
"2008-07-17","Texi","8038","7730","308"
"2008-07-18","Texi","5609","5394","215"
"2008-07-19","Texi","14078","13238","840"
"2008-07-20","Texi","10548","9178","1370"
"2008-07-21","Texi","16838","16048","790"
"2008-07-23","Texi","21216","19813","1403"
"2008-07-24","Texi","11577","11106","471"
"2008-07-25","Texi","5609","5394","215"
"2008-07-26","Texi","6829","6286","543"
"2008-07-27","Texi","8728","8522","206"
"2008-07-29","Texi","22677","20569","2108"
"2008-07-30","Texi","6829","6286","543"
"2008-07-31","Texi","4019","3865","154"
"2008-08-01","Texi","25487","22990","2497"
"2008-08-03","Texi","22066","20939","1127"
"2008-08-04","Texi","5609","5394","215"
"2008-08-05","Texi","10059","9373","686"
"2008-08-07","Texi","18047","17074","973"
"2008-08-08","Texi","33464","31243","2221"
"2008-08-09","Texi","22497","21053","1444"
"2008-08-11","Texi","12438","11680","758"
"2008-08-12","Texi","6829","6286","543"
"2008-08-14","Texi","6779","6675","104"
"2008-08-17","Texi","6829","6286","543"
"2008-08-18","Texi","8728","8522","206"
"2008-08-19","Texi","8038","7730","308"
"2008-08-20","Texi","12008","11220","788"
"2008-08-22","Texi","16838","16048","790"
"2008-08-23","Texi","6829","6286","543"
"2008-08-25","Texi","11218","10788","430"
"2008-08-26","Texi","17377","15464","1913"
"2008-08-27","Texi","17677","16437","1240"
"2008-08-28","Texi","32255","29799","2456"
"2008-08-30","Texi","16888","15659","1229"
"2008-08-31","Texi","29265","26991","2274"
"2008-09-01","Texi","5609","5394","215"
"2008-09-02","Texi","14078","13238","840"
"2008-09-03","Texi","12388","12069","319"
"2008-09-05","Texi","12618","11196","1422"
"2008-09-06","Texi","19946","19310","636"
"2008-09-07","Texi","28717","26077","2640"
"2008-09-08","Texi","15116","14482","634"
"2008-09-09","Texi","25056","22876","2180"
"2008-09-10","Texi","8778","8133","645"
"2008-09-11","Texi","14208","12725","1483"
"2008-09-12","Texi","38604","36014","2590"
"2008-09-13","Texi","3898","3694","204"
"2008-09-14","Texi","16888","15659","1229"
"2008-09-15","Texi","14208","12725","1483"
"2008-09-17","Texi","5609","5394","215"
"2008-09-18","Texi","10798","10540","258"
"2008-09-19","Texi","17627","16826","801"
"2008-09-20","Texi","37624","34461","3163"
"2008-09-22","Texi","5609","5394","215"
"2008-09-23","Texi","12008","11220","788"
"2008-09-25","Texi","11577","11106","471"
"2008-09-26","Texi","16838","16048","790"
"2008-09-28","Texi","12438","11680","758"
"2008-09-29","Texi","5609","5394","215"
"2008-09-30","Texi","12438","11680","758"
"2008-10-03","Texi","38165","35820","2345"
"2008-10-04","Texi","12618","11196","1422"
"2008-10-05","Texi","17186","16500","686"
"2008-10-06","Texi","4019","3865","154"
"2008-10-07","Texi","10059","9373","686"
"2008-10-08","Texi","28404","27288","1116"
"2008-10-09","Texi","5609","5394","215"
"2008-10-11","Texi","22677","20569","2108"
"2008-10-12","Texi","38654","35625","3029"
"2008-10-14","Texi","23656","22468","1188"
"2008-10-15","Texi","20437","19247","1190"
"2008-10-16","Texi","16457","15545","912"
"2008-10-17","Texi","6779","6675","104"
"2008-10-18","Texi","6779","6675","104"
"2008-10-19","Texi","10798","10540","258"
"2008-10-20","Texi","34565","32096","2469"
"2008-10-21","Texi","12388","12069","319"
"2008-10-22","Texi","11218","10788","430"
"2008-10-23","Texi","5609","5394","215"
"2008-10-24","Texi","4019","3865","154"
"2008-10-25","Texi","17677","16437","1240"
"2008-10-26","Texi","8778","8133","645"
"2008-10-27","Texi","11218","10788","430"
"2008-10-28","Texi","22066","20939","1127"
"2008-10-29","Texi","25185","24067","1118"
"2008-10-30","Texi","44744","41162","3582"
"2008-10-31","Texi","4019","3865","154"
"2008-11-01","Texi","14208","12725","1483"
"2008-11-02","Texi","17617","16614","1003"
"2008-11-03","Texi","12747","12387","360"
"2008-11-04","Texi","15428","13617","1811"
"2008-11-05","Texi","5609","5394","215"
"2008-11-06","Texi","12388","12069","319"
"2008-11-07","Texi","16027","15085","942"
"2008-11-08","Texi","12747","12387","360"
"2008-11-09","Texi","22016","21328","688"
"2008-11-10","Texi","31275","29186","2089"
"2008-11-11","Texi","15557","14808","749"
"2008-11-12","Texi","5968","5712","256"
"2008-11-13","Texi","16838","16048","790"
"2008-11-14","Texi","8599","7331","1268"
"2008-11-15","Texi","16827","16182","645"
"2008-11-16","Texi","25437","23379","2058"
"2008-11-17","Texi","16157","14572","1585"
"2008-11-18","Texi","10798","10540","258"
"2008-11-19","Texi","14078","13238","840"
"2008-11-20","Texi","19217","18355","862"
"2008-11-21","Texi","5609","5394","215"
"2008-11-22","Texi","7558","7241","317"
"2008-11-23","Texi","13608","12961","647"
"2008-11-24","Texi","7558","7241","317"
"2008-11-25","Texi","15378","14006","1372"
"2008-11-26","Texi","17627","16826","801"
"2008-11-27","Texi","18837","17506","1331"
"2008-11-28","Texi","5968","5712","256"
"2008-11-29","Texi","16888","15659","1229"
"2008-11-30","Texi","11218","10788","430"
"2008-12-01","Texi","6829","6286","543"
"2008-12-02","Texi","5609","5394","215"
"2008-12-03","Texi","19447","17482","1965"
"2008-12-04","Texi","25487","22990","2497"
"2008-12-05","Texi","15668","14767","901"
"2008-12-06","Texi","12618","11196","1422"
"2008-12-08","Texi","6829","6286","543"
"2008-12-09","Texi","21216","19813","1403"
"2008-12-10","Texi","9628","9259","369"
"2008-12-11","Texi","25056","22876","2180"
"2008-12-12","Texi","21037","19011","2026"
"2008-12-13","Texi","5968","5712","256"
"2008-12-14","Texi","22436","20705","1731"
"2008-12-15","Texi","6829","6286","543"
"2008-12-16","Texi","17677","16437","1240"
"2008-12-17","Texi","34036","30710","3326"
"2008-12-18","Texi","16816","15863","953"
"2008-12-19","Texi","10727","9980","747"
"2008-12-20","Texi","6829","6286","543"
"2008-12-21","Texi","4019","3865","154"
"2008-12-22","Texi","5609","5394","215"
"2008-12-23","Texi","7558","7241","317"
"2008-12-24","Texi","14387","13527","860"
"2008-12-25","Texi","9628","9259","369"
"2008-12-26","Texi","6829","6286","543"
"2008-12-27","Texi","16838","16048","790"
"2008-12-29","Texi","6829","6286","543"
"2008-12-31","Texi","6829","6286","543"
"2009-01-01","Texi","30055","28294","1761"
"2009-01-02","Texi","30844","29072","1772"
"2009-01-03","Texi","25175","23855","1320"
"2009-01-04","Texi","17186","16500","686"
"2009-01-05","Texi","20387","19636","751"
"2009-01-06","Texi","29036","26578","2458"
"2009-01-07","Texi","5609","5394","215"
"2009-01-08","Texi","35603","33758","1845"
"2009-01-09","Texi","28954","26570","2384"
"2009-01-10","Texi","29815","27144","2671"
"2009-01-11","Texi","22856","21371","1485"
"2009-01-12","Texi","38165","35820","2345"
"2009-01-13","Texi","46203","43550","2653"
"2009-01-14","Texi","12438","11680","758"
"2009-01-15","Texi","13167","12635","532"
"2009-01-16","Texi","12618","11196","1422"
"2009-01-17","Texi","22497","21053","1444"
"2009-01-18","Texi","29995","26660","3335"
"2009-01-19","Texi","46903","44554","2349"
"2009-01-20","Texi","16407","15934","473"
"2009-01-21","Texi","17377","15464","1913"
"2009-01-22","Texi","25487","22990","2497"
"2009-01-23","Texi","50733","47405","3328"
"2009-01-24","Texi","20387","19636","751"
"2009-01-25","Texi","5609","5394","215"
"2009-01-26","Texi","28175","26004","2171"
"2009-01-27","Texi","18097","17103","994"
"2009-01-28","Texi","11218","10788","430"
"2009-01-29","Texi","25727","24140","1587"
"2009-01-30","Texi","32194","29869","2325"
"2009-01-31","Texi","6829","6286","543"
"2009-02-01","Texi","5609","5394","215"
"2009-02-02","Texi","6829","6286","543"
"2009-02-03","Texi","48073","45835","2238"
"2009-02-04","Texi","17545","16818","727"
"2009-02-05","Texi","15668","14767","901"
"2009-02-06","Texi","21037","19011","2026"
"2009-02-07","Texi","12438","11680","758"
"2009-02-08","Texi","31714","29380","2334"
"2009-02-09","Texi","32484","30630","1854"
"2009-02-10","Texi","22986","20858","2128"
"2009-02-11","Texi","48042","43734","4308"
"2009-02-12","Texi","6779","6675","104"
"2009-02-13","Texi","26226","24157","2069"
"2009-02-14","Texi","12008","11220","788"
"2009-02-15","Texi","22677","20569","2108"
"2009-02-16","Texi","32556","30426","2130"
"2009-02-17","Texi","4019","3865","154"
"2009-02-18","Texi","16457","15545","912"
"2009-02-19","Texi","20987","19400","1587"
"2009-02-20","Texi","8728","8522","206"
"2009-02-21","Texi","27866","25297","2569"
"2009-02-22","Texi","5968","5712","256"
"2009-02-23","Texi","20487","18858","1629"
"2009-02-24","Texi","21216","19813","1403"
"2009-02-25","Texi","37624","35401","2223"
"2009-02-26","Texi","12388","12069","319"
"2009-02-27","Texi","26444","25122","1322"
"2009-02-28","Texi","38604","36014","2590"
"2009-03-01","Texi","23706","22497","1209"
"2009-03-02","Texi","34994","32078","2916"
"2009-03-03","Texi","19267","17966","1301"
"2009-03-04","Texi","12438","11680","758"
"2009-03-05","Texi","13647","13124","523"
"2009-03-06","Texi","48773","44821","3952"
"2009-03-07","Texi","13167","12635","532"
"2009-03-08","Texi","7917","7559","358"
"2009-03-09","Texi","19687","18632","1055"
"2009-03-10","Texi","23295","21565","1730"
"2009-03-11","Texi","19217","18355","862"
"2009-03-12","Texi","36335","33141","3194"
"2009-03-13","Texi","22497","21053","1444"
"2009-03-14","Texi","26096","24252","1844"
"2009-03-15","Texi","19626","18284","1342"
"2009-03-16","Texi","25616","24181","1435"
"2009-03-17","Texi","25296","24026","1270"
"2009-03-18","Texi","44744","41162","3582"
"2009-03-19","Texi","33425","31080","2345"
"2009-03-20","Texi","35574","34678","896"
"2009-03-21","Texi","15507","15197","310"
"2009-03-22","Texi","30005","28683","1322"
"2009-03-23","Texi","26055","24375","1680"
"2009-03-24","Texi","9987","9577","410"
"2009-03-25","Texi","10059","9373","686"
"2009-03-26","Texi","30374","29213","1161"
"2009-03-27","Texi","47312","44483","2829"
"2009-03-28","Texi","31275","29186","2089"
"2009-03-29","Texi","49893","46491","3402"
"2009-03-30","Texi","14337","13916","421"
"2009-03-31","Texi","32244","29480","2764"
"2009-04-01","Texi","35674","33900","1774"
"2009-04-02","Texi","29326","27339","1987"
"2009-04-03","Texi","33715","31841","1874"
"2009-04-04","Texi","19167","18744","423"
"2009-04-05","Texi","30894","29101","1793"
"2009-04-06","Texi","47923","44566","3357"
"2009-04-07","Texi","23166","20374","2792"
"2009-04-08","Texi","9628","9259","369"
"2009-04-09","Texi","6829","6286","543"
"2009-04-10","Texi","22257","19903","2354"
"2009-04-11","Texi","35815","33253","2562"
"2009-04-12","Texi","21277","20161","1116"
"2009-04-13","Texi","32255","29799","2456"
"2009-04-14","Texi","26405","24959","1446"
"2009-04-15","Texi","34565","32096","2469"
"2009-04-16","Texi","26276","23768","2508"
"2009-04-17","Texi","19447","17482","1965"
"2009-04-18","Texi","26955","25112","1843"
"2009-04-19","Texi","25487","22990","2497"
"2009-04-20","Texi","31455","28702","2753"
"2009-04-21","Texi","46944","42667","4277"
"2009-04-22","Texi","19447","17482","1965"
"2009-04-23","Texi","13608","12961","647"
"2009-04-24","Texi","30446","29009","1437"
"2009-04-25","Texi","14817","14405","412"
"2009-04-26","Texi","10548","9178","1370"
"2009-04-27","Texi","38284","34988","3296"
"2009-04-28","Texi","36404","34509","1895"
"2009-04-29","Texi","30903","28417","2486"
"2009-04-30","Texi","17186","16500","686"
"2009-05-01","Texi","55542","51284","4258"
"2009-05-02","Texi","25224","24230","994"
"2009-05-03","Texi","63400","59498","3902"
"2009-05-04","Texi","12438","11680","758"
"2009-05-05","Texi","33345","31204","2141"
"2009-05-06","Texi","29326","27339","1987"
"2009-05-07","Texi","28545","26641","1904"
"2009-05-08","Texi","16457","15545","912"
"2009-05-09","Texi","17577","17215","362"
"2009-05-10","Texi","37495","34210","3285"
"2009-05-11","Texi","22257","19903","2354"
"2009-05-12","Texi","41754","39225","2529"
"2009-05-13","Texi","9507","9088","419"
"2009-05-14","Texi","39335","37101","2234"
"2009-05-15","Texi","63921","59700","4221"
"2009-05-16","Texi","25727","24140","1587"
"2009-05-17","Texi","12618","11196","1422"
"2009-05-18","Texi","45792","42618","3174"
"2009-05-19","Texi","30985","28425","2560"
"2009-05-20","Texi","8599","7331","1268"
"2009-05-21","Texi","48343","44361","3982"
"2009-05-22","Texi","18356","17781","575"
"2009-05-23","Texi","18658","16704","1954"
"2009-05-24","Texi","16888","15659","1229"
"2009-05-25","Texi","16827","16182","645"
"2009-05-26","Texi","14867","14016","851"
"2009-05-27","Texi","38093","36024","2069"
"2009-05-28","Texi","10677","10369","308"
"2009-05-29","Texi","18227","16590","1637"
"2009-05-30","Texi","24267","22098","2169"
"2009-05-31","Texi","14337","13916","421"
"2009-06-01","Texi","23115","22049","1066"
"2009-06-02","Texi","26947","25032","1915"
"2009-06-03","Texi","38534","36350","2184"
"2009-06-04","Texi","22207","20292","1915"
"2009-06-05","Texi","31714","29380","2334"
"2009-06-06","Texi","34433","32477","1956"
"2009-06-07","Texi","24267","22098","2169"
"2009-06-08","Texi","39952","38861","1091"
"2009-06-09","Texi","39034","36474","2560"
"2009-06-10","Texi","75628","70711","4917"
"2009-06-11","Texi","19687","18632","1055"
"2009-06-12","Texi","3898","3694","204"
"2009-06-13","Texi","45292","42947","2345"
"2009-06-14","Texi","19217","18355","862"
"2009-06-15","Texi","28415","27154","1261"
"2009-06-16","Texi","38833","36427","2406"
"2009-06-17","Texi","30074","28240","1834"
"2009-06-18","Texi","37314","35458","1856"
"2009-06-19","Texi","21515","20308","1207"
"2009-06-20","Texi","68887","65485","3402"
"2009-06-21","Texi","40983","38321","2662"
"2009-06-22","Texi","23236","22220","1016"
"2009-06-23","Texi","31914","31131","783"
"2009-06-24","Texi","26405","24959","1446"
"2009-06-25","Texi","31185","30176","1009"
"2009-06-26","Texi","37483","35108","2375"
"2009-06-27","Texi","16457","15545","912"
"2009-06-28","Texi","29326","27339","1987"
"2009-06-29","Texi","47942","44512","3430"
"2009-06-30","Texi","29635","28046","1589"
"2009-07-01","Texi","15668","14767","901"
"2009-07-02","Texi","17186","16500","686"
"2009-07-03","Texi","75307","71842","3465"
"2009-07-04","Texi","79770","73637","6133"
"2009-07-05","Texi","23706","22497","1209"
"2009-07-06","Texi","30065","28506","1559"
"2009-07-07","Texi","24876","23778","1098"
"2009-07-08","Texi","17976","16932","1044"
"2009-07-09","Texi","64310","60283","4027"
"2009-07-10","Texi","21945","20768","1177"
"2009-07-11","Texi","26035","25193","842"
"2009-07-12","Texi","16457","15545","912"
"2009-07-13","Texi","42823","41212","1611"
"2009-07-14","Texi","21216","19813","1403"
"2009-07-15","Texi","39313","36916","2397"
"2009-07-16","Texi","28465","26765","1700"
"2009-07-17","Texi","34454","33008","1446"
"2009-07-18","Texi","16816","15863","953"
"2009-07-19","Texi","26775","25596","1179"
"2009-07-20","Texi","42073","39726","2347"
"2009-07-21","Texi","19276","17700","1576"
"2009-07-22","Texi","38811","36660","2151"
"2009-07-23","Texi","14208","12725","1483"
"2009-07-24","Texi","13658","12572","1086"
"2009-07-25","Texi","34433","32477","1956"
"2009-07-26","Texi","28904","26959","1945"
"2009-07-27","Texi","47973","44595","3378"
"2009-07-28","Texi","29506","26855","2651"
"2009-07-29","Texi","8778","8133","645"
"2009-07-30","Texi","15668","14767","901"
"2009-07-31","Texi","26085","24804","1281"
"2009-08-01","Texi","53721","50974","2747"
"2009-08-02","Texi","18658","16704","1954"
"2009-08-03","Texi","21396","19329","2067"
"2009-08-04","Texi","32064","29964","2100"
"2009-08-05","Texi","20355","19239","1116"
"2009-08-06","Texi","5968","5712","256"
"2009-08-07","Texi","42565","40188","2377"
"2009-08-08","Texi","41833","38576","3257"
"2009-08-09","Texi","21525","20520","1005"
"2009-08-10","Texi","25235","23678","1557"
"2009-08-11","Texi","44143","41744","2399"
"2009-08-12","Texi","36285","33530","2755"
"2009-08-13","Texi","30546","28231","2315"
"2009-08-14","Texi","17327","15853","1474"
"2009-08-15","Texi","17327","15853","1474"
"2009-08-16","Texi","25616","24181","1435"
"2009-08-17","Texi","44252","40700","3552"
"2009-08-18","Texi","35054","31901","3153"
"2009-08-19","Texi","45113","41274","3839"
"2009-08-20","Texi","34505","32273","2232"
"2009-08-21","Texi","22207","20292","1915"
"2009-08-22","Texi","39323","37128","2195"
"2009-08-23","Texi","37024","34697","2327"
"2009-08-24","Texi","14387","13527","860"
"2009-08-25","Texi","20176","18437","1739"
"2009-08-26","Texi","22497","21053","1444"
"2009-08-27","Texi","58600","54935","3665"
"2009-08-28","Texi","33834","31009","2825"
"2009-08-29","Texi","32125","30312","1813"
"2009-08-30","Texi","25056","22876","2180"
"2009-08-31","Texi","24446","22900","1546"
"2009-09-01","Texi","33174","31422","1752"
"2009-09-02","Texi","39992","37842","2150"
"2009-09-03","Texi","18047","17074","973"
"2009-09-04","Texi","28846","27268","1578"
"2009-09-05","Texi","46833","42708","4125"
"2009-09-06","Texi","13647","13124","523"
"2009-09-07","Texi","43972","41962","2010"
"2009-09-08","Texi","12388","12069","319"
"2009-09-09","Texi","44153","39774","4379"
"2009-09-10","Texi","60602","55239","5363"
"2009-09-11","Texi","38762","36285","2477"
"2009-09-12","Texi","38722","36468","2254"
"2009-09-13","Texi","15237","14653","584"
"2009-09-14","Texi","21084","20194","890"
"2009-09-15","Texi","46963","42195","4768"
"2009-09-16","Texi","5609","5394","215"
"2009-09-17","Texi","25616","24181","1435"
"2009-09-18","Texi","69149","65009","4140"
"2009-09-19","Texi","21166","20202","964"
"2009-09-20","Texi","48421","46287","2134"
"2009-09-21","Texi","28054","25833","2221"
"2009-09-22","Texi","33045","30231","2814"
"2009-09-23","Texi","49753","46792","2961"
"2009-09-24","Texi","24826","23749","1077"
"2009-09-25","Texi","15607","14419","1188"
"2009-09-26","Texi","41342","38639","2703"
"2009-09-27","Texi","15378","14006","1372"
"2009-09-28","Texi","4019","3865","154"
"2009-09-29","Texi","27736","25810","1926"
"2009-09-30","Texi","49381","45605","3776"
"2009-10-01","Texi","34024","32548","1476"
"2009-10-02","Texi","39324","37235","2089"
"2009-10-03","Texi","14567","13043","1524"
"2009-10-04","Texi","34294","33092","1202"
"2009-10-05","Texi","29445","27378","2067"
"2009-10-06","Texi","31885","29162","2723"
"2009-10-07","Texi","23965","23175","790"
"2009-10-08","Texi","43713","40866","2847"
"2009-10-09","Texi","30055","28294","1761"
"2009-10-10","Texi","36723","35010","1713"
"2009-10-11","Texi","28835","27402","1433"
"2009-10-12","Texi","42303","38853","3450"
"2009-10-13","Texi","32434","31019","1415"
"2009-10-14","Texi","28895","27643","1252"
"2009-10-15","Texi","37323","34774","2549"
"2009-10-16","Texi","23595","22538","1057"
"2009-10-17","Texi","5609","5394","215"
"2009-10-18","Texi","32395","30856","1539"
"2009-10-19","Texi","41474","38258","3216"
"2009-10-20","Texi","13647","13124","523"
"2009-10-21","Texi","19397","17871","1526"
"2009-10-22","Texi","27305","25696","1609"
"2009-10-23","Texi","48303","44544","3759"
"2009-10-24","Texi","23965","23175","790"
"2009-10-25","Texi","26394","25511","883"
"2009-10-26","Texi","64150","60984","3166"
"2009-10-27","Texi","42133","39549","2584"
"2009-10-28","Texi","35674","33900","1774"
"2009-10-29","Texi","10848","10151","697"
"2009-10-30","Texi","33045","30231","2814"
"2009-10-31","Texi","21696","20302","1394"
"2009-11-01","Texi","14078","13238","840"
"2009-11-02","Texi","26955","25112","1843"
"2009-11-03","Texi","27676","25987","1689"
"2009-11-04","Texi","32434","31019","1415"
"2009-11-05","Texi","28415","27154","1261"
"2009-11-06","Texi","47392","44359","3033"
"2009-11-07","Texi","29265","27862","1403"
"2009-11-08","Texi","19267","17966","1301"
"2009-11-09","Texi","36774","33335","3439"
"2009-11-10","Texi","44754","40956","3798"
"2009-11-11","Texi","9628","9259","369"
"2009-11-12","Texi","26405","24959","1446"
"2009-11-13","Texi","14337","13916","421"
"2009-11-14","Texi","16838","16048","790"
"2009-11-15","Texi","43064","40205","2859"
"2009-11-16","Texi","11577","11106","471"
"2009-11-17","Texi","22066","20939","1127"
"2009-11-18","Texi","52993","49673","3320"
"2009-11-19","Texi","53891","50278","3613"
"2009-11-20","Texi","20355","19239","1116"
"2009-11-21","Texi","32564","30506","2058"
"2009-11-22","Texi","27816","25686","2130"
"2009-11-23","Texi","38484","36739","1745"
"2009-11-24","Texi","20476","19410","1066"
"2009-11-25","Texi","64569","61125","3444"
"2009-11-26","Texi","52621","48904","3717"
"2009-11-27","Texi","21037","19011","2026"
"2009-11-28","Texi","19447","17482","1965"
"2009-11-29","Texi","56840","54102","2738"
"2009-11-30","Texi","39704","37213","2491"
"2009-12-01","Texi","26516","24918","1598"
"2009-12-02","Texi","22067","20593","1474"
"2009-12-03","Texi","38475","34823","3652"
"2009-12-04","Texi","35115","32249","2866"
"2009-12-05","Texi","65009","60973","4036"
"2009-12-06","Texi","21945","20768","1177"
"2009-12-07","Texi","5609","5394","215"
"2009-12-08","Texi","19687","18632","1055"
"2009-12-09","Texi","24406","23501","905"
"2009-12-10","Texi","21166","20202","964"
"2009-12-11","Texi","42673","39490","3183"
"2009-12-12","Texi","5609","5394","215"
"2009-12-13","Texi","29994","27946","2048"
"2009-12-14","Texi","22116","20968","1148"
"2009-12-15","Texi","38484","36739","1745"
"2009-12-16","Texi","23286","21831","1455"
"2009-12-17","Texi","27005","24723","2282"
"2009-12-18","Texi","44574","41858","2716"
"2009-12-19","Texi","22734","21964","770"
"2009-12-20","Texi","44352","42811","1541"
"2009-12-21","Texi","34134","31982","2152"
"2009-12-22","Texi","26705","23750","2955"
"2009-12-23","Texi","39335","37101","2234"
"2009-12-24","Texi","21084","20194","890"
"2009-12-25","Texi","42823","40341","2482"
"2009-12-26","Texi","10848","10151","697"
"2009-12-27","Texi","15557","14808","749"
"2009-12-28","Texi","49371","47053","2318"
"2009-12-29","Texi","47373","44413","2960"
"2009-12-31","Texi","22125","20284","1841"
"2010-01-01","Texi","64237","60173","4064"
"2010-01-02","Texi","90407","84353","6054"
"2010-01-03","Texi","70779","65937","4842"
"2010-01-04","Texi","49202","44803","4399"
"2010-01-05","Texi","33525","30720","2805"
"2010-01-06","Texi","37373","34803","2570"
"2010-01-07","Texi","63189","60317","2872"
"2010-01-08","Texi","40663","38166","2497"
"2010-01-09","Texi","69809","65536","4273"
"2010-01-10","Texi","23236","22220","1016"
"2010-01-11","Texi","65529","60861","4668"
"2010-01-12","Texi","68719","64131","4588"
"2010-01-13","Texi","67747","63598","4149"
"2010-01-14","Texi","57690","55228","2462"
"2010-01-15","Texi","55021","52160","2861"
"2010-01-16","Texi","55431","51325","4106"
"2010-01-17","Texi","70920","65290","5630"
"2010-01-18","Texi","62308","57508","4800"
"2010-01-19","Texi","30844","29072","1772"
"2010-01-20","Texi","29983","28498","1485"
"2010-01-21","Texi","28354","26806","1548"
"2010-01-22","Texi","74167","70373","3794"
"2010-01-23","Texi","47561","44949","2612"
"2010-01-24","Texi","46903","44554","2349"
"2010-01-25","Texi","28465","26765","1700"
"2010-01-26","Texi","12797","11998","799"
"2010-01-27","Texi","62130","58995","3135"
"2010-01-28","Texi","52830","49971","2859"
"2010-01-29","Texi","28415","27154","1261"
"2010-01-30","Texi","22066","20939","1127"
"2010-01-31","Texi","54730","51085","3645"
"2010-02-01","Texi","14337","13916","421"
"2010-02-02","Texi","12797","11998","799"
"2010-02-03","Texi","55340","51061","4279"
"2010-02-04","Texi","32903","31642","1261"
"2010-02-05","Texi","29624","28180","1444"
"2010-02-06","Texi","5609","5394","215"
"2010-02-07","Texi","45662","42713","2949"
"2010-02-08","Texi","37314","35458","1856"
"2010-02-09","Texi","48713","44998","3715"
"2010-02-10","Texi","15596","14971","625"
"2010-02-11","Texi","42482","40526","1956"
"2010-02-12","Texi","35374","32927","2447"
"2010-02-13","Texi","74147","70773","3374"
"2010-02-14","Texi","69390","65395","3995"
"2010-02-15","Texi","59971","55392","4579"
"2010-02-16","Texi","26345","25136","1209"
"2010-02-17","Texi","28465","26765","1700"
"2010-02-18","Texi","64471","59853","4618"
"2010-02-19","Texi","38793","37028","1765"
"2010-02-20","Texi","41682","39429","2253"
"2010-02-21","Texi","38673","35571","3102"
"2010-02-22","Texi","32914","31090","1824"
"2010-02-23","Texi","44193","41355","2838"
"2010-02-24","Texi","49742","46926","2816"
"2010-02-25","Texi","66379","61987","4392"
"2010-02-26","Texi","23656","22468","1188"
"2010-02-27","Texi","60179","56145","4034"
"2010-02-28","Texi","60970","57926","3044"
"2010-03-01","Texi","84795","79591","5204"
"2010-03-02","Texi","36072","34381","1691"
"2010-03-03","Texi","38044","34709","3335"
"2010-03-04","Texi","49752","47138","2614"
"2010-03-05","Texi","62930","60092","2838"
"2010-03-06","Texi","35112","33403","1709"
"2010-03-07","Texi","85166","79464","5702"
"2010-03-08","Texi","73146","68689","4457"
"2010-03-09","Texi","62020","57332","4688"
"2010-03-10","Texi","14078","13238","840"
"2010-03-11","Texi","30055","28294","1761"
"2010-03-12","Texi","65009","60973","4036"
"2010-03-13","Texi","65630","62626","3004"
"2010-03-14","Texi","46963","42195","4768"
"2010-03-15","Texi","36072","34381","1691"
"2010-03-16","Texi","88826","83011","5815"
"2010-03-17","Texi","35844","33204","2640"
"2010-03-18","Texi","56321","52268","4053"
"2010-03-19","Texi","65748","62140","3608"
"2010-03-20","Texi","46953","44165","2788"
"2010-03-21","Texi","62846","59081","3765"
"2010-03-22","Texi","34504","32619","1885"
"2010-03-23","Texi","32244","29480","2764"
"2010-03-24","Texi","43591","41459","2132"
"2010-03-25","Texi","49602","47887","1715"
"2010-03-26","Texi","69678","64213","5465"
"2010-03-27","Texi","30724","27615","3109"
"2010-03-28","Texi","47381","44911","2470"
"2010-03-29","Texi","25715","24167","1548"
"2010-03-30","Texi","47302","43331","3971"
"2010-03-31","Texi","48350","45727","2623"
"2010-04-01","Texi","41814","39048","2766"
"2010-04-02","Texi","51690","49119","2571"
"2010-04-03","Texi","50872","48808","2064"
"2010-04-04","Texi","55792","52646","3146"
"2010-04-05","Texi","43642","39784","3858"
"2010-04-06","Texi","71779","67914","3865"
"2010-04-07","Texi","53722","50628","3094"
"2010-04-08","Texi","39443","36403","3040"
"2010-04-09","Texi","25224","24230","994"
"2010-04-10","Texi","27134","25914","1220"
"2010-04-11","Texi","57491","53131","4360"
"2010-04-12","Texi","62978","57829","5149"
"2010-04-13","Texi","78399","71369","7030"
"2010-04-14","Texi","59201","52542","6659"
"2010-04-15","Texi","46462","44228","2234"
"2010-04-16","Texi","16336","15374","962"
"2010-04-17","Texi","46822","42842","3980"
"2010-04-18","Texi","31274","29950","1324"
"2010-04-19","Texi","40912","38179","2733"
"2010-04-20","Texi","65607","62787","2820"
"2010-04-21","Texi","22936","21247","1689"
"2010-04-22","Texi","30485","28754","1731"
"2010-04-23","Texi","34013","31811","2202"
"2010-04-24","Texi","32564","30506","2058"
"2010-04-25","Texi","37303","35592","1711"
"2010-04-26","Texi","55552","51496","4056"
"2010-04-27","Texi","44563","41992","2571"
"2010-04-28","Texi","45913","42789","3124"
"2010-04-29","Texi","64519","61514","3005"
"2010-04-30","Texi","7917","7559","358"
"2010-05-01","Texi","39313","36916","2397"
"2010-05-02","Texi","62801","58448","4353"
"2010-05-03","Texi","62180","58606","3574"
"2010-05-04","Texi","57110","53046","4064"
"2010-05-05","Texi","70550","65524","5026"
"2010-05-06","Texi","75978","71295","4683"
"2010-05-07","Texi","17617","16614","1003"
"2010-05-08","Texi","46441","43697","2744"
"2010-05-09","Texi","35603","33758","1845"
"2010-05-10","Texi","39633","37942","1691"
"2010-05-11","Texi","44851","42168","2683"
"2010-05-12","Texi","47384","44279","3105"
"2010-05-13","Texi","45672","42925","2747"
"2010-05-14","Texi","27255","26085","1170"
"2010-05-15","Texi","23715","21813","1902"
"2010-05-16","Texi","40174","37490","2684"
"2010-05-17","Texi","24456","23112","1344"
"2010-05-18","Texi","61029","57271","3758"
"2010-05-19","Texi","45292","42947","2345"
"2010-05-20","Texi","51651","49374","2277"
"2010-05-21","Texi","58718","56260","2458"
"2010-05-22","Texi","36933","34955","1978"
"2010-05-23","Texi","48114","43948","4166"
"2010-05-24","Texi","12797","11998","799"
"2010-05-25","Texi","21696","20302","1394"
"2010-05-26","Texi","65038","59113","5925"
"2010-05-27","Texi","7558","7241","317"
"2010-05-28","Texi","45562","43491","2071"
"2010-05-29","Texi","49309","45809","3500"
"2010-05-30","Texi","118105","110525","7580"
"2010-05-31","Texi","47012","43510","3502"
"2010-06-01","Texi","20907","19524","1383"
"2010-06-02","Texi","72617","67825","4792"
"2010-06-03","Texi","74927","70993","3934"
"2010-06-04","Texi","75336","70922","4414"
"2010-06-05","Texi","55719","53614","2105"
"2010-06-06","Texi","135919","127815","8104"
"2010-06-07","Texi","77457","72865","4592"
"2010-06-08","Texi","98914","92542","6372"
"2010-06-09","Texi","115933","105984","9949"
"2010-06-10","Texi","80734","76717","4017"
"2010-06-11","Texi","127110","118417","8693"
"2010-06-12","Texi","80038","73273","6765"
"2010-06-13","Texi","101642","94955","6687"
"2010-06-14","Texi","103525","96091","7434"
"2010-06-15","Texi","54842","52298","2544"
"2010-06-16","Texi","140166","131093","9073"
"2010-06-17","Texi","90665","83613","7052"
"2010-06-18","Texi","101563","93375","8188"
"2010-06-19","Texi","31932","30345","1587"
"2010-06-20","Texi","70406","66872","3534"
"2010-06-21","Texi","60799","58144","2655"
"2010-06-22","Texi","69737","66193","3544"
"2010-06-23","Texi","84314","79866","4448"
"2010-06-24","Texi","114883","107518","7365"
"2010-06-25","Texi","54501","49383","5118"
"2010-06-26","Texi","96954","91769","5185"
"2010-06-27","Texi","92385","87229","5156"
"2010-06-28","Texi","42780","40496","2284"
"2010-06-29","Texi","59328","55783","3545"
"2010-06-30","Texi","56881","52215","4666"
"2010-07-01","Texi","110182","103881","6301"
"2010-07-02","Texi","55121","51382","3739"
"2010-07-03","Texi","112874","105848","7026"
"2010-07-04","Texi","83525","77799","5726"
"2010-07-05","Texi","82875","79295","3580"
"2010-07-06","Texi","112633","105462","7171"
"2010-07-07","Texi","127679","120280","7399"
"2010-07-08","Texi","95682","90681","5001"
"2010-07-09","Texi","54009","51603","2406"
"2010-07-10","Texi","83487","78579","4908"
"2010-07-11","Texi","136319","126664","9655"
"2010-07-12","Texi","56949","53929","3020"
"2010-07-13","Texi","72297","67670","4627"
"2010-07-14","Texi","98275","90597","7678"
"2010-07-15","Texi","123259","115906","7353"
"2010-07-16","Texi","71008","66768","4240"
"2010-07-17","Texi","118150","108407","9743"
"2010-07-18","Texi","121559","113654","7905"
"2010-07-19","Texi","54279","52147","2132"
"2010-07-20","Texi","55721","52086","3635"
"2010-07-21","Texi","110152","103094","7058"
"2010-07-22","Texi","147956","138464","9492"
"2010-07-23","Texi","45361","42504","2857"
"2010-07-24","Texi","69366","65078","4288"
"2010-07-25","Texi","124640","117028","7612"
"2010-07-26","Texi","80033","73424","6609"
"2010-07-27","Texi","98365","92496","5869"
"2010-07-28","Texi","92735","86571","6164"
"2010-07-29","Texi","96404","88494","7910"
"2010-07-30","Texi","85367","78640","6727"
"2010-07-31","Texi","121437","115071","6366"
"2010-08-01","Texi","108593","100648","7945"
"2010-08-02","Texi","75607","69762","5845"
"2010-08-03","Texi","85295","80655","4640"
"2010-08-04","Texi","145506","138068","7438"
"2010-08-05","Texi","110251","104309","5942"
"2010-08-06","Texi","68540","63329","5211"
"2010-08-07","Texi","53530","48957","4573"
"2010-08-08","Texi","67647","64376","3271"
"2010-08-09","Texi","132726","125595","7131"
"2010-08-10","Texi","102888","97370","5518"
"2010-08-11","Texi","133246","124030","9216"
"2010-08-12","Texi","112131","104788","7343"
"2010-08-13","Texi","92217","88104","4113"
"2010-08-14","Texi","80467","75437","5030"
"2010-08-15","Texi","76388","71331","5057"
"2010-08-16","Texi","85785","81356","4429"
"2010-08-17","Texi","87917","82087","5830"
"2010-08-18","Texi","119809","111722","8087"
"2010-08-19","Texi","122801","114244","8557"
"2010-08-20","Texi","101954","95901","6053"
"2010-08-21","Texi","49179","46322","2857"
"2010-08-22","Texi","65370","61005","4365"
"2010-08-23","Texi","60609","56605","4004"
"2010-08-24","Texi","95253","91152","4101"
"2010-08-25","Texi","89443","83900","5543"
"2010-08-26","Texi","117420","110027","7393"
"2010-08-27","Texi","77067","71804","5263"
"2010-08-28","Texi","97642","92071","5571"
"2010-08-29","Texi","53471","50030","3441"
"2010-08-30","Texi","73417","69340","4077"
"2010-08-31","Texi","54200","49696","4504"
"2010-09-01","Texi","86492","82126","4366"
"2010-09-02","Texi","115013","107423","7590"
"2010-09-03","Texi","67419","63363","4056"
"2010-09-04","Texi","83845","78825","5020"
"2010-09-05","Texi","51272","46821","4451"
"2010-09-06","Texi","76709","70200","6509"
"2010-09-07","Texi","71027","66296","4731"
"2010-09-08","Texi","124350","115607","8743"
"2010-09-09","Texi","107961","100905","7056"
"2010-09-10","Texi","80325","77206","3119"
"2010-09-11","Texi","77368","71073","6295"
"2010-09-12","Texi","57719","54308","3411"
"2010-09-13","Texi","150615","141527","9088"
"2010-09-14","Texi","125190","118121","7069"
"2010-09-15","Texi","103572","96856","6716"
"2010-09-16","Texi","85686","80430","5256"
"2010-09-17","Texi","100615","94030","6585"
"2010-09-18","Texi","41513","38421","3092"
"2010-09-19","Texi","144487","135645","8842"
"2010-09-20","Texi","62748","59991","2757"
"2010-09-21","Texi","74628","70498","4130"
"2010-09-22","Texi","84986","80366","4620"
"2010-09-23","Texi","80317","74897","5420"
"2010-09-24","Texi","114072","107426","6646"
"2010-09-25","Texi","91924","85608","6316"
"2010-09-26","Texi","89995","82003","7992"
"2010-09-27","Texi","90554","84594","5960"
"2010-09-28","Texi","98346","90333","8013"
"2010-09-29","Texi","86333","82317","4016"
"2010-09-30","Texi","100162","95089","5073"
"2010-10-01","Texi","73036","67966","5070"
"2010-10-02","Texi","104713","98186","6527"
"2010-10-03","Texi","68826","65137","3689"
"2010-10-04","Texi","73108","67762","5346"
"2010-10-05","Texi","94393","89361","5032"
"2010-10-06","Texi","51892","47949","3943"
"2010-10-07","Texi","83276","76962","6314"
"2010-10-08","Texi","83875","78430","5445"
"2010-10-09","Texi","98785","92291","6494"
"2010-10-10","Texi","98652","93018","5634"
"2010-10-11","Texi","95554","89550","6004"
"2010-10-12","Texi","55629","52944","2685"
"2010-10-13","Texi","121519","114708","6811"
"2010-10-14","Texi","76687","71779","4908"
"2010-10-15","Texi","68719","64131","4588"
"2010-10-16","Texi","78824","75033","3791"
"2010-10-17","Texi","70898","65105","5793"
"2010-10-18","Texi","67190","62950","4240"
"2010-10-19","Texi","46222","43078","3144"
"2010-10-20","Texi","77986","72069","5917"
"2010-10-21","Texi","57789","53972","3817"
"2010-10-22","Texi","74998","71135","3863"
"2010-10-23","Texi","72226","67528","4698"
"2010-10-24","Texi","41712","39276","2436"
"2010-10-25","Texi","47721","45283","2438"
"2010-10-26","Texi","80666","77892","2774"
"2010-10-27","Texi","64867","62384","2483"
"2010-10-28","Texi","92375","87017","5358"
"2010-10-29","Texi","117937","113087","4850"
"2010-10-30","Texi","79088","72507","6581"
"2010-10-31","Texi","84937","78180","6757"
"2010-11-01","Texi","88284","82485","5799"
"2010-11-02","Texi","119649","112630","7019"
"2010-11-03","Texi","72326","68768","3558"
"2010-11-04","Texi","69664","65048","4616"
"2010-11-05","Texi","52977","50794","2183"
"2010-11-06","Texi","106522","99394","7128"
"2010-11-07","Texi","80726","75697","5029"
"2010-11-08","Texi","63458","59607","3851"
"2010-11-09","Texi","96905","90872","6033"
"2010-11-10","Texi","146897","137871","9026"
"2010-11-11","Texi","43139","40814","2325"
"2010-11-12","Texi","64140","60319","3821"
"2010-11-13","Texi","70927","67074","3853"
"2010-11-14","Texi","115852","105630","10222"
"2010-11-15","Texi","95403","90403","5000"
"2010-11-16","Texi","94254","89200","5054"
"2010-11-17","Texi","93967","86496","7471"
"2010-11-18","Texi","67247","63927","3320"
"2010-11-19","Texi","100996","94533","6463"
"2010-11-20","Texi","86564","81922","4642"
"2010-11-21","Texi","62869","60162","2707"
"2010-11-22","Texi","98346","92968","5378"
"2010-11-23","Texi","64198","60010","4188"
"2010-11-24","Texi","94506","88512","5994"
"2010-11-25","Texi","93524","88220","5304"
"2010-11-26","Texi","75177","69302","5875"
"2010-11-27","Texi","67538","62531","5007"
"2010-11-28","Texi","72846","69109","3737"
"2010-11-29","Texi","72945","69513","3432"
"2010-11-30","Texi","89344","83914","5430"
"2010-12-01","Texi","97434","92258","5176"
"2010-12-02","Texi","86465","80996","5469"
"2010-12-03","Texi","88008","82700","5308"
"2010-12-04","Texi","65608","62023","3585"
"2010-12-05","Texi","61989","57831","4158"
"2010-12-06","Texi","162565","152638","9927"
"2010-12-07","Texi","103383","97860","5523"
"2010-12-08","Texi","98582","94225","4357"
"2010-12-09","Texi","123628","115854","7774"
"2010-12-10","Texi","71827","67811","4016"
"2010-12-11","Texi","75308","71496","3812"
"2010-12-12","Texi","68309","61913","6396"
"2010-12-13","Texi","113999","107976","6023"
"2010-12-14","Texi","69808","65882","3926"
"2010-12-15","Texi","69378","65422","3956"
"2010-12-16","Texi","108631","102515","6116"
"2010-12-17","Texi","101324","94514","6810"
"2010-12-18","Texi","78417","73054","5363"
"2010-12-19","Texi","64969","61574","3395"
"2010-12-20","Texi","71575","68499","3076"
"2010-12-21","Texi","41592","40001","1591"
"2010-12-22","Texi","82595","78086","4509"
"2010-12-23","Texi","88794","84632","4162"
"2010-12-24","Texi","66938","63638","3300"
"2010-12-25","Texi","61868","58078","3790"
"2010-12-26","Texi","85244","78337","6907"
"2010-12-27","Texi","46573","43316","3257"
"2010-12-28","Texi","47610","45324","2286"
"2010-12-29","Texi","85658","78115","7543"
"2010-12-30","Texi","56499","53416","3083"
"2010-12-31","Texi","56570","53558","3012"
"2011-01-01","Texi","94297","87734","6563"
"2011-01-02","Texi","119549","112330","7219"
"2011-01-03","Texi","102961","97644","5317"
"2011-01-04","Texi","92855","84035","8820"
"2011-01-05","Texi","137357","129926","7431"
"2011-01-06","Texi","56331","52062","4269"
"2011-01-07","Texi","90857","85284","5573"
"2011-01-08","Texi","100770","94933","5837"
"2011-01-09","Texi","63921","59700","4221"
"2011-01-10","Texi","184443","170406","14037"
"2011-01-11","Texi","129638","123210","6428"
"2011-01-12","Texi","126367","119121","7246"
"2011-01-13","Texi","97593","90825","6768"
"2011-01-14","Texi","98903","94034","4869"
"2011-01-15","Texi","74455","70584","3871"
"2011-01-16","Texi","93556","87746","5810"
"2011-01-17","Texi","55599","52679","2920"
"2011-01-18","Texi","124560","116328","8232"
"2011-01-19","Texi","126419","118329","8090"
"2011-01-20","Texi","107162","100739","6423"
"2011-01-21","Texi","58541","54719","3822"
"2011-01-22","Texi","152088","141838","10250"
"2011-01-23","Texi","58121","55342","2779"
"2011-01-24","Texi","84324","78418","5906"
"2011-01-25","Texi","128408","120817","7591"
"2011-01-26","Texi","131140","120372","10768"
"2011-01-27","Texi","86537","80792","5745"
"2011-01-28","Texi","67237","63262","3975"
"2011-01-29","Texi","99014","92704","6310"
"2011-01-30","Texi","70036","66688","3348"
"2011-01-31","Texi","92187","83428","8759"
"2011-02-01","Texi","108703","103182","5521"
"2011-02-02","Texi","76027","70428","5599"
"2011-02-03","Texi","128060","120783","7277"
"2011-02-04","Texi","84329","79207","5122"
"2011-02-05","Texi","82240","77653","4587"
"2011-02-06","Texi","110291","101897","8394"
"2011-02-07","Texi","73350","65922","7428"
"2011-02-08","Texi","108109","102077","6032"
"2011-02-09","Texi","130609","121976","8633"
"2011-02-10","Texi","121799","113446","8353"
"2011-02-11","Texi","106934","99562","7372"
"2011-02-12","Texi","68697","64364","4333"
"2011-02-13","Texi","55409","51140","4269"
"2011-02-14","Texi","62967","58381","4586"
"2011-02-15","Texi","127129","118885","8244"
"2011-02-16","Texi","100553","94968","5585"
"2011-02-17","Texi","138039","130733","7306"
"2011-02-18","Texi","107552","99618","7934"
"2011-02-19","Texi","95282","90232","5050"
"2011-02-20","Texi","89034","83971","5063"
"2011-02-21","Texi","59138","56055","3083"
"2011-02-22","Texi","84854","80329","4525"
"2011-02-23","Texi","141525","134259","7266"
"2011-02-24","Texi","108322","99997","8325"
"2011-02-25","Texi","71497","68591","2906"
"2011-02-26","Texi","70175","65456","4719"
"2011-02-27","Texi","55659","52502","3157"
"2011-02-28","Texi","75267","69390","5877"
"2011-03-01","Texi","127311","118464","8847"
"2011-03-02","Texi","104792","97226","7566"
"2011-03-03","Texi","100122","95725","4397"
"2011-03-04","Texi","94742","88109","6633"
"2011-03-05","Texi","85585","79605","5980"
"2011-03-06","Texi","83895","78854","5041"
"2011-03-07","Texi","107254","101006","6248"
"2011-03-08","Texi","118060","111208","6852"
"2011-03-09","Texi","73886","69963","3923"
"2011-03-10","Texi","75777","71701","4076"
"2011-03-11","Texi","81455","77070","4385"
"2011-03-12","Texi","64868","61202","3666"
"2011-03-13","Texi","114880","109090","5790"
"2011-03-14","Texi","57490","53895","3595"
"2011-03-15","Texi","79396","74500","4896"
"2011-03-16","Texi","84925","80018","4907"
"2011-03-17","Texi","62071","55657","6414"
"2011-03-18","Texi","117129","108788","8341"
"2011-03-19","Texi","72027","69144","2883"
"2011-03-20","Texi","87397","83488","3909"
"2011-03-21","Texi","54898","52439","2459"
"2011-03-22","Texi","67071","62911","4160"
"2011-03-23","Texi","90701","84477","6224"
"2011-03-24","Texi","88774","82397","6377"
"2011-03-25","Texi","51700","49749","1951"
"2011-03-26","Texi","97912","92615","5297"
"2011-03-27","Texi","84947","80203","4744"
"2011-03-28","Texi","105998","100764","5234"
"2011-03-29","Texi","105001","99233","5768"
"2011-03-30","Texi","123380","115495","7885"
"2011-03-31","Texi","118306","112017","6289"
"2011-04-01","Texi","74976","71368","3608"
"2011-04-02","Texi","76557","72999","3558"
"2011-04-03","Texi","90125","84612","5513"
"2011-04-04","Texi","105753","100851","4902"
"2011-04-05","Texi","66397","63219","3178"
"2011-04-06","Texi","92304","86875","5429"
"2011-04-07","Texi","84937","78180","6757"
"2011-04-08","Texi","141886","131238","10648"
"2011-04-09","Texi","89885","84333","5552"
"2011-04-10","Texi","54811","50197","4614"
"2011-04-11","Texi","98731","91545","7186"
"2011-04-12","Texi","112362","106204","6158"
"2011-04-13","Texi","107862","99561","8301"
"2011-04-14","Texi","141656","132042","9614"
"2011-04-15","Texi","105534","97761","7773"
"2011-04-16","Texi","143697","133449","10248"
"2011-04-17","Texi","72597","68643","3954"
"2011-04-18","Texi","86455","79913","6542"
"2011-04-19","Texi","124439","117399","7040"
"2011-04-20","Texi","115189","107986","7203"
"2011-04-21","Texi","72846","68238","4608"
"2011-04-22","Texi","102553","95140","7413"
"2011-04-23","Texi","90522","86310","4212"
"2011-04-24","Texi","114127","108236","5891"
"2011-04-25","Texi","97974","92199","5775"
"2011-04-26","Texi","84625","79045","5580"
"2011-04-27","Texi","130091","122431","7660"
"2011-04-28","Texi","72537","67949","4588"
"2011-04-29","Texi","100671","93658","7013"
"2011-04-30","Texi","92282","88290","3992"
"2011-05-01","Texi","75706","70619","5087"
"2011-05-02","Texi","83106","78076","5030"
"2011-05-03","Texi","142449","131842","10607"
"2011-05-04","Texi","134628","126781","7847"
"2011-05-05","Texi","105213","100086","5127"
"2011-05-06","Texi","38103","36236","1867"
"2011-05-07","Texi","121720","114302","7418"
"2011-05-08","Texi","99108","94548","4560"
"2011-05-09","Texi","56129","52779","3350"
"2011-05-10","Texi","101402","93805","7597"
"2011-05-11","Texi","88983","84046","4937"
"2011-05-12","Texi","82805","78389","4416"
"2011-05-13","Texi","147416","136341","11075"
"2011-05-14","Texi","97002","90377","6625"
"2011-05-15","Texi","114541","107014","7527"
"2011-05-16","Texi","75156","70884","4272"
"2011-05-17","Texi","118768","110761","8007"
"2011-05-18","Texi","98670","94250","4420"
"2011-05-19","Texi","119444","111456","7988"
"2011-05-20","Texi","89663","82815","6848"
"2011-05-21","Texi","81816","77520","4296"
"2011-05-22","Texi","84635","79257","5378"
"2011-05-23","Texi","101562","95079","6483"
"2011-05-24","Texi","109621","101158","8463"
"2011-05-25","Texi","116891","108710","8181"
"2011-05-26","Texi","84574","80198","4376"
"2011-05-27","Texi","105582","98180","7402"
"2011-05-28","Texi","97603","91037","6566"
"2011-05-29","Texi","95926","88555","7371"
"2011-05-30","Texi","92542","85664","6878"
"2011-05-31","Texi","95082","90141","4941"
"2011-06-01","Texi","98774","91485","7289"
"2011-06-02","Texi","135895","127916","7979"
"2011-06-03","Texi","95940","89687","6253"
"2011-06-04","Texi","175270","165494","9776"
"2011-06-05","Texi","85486","78679","6807"
"2011-06-06","Texi","135461","128956","6505"
"2011-06-07","Texi","153814","145566","8248"
"2011-06-08","Texi","140908","129864","11044"
"2011-06-09","Texi","133506","125397","8109"
"2011-06-10","Texi","134016","126104","7912"
"2011-06-11","Texi","107875","100430","7445"
"2011-06-12","Texi","121750","111678","10072"
"2011-06-13","Texi","99812","94087","5725"
"2011-06-14","Texi","53589","51355","2234"
"2011-06-15","Texi","76947","72982","3965"
"2011-06-16","Texi","101881","93398","8483"
"2011-06-17","Texi","177422","167520","9902"
"2011-06-18","Texi","142127","134155","7972"
"2011-06-19","Texi","166205","154368","11837"
"2011-06-20","Texi","121751","113967","7784"
"2011-06-21","Texi","90664","85317","5347"
"2011-06-22","Texi","134367","127049","7318"
"2011-06-23","Texi","96165","89180","6985"
"2011-06-24","Texi","131359","123009","8350"
"2011-06-25","Texi","83296","79197","4099"
"2011-06-26","Texi","132119","123176","8943"
"2011-06-27","Texi","111940","104953","6987"
"2011-06-28","Texi","128301","120229","8072"
"2011-06-29","Texi","101082","94590","6492"
"2011-06-30","Texi","164274","153335","10939"
"2011-07-01","Texi","83715","78920","4795"
"2011-07-02","Texi","96683","90294","6389"
"2011-07-03","Texi","77498","70978","6520"
"2011-07-04","Texi","130279","123627","6652"
"2011-07-05","Texi","110491","104588","5903"
"2011-07-06","Texi","181430","167806","13624"
"2011-07-07","Texi","133138","123370","9768"
"2011-07-08","Texi","81714","77748","3966"
"2011-07-09","Texi","69005","63757","5248"
"2011-07-10","Texi","84804","79325","5479"
"2011-07-11","Texi","68794","65158","3636"
"2011-07-12","Texi","88405","82285","6120"
"2011-07-13","Texi","135466","127516","7950"
"2011-07-14","Texi","138295","129883","8412"
"2011-07-15","Texi","74516","70061","4455"
"2011-07-16","Texi","142606","133748","8858"
"2011-07-17","Texi","145637","135980","9657"
"2011-07-18","Texi","90186","85831","4355"
"2011-07-19","Texi","133095","125289","7806"
"2011-07-20","Texi","79446","74982","4464"
"2011-07-21","Texi","119298","110861","8437"
"2011-07-22","Texi","67997","64960","3037"
"2011-07-23","Texi","126639","118486","8153"
"2011-07-24","Texi","139325","132336","6989"
"2011-07-25","Texi","113291","105857","7434"
"2011-07-26","Texi","111930","102930","9000"
"2011-07-27","Texi","107290","101034","6256"
"2011-07-28","Texi","85045","79711","5334"
"2011-07-29","Texi","99763","91901","7862"
"2011-07-30","Texi","94192","87956","6236"
"2011-07-31","Texi","133958","124231","9727"
"2011-08-01","Texi","146577","136892","9685"
"2011-08-02","Texi","97903","89828","8075"
"2011-08-03","Texi","101192","94024","7168"
"2011-08-04","Texi","179052","168448","10604"
"2011-08-05","Texi","71138","66255","4883"
"2011-08-06","Texi","101073","95274","5799"
"2011-08-07","Texi","141886","134291","7595"
"2011-08-08","Texi","176022","164223","11799"
"2011-08-09","Texi","120170","111754","8416"
"2011-08-10","Texi","165721","155797","9924"
"2011-08-11","Texi","118851","109936","8915"
"2011-08-12","Texi","89363","84895","4468"
"2011-08-13","Texi","172273","159138","13135"
"2011-08-14","Texi","83863","78457","5406"
"2011-08-15","Texi","120862","113967","6895"
"2011-08-16","Texi","113480","107742","5738"
"2011-08-17","Texi","114949","108647","6302"
"2011-08-18","Texi","76256","69901","6355"
"2011-08-19","Texi","82303","77193","5110"
"2011-08-20","Texi","108182","101005","7177"
"2011-08-21","Texi","113161","106370","6791"
"2011-08-22","Texi","120828","111627","9201"
"2011-08-23","Texi","112921","104802","8119"
"2011-08-24","Texi","94790","89770","5020"
"2011-08-25","Texi","92344","87098","5246"
"2011-08-26","Texi","150828","141965","8863"
"2011-08-27","Texi","86346","80957","5389"
"2011-08-28","Texi","171073","158881","12192"
"2011-08-29","Texi","81326","76819","4507"
"2011-08-30","Texi","136648","128248","8400"
"2011-08-31","Texi","119189","111487","7702"
"2011-09-01","Texi","133231","124533","8698"
"2011-09-02","Texi","147105","138102","9003"
"2011-09-03","Texi","93262","88243","5019"
"2011-09-04","Texi","129354","121388","7966"
"2011-09-05","Texi","138047","129942","8105"
"2011-09-06","Texi","130597","122003","8594"
"2011-09-07","Texi","137721","127657","10064"
"2011-09-08","Texi","66887","62260","4627"
"2011-09-09","Texi","182220","171709","10511"
"2011-09-10","Texi","154722","145163","9559"
"2011-09-11","Texi","110522","105331","5191"
"2011-09-12","Texi","173492","163429","10063"
"2011-09-13","Texi","94364","88263","6101"
"2011-09-14","Texi","50658","48763","1895"
"2011-09-15","Texi","180601","170264","10337"
"2011-09-16","Texi","127090","117782","9308"
"2011-09-17","Texi","89765","84640","5125"
"2011-09-18","Texi","71855","67237","4618"
"2011-09-19","Texi","95242","90833","4409"
"2011-09-20","Texi","70414","66952","3462"
"2011-09-21","Texi","141926","133168","8758"
"2011-09-22","Texi","94543","89065","5478"
"2011-09-23","Texi","119001","110127","8874"
"2011-09-24","Texi","122886","115065","7821"
"2011-09-25","Texi","148983","141407","7576"
"2011-09-26","Texi","99033","93521","5512"
"2011-09-27","Texi","131067","123220","7847"
"2011-09-28","Texi","114478","107116","7362"
"2011-09-29","Texi","108662","102840","5822"
"2011-09-30","Texi","71827","67393","4434"
"2011-10-01","Texi","77207","71921","5286"
"2011-10-02","Texi","79015","73997","5018"
"2011-10-03","Texi","137795","130630","7165"
"2011-10-04","Texi","109790","103930","5860"
"2011-10-05","Texi","169703","159213","10490"
"2011-10-06","Texi","62799","57898","4901"
"2011-10-07","Texi","144145","135141","9004"
"2011-10-08","Texi","104875","96470","8405"
"2011-10-09","Texi","89785","85111","4674"
"2011-10-10","Texi","93725","87396","6329"
"2011-10-11","Texi","81898","74928","6970"
"2011-10-12","Texi","81626","76852","4774"
"2011-10-13","Texi","106081","100426","5655"
"2011-10-14","Texi","132091","124203","7888"
"2011-10-15","Texi","118228","111273","6955"
"2011-10-16","Texi","104394","97685","6709"
"2011-10-17","Texi","190460","177886","12574"
"2011-10-18","Texi","103043","94599","8444"
"2011-10-19","Texi","137057","128177","8880"
"2011-10-20","Texi","86934","82559","4375"
"2011-10-21","Texi","121710","111861","9849"
"2011-10-22","Texi","152655","142698","9957"
"2011-10-23","Texi","112171","104605","7566"
"2011-10-24","Texi","112560","106534","6026"
"2011-10-25","Texi","102582","97109","5473"
"2011-10-26","Texi","109512","101331","8181"
"2011-10-27","Texi","122908","114797","8111"
"2011-10-28","Texi","137957","128914","9043"
"2011-10-29","Texi","128758","119219","9539"
"2011-10-30","Texi","76277","71372","4905"
"2011-10-31","Texi","170005","154561","15444"
"2011-11-01","Texi","95422","89931","5491"
"2011-11-02","Texi","128790","120034","8756"
"2011-11-03","Texi","137165","126237","10928"
"2011-11-04","Texi","114909","107230","7679"
"2011-11-05","Texi","114430","107219","7211"
"2011-11-06","Texi","92441","87728","4713"
"2011-11-07","Texi","108091","100392","7699"
"2011-11-08","Texi","94573","87519","7054"
"2011-11-09","Texi","98584","91304","7280"
"2011-11-10","Texi","156534","147735","8799"
"2011-11-11","Texi","111959","106292","5667"
"2011-11-12","Texi","181781","168704","13077"
"2011-11-13","Texi","96071","91010","5061"
"2011-11-14","Texi","83654","79861","3793"
"2011-11-15","Texi","125649","117661","7988"
"2011-11-16","Texi","88254","83091","5163"
"2011-11-17","Texi","123736","116260","7476"
"2011-11-18","Texi","99792","93616","6176"
"2011-11-19","Texi","125037","116682","8355"
"2011-11-20","Texi","100313","94236","6077"
"2011-11-21","Texi","117241","110165","7076"
"2011-11-22","Texi","94874","88146","6728"
"2011-11-23","Texi","92293","85720","6573"
"2011-11-24","Texi","112440","105495","6945"
"2011-11-25","Texi","116212","108237","7975"
"2011-11-26","Texi","150805","140595","10210"
"2011-11-27","Texi","150446","142748","7698"
"2011-11-28","Texi","99604","93916","5688"
"2011-11-29","Texi","100516","92651","7865"
"2011-11-30","Texi","139707","129324","10383"
"2011-12-01","Texi","101402","93805","7597"
"2011-12-02","Texi","110060","104056","6004"
"2011-12-03","Texi","114761","107693","7068"
"2011-12-04","Texi","109282","102622","6660"
"2011-12-05","Texi","72376","69250","3126"
"2011-12-06","Texi","89724","84763","4961"
"2011-12-07","Texi","127668","119172","8496"
"2011-12-08","Texi","94343","89392","4951"
"2011-12-09","Texi","118673","110970","7703"
"2011-12-10","Texi","152144","143997","8147"
"2011-12-11","Texi","131178","122075","9103"
"2011-12-12","Texi","89189","81829","7360"
"2011-12-13","Texi","90283","85685","4598"
"2011-12-14","Texi","106992","99253","7739"
"2011-12-15","Texi","124821","115780","9041"
"2011-12-16","Texi","181658","170583","11075"
"2011-12-17","Texi","104379","99284","5095"
"2011-12-18","Texi","126127","118958","7169"
"2011-12-19","Texi","59159","57004","2155"
"2011-12-20","Texi","93872","89819","4053"
"2011-12-21","Texi","153855","145348","8507"
"2011-12-22","Texi","79206","74250","4956"
"2011-12-23","Texi","129308","119859","9449"
"2011-12-24","Texi","112521","106789","5732"
"2011-12-25","Texi","125657","117741","7916"
"2011-12-26","Texi","109552","102912","6640"
"2011-12-27","Texi","104561","99803","4758"
"2011-12-28","Texi","101301","96740","4561"
"2011-12-29","Texi","134005","126656","7349"
"2011-12-30","Texi","100105","93276","6829"
"2011-12-31","Texi","120500","112992","7508"
"2012-01-01","Texi","205179","190148","15031"
"2012-01-02","Texi","128569","120641","7928"
"2012-01-03","Texi","116929","109219","7710"
"2012-01-04","Texi","196962","183798","13164"
"2012-01-05","Texi","96745","91120","5625"
"2012-01-06","Texi","186538","174293","12245"
"2012-01-07","Texi","139915","130495","9420"
"2012-01-08","Texi","161833","153255","8578"
"2012-01-09","Texi","151715","142355","9360"
"2012-01-10","Texi","89493","84382","5111"
"2012-01-11","Texi","178640","167133","11507"
"2012-01-12","Texi","104501","99144","5357"
"2012-01-13","Texi","121829","116311","5518"
"2012-01-14","Texi","187736","177471","10265"
"2012-01-15","Texi","270930","255154","15776"
"2012-01-16","Texi","169680","157610","12070"
"2012-01-17","Texi","100712","93953","6759"
"2012-01-18","Texi","129069","122947","6122"
"2012-01-19","Texi","95316","87639","7677"
"2012-01-20","Texi","131696","123142","8554"
"2012-01-21","Texi","173083","162840","10243"
"2012-01-22","Texi","210127","196301","13826"
"2012-01-23","Texi","158184","147487","10697"
"2012-01-24","Texi","155771","147144","8627"
"2012-01-25","Texi","159320","148968","10352"
"2012-01-26","Texi","141886","131238","10648"
"2012-01-27","Texi","172190","159476","12714"
"2012-01-28","Texi","148585","138455","10130"
"2012-01-29","Texi","190296","178948","11348"
"2012-01-30","Texi","183899","170201","13698"
"2012-01-31","Texi","111268","105022","6246"
"2012-02-01","Texi","121469","114226","7243"
"2012-02-02","Texi","97912","92615","5297"
"2012-02-03","Texi","185105","172799","12306"
"2012-02-04","Texi","167871","158631","9240"
"2012-02-05","Texi","213335","199203","14132"
"2012-02-06","Texi","167680","157438","10242"
"2012-02-07","Texi","188587","176962","11625"
"2012-02-08","Texi","241969","227800","14169"
"2012-02-09","Texi","217709","205304","12405"
"2012-02-10","Texi","192757","180392","12365"
"2012-02-11","Texi","155013","146216","8797"
"2012-02-12","Texi","127698","121619","6079"
"2012-02-13","Texi","154113","145190","8923"
"2012-02-14","Texi","214571","203308","11263"
"2012-02-15","Texi","158592","148538","10054"
"2012-02-16","Texi","222384","211040","11344"
"2012-02-17","Texi","165029","153480","11549"
"2012-02-18","Texi","123719","115760","7959"
"2012-02-19","Texi","211512","198761","12751"
"2012-02-20","Texi","112441","104731","7710"
"2012-02-21","Texi","198645","184917","13728"
"2012-02-22","Texi","201186","188212","12974"
"2012-02-23","Texi","148018","140222","7796"
"2012-02-24","Texi","188534","177112","11422"
"2012-02-25","Texi","153652","144229","9423"
"2012-02-26","Texi","152416","143595","8821"
"2012-02-27","Texi","78325","72334","5991"
"2012-02-28","Texi","172248","162707","9541"
"2012-02-29","Texi","164424","153875","10549"
"2012-03-01","Texi","195140","183881","11259"
"2012-03-02","Texi","187518","174035","13483"
"2012-03-03","Texi","202867","189030","13837"
"2012-03-04","Texi","268450","246644","21806"
"2012-03-05","Texi","171848","160076","11772"
"2012-03-06","Texi","166062","156483","9579"
"2012-03-07","Texi","171511","162996","8515"
"2012-03-08","Texi","198706","186576","12130"
"2012-03-09","Texi","112449","105393","7056"
"2012-03-10","Texi","182113","168056","14057"
"2012-03-11","Texi","208887","196227","12660"
"2012-03-12","Texi","218534","204492","14042"
"2012-03-13","Texi","210037","195273","14764"
"2012-03-14","Texi","146053","137275","8778"
"2012-03-15","Texi","181300","168772","12528"
"2012-03-16","Texi","183768","172871","10897"
"2012-03-17","Texi","149754","140013","9741"
"2012-03-18","Texi","165950","156210","9740"
"2012-03-19","Texi","188190","178666","9524"
"2012-03-20","Texi","175981","166157","9824"
"2012-03-21","Texi","183057","173566","9491"
"2012-03-22","Texi","214594","199840","14754"
"2012-03-23","Texi","188712","176086","12626"
"2012-03-24","Texi","161870","151997","9873"
"2012-03-25","Texi","216878","205732","11146"
"2012-03-26","Texi","114759","107979","6780"
"2012-03-27","Texi","186416","176486","9930"
"2012-03-28","Texi","146123","136939","9184"
"2012-03-29","Texi","136905","128087","8818"
"2012-03-30","Texi","176280","167894","8386"
"2012-03-31","Texi","137934","129191","8743"
"2012-04-01","Texi","151534","141792","9742"
"2012-04-02","Texi","146664","139376","7288"
"2012-04-03","Texi","136874","127180","9694"
"2012-04-04","Texi","220695","206774","13921"
"2012-04-05","Texi","219005","204527","14478"
"2012-04-06","Texi","206326","193807","12519"
"2012-04-07","Texi","161570","151024","10546"
"2012-04-08","Texi","121760","113701","8059"
"2012-04-09","Texi","150231","142596","7635"
"2012-04-10","Texi","155715","144463","11252"
"2012-04-11","Texi","165870","157412","8458"
"2012-04-12","Texi","156625","144541","12084"
"2012-04-13","Texi","114383","108265","6118"
"2012-04-14","Texi","198806","186505","12301"
"2012-04-15","Texi","205414","189638","15776"
"2012-04-16","Texi","97663","90907","6756"
"2012-04-17","Texi","163581","154115","9466"
"2012-04-18","Texi","136706","129297","7409"
"2012-04-19","Texi","181869","170635","11234"
"2012-04-20","Texi","208945","196858","12087"
"2012-04-21","Texi","128583","121773","6810"
"2012-04-22","Texi","174732","163085","11647"
"2012-04-23","Texi","166487","158094","8393"
"2012-04-24","Texi","145574","135500","10074"
"2012-04-25","Texi","198497","185345","13152"
"2012-04-26","Texi","150762","140992","9770"
"2012-04-27","Texi","188107","176473","11634"
"2012-04-28","Texi","187558","177216","10342"
"2012-04-29","Texi","185158","175249","9909"
"2012-04-30","Texi","230623","217946","12677"
"2012-05-01","Texi","193788","181210","12578"
"2012-05-02","Texi","160544","151866","8678"
"2012-05-03","Texi","195417","181544","13873"
"2012-05-04","Texi","129166","120688","8478"
"2012-05-05","Texi","202179","189241","12938"
"2012-05-06","Texi","220822","207997","12825"
"2012-05-07","Texi","175975","166296","9679"
"2012-05-08","Texi","130556","123066","7490"
"2012-05-09","Texi","169549","160698","8851"
"2012-05-10","Texi","142172","133917","8255"
"2012-05-11","Texi","172770","163180","9590"
"2012-05-12","Texi","125767","118986","6781"
"2012-05-13","Texi","157162","146054","11108"
"2012-05-14","Texi","190199","180034","10165"
"2012-05-15","Texi","221235","207366","13869"
"2012-05-16","Texi","231991","218410","13581"
"2012-05-17","Texi","238204","222797","15407"
"2012-05-18","Texi","139957","132044","7913"
"2012-05-19","Texi","203555","191074","12481"
"2012-05-20","Texi","178010","165409","12601"
"2012-05-21","Texi","198300","182893","15407"
"2012-05-22","Texi","151154","142754","8400"
"2012-05-23","Texi","208705","197204","11501"
"2012-05-24","Texi","171128","159308","11820"
"2012-05-25","Texi","198426","185820","12606"
"2012-05-26","Texi","140755","133173","7582"
"2012-05-27","Texi","119498","112194","7304"
"2012-05-28","Texi","240151","222701","17450"
"2012-05-29","Texi","153893","145033","8860"
"2012-05-30","Texi","167192","155476","11716"
"2012-05-31","Texi","260908","245820","15088"
"2012-06-01","Texi","21945","20768","1177"
"2012-06-02","Texi","34383","32448","1935"
"2012-06-03","Texi","98553","93032","5521"
"2012-06-04","Texi","89396","84946","4450"
"2012-06-05","Texi","88274","83144","5130"
"2012-06-06","Texi","138399","128476","9923"
"2012-06-07","Texi","101294","94085","7209"
"2012-06-08","Texi","71647","68295","3352"
"2012-06-09","Texi","111570","105187","6383"
"2012-06-10","Texi","87917","82958","4959"
"2012-06-11","Texi","75278","70291","4987"
"2012-06-12","Texi","74888","69890","4998"
"2012-06-13","Texi","71697","67906","3791"
"2012-06-14","Texi","79216","75402","3814"
"2012-06-15","Texi","82858","77717","5141"
"2012-06-16","Texi","100844","94443","6401"
"2012-06-17","Texi","80726","76115","4611"
"2012-06-18","Texi","100774","92597","8177"
"2012-06-19","Texi","66337","63396","2941"
"2012-06-20","Texi","88586","82279","6307"
"2012-06-21","Texi","66968","63032","3936"
"2012-06-22","Texi","98054","91204","6850"
"2012-06-23","Texi","88044","82728","5316"
"2012-06-24","Texi","87305","81492","5813"
"2012-06-25","Texi","44818","42893","1925"
"2012-06-26","Texi","76757","71861","4896"
"2012-06-27","Texi","65768","61486","4282"
"2012-06-28","Texi","38093","36024","2069"
"2012-06-29","Texi","61149","56546","4603"
"2012-06-30","Texi","111671","104934","6737"
"2012-07-01","Texi","91515","84321","7194"
"2012-07-02","Texi","76445","72726","3719"
"2012-07-03","Texi","124748","117270","7478"
"2012-07-04","Texi","94446","88271","6175"
"2012-07-05","Texi","96953","92533","4420"
"2012-07-06","Texi","124322","114892","9430"
"2012-07-07","Texi","101775","95099","6676"
"2012-07-08","Texi","65949","61527","4422"
"2012-07-09","Texi","46042","43562","2480"
"2012-07-10","Texi","49941","45970","3971"
"2012-07-11","Texi","49228","46697","2531"
"2012-07-12","Texi","139626","128970","10656"
"2012-07-13","Texi","69319","63895","5424"
"2012-07-14","Texi","46452","42205","4247"
"2012-07-15","Texi","84147","78166","5981"
"2012-07-16","Texi","86728","80174","6554"
"2012-07-17","Texi","52670","49279","3391"
"2012-07-18","Texi","99344","94813","4531"
"2012-07-19","Texi","100783","94095","6688"
"2012-07-20","Texi","62668","59175","3493"
"2012-07-21","Texi","91624","85877","5747"
"2012-07-22","Texi","104684","97506","7178"
"2012-07-23","Texi","75347","71241","4106"
"2012-07-24","Texi","44093","41715","2378"
"2012-07-25","Texi","90603","84969","5634"
"2012-07-26","Texi","39202","37828","1374"
"2012-07-27","Texi","101562","95532","6030"
"2012-07-28","Texi","68798","65711","3087"
"2012-07-29","Texi","97603","88855","8748"
"2012-07-30","Texi","84007","78049","5958"
"2012-07-31","Texi","54511","52277","2234"
"2012-08-01","Texi","97884","92318","5566"
"2012-08-02","Texi","107882","102214","5668"
"2012-08-03","Texi","89444","82614","6830"
"2012-08-04","Texi","93881","87535","6346"
"2012-08-05","Texi","103575","95702","7873"
"2012-08-06","Texi","90683","84845","5838"
"2012-08-07","Texi","119850","113617","6233"
"2012-08-08","Texi","122940","114776","8164"
"2012-08-09","Texi","60588","56074","4514"
"2012-08-10","Texi","115272","107441","7831"
"2012-08-11","Texi","91905","86740","5165"
"2012-08-12","Texi","66038","62901","3137"
"2012-08-13","Texi","74447","68693","5754"
"2012-08-14","Texi","81649","76273","5376"
"2012-08-15","Texi","69498","65115","4383"
"2012-08-16","Texi","88894","84272","4622"
"2012-08-17","Texi","67879","63217","4662"
"2012-08-18","Texi","111662","104165","7497"
"2012-08-19","Texi","43623","41856","1767"
"2012-08-20","Texi","79639","74078","5561"
"2012-08-21","Texi","104383","97819","6564"
"2012-08-22","Texi","91225","84918","6307"
"2012-08-23","Texi","56400","53430","2970"
"2012-08-24","Texi","100244","92497","7747"
"2012-08-25","Texi","87455","82761","4694"
"2012-08-26","Texi","84767","79747","5020"
"2012-08-27","Texi","83357","77734","5623"
"2012-08-28","Texi","111643","104637","7006"
"2012-08-29","Texi","83042","79300","3742"
"2012-08-30","Texi","103815","96852","6963"
"2012-08-31","Texi","65927","62942","2985"
"2012-09-01","Texi","42812","40893","1919"
"2012-09-02","Texi","41582","39789","1793"
"2012-09-03","Texi","125321","116322","8999"
"2012-09-04","Texi","127210","119239","7971"
"2012-09-05","Texi","88833","84795","4038"
"2012-09-06","Texi","73158","68244","4914"
"2012-09-07","Texi","69957","67126","2831"
"2012-09-08","Texi","110710","103849","6861"
"2012-09-09","Texi","73359","67420","5939"
"2012-09-10","Texi","79326","75707","3619"
"2012-09-11","Texi","72186","67711","4475"
"2012-09-12","Texi","57978","54986","2992"
"2012-09-13","Texi","71647","68295","3352"
"2012-09-14","Texi","113743","106049","7694"
"2012-09-15","Texi","101352","96005","5347"
"2012-09-16","Texi","77428","73125","4303"
"2012-09-17","Texi","97884","92771","5113"
"2012-09-18","Texi","74187","70172","4015"
"2012-09-19","Texi","129389","121502","7887"
"2012-09-20","Texi","132449","124867","7582"
"2012-09-21","Texi","104920","100121","4799"
"2012-09-22","Texi","53730","50708","3022"
"2012-09-23","Texi","117290","110540","6750"
"2012-09-24","Texi","71088","66644","4444"
"2012-09-25","Texi","114489","106982","7507"
"2012-09-26","Texi","109246","101098","8148"
"2012-09-27","Texi","86124","80310","5814"
"2012-09-28","Texi","65586","62709","2877"
"2012-09-29","Texi","114331","107651","6680"
"2012-09-30","Texi","81157","76682","4475"
"2012-10-01","Texi","79316","74624","4692"
"2012-10-02","Texi","91544","85419","6125"
"2012-10-03","Texi","103684","97547","6137"
"2012-10-04","Texi","113211","105563","7648"
"2012-10-05","Texi","159503","150905","8598"
"2012-10-06","Texi","81886","76766","5120"
"2012-10-07","Texi","92814","88151","4663"
"2012-10-08","Texi","88845","82957","5888"
"2012-10-09","Texi","77597","72775","4822"
"2012-10-10","Texi","112172","104501","7671"
"2012-10-11","Texi","44920","42178","2742"
"2012-10-12","Texi","92445","85810","6635"
"2012-10-13","Texi","74196","69906","4290"
"2012-10-14","Texi","81355","76559","4796"
"2012-10-15","Texi","95663","89377","6286"
"2012-10-16","Texi","97133","92049","5084"
"2012-10-17","Texi","81405","77041","4364"
"2012-10-18","Texi","107923","102091","5832"
"2012-10-19","Texi","98674","93621","5053"
"2012-10-20","Texi","72795","69391","3404"
"2012-10-21","Texi","106380","98170","8210"
"2012-10-22","Texi","87391","84403","2988"
"2012-10-23","Texi","120969","113162","7807"
"2012-10-24","Texi","93604","87643","5961"
"2012-10-25","Texi","92623","87376","5247"
"2012-10-26","Texi","85165","80228","4937"
"2012-10-27","Texi","121328","114873","6455"
"2012-10-28","Texi","115842","107600","8242"
"2012-10-29","Texi","87155","81788","5367"
"2012-10-30","Texi","121308","112638","8670"
"2012-10-31","Texi","92824","89234","3590"
"2012-11-01","Texi","105699","100269","5430"
"2012-11-02","Texi","82956","78825","4131"
"2012-11-03","Texi","82104","77731","4373"
"2012-11-04","Texi","155263","145176","10087"
"2012-11-05","Texi","93261","88589","4672"
"2012-11-06","Texi","101082","94590","6492"
"2012-11-07","Texi","75965","70844","5121"
"2012-11-08","Texi","79615","75119","4496"
"2012-11-09","Texi","95675","88897","6778"
"2012-11-10","Texi","67258","63793","3465"
"2012-11-11","Texi","98533","92979","5554"
"2012-11-12","Texi","110269","102130","8139"
"2012-11-13","Texi","116028","110186","5842"
"2012-11-14","Texi","75348","69955","5393"
"2012-11-15","Texi","77427","73471","3956"
"2012-11-16","Texi","117031","110638","6393"
"2012-11-17","Texi","49609","46782","2827"
"2012-11-18","Texi","98512","92901","5611"
"2012-11-19","Texi","98136","91212","6924"
"2012-11-20","Texi","102073","95069","7004"
"2012-11-21","Texi","92014","85696","6318"
"2012-11-22","Texi","75725","71087","4638"
"2012-11-23","Texi","88518","82376","6142"
"2012-11-24","Texi","34813","33326","1487"
"2012-11-25","Texi","65009","60973","4036"
"2012-11-26","Texi","100253","94413","5840"
"2012-11-27","Texi","69328","65811","3517"
"2012-11-28","Texi","117023","109618","7405"
"2012-11-29","Texi","114722","107008","7714"
"2012-11-30","Texi","62521","59710","2811"
"2012-12-01","Texi","54609","50914","3695"
"2012-12-02","Texi","106282","100055","6227"
"2012-12-03","Texi","109623","102648","6975"
"2012-12-04","Texi","107712","101310","6402"
"2012-12-05","Texi","165202","153916","11286"
"2012-12-06","Texi","98279","93535","4744"
"2012-12-07","Texi","89765","85511","4254"
"2012-12-08","Texi","90585","83737","6848"
"2012-12-09","Texi","87161","81969","5192"
"2012-12-10","Texi","103223","97168","6055"
"2012-12-11","Texi","86564","81922","4642"
"2012-12-12","Texi","74816","70616","4200"
"2012-12-13","Texi","90434","86190","4244"
"2012-12-14","Texi","39611","37757","1854"
"2012-12-15","Texi","84157","77960","6197"
"2012-12-16","Texi","120590","112420","8170"
"2012-12-17","Texi","123970","116811","7159"
"2012-12-18","Texi","46523","43705","2818"
"2012-12-19","Texi","94661","89450","5211"
"2012-12-20","Texi","102779","97578","5201"
"2012-12-21","Texi","64808","61797","3011"
"2012-12-22","Texi","90633","85398","5235"
"2012-12-23","Texi","103043","97652","5391"
"2012-12-24","Texi","89066","84161","4905"
"2012-12-25","Texi","51461","47835","3626"
"2012-12-26","Texi","84205","79668","4537"
"2012-12-27","Texi","67356","62883","4473"
"2012-12-28","Texi","66649","62984","3665"
"2012-12-29","Texi","70176","66805","3371"
"2012-12-30","Texi","96943","90928","6015"
"2012-12-31","Texi","107862","101743","6119"
"2013-01-01","Texi","35123","33269","1854"
"2013-01-02","Texi","321137","301123","20014"
"2013-01-03","Texi","220720","207319","13401"
"2013-01-04","Texi","227937","214849","13088"
"2013-01-05","Texi","264655","248556","16099"
"2013-01-06","Texi","247983","232859","15124"
"2013-01-07","Texi","256718","240362","16356"
"2013-01-08","Texi","245155","230806","14349"
"2013-01-09","Texi","273819","255588","18231"
"2013-01-10","Texi","290089","273460","16629"
"2013-01-11","Texi","233341","220147","13194"
"2013-01-12","Texi","267256","253075","14181"
"2013-01-13","Texi","265211","248679","16532"
"2013-01-14","Texi","359166","334628","24538"
"2013-01-15","Texi","227878","214564","13314"
"2013-01-16","Texi","281956","263826","18130"
"2013-01-17","Texi","258027","243210","14817"
"2013-01-18","Texi","231678","216486","15192"
"2013-01-19","Texi","233751","218372","15379"
"2013-01-20","Texi","280583","262784","17799"
"2013-01-21","Texi","282154","265863","16291"
"2013-01-22","Texi","270236","251842","18394"
"2013-01-23","Texi","271097","256456","14641"
"2013-01-24","Texi","269412","250579","18833"
"2013-01-25","Texi","266903","250269","16634"
"2013-01-26","Texi","247632","229365","18267"
"2013-01-27","Texi","323450","302766","20684"
"2013-01-28","Texi","263735","249819","13916"
"2013-01-29","Texi","280306","265945","14361"
"2013-01-30","Texi","262456","245601","16855"
"2013-01-31","Texi","248249","230047","18202"
"2013-02-01","Texi","307716","289044","18672"
"2013-02-02","Texi","272036","256321","15715"
"2013-02-03","Texi","209944","195304","14640"
"2013-02-04","Texi","253288","235942","17346"
"2013-02-05","Texi","264476","249772","14704"
"2013-02-06","Texi","235160","223374","11786"
"2013-02-07","Texi","316386","298177","18209"
"2013-02-08","Texi","309670","291516","18154"
"2013-02-09","Texi","248945","235198","13747"
"2013-02-10","Texi","354483","331041","23442"
"2013-02-11","Texi","371341","344184","27157"
"2013-02-12","Texi","269667","253321","16346"
"2013-02-13","Texi","244866","228052","16814"
"2013-02-14","Texi","273988","256760","17228"
"2013-02-15","Texi","259960","245354","14606"
"2013-02-16","Texi","335393","315798","19595"
"2013-02-17","Texi","298759","280584","18175"
"2013-02-18","Texi","324857","304493","20364"
"2013-02-19","Texi","319667","299218","20449"
"2013-02-20","Texi","260028","243290","16738"
"2013-02-21","Texi","207446","193782","13664"
"2013-02-22","Texi","238569","222705","15864"
"2013-02-23","Texi","323474","300428","23046"
"2013-02-24","Texi","319327","296686","22641"
"2013-02-25","Texi","300317","280206","20111"
"2013-02-26","Texi","285631","270690","14941"
"2013-02-27","Texi","265155","247809","17346"
"2013-02-28","Texi","346565","325604","20961"
"2013-03-01","Texi","129760","119564","10196"
"2013-03-02","Texi","229693","215586","14107"
"2013-03-03","Texi","367210","345440","21770"
"2013-03-04","Texi","371837","349313","22524"
"2013-03-05","Texi","353741","330877","22864"
"2013-03-06","Texi","258004","242547","15457"
"2013-03-07","Texi","332584","310802","21782"
"2013-03-08","Texi","262832","247243","15589"
"2013-03-09","Texi","278332","261945","16387"
"2013-03-10","Texi","253467","238033","15434"
"2013-03-11","Texi","296309","274560","21749"
"2013-03-12","Texi","375837","354414","21423"
"2013-03-13","Texi","257576","239097","18479"
"2013-03-14","Texi","350945","325612","25333"
"2013-03-15","Texi","259833","242066","17767"
"2013-03-16","Texi","292801","273738","19063"
"2013-03-17","Texi","362958","338786","24172"
"2013-03-18","Texi","256544","243976","12568"
"2013-03-19","Texi","331718","308472","23246"
"2013-03-20","Texi","318518","297248","21270"
"2013-03-21","Texi","347057","327046","20011"
"2013-03-22","Texi","294777","279397","15380"
"2013-03-23","Texi","265703","250499","15204"
"2013-03-24","Texi","294432","272893","21539"
"2013-03-25","Texi","325734","305507","20227"
"2013-03-26","Texi","287849","271767","16082"
"2013-03-27","Texi","238082","223390","14692"
"2013-03-28","Texi","346986","323937","23049"
"2013-03-29","Texi","260236","245389","14847"
"2013-03-30","Texi","346944","324363","22581"
"2013-03-31","Texi","224631","208864","15767"
"2013-04-01","Texi","335818","314782","21036"
"2013-04-02","Texi","255622","241290","14332"
"2013-04-03","Texi","331882","312430","19452"
"2013-04-04","Texi","362360","341219","21141"
"2013-04-05","Texi","265154","249513","15641"
"2013-04-06","Texi","281853","261929","19924"
"2013-04-07","Texi","301959","282349","19610"
"2013-04-08","Texi","288538","273741","14797"
"2013-04-09","Texi","301753","283957","17796"
"2013-04-10","Texi","316495","296262","20233"
"2013-04-11","Texi","312283","293512","18771"
"2013-04-12","Texi","280547","263067","17480"
"2013-04-13","Texi","263925","246912","17013"
"2013-04-14","Texi","282127","264540","17587"
"2013-04-15","Texi","302265","283399","18866"
"2013-04-16","Texi","296640","279376","17264"
"2013-04-17","Texi","278065","260432","17633"
"2013-04-18","Texi","292168","277023","15145"
"2013-04-19","Texi","361188","336952","24236"
"2013-04-20","Texi","271205","251718","19487"
"2013-04-21","Texi","299268","280502","18766"
"2013-04-22","Texi","361157","339016","22141"
"2013-04-23","Texi","278240","259936","18304"
"2013-04-24","Texi","279492","263907","15585"
"2013-04-25","Texi","268587","254746","13841"
"2013-04-26","Texi","272000","254777","17223"
"2013-04-27","Texi","285429","270730","14699"
"2013-04-28","Texi","302095","282737","19358"
"2013-04-29","Texi","268462","255362","13100"
"2013-04-30","Texi","312567","293114","19453"
"2013-05-01","Texi","115331","107610","7721"
"2013-05-02","Texi","259493","245200","14293"
"2013-05-03","Texi","286591","266955","19636"
"2013-05-04","Texi","309485","291746","17739"
"2013-05-05","Texi","314527","296534","17993"
"2013-05-06","Texi","332008","310173","21835"
"2013-05-07","Texi","340934","321138","19796"
"2013-05-08","Texi","284485","265173","19312"
"2013-05-09","Texi","304952","288414","16538"
"2013-05-10","Texi","297846","279085","18761"
"2013-05-11","Texi","237503","224778","12725"
"2013-05-12","Texi","298720","276406","22314"
"2013-05-13","Texi","276481","257028","19453"
"2013-05-14","Texi","302880","283164","19716"
"2013-05-15","Texi","305100","284468","20632"
"2013-05-16","Texi","292582","274106","18476"
"2013-05-17","Texi","250920","235718","15202"
"2013-05-18","Texi","315530","295443","20087"
"2013-05-19","Texi","244418","228831","15587"
"2013-05-20","Texi","279785","260461","19324"
"2013-05-21","Texi","254979","240025","14954"
"2013-05-22","Texi","221408","208596","12812"
"2013-05-23","Texi","258166","238032","20134"
"2013-05-24","Texi","295311","278239","17072"
"2013-05-25","Texi","266053","249319","16734"
"2013-05-26","Texi","257903","241511","16392"
"2013-05-27","Texi","301340","283846","17494"
"2013-05-28","Texi","252688","233289","19399"
"2013-05-29","Texi","230961","213322","17639"
"2013-05-30","Texi","248118","231613","16505"
"2013-05-31","Texi","252298","236195","16103"
"2008-06-01","Tortoise","41428","31912","9516"
"2008-06-02","Tortoise","33718","28683","5035"
"2008-06-03","Tortoise","21218","18273","2945"
"2008-06-04","Tortoise","12768","11812","956"
"2008-06-05","Tortoise","44218","39140","5078"
"2008-06-06","Tortoise","27948","24477","3471"
"2008-06-08","Tortoise","20688","18337","2351"
"2008-06-09","Tortoise","23807","19748","4059"
"2008-06-10","Tortoise","19429","17315","2114"
"2008-06-11","Tortoise","31167","24211","6956"
"2008-06-13","Tortoise","15619","11821","3798"
"2008-06-15","Tortoise","37728","31391","6337"
"2008-06-16","Tortoise","41538","36885","4653"
"2008-06-17","Tortoise","6929","6905","24"
"2008-06-18","Tortoise","45916","39318","6598"
"2008-06-19","Tortoise","45956","40559","5397"
"2008-06-20","Tortoise","29038","26475","2563"
"2008-06-21","Tortoise","57157","48706","8451"
"2008-06-22","Tortoise","5839","4907","932"
"2008-06-23","Tortoise","15619","11821","3798"
"2008-06-25","Tortoise","22109","19570","2539"
"2008-06-26","Tortoise","58287","51945","6342"
"2008-06-27","Tortoise","22109","19570","2539"
"2008-06-28","Tortoise","58946","49664","9282"
"2008-06-29","Tortoise","1259","1022","237"
"2008-06-30","Tortoise","21218","18273","2945"
"2008-07-01","Tortoise","51147","46045","5102"
"2008-07-02","Tortoise","6929","6905","24"
"2008-07-03","Tortoise","33287","31125","2162"
"2008-07-05","Tortoise","29908","23189","6719"
"2008-07-07","Tortoise","22109","19570","2539"
"2008-07-08","Tortoise","22109","19570","2539"
"2008-07-09","Tortoise","26358","24220","2138"
"2008-07-10","Tortoise","12768","11812","956"
"2008-07-12","Tortoise","22109","19570","2539"
"2008-07-15","Tortoise","15619","11821","3798"
"2008-07-16","Tortoise","38167","30547","7620"
"2008-07-17","Tortoise","19429","17315","2114"
"2008-07-18","Tortoise","19429","17315","2114"
"2008-07-19","Tortoise","59766","51530","8236"
"2008-07-20","Tortoise","44657","38296","6361"
"2008-07-21","Tortoise","6929","6905","24"
"2008-07-22","Tortoise","19319","12342","6977"
"2008-07-23","Tortoise","15548","12390","3158"
"2008-07-24","Tortoise","53276","43781","9495"
"2008-07-25","Tortoise","21947","19359","2588"
"2008-07-27","Tortoise","19429","17315","2114"
"2008-07-28","Tortoise","1259","1022","237"
"2008-07-29","Tortoise","22109","19570","2539"
"2008-07-30","Tortoise","48467","43790","4677"
"2008-07-31","Tortoise","42797","37907","4890"
"2008-08-01","Tortoise","58507","50508","7999"
"2008-08-02","Tortoise","33718","28683","5035"
"2008-08-03","Tortoise","47046","42557","4489"
"2008-08-04","Tortoise","22109","19570","2539"
"2008-08-05","Tortoise","15548","12390","3158"
"2008-08-06","Tortoise","6929","6905","24"
"2008-08-08","Tortoise","14289","11368","2921"
"2008-08-09","Tortoise","29038","26475","2563"
"2008-08-10","Tortoise","79095","70522","8573"
"2008-08-12","Tortoise","23368","20592","2776"
"2008-08-13","Tortoise","15619","11821","3798"
"2008-08-14","Tortoise","19429","17315","2114"
"2008-08-15","Tortoise","47816","40948","6868"
"2008-08-16","Tortoise","27617","25242","2375"
"2008-08-17","Tortoise","22109","19570","2539"
"2008-08-18","Tortoise","14289","11368","2921"
"2008-08-20","Tortoise","1259","1022","237"
"2008-08-21","Tortoise","19429","17315","2114"
"2008-08-22","Tortoise","19429","17315","2114"
"2008-08-23","Tortoise","1259","1022","237"
"2008-08-24","Tortoise","8188","7927","261"
"2008-08-25","Tortoise","22548","18726","3822"
"2008-08-26","Tortoise","20688","18337","2351"
"2008-08-27","Tortoise","22109","19570","2539"
"2008-08-28","Tortoise","38167","30547","7620"
"2008-08-30","Tortoise","2518","2044","474"
"2008-08-31","Tortoise","19429","17315","2114"
"2008-09-01","Tortoise","22109","19570","2539"
"2008-09-02","Tortoise","22109","19570","2539"
"2008-09-03","Tortoise","22109","19570","2539"
"2008-09-04","Tortoise","19429","17315","2114"
"2008-09-05","Tortoise","20128","16275","3853"
"2008-09-06","Tortoise","27948","24477","3471"
"2008-09-07","Tortoise","14289","11368","2921"
"2008-09-09","Tortoise","19429","17315","2114"
"2008-09-10","Tortoise","14289","11368","2921"
"2008-09-11","Tortoise","15619","11821","3798"
"2008-09-12","Tortoise","14289","11368","2921"
"2008-09-13","Tortoise","80525","69298","11227"
"2008-09-14","Tortoise","41538","36885","4653"
"2008-09-15","Tortoise","15619","11821","3798"
"2008-09-16","Tortoise","77936","67823","10113"
"2008-09-17","Tortoise","22109","19570","2539"
"2008-09-18","Tortoise","49337","40504","8833"
"2008-09-19","Tortoise","41538","36885","4653"
"2008-09-21","Tortoise","29038","26475","2563"
"2008-09-22","Tortoise","22109","19570","2539"
"2008-09-23","Tortoise","31238","23642","7596"
"2008-09-25","Tortoise","15619","11821","3798"
"2008-09-27","Tortoise","8188","7927","261"
"2008-09-28","Tortoise","1259","1022","237"
"2008-09-29","Tortoise","36398","30938","5460"
"2008-09-30","Tortoise","32355","25802","6553"
"2008-10-01","Tortoise","1259","1022","237"
"2008-10-02","Tortoise","22548","18726","3822"
"2008-10-03","Tortoise","48467","43790","4677"
"2008-10-04","Tortoise","1259","1022","237"
"2008-10-05","Tortoise","29908","23189","6719"
"2008-10-06","Tortoise","19429","17315","2114"
"2008-10-08","Tortoise","44218","39140","5078"
"2008-10-10","Tortoise","64956","52325","12631"
"2008-10-11","Tortoise","33608","23710","9898"
"2008-10-12","Tortoise","35048","29136","5912"
"2008-10-13","Tortoise","66327","58710","7617"
"2008-10-16","Tortoise","2518","2044","474"
"2008-10-17","Tortoise","16878","12843","4035"
"2008-10-18","Tortoise","16878","12843","4035"
"2008-10-19","Tortoise","23368","20592","2776"
"2008-10-20","Tortoise","36398","30938","5460"
"2008-10-21","Tortoise","34977","29705","5272"
"2008-10-22","Tortoise","6929","6905","24"
"2008-10-24","Tortoise","45846","35586","10260"
"2008-10-25","Tortoise","22109","19570","2539"
"2008-10-26","Tortoise","15619","11821","3798"
"2008-10-27","Tortoise","49337","40504","8833"
"2008-10-28","Tortoise","15619","11821","3798"
"2008-10-29","Tortoise","14027","12834","1193"
"2008-10-30","Tortoise","58507","50508","7999"
"2008-10-31","Tortoise","26248","19247","7001"
"2008-11-01","Tortoise","1259","1022","237"
"2008-11-02","Tortoise","27948","24477","3471"
"2008-11-04","Tortoise","38858","34630","4228"
"2008-11-05","Tortoise","8188","7927","261"
"2008-11-07","Tortoise","73256","65615","7641"
"2008-11-08","Tortoise","45787","41535","4252"
"2008-11-09","Tortoise","37728","31391","6337"
"2008-11-10","Tortoise","1259","1022","237"
"2008-11-11","Tortoise","16878","12843","4035"
"2008-11-12","Tortoise","22109","19570","2539"
"2008-11-14","Tortoise","1259","1022","237"
"2008-11-15","Tortoise","1259","1022","237"
"2008-11-16","Tortoise","29038","26475","2563"
"2008-11-17","Tortoise","40647","35588","5059"
"2008-11-18","Tortoise","1259","1022","237"
"2008-11-19","Tortoise","6929","6905","24"
"2008-11-21","Tortoise","14289","11368","2921"
"2008-11-22","Tortoise","22109","19570","2539"
"2008-11-23","Tortoise","21218","18273","2945"
"2008-11-24","Tortoise","52017","42759","9258"
"2008-11-25","Tortoise","45477","40162","5315"
"2008-11-26","Tortoise","35048","29136","5912"
"2008-11-28","Tortoise","15548","12390","3158"
"2008-11-29","Tortoise","32197","29127","3070"
"2008-11-30","Tortoise","33718","28683","5035"
"2008-12-01","Tortoise","33718","28683","5035"
"2008-12-02","Tortoise","38025","31685","6340"
"2008-12-03","Tortoise","27617","25242","2375"
"2008-12-04","Tortoise","33718","28683","5035"
"2008-12-06","Tortoise","23368","20592","2776"
"2008-12-07","Tortoise","44218","39140","5078"
"2008-12-09","Tortoise","43496","36867","6629"
"2008-12-10","Tortoise","15619","11821","3798"
"2008-12-11","Tortoise","8188","7927","261"
"2008-12-12","Tortoise","16878","12843","4035"
"2008-12-15","Tortoise","26358","24220","2138"
"2008-12-16","Tortoise","62116","50249","11867"
"2008-12-17","Tortoise","64885","52894","11991"
"2008-12-18","Tortoise","29038","26475","2563"
"2008-12-19","Tortoise","6929","6905","24"
"2008-12-20","Tortoise","31238","23642","7596"
"2008-12-21","Tortoise","22109","19570","2539"
"2008-12-22","Tortoise","15619","11821","3798"
"2008-12-23","Tortoise","44197","34557","9640"
"2008-12-24","Tortoise","6929","6905","24"
"2008-12-25","Tortoise","1259","1022","237"
"2008-12-26","Tortoise","57157","48706","8451"
"2008-12-27","Tortoise","22109","19570","2539"
"2008-12-28","Tortoise","66766","57866","8900"
"2008-12-30","Tortoise","22477","19295","3182"
"2009-01-01","Tortoise","22109","19570","2539"
"2009-01-02","Tortoise","47377","41792","5585"
"2009-01-03","Tortoise","14289","11368","2921"
"2009-01-04","Tortoise","47175","40340","6835"
"2009-01-05","Tortoise","55827","48253","7574"
"2009-01-06","Tortoise","35967","33380","2587"
"2009-01-07","Tortoise","50667","40957","9710"
"2009-01-08","Tortoise","76586","66021","10565"
"2009-01-09","Tortoise","1259","1022","237"
"2009-01-10","Tortoise","63647","56455","7192"
"2009-01-11","Tortoise","83076","73770","9306"
"2009-01-12","Tortoise","23368","20592","2776"
"2009-01-13","Tortoise","44657","38296","6361"
"2009-01-14","Tortoise","42797","37907","4890"
"2009-01-15","Tortoise","93924","75068","18856"
"2009-01-16","Tortoise","27617","25242","2375"
"2009-01-17","Tortoise","85432","75603","9829"
"2009-01-18","Tortoise","50425","43772","6653"
"2009-01-19","Tortoise","56655","51717","4938"
"2009-01-20","Tortoise","19429","17315","2114"
"2009-01-21","Tortoise","67863","58677","9186"
"2009-01-22","Tortoise","53834","47113","6721"
"2009-01-23","Tortoise","58674","44480","14194"
"2009-01-24","Tortoise","67896","61105","6791"
"2009-01-25","Tortoise","72274","63538","8736"
"2009-01-26","Tortoise","8188","7927","261"
"2009-01-27","Tortoise","41428","31912","9516"
"2009-01-28","Tortoise","40007","30679","9328"
"2009-01-29","Tortoise","65875","56569","9306"
"2009-01-30","Tortoise","45916","39318","6598"
"2009-01-31","Tortoise","6929","6905","24"
"2009-02-01","Tortoise","20578","13364","7214"
"2009-02-03","Tortoise","58287","51945","6342"
"2009-02-04","Tortoise","58076","52950","5126"
"2009-02-05","Tortoise","70116","59621","10495"
"2009-02-06","Tortoise","61096","51983","9113"
"2009-02-07","Tortoise","71375","60643","10732"
"2009-02-08","Tortoise","37657","31960","5697"
"2009-02-09","Tortoise","63647","56455","7192"
"2009-02-10","Tortoise","8188","7927","261"
"2009-02-11","Tortoise","19429","17315","2114"
"2009-02-12","Tortoise","45787","41535","4252"
"2009-02-13","Tortoise","85756","76025","9731"
"2009-02-14","Tortoise","70096","58272","11824"
"2009-02-15","Tortoise","81034","64651","16383"
"2009-02-16","Tortoise","58507","50508","7999"
"2009-02-17","Tortoise","82315","65955","16360"
"2009-02-18","Tortoise","37728","31391","6337"
"2009-02-19","Tortoise","108013","96757","11256"
"2009-02-20","Tortoise","85304","73884","11420"
"2009-02-21","Tortoise","13858","13810","48"
"2009-02-22","Tortoise","28876","26264","2612"
"2009-02-23","Tortoise","45845","39887","5958"
"2009-02-24","Tortoise","20688","18337","2351"
"2009-02-25","Tortoise","22109","19570","2539"
"2009-02-26","Tortoise","41538","36885","4653"
"2009-02-27","Tortoise","51147","46045","5102"
"2009-02-28","Tortoise","29038","26475","2563"
"2009-03-01","Tortoise","36398","30938","5460"
"2009-03-02","Tortoise","58416","49728","8688"
"2009-03-03","Tortoise","14289","11368","2921"
"2009-03-04","Tortoise","16878","12843","4035"
"2009-03-05","Tortoise","6929","6905","24"
"2009-03-06","Tortoise","29207","25499","3708"
"2009-03-07","Tortoise","41538","36885","4653"
"2009-03-08","Tortoise","44586","38865","5721"
"2009-03-09","Tortoise","62226","55222","7004"
"2009-03-10","Tortoise","88436","78280","10156"
"2009-03-11","Tortoise","37077","28549","8528"
"2009-03-12","Tortoise","19429","17315","2114"
"2009-03-13","Tortoise","32497","24664","7833"
"2009-03-14","Tortoise","75256","65568","9688"
"2009-03-15","Tortoise","96073","81688","14385"
"2009-03-16","Tortoise","73964","62118","11846"
"2009-03-17","Tortoise","1259","1022","237"
"2009-03-18","Tortoise","29038","26475","2563"
"2009-03-19","Tortoise","26358","24220","2138"
"2009-03-20","Tortoise","103943","84738","19205"
"2009-03-21","Tortoise","19429","17315","2114"
"2009-03-22","Tortoise","27948","24477","3471"
"2009-03-23","Tortoise","58855","48884","9971"
"2009-03-24","Tortoise","65274","57202","8072"
"2009-03-25","Tortoise","62116","50249","11867"
"2009-03-26","Tortoise","26358","24220","2138"
"2009-03-27","Tortoise","33287","31125","2162"
"2009-03-28","Tortoise","22109","19570","2539"
"2009-03-29","Tortoise","16878","12843","4035"
"2009-03-30","Tortoise","59837","50961","8876"
"2009-03-31","Tortoise","8357","6951","1406"
"2009-04-01","Tortoise","44218","39140","5078"
"2009-04-02","Tortoise","1259","1022","237"
"2009-04-03","Tortoise","48467","43790","4677"
"2009-04-05","Tortoise","16878","12843","4035"
"2009-04-06","Tortoise","118124","102906","15218"
"2009-04-07","Tortoise","22109","19570","2539"
"2009-04-08","Tortoise","38748","29657","9091"
"2009-04-09","Tortoise","34977","29705","5272"
"2009-04-10","Tortoise","52017","42759","9258"
"2009-04-11","Tortoise","75094","65357","9737"
"2009-04-12","Tortoise","117252","94419","22833"
"2009-04-13","Tortoise","59766","51530","8236"
"2009-04-14","Tortoise","65345","56633","8712"
"2009-04-15","Tortoise","29038","26475","2563"
"2009-04-16","Tortoise","1259","1022","237"
"2009-04-17","Tortoise","105102","87437","17665"
"2009-04-18","Tortoise","37728","31391","6337"
"2009-04-19","Tortoise","28387","23633","4754"
"2009-04-20","Tortoise","52017","42759","9258"
"2009-04-21","Tortoise","22109","19570","2539"
"2009-04-22","Tortoise","53037","41025","12012"
"2009-04-23","Tortoise","29207","25499","3708"
"2009-04-24","Tortoise","6929","6905","24"
"2009-04-25","Tortoise","96364","78868","17496"
"2009-04-26","Tortoise","36307","30158","6149"
"2009-04-27","Tortoise","74565","61485","13080"
"2009-04-28","Tortoise","42436","36546","5890"
"2009-04-29","Tortoise","61025","52552","8473"
"2009-04-30","Tortoise","42797","37907","4890"
"2009-05-01","Tortoise","29207","25499","3708"
"2009-05-02","Tortoise","44218","39140","5078"
"2009-05-03","Tortoise","74494","62054","12440"
"2009-05-04","Tortoise","59675","50750","8925"
"2009-05-05","Tortoise","19429","17315","2114"
"2009-05-06","Tortoise","42797","37907","4890"
"2009-05-07","Tortoise","58855","48884","9971"
"2009-05-08","Tortoise","1259","1022","237"
"2009-05-09","Tortoise","24627","21614","3013"
"2009-05-10","Tortoise","79266","68276","10990"
"2009-05-11","Tortoise","79156","63303","15853"
"2009-05-12","Tortoise","35967","33380","2587"
"2009-05-13","Tortoise","102273","87507","14766"
"2009-05-14","Tortoise","1259","1022","237"
"2009-05-15","Tortoise","100724","85004","15720"
"2009-05-16","Tortoise","44657","38296","6361"
"2009-05-17","Tortoise","76515","66590","9925"
"2009-05-18","Tortoise","71446","60074","11372"
"2009-05-19","Tortoise","56986","50952","6034"
"2009-05-20","Tortoise","94643","82912","11731"
"2009-05-21","Tortoise","94814","80666","14148"
"2009-05-22","Tortoise","19429","17315","2114"
"2009-05-23","Tortoise","7098","5929","1169"
"2009-05-24","Tortoise","22109","19570","2539"
"2009-05-25","Tortoise","15619","11821","3798"
"2009-05-26","Tortoise","19429","17315","2114"
"2009-05-27","Tortoise","61335","53925","7410"
"2009-05-28","Tortoise","20688","18337","2351"
"2009-05-29","Tortoise","57086","49275","7811"
"2009-05-30","Tortoise","94885","80097","14788"
"2009-05-31","Tortoise","38987","32413","6574"
"2009-06-01","Tortoise","93054","78354","14700"
"2009-06-02","Tortoise","41538","36885","4653"
"2009-06-03","Tortoise","99825","88830","10995"
"2009-06-05","Tortoise","127294","112910","14384"
"2009-06-06","Tortoise","27617","25242","2375"
"2009-06-07","Tortoise","39126","36032","3094"
"2009-06-08","Tortoise","145501","122972","22529"
"2009-06-09","Tortoise","131932","115147","16785"
"2009-06-10","Tortoise","114334","98761","15573"
"2009-06-11","Tortoise","84995","68210","16785"
"2009-06-12","Tortoise","43327","37843","5484"
"2009-06-13","Tortoise","98695","85591","13104"
"2009-06-15","Tortoise","38987","32413","6574"
"2009-06-16","Tortoise","50985","45834","5151"
"2009-06-17","Tortoise","57157","48706","8451"
"2009-06-18","Tortoise","52406","47067","5339"
"2009-06-19","Tortoise","20688","18337","2351"
"2009-06-20","Tortoise","79705","67432","12273"
"2009-06-21","Tortoise","88274","78069","10205"
"2009-06-22","Tortoise","65875","56569","9306"
"2009-06-23","Tortoise","53014","45247","7767"
"2009-06-24","Tortoise","6929","6905","24"
"2009-06-25","Tortoise","21947","19359","2588"
"2009-06-26","Tortoise","124982","110380","14602"
"2009-06-27","Tortoise","51055","42031","9024"
"2009-06-28","Tortoise","41538","36885","4653"
"2009-06-29","Tortoise","58946","49664","9282"
"2009-06-30","Tortoise","6929","6905","24"
"2009-07-01","Tortoise","57984","48936","9048"
"2009-07-02","Tortoise","57047","43733","13314"
"2009-07-03","Tortoise","45916","39318","6598"
"2009-07-04","Tortoise","1259","1022","237"
"2009-07-06","Tortoise","89243","77161","12082"
"2009-07-07","Tortoise","59675","50750","8925"
"2009-07-08","Tortoise","114133","93008","21125"
"2009-07-09","Tortoise","42797","37907","4890"
"2009-07-10","Tortoise","123188","109941","13247"
"2009-07-11","Tortoise","37728","31391","6337"
"2009-07-12","Tortoise","21458","16728","4730"
"2009-07-13","Tortoise","66766","57866","8900"
"2009-07-14","Tortoise","121992","106752","15240"
"2009-07-15","Tortoise","48305","43579","4726"
"2009-07-16","Tortoise","67586","59732","7854"
"2009-07-17","Tortoise","41538","36885","4653"
"2009-07-18","Tortoise","76353","66379","9974"
"2009-07-19","Tortoise","152039","133560","18479"
"2009-07-20","Tortoise","78764","71287","7477"
"2009-07-21","Tortoise","46736","41184","5552"
"2009-07-22","Tortoise","8188","7927","261"
"2009-07-23","Tortoise","66766","57866","8900"
"2009-07-24","Tortoise","16807","13412","3395"
"2009-07-25","Tortoise","66695","58435","8260"
"2009-07-26","Tortoise","64545","56116","8429"
"2009-07-27","Tortoise","93484","80213","13271"
"2009-07-28","Tortoise","87383","76772","10611"
"2009-07-29","Tortoise","15619","11821","3798"
"2009-07-30","Tortoise","31556","28519","3037"
"2009-07-31","Tortoise","47377","41792","5585"
"2009-08-01","Tortoise","49726","44812","4914"
"2009-08-02","Tortoise","45527","35010","10517"
"2009-08-03","Tortoise","56655","51717","4938"
"2009-08-04","Tortoise","95344","80602","14742"
"2009-08-05","Tortoise","122462","96563","25899"
"2009-08-06","Tortoise","70685","52259","18426"
"2009-08-07","Tortoise","40117","35652","4465"
"2009-08-08","Tortoise","90704","79635","11069"
"2009-08-09","Tortoise","35967","33380","2587"
"2009-08-10","Tortoise","73964","62118","11846"
"2009-08-11","Tortoise","54535","44803","9732"
"2009-08-12","Tortoise","31238","23642","7596"
"2009-08-13","Tortoise","42797","37907","4890"
"2009-08-14","Tortoise","72634","61665","10969"
"2009-08-15","Tortoise","132931","116365","16566"
"2009-08-16","Tortoise","106552","87562","18990"
"2009-08-17","Tortoise","90875","77389","13486"
"2009-08-18","Tortoise","20688","18337","2351"
"2009-08-19","Tortoise","91102","81486","9616"
"2009-08-20","Tortoise","44657","38296","6361"
"2009-08-21","Tortoise","51424","44990","6434"
"2009-08-22","Tortoise","35507","29641","5866"
"2009-08-23","Tortoise","64906","57477","7429"
"2009-08-24","Tortoise","63647","56455","7192"
"2009-08-25","Tortoise","60205","50686","9519"
"2009-08-26","Tortoise","48467","43790","4677"
"2009-08-27","Tortoise","6929","6905","24"
"2009-08-28","Tortoise","36398","30938","5460"
"2009-08-29","Tortoise","19429","17315","2114"
"2009-08-30","Tortoise","44697","39537","5160"
"2009-08-31","Tortoise","96144","81119","15025"
"2009-09-01","Tortoise","48467","43790","4677"
"2009-09-02","Tortoise","35048","29136","5912"
"2009-09-03","Tortoise","73084","63170","9914"
"2009-09-04","Tortoise","41867","31068","10799"
"2009-09-05","Tortoise","50667","40957","9710"
"2009-09-06","Tortoise","22109","19570","2539"
"2009-09-07","Tortoise","103073","88024","15049"
"2009-09-08","Tortoise","123374","102443","20931"
"2009-09-09","Tortoise","49726","44812","4914"
"2009-09-10","Tortoise","26626","25622","1004"
"2009-09-11","Tortoise","51055","42031","9024"
"2009-09-12","Tortoise","62116","50249","11867"
"2009-09-13","Tortoise","33287","31125","2162"
"2009-09-14","Tortoise","102931","89162","13769"
"2009-09-15","Tortoise","101614","89788","11826"
"2009-09-16","Tortoise","35048","29136","5912"
"2009-09-17","Tortoise","32087","24154","7933"
"2009-09-18","Tortoise","72576","63313","9263"
"2009-09-19","Tortoise","74825","68010","6815"
"2009-09-20","Tortoise","87454","76203","11251"
"2009-09-21","Tortoise","15619","11821","3798"
"2009-09-22","Tortoise","22109","19570","2539"
"2009-09-23","Tortoise","38916","32982","5934"
"2009-09-24","Tortoise","29038","26475","2563"
"2009-09-25","Tortoise","37495","31749","5746"
"2009-09-26","Tortoise","6929","6905","24"
"2009-09-27","Tortoise","2518","2044","474"
"2009-09-28","Tortoise","90444","79831","10613"
"2009-09-29","Tortoise","74035","61549","12486"
"2009-09-30","Tortoise","117453","100172","17281"
"2009-10-01","Tortoise","50036","39464","10572"
"2009-10-02","Tortoise","42797","37907","4890"
"2009-10-03","Tortoise","65676","55868","9808"
"2009-10-04","Tortoise","38858","34630","4228"
"2009-10-05","Tortoise","43327","37843","5484"
"2009-10-06","Tortoise","84774","73948","10826"
"2009-10-07","Tortoise","1259","1022","237"
"2009-10-08","Tortoise","87822","75928","11894"
"2009-10-09","Tortoise","45787","41535","4252"
"2009-10-10","Tortoise","40246","33435","6811"
"2009-10-11","Tortoise","79705","67432","12273"
"2009-10-12","Tortoise","37566","31180","6386"
"2009-10-13","Tortoise","44826","37320","7506"
"2009-10-14","Tortoise","44657","38296","6361"
"2009-10-15","Tortoise","65216","58850","6366"
"2009-10-16","Tortoise","73256","65615","7641"
"2009-10-17","Tortoise","88875","77436","11439"
"2009-10-18","Tortoise","97365","85138","12227"
"2009-10-19","Tortoise","45477","40162","5315"
"2009-10-20","Tortoise","9447","8949","498"
"2009-10-21","Tortoise","48357","38817","9540"
"2009-10-22","Tortoise","24627","21614","3013"
"2009-10-23","Tortoise","69486","61362","8124"
"2009-10-24","Tortoise","44657","38296","6361"
"2009-10-25","Tortoise","58946","49664","9282"
"2009-10-26","Tortoise","91924","75115","16809"
"2009-10-27","Tortoise","44826","37320","7506"
"2009-10-28","Tortoise","72645","64014","8631"
"2009-10-29","Tortoise","94743","81235","13508"
"2009-10-30","Tortoise","23368","20592","2776"
"2009-10-31","Tortoise","7098","5929","1169"
"2009-11-01","Tortoise","43766","36999","6767"
"2009-11-02","Tortoise","68025","58888","9137"
"2009-11-03","Tortoise","110504","91918","18586"
"2009-11-04","Tortoise","46942","40698","6244"
"2009-11-05","Tortoise","37728","31391","6337"
"2009-11-06","Tortoise","113373","101267","12106"
"2009-11-07","Tortoise","1259","1022","237"
"2009-11-08","Tortoise","72705","61096","11609"
"2009-11-09","Tortoise","68335","60261","8074"
"2009-11-10","Tortoise","58177","46972","11205"
"2009-11-11","Tortoise","76586","66021","10565"
"2009-11-12","Tortoise","81444","73542","7902"
"2009-11-13","Tortoise","125923","106525","19398"
"2009-11-14","Tortoise","24627","21614","3013"
"2009-11-15","Tortoise","16878","12843","4035"
"2009-11-16","Tortoise","118583","103411","15172"
"2009-11-17","Tortoise","64906","57477","7429"
"2009-11-18","Tortoise","18137","13865","4272"
"2009-11-19","Tortoise","20688","18337","2351"
"2009-11-20","Tortoise","66073","54485","11588"
"2009-11-21","Tortoise","49375","37507","11868"
"2009-11-22","Tortoise","118190","102856","15334"
"2009-11-23","Tortoise","49726","44812","4914"
"2009-11-24","Tortoise","109342","93976","15366"
"2009-11-25","Tortoise","22548","18726","3822"
"2009-11-26","Tortoise","77845","67043","10802"
"2009-11-27","Tortoise","75385","63351","12034"
"2009-11-28","Tortoise","96474","83841","12633"
"2009-11-29","Tortoise","48467","43790","4677"
"2009-11-30","Tortoise","30297","27497","2800"
"2009-12-01","Tortoise","1259","1022","237"
"2009-12-02","Tortoise","20688","18337","2351"
"2009-12-03","Tortoise","34938","24163","10775"
"2009-12-04","Tortoise","60276","50117","10159"
"2009-12-05","Tortoise","19429","17315","2114"
"2009-12-06","Tortoise","74494","62054","12440"
"2009-12-07","Tortoise","73695","64771","8924"
"2009-12-08","Tortoise","98624","86160","12464"
"2009-12-10","Tortoise","94423","84349","10074"
"2009-12-11","Tortoise","79266","68276","10990"
"2009-12-12","Tortoise","22109","19570","2539"
"2009-12-13","Tortoise","21947","19359","2588"
"2009-12-14","Tortoise","69575","57090","12485"
"2009-12-15","Tortoise","131522","112977","18545"
"2009-12-16","Tortoise","39284","32707","6577"
"2009-12-17","Tortoise","76263","61663","14600"
"2009-12-18","Tortoise","181771","159361","22410"
"2009-12-19","Tortoise","99134","84747","14387"
"2009-12-20","Tortoise","33756","25686","8070"
"2009-12-21","Tortoise","19429","17315","2114"
"2009-12-22","Tortoise","83515","72926","10589"
"2009-12-23","Tortoise","82553","72198","10355"
"2009-12-24","Tortoise","16807","13412","3395"
"2009-12-25","Tortoise","73275","62273","11002"
"2009-12-26","Tortoise","84225","69819","14406"
"2009-12-27","Tortoise","67586","59732","7854"
"2009-12-28","Tortoise","48467","43790","4677"
"2009-12-29","Tortoise","44056","38929","5127"
"2009-12-30","Tortoise","37728","31391","6337"
"2009-12-31","Tortoise","83503","67546","15957"
"2010-01-01","Tortoise","97203","84927","12276"
"2010-01-02","Tortoise","116794","102453","14341"
"2010-01-03","Tortoise","84774","73948","10826"
"2010-01-04","Tortoise","93393","79433","13960"
"2010-01-05","Tortoise","22109","19570","2539"
"2010-01-06","Tortoise","131351","115223","16128"
"2010-01-07","Tortoise","44218","39140","5078"
"2010-01-08","Tortoise","212365","187152","25213"
"2010-01-09","Tortoise","45477","40162","5315"
"2010-01-10","Tortoise","46085","38342","7743"
"2010-01-11","Tortoise","85646","71052","14594"
"2010-01-12","Tortoise","66464","57277","9187"
"2010-01-13","Tortoise","131011","105851","25160"
"2010-01-14","Tortoise","208035","180837","27198"
"2010-01-15","Tortoise","81784","70320","11464"
"2010-01-16","Tortoise","54104","47245","6859"
"2010-01-17","Tortoise","123892","108382","15510"
"2010-01-18","Tortoise","48467","43790","4677"
"2010-01-19","Tortoise","133639","112868","20771"
"2010-01-20","Tortoise","74734","60509","14225"
"2010-01-21","Tortoise","27617","25242","2375"
"2010-01-22","Tortoise","38485","35424","3061"
"2010-01-23","Tortoise","158779","133371","25408"
"2010-01-24","Tortoise","58784","49453","9331"
"2010-01-25","Tortoise","34546","32147","2399"
"2010-01-26","Tortoise","37657","31960","5697"
"2010-01-27","Tortoise","43165","37632","5533"
"2010-01-28","Tortoise","70576","63360","7216"
"2010-01-29","Tortoise","136903","122070","14833"
"2010-01-30","Tortoise","109014","91644","17370"
"2010-01-31","Tortoise","30736","26653","4083"
"2010-02-01","Tortoise","40175","34004","6171"
"2010-02-02","Tortoise","48906","42946","5960"
"2010-02-03","Tortoise","78142","67337","10805"
"2010-02-04","Tortoise","30736","26653","4083"
"2010-02-05","Tortoise","71835","64382","7453"
"2010-02-06","Tortoise","48467","43790","4677"
"2010-02-07","Tortoise","69486","61362","8124"
"2010-02-08","Tortoise","98470","80826","17644"
"2010-02-09","Tortoise","180918","155067","25851"
"2010-02-10","Tortoise","150641","128919","21722"
"2010-02-11","Tortoise","64552","54929","9623"
"2010-02-12","Tortoise","96934","87580","9354"
"2010-02-13","Tortoise","88423","75295","13128"
"2010-02-14","Tortoise","25886","22636","3250"
"2010-02-15","Tortoise","71474","63021","8453"
"2010-02-16","Tortoise","91264","81697","9567"
"2010-02-17","Tortoise","45916","39318","6598"
"2010-02-18","Tortoise","148090","124447","23643"
"2010-02-19","Tortoise","80931","66026","14905"
"2010-02-20","Tortoise","73632","66938","6694"
"2010-02-21","Tortoise","101743","87571","14172"
"2010-02-22","Tortoise","44826","37320","7506"
"2010-02-23","Tortoise","72705","61096","11609"
"2010-02-24","Tortoise","66604","57655","8949"
"2010-02-25","Tortoise","130542","111290","19252"
"2010-02-26","Tortoise","39355","32138","7217"
"2010-02-27","Tortoise","124631","103075","21556"
"2010-02-28","Tortoise","64015","56180","7835"
"2010-03-01","Tortoise","23368","20592","2776"
"2010-03-02","Tortoise","97883","87229","10654"
"2010-03-03","Tortoise","20128","16275","3853"
"2010-03-04","Tortoise","50935","42359","8576"
"2010-03-05","Tortoise","82243","70825","11418"
"2010-03-06","Tortoise","15117","14832","285"
"2010-03-07","Tortoise","36766","30663","6103"
"2010-03-08","Tortoise","114511","99383","15128"
"2010-03-09","Tortoise","67863","58677","9186"
"2010-03-10","Tortoise","78771","70100","8671"
"2010-03-11","Tortoise","110862","98036","12826"
"2010-03-12","Tortoise","103783","84917","18866"
"2010-03-13","Tortoise","78814","66135","12679"
"2010-03-14","Tortoise","68966","55033","13933"
"2010-03-15","Tortoise","105591","90068","15523"
"2010-03-16","Tortoise","80333","66961","13372"
"2010-03-17","Tortoise","62996","53613","9383"
"2010-03-18","Tortoise","53147","45998","7149"
"2010-03-19","Tortoise","86162","72753","13409"
"2010-03-20","Tortoise","105333","94502","10831"
"2010-03-21","Tortoise","44826","37320","7506"
"2010-03-22","Tortoise","75963","66126","9837"
"2010-03-23","Tortoise","115334","95678","19656"
"2010-03-24","Tortoise","65436","57413","8023"
"2010-03-25","Tortoise","51586","45201","6385"
"2010-03-26","Tortoise","141491","120264","21227"
"2010-03-27","Tortoise","84774","73948","10826"
"2010-03-28","Tortoise","133332","118518","14814"
"2010-03-29","Tortoise","156900","136324","20576"
"2010-03-30","Tortoise","16878","12843","4035"
"2010-03-31","Tortoise","86952","79214","7738"
"2010-04-01","Tortoise","30297","27497","2800"
"2010-04-02","Tortoise","192639","169543","23096"
"2010-04-03","Tortoise","78375","66979","11396"
"2010-04-04","Tortoise","80034","61615","18419"
"2010-04-05","Tortoise","97820","89396","8424"
"2010-04-06","Tortoise","49726","44812","4914"
"2010-04-07","Tortoise","123923","106572","17351"
"2010-04-08","Tortoise","100923","85705","15218"
"2010-04-09","Tortoise","121690","106977","14713"
"2010-04-10","Tortoise","83775","72730","11045"
"2010-04-11","Tortoise","111692","93509","18183"
"2010-04-12","Tortoise","136012","120773","15239"
"2010-04-13","Tortoise","117312","104544","12768"
"2010-04-14","Tortoise","94704","75693","19011"
"2010-04-15","Tortoise","148090","124447","23643"
"2010-04-16","Tortoise","69155","62127","7028"
"2010-04-17","Tortoise","25886","22636","3250"
"2010-04-18","Tortoise","107703","95384","12319"
"2010-04-19","Tortoise","90503","73882","16621"
"2010-04-20","Tortoise","106552","87562","18990"
"2010-04-21","Tortoise","44495","38085","6410"
"2010-04-22","Tortoise","51147","46045","5102"
"2010-04-23","Tortoise","57086","49275","7811"
"2010-04-24","Tortoise","30297","27497","2800"
"2010-04-25","Tortoise","30297","27497","2800"
"2010-04-26","Tortoise","104332","89046","15286"
"2010-04-27","Tortoise","180988","151264","29724"
"2010-04-28","Tortoise","146130","125735","20395"
"2010-04-29","Tortoise","75753","63076","12677"
"2010-04-30","Tortoise","118421","103200","15221"
"2010-05-01","Tortoise","59766","51530","8236"
"2010-05-02","Tortoise","111453","90753","20700"
"2010-05-03","Tortoise","70844","64762","6082"
"2010-05-04","Tortoise","44657","38296","6361"
"2010-05-05","Tortoise","67436","57366","10070"
"2010-05-06","Tortoise","230584","196076","34508"
"2010-05-07","Tortoise","65274","57202","8072"
"2010-05-08","Tortoise","42797","37907","4890"
"2010-05-09","Tortoise","91264","81697","9567"
"2010-05-10","Tortoise","150629","122447","28182"
"2010-05-11","Tortoise","22109","19570","2539"
"2010-05-12","Tortoise","49726","44812","4914"
"2010-05-13","Tortoise","68804","54822","13982"
"2010-05-14","Tortoise","71446","60074","11372"
"2010-05-15","Tortoise","156291","133453","22838"
"2010-05-16","Tortoise","89243","77161","12082"
"2010-05-17","Tortoise","120933","102944","17989"
"2010-05-18","Tortoise","105884","92300","13584"
"2010-05-19","Tortoise","22548","18726","3822"
"2010-05-20","Tortoise","76553","63593","12960"
"2010-05-21","Tortoise","150669","123688","26981"
"2010-05-22","Tortoise","126718","107561","19157"
"2010-05-23","Tortoise","46574","40973","5601"
"2010-05-24","Tortoise","65436","57413","8023"
"2010-05-25","Tortoise","40117","35652","4465"
"2010-05-26","Tortoise","41977","36041","5936"
"2010-05-27","Tortoise","62756","55158","7598"
"2010-05-28","Tortoise","82972","71911","11061"
"2010-05-29","Tortoise","46085","38342","7743"
"2010-05-30","Tortoise","101375","87846","13529"
"2010-05-31","Tortoise","159681","132601","27080"
"2010-06-01","Tortoise","45477","40162","5315"
"2010-06-02","Tortoise","95692","78978","16714"
"2010-06-03","Tortoise","165609","144619","20990"
"2010-06-04","Tortoise","97261","83279","13982"
"2010-06-05","Tortoise","228146","199184","28962"
"2010-06-06","Tortoise","151340","134600","16740"
"2010-06-07","Tortoise","176469","153203","23266"
"2010-06-08","Tortoise","208626","181089","27537"
"2010-06-09","Tortoise","154227","132882","21345"
"2010-06-10","Tortoise","148858","130829","18029"
"2010-06-11","Tortoise","174666","155221","19445"
"2010-06-12","Tortoise","103830","92057","11773"
"2010-06-13","Tortoise","203875","179450","24425"
"2010-06-14","Tortoise","101241","90582","10659"
"2010-06-15","Tortoise","136791","116707","20084"
"2010-06-16","Tortoise","101614","89788","11826"
"2010-06-17","Tortoise","216655","176513","40142"
"2010-06-18","Tortoise","88582","67669","20913"
"2010-06-19","Tortoise","226584","195602","30982"
"2010-06-20","Tortoise","131891","109215","22676"
"2010-06-21","Tortoise","169600","143134","26466"
"2010-06-22","Tortoise","61674","54758","6916"
"2010-06-23","Tortoise","154957","129218","25739"
"2010-06-24","Tortoise","180709","160310","20399"
"2010-06-25","Tortoise","105230","88707","16523"
"2010-06-26","Tortoise","137187","119379","17808"
"2010-06-27","Tortoise","195856","170547","25309"
"2010-06-28","Tortoise","183489","160888","22601"
"2010-06-29","Tortoise","57525","48431","9094"
"2010-06-30","Tortoise","180117","146011","34106"
"2010-07-01","Tortoise","160638","137696","22942"
"2010-07-02","Tortoise","105959","89793","16166"
"2010-07-03","Tortoise","75774","67659","8115"
"2010-07-04","Tortoise","147343","128065","19278"
"2010-07-05","Tortoise","149448","127847","21601"
"2010-07-06","Tortoise","239663","204283","35380"
"2010-07-07","Tortoise","120870","97576","23294"
"2010-07-08","Tortoise","81332","68179","13153"
"2010-07-09","Tortoise","198857","172108","26749"
"2010-07-10","Tortoise","168749","143892","24857"
"2010-07-11","Tortoise","162400","140398","22002"
"2010-07-12","Tortoise","117362","99392","17970"
"2010-07-13","Tortoise","123191","97649","25542"
"2010-07-14","Tortoise","84214","71886","12328"
"2010-07-15","Tortoise","194466","167504","26962"
"2010-07-16","Tortoise","128900","109074","19826"
"2010-07-17","Tortoise","212353","180680","31673"
"2010-07-18","Tortoise","177509","151726","25783"
"2010-07-19","Tortoise","125068","103501","21567"
"2010-07-20","Tortoise","137530","112246","25284"
"2010-07-21","Tortoise","105624","92496","13128"
"2010-07-22","Tortoise","172390","150362","22028"
"2010-07-23","Tortoise","84405","70989","13416"
"2010-07-24","Tortoise","217796","191093","26703"
"2010-07-25","Tortoise","133331","102444","30887"
"2010-07-26","Tortoise","181667","157502","24165"
"2010-07-27","Tortoise","109931","95498","14433"
"2010-07-28","Tortoise","178692","153836","24856"
"2010-07-29","Tortoise","144909","121716","23193"
"2010-07-30","Tortoise","147699","128130","19569"
"2010-07-31","Tortoise","119212","106174","13038"
"2010-08-01","Tortoise","188328","154378","33950"
"2010-08-02","Tortoise","169379","142151","27228"
"2010-08-03","Tortoise","251643","216745","34898"
"2010-08-04","Tortoise","167319","144548","22771"
"2010-08-05","Tortoise","50425","43772","6653"
"2010-08-06","Tortoise","149347","126739","22608"
"2010-08-07","Tortoise","67565","55149","12416"
"2010-08-08","Tortoise","109931","95498","14433"
"2010-08-09","Tortoise","111481","93700","17781"
"2010-08-10","Tortoise","222203","179578","42625"
"2010-08-11","Tortoise","128030","112360","15670"
"2010-08-12","Tortoise","186078","162363","23715"
"2010-08-13","Tortoise","167430","141372","26058"
"2010-08-14","Tortoise","133347","118929","14418"
"2010-08-15","Tortoise","106360","91946","14414"
"2010-08-16","Tortoise","184300","150711","33589"
"2010-08-17","Tortoise","188496","166084","22412"
"2010-08-18","Tortoise","170730","139652","31078"
"2010-08-19","Tortoise","156332","139385","16947"
"2010-08-20","Tortoise","133100","115389","17711"
"2010-08-21","Tortoise","112060","93234","18826"
"2010-08-22","Tortoise","147601","128537","19064"
"2010-08-23","Tortoise","87494","77444","10050"
"2010-08-24","Tortoise","158009","134980","23029"
"2010-08-25","Tortoise","243383","205510","37873"
"2010-08-26","Tortoise","97671","83543","14128"
"2010-08-27","Tortoise","105793","91520","14273"
"2010-08-28","Tortoise","164098","140576","23522"
"2010-08-29","Tortoise","107703","95384","12319"
"2010-08-30","Tortoise","93532","83052","10480"
"2010-08-31","Tortoise","100380","84690","15690"
"2010-09-01","Tortoise","104008","88624","15384"
"2010-09-02","Tortoise","206237","176828","29409"
"2010-09-03","Tortoise","139032","119806","19226"
"2010-09-04","Tortoise","120532","99977","20555"
"2010-09-05","Tortoise","254495","213267","41228"
"2010-09-06","Tortoise","129327","110385","18942"
"2010-09-07","Tortoise","123752","108818","14934"
"2010-09-08","Tortoise","313180","272936","40244"
"2010-09-09","Tortoise","176837","152928","23909"
"2010-09-10","Tortoise","199838","169859","29979"
"2010-09-11","Tortoise","101375","87846","13529"
"2010-09-12","Tortoise","245364","208805","36559"
"2010-09-13","Tortoise","170338","147636","22702"
"2010-09-14","Tortoise","196318","166295","30023"
"2010-09-15","Tortoise","118211","99904","18307"
"2010-09-16","Tortoise","104862","88982","15880"
"2010-09-17","Tortoise","146789","130175","16614"
"2010-09-18","Tortoise","100484","86549","13935"
"2010-09-19","Tortoise","201556","171021","30535"
"2010-09-20","Tortoise","122799","105633","17166"
"2010-09-21","Tortoise","208846","179652","29194"
"2010-09-22","Tortoise","174754","147072","27682"
"2010-09-23","Tortoise","251714","216990","34724"
"2010-09-24","Tortoise","67586","59732","7854"
"2010-09-25","Tortoise","41977","36041","5936"
"2010-09-26","Tortoise","260055","214177","45878"
"2010-09-27","Tortoise","141860","123223","18637"
"2010-09-28","Tortoise","151648","125014","26634"
"2010-09-29","Tortoise","165696","142431","23265"
"2010-09-30","Tortoise","171300","148364","22936"
"2010-10-01","Tortoise","167779","148287","19492"
"2010-10-02","Tortoise","168899","137063","31836"
"2010-10-03","Tortoise","126481","109857","16624"
"2010-10-04","Tortoise","140501","123878","16623"
"2010-10-05","Tortoise","91832","78636","13196"
"2010-10-06","Tortoise","144189","118173","26016"
"2010-10-07","Tortoise","285490","243211","42279"
"2010-10-08","Tortoise","167979","145501","22478"
"2010-10-09","Tortoise","139966","124461","15505"
"2010-10-10","Tortoise","128031","108873","19158"
"2010-10-11","Tortoise","138831","114053","24778"
"2010-10-12","Tortoise","156919","132982","23937"
"2010-10-13","Tortoise","111151","90978","20173"
"2010-10-14","Tortoise","248964","211003","37961"
"2010-10-15","Tortoise","220255","191551","28704"
"2010-10-16","Tortoise","181675","159100","22575"
"2010-10-17","Tortoise","139279","123346","15933"
"2010-10-18","Tortoise","170638","143173","27465"
"2010-10-19","Tortoise","152450","129769","22681"
"2010-10-20","Tortoise","182545","155814","26731"
"2010-10-21","Tortoise","140597","118419","22178"
"2010-10-22","Tortoise","138970","117672","21298"
"2010-10-23","Tortoise","121811","101256","20555"
"2010-10-24","Tortoise","163536","133462","30074"
"2010-10-25","Tortoise","68025","58888","9137"
"2010-10-26","Tortoise","224462","183390","41072"
"2010-10-27","Tortoise","277340","232287","45053"
"2010-10-28","Tortoise","229125","192332","36793"
"2010-10-29","Tortoise","149349","125469","23880"
"2010-10-30","Tortoise","121901","105972","15929"
"2010-10-31","Tortoise","118182","101258","16924"
"2010-11-01","Tortoise","135759","113061","22698"
"2010-11-02","Tortoise","170497","147545","22952"
"2010-11-03","Tortoise","125621","106750","18871"
"2010-11-04","Tortoise","66165","58499","7666"
"2010-11-05","Tortoise","241406","201335","40071"
"2010-11-06","Tortoise","225816","188974","36842"
"2010-11-07","Tortoise","115949","101663","14286"
"2010-11-08","Tortoise","162929","130981","31948"
"2010-11-09","Tortoise","140008","117711","22297"
"2010-11-10","Tortoise","194278","168135","26143"
"2010-11-11","Tortoise","116852","100805","16047"
"2010-11-12","Tortoise","170898","149698","21200"
"2010-11-13","Tortoise","115799","99297","16502"
"2010-11-14","Tortoise","132040","115068","16972"
"2010-11-15","Tortoise","146902","122856","24046"
"2010-11-16","Tortoise","180287","160295","19992"
"2010-11-17","Tortoise","233003","202014","30989"
"2010-11-18","Tortoise","203746","174946","28800"
"2010-11-19","Tortoise","145689","121527","24162"
"2010-11-20","Tortoise","230635","202336","28299"
"2010-11-21","Tortoise","214597","178208","36389"
"2010-11-22","Tortoise","98695","85591","13104"
"2010-11-23","Tortoise","138509","118234","20275"
"2010-11-24","Tortoise","60644","49842","10802"
"2010-11-25","Tortoise","122502","105339","17163"
"2010-11-26","Tortoise","126087","106068","20019"
"2010-11-27","Tortoise","161050","138596","22454"
"2010-11-28","Tortoise","202098","176337","25761"
"2010-11-29","Tortoise","197758","170907","26851"
"2010-11-30","Tortoise","127352","111262","16090"
"2010-12-01","Tortoise","135540","119189","16351"
"2010-12-02","Tortoise","118182","101258","16924"
"2010-12-03","Tortoise","82081","70614","11467"
"2010-12-04","Tortoise","88642","77794","10848"
"2010-12-05","Tortoise","138939","120296","18643"
"2010-12-06","Tortoise","211177","185561","25616"
"2010-12-07","Tortoise","72796","61876","10920"
"2010-12-08","Tortoise","59675","50750","8925"
"2010-12-09","Tortoise","84225","69819","14406"
"2010-12-10","Tortoise","58144","44544","13600"
"2010-12-11","Tortoise","144940","119092","25848"
"2010-12-12","Tortoise","64885","52894","11991"
"2010-12-13","Tortoise","229643","193609","36034"
"2010-12-14","Tortoise","119391","98805","20586"
"2010-12-15","Tortoise","144419","122572","21847"
"2010-12-16","Tortoise","154857","131141","23716"
"2010-12-17","Tortoise","140497","120342","20155"
"2010-12-18","Tortoise","85950","69067","16883"
"2010-12-19","Tortoise","221255","189282","31973"
"2010-12-20","Tortoise","66165","58499","7666"
"2010-12-21","Tortoise","246516","212691","33825"
"2010-12-22","Tortoise","149499","127021","22478"
"2010-12-23","Tortoise","153610","127964","25646"
"2010-12-24","Tortoise","98585","80618","17967"
"2010-12-25","Tortoise","149118","124311","24807"
"2010-12-26","Tortoise","247245","213777","33468"
"2010-12-27","Tortoise","229884","200603","29281"
"2010-12-28","Tortoise","176429","144427","32002"
"2010-12-29","Tortoise","191339","162589","28750"
"2010-12-30","Tortoise","153821","136154","17667"
"2010-12-31","Tortoise","134182","113883","20299"
"2011-01-01","Tortoise","256265","221415","34850"
"2011-01-02","Tortoise","228985","193860","35125"
"2011-01-03","Tortoise","191975","165622","26353"
"2011-01-04","Tortoise","213905","183934","29971"
"2011-01-05","Tortoise","141841","119030","22811"
"2011-01-06","Tortoise","221916","197960","23956"
"2011-01-07","Tortoise","205027","174590","30437"
"2011-01-08","Tortoise","71484","57077","14407"
"2011-01-09","Tortoise","236374","208352","28022"
"2011-01-10","Tortoise","181267","150599","30668"
"2011-01-11","Tortoise","149738","129777","19961"
"2011-01-12","Tortoise","166410","142292","24118"
"2011-01-13","Tortoise","139238","119320","19918"
"2011-01-14","Tortoise","217215","191169","26046"
"2011-01-15","Tortoise","153520","119035","34485"
"2011-01-16","Tortoise","252030","220663","31367"
"2011-01-17","Tortoise","208222","175066","33156"
"2011-01-18","Tortoise","168806","145731","23075"
"2011-01-19","Tortoise","241191","209941","31250"
"2011-01-20","Tortoise","200838","166776","34062"
"2011-01-21","Tortoise","111592","95186","16406"
"2011-01-22","Tortoise","150541","130596","19945"
"2011-01-23","Tortoise","101581","87360","14221"
"2011-01-24","Tortoise","162288","135035","27253"
"2011-01-25","Tortoise","242047","209478","32569"
"2011-01-26","Tortoise","143798","121856","21942"
"2011-01-27","Tortoise","204115","177905","26210"
"2011-01-28","Tortoise","111090","98197","12893"
"2011-01-29","Tortoise","328081","281604","46477"
"2011-01-30","Tortoise","145610","118592","27018"
"2011-01-31","Tortoise","284012","240139","43873"
"2011-02-01","Tortoise","171329","147256","24073"
"2011-02-02","Tortoise","138252","114519","23733"
"2011-02-03","Tortoise","139180","120968","18212"
"2011-02-04","Tortoise","116091","92990","23101"
"2011-02-05","Tortoise","194796","170226","24570"
"2011-02-06","Tortoise","177769","151530","26239"
"2011-02-07","Tortoise","221055","192068","28987"
"2011-02-08","Tortoise","208225","178122","30103"
"2011-02-09","Tortoise","251916","218442","33474"
"2011-02-10","Tortoise","90842","74961","15881"
"2011-02-11","Tortoise","89901","78816","11085"
"2011-02-12","Tortoise","188149","161747","26402"
"2011-02-13","Tortoise","124690","109720","14970"
"2011-02-14","Tortoise","158398","139288","19110"
"2011-02-15","Tortoise","76715","63804","12911"
"2011-02-16","Tortoise","149750","127622","22128"
"2011-02-17","Tortoise","148918","127911","21007"
"2011-02-18","Tortoise","134338","111828","22510"
"2011-02-19","Tortoise","166720","144479","22241"
"2011-02-20","Tortoise","187307","167980","19327"
"2011-02-21","Tortoise","148620","124383","24237"
"2011-02-22","Tortoise","182344","150061","32283"
"2011-02-23","Tortoise","139176","118000","21176"
"2011-02-24","Tortoise","154450","125874","28576"
"2011-02-25","Tortoise","258473","220180","38293"
"2011-02-26","Tortoise","162617","129218","33399"
"2011-02-27","Tortoise","185408","155328","30080"
"2011-02-28","Tortoise","87913","76708","11205"
"2011-03-01","Tortoise","109559","91991","17568"
"2011-03-02","Tortoise","184639","152636","32003"
"2011-03-03","Tortoise","197146","168945","28201"
"2011-03-04","Tortoise","293972","248223","45749"
"2011-03-05","Tortoise","122192","103966","18226"
"2011-03-06","Tortoise","206936","182509","24427"
"2011-03-07","Tortoise","134820","107019","27801"
"2011-03-08","Tortoise","327370","288647","38723"
"2011-03-09","Tortoise","158158","132655","25503"
"2011-03-10","Tortoise","180607","150460","30147"
"2011-03-11","Tortoise","107089","93032","14057"
"2011-03-12","Tortoise","174798","147433","27365"
"2011-03-13","Tortoise","141288","123316","17972"
"2011-03-14","Tortoise","165156","148439","16717"
"2011-03-15","Tortoise","97332","82710","14622"
"2011-03-16","Tortoise","157734","135367","22367"
"2011-03-17","Tortoise","70712","59956","10756"
"2011-03-18","Tortoise","187060","164440","22620"
"2011-03-19","Tortoise","169846","144703","25143"
"2011-03-20","Tortoise","105882","87248","18634"
"2011-03-21","Tortoise","319547","282168","37379"
"2011-03-22","Tortoise","338279","296134","42145"
"2011-03-23","Tortoise","109873","97146","12727"
"2011-03-24","Tortoise","184339","156253","28086"
"2011-03-25","Tortoise","178246","156316","21930"
"2011-03-26","Tortoise","150327","130485","19842"
"2011-03-27","Tortoise","204542","171681","32861"
"2011-03-28","Tortoise","55363","48267","7096"
"2011-03-29","Tortoise","231474","200860","30614"
"2011-03-30","Tortoise","178788","154097","24691"
"2011-03-31","Tortoise","140601","122201","18400"
"2011-04-01","Tortoise","152289","134249","18040"
"2011-04-02","Tortoise","165590","140426","25164"
"2011-04-03","Tortoise","212613","180484","32129"
"2011-04-04","Tortoise","202989","177634","25355"
"2011-04-05","Tortoise","220087","189040","31047"
"2011-04-06","Tortoise","125112","103862","21250"
"2011-04-07","Tortoise","205908","181831","24077"
"2011-04-08","Tortoise","153230","130394","22836"
"2011-04-09","Tortoise","119491","97128","22363"
"2011-04-10","Tortoise","176535","153153","23382"
"2011-04-11","Tortoise","161857","137477","24380"
"2011-04-12","Tortoise","127788","106997","20791"
"2011-04-13","Tortoise","251163","211657","39506"
"2011-04-14","Tortoise","50687","42306","8381"
"2011-04-15","Tortoise","136481","115334","21147"
"2011-04-16","Tortoise","187019","158508","28511"
"2011-04-17","Tortoise","97438","83901","13537"
"2011-04-18","Tortoise","136337","115836","20501"
"2011-04-19","Tortoise","149128","130961","18167"
"2011-04-20","Tortoise","281832","243229","38603"
"2011-04-21","Tortoise","247912","206008","41904"
"2011-04-22","Tortoise","147832","128881","18951"
"2011-04-23","Tortoise","86124","75750","10374"
"2011-04-24","Tortoise","224955","189803","35152"
"2011-04-25","Tortoise","181049","157088","23961"
"2011-04-26","Tortoise","143687","121184","22503"
"2011-04-27","Tortoise","223633","197270","26363"
"2011-04-28","Tortoise","131969","115637","16332"
"2011-04-29","Tortoise","228852","196957","31895"
"2011-04-30","Tortoise","219834","188049","31785"
"2011-05-01","Tortoise","173039","154474","18565"
"2011-05-02","Tortoise","111318","98239","13079"
"2011-05-03","Tortoise","108800","96195","12605"
"2011-05-04","Tortoise","138058","119327","18731"
"2011-05-05","Tortoise","171119","143960","27159"
"2011-05-06","Tortoise","139180","120968","18212"
"2011-05-07","Tortoise","71802","61954","9848"
"2011-05-08","Tortoise","151390","129448","21942"
"2011-05-09","Tortoise","223155","190912","32243"
"2011-05-10","Tortoise","164084","141527","22557"
"2011-05-11","Tortoise","143249","117727","25522"
"2011-05-12","Tortoise","231225","198989","32236"
"2011-05-13","Tortoise","178167","153381","24786"
"2011-05-14","Tortoise","199527","170516","29011"
"2011-05-15","Tortoise","195376","164645","30731"
"2011-05-16","Tortoise","181265","151869","29396"
"2011-05-17","Tortoise","210047","182322","27725"
"2011-05-18","Tortoise","171067","148722","22345"
"2011-05-19","Tortoise","205909","178344","27565"
"2011-05-20","Tortoise","191385","162282","29103"
"2011-05-21","Tortoise","149870","134583","15287"
"2011-05-22","Tortoise","153336","131585","21751"
"2011-05-23","Tortoise","195116","165655","29461"
"2011-05-24","Tortoise","106261","89568","16693"
"2011-05-25","Tortoise","121399","108983","12416"
"2011-05-26","Tortoise","179205","153174","26031"
"2011-05-27","Tortoise","147588","127458","20130"
"2011-05-28","Tortoise","108770","94069","14701"
"2011-05-29","Tortoise","239722","205869","33853"
"2011-05-30","Tortoise","185518","167022","18496"
"2011-05-31","Tortoise","142370","115089","27281"
"2011-06-01","Tortoise","181327","160724","20603"
"2011-06-02","Tortoise","193042","171028","22014"
"2011-06-03","Tortoise","268657","226184","42473"
"2011-06-04","Tortoise","264140","218226","45914"
"2011-06-05","Tortoise","219056","187814","31242"
"2011-06-06","Tortoise","140737","118797","21940"
"2011-06-07","Tortoise","218364","187218","31146"
"2011-06-08","Tortoise","238938","208997","29941"
"2011-06-09","Tortoise","224423","197409","27014"
"2011-06-10","Tortoise","248382","215380","33002"
"2011-06-11","Tortoise","259496","228189","31307"
"2011-06-12","Tortoise","153605","128932","24673"
"2011-06-13","Tortoise","120991","100482","20509"
"2011-06-14","Tortoise","174617","154412","20205"
"2011-06-15","Tortoise","179278","153241","26037"
"2011-06-16","Tortoise","123201","104299","18902"
"2011-06-17","Tortoise","77484","65682","11802"
"2011-06-18","Tortoise","195188","162242","32946"
"2011-06-19","Tortoise","186915","156649","30266"
"2011-06-20","Tortoise","203524","172145","31379"
"2011-06-21","Tortoise","289220","239137","50083"
"2011-06-22","Tortoise","157918","134200","23718"
"2011-06-23","Tortoise","239453","208522","30931"
"2011-06-24","Tortoise","328448","284173","44275"
"2011-06-25","Tortoise","242105","200295","41810"
"2011-06-26","Tortoise","197978","169470","28508"
"2011-06-27","Tortoise","212784","178238","34546"
"2011-06-28","Tortoise","227737","193527","34210"
"2011-06-29","Tortoise","285242","241701","43541"
"2011-06-30","Tortoise","165948","147358","18590"
"2011-07-01","Tortoise","192365","163969","28396"
"2011-07-02","Tortoise","127500","112424","15076"
"2011-07-03","Tortoise","410142","350869","59273"
"2011-07-04","Tortoise","181067","154199","26868"
"2011-07-05","Tortoise","212784","186865","25919"
"2011-07-06","Tortoise","223806","193754","30052"
"2011-07-07","Tortoise","176444","144838","31606"
"2011-07-08","Tortoise","179157","157056","22101"
"2011-07-09","Tortoise","247943","216224","31719"
"2011-07-10","Tortoise","208643","179017","29626"
"2011-07-11","Tortoise","158587","131034","27553"
"2011-07-12","Tortoise","349795","300229","49566"
"2011-07-13","Tortoise","210104","184610","25494"
"2011-07-14","Tortoise","230372","200568","29804"
"2011-07-15","Tortoise","171279","150502","20777"
"2011-07-16","Tortoise","224793","189592","35201"
"2011-07-17","Tortoise","150889","128972","21917"
"2011-07-18","Tortoise","330630","285686","44944"
"2011-07-19","Tortoise","162130","138360","23770"
"2011-07-20","Tortoise","226872","196447","30425"
"2011-07-21","Tortoise","100749","80114","20635"
"2011-07-22","Tortoise","320636","279475","41161"
"2011-07-23","Tortoise","124949","107952","16997"
"2011-07-24","Tortoise","166197","142907","23290"
"2011-07-25","Tortoise","184375","162704","21671"
"2011-07-26","Tortoise","163285","137523","25762"
"2011-07-27","Tortoise","228524","200897","27627"
"2011-07-28","Tortoise","200715","172107","28608"
"2011-07-29","Tortoise","273495","238076","35419"
"2011-07-30","Tortoise","244592","218405","26187"
"2011-07-31","Tortoise","161149","140974","20175"
"2011-08-01","Tortoise","236260","204259","32001"
"2011-08-02","Tortoise","195926","173465","22461"
"2011-08-03","Tortoise","313449","270283","43166"
"2011-08-04","Tortoise","331459","285663","45796"
"2011-08-05","Tortoise","153978","136884","17094"
"2011-08-06","Tortoise","247083","213566","33517"
"2011-08-07","Tortoise","193877","165982","27895"
"2011-08-08","Tortoise","192356","166426","25930"
"2011-08-09","Tortoise","93053","82655","10398"
"2011-08-10","Tortoise","155509","129682","25827"
"2011-08-11","Tortoise","254523","215156","39367"
"2011-08-12","Tortoise","188902","162812","26090"
"2011-08-13","Tortoise","128159","110143","18016"
"2011-08-14","Tortoise","144469","126047","18422"
"2011-08-15","Tortoise","202525","177648","24877"
"2011-08-16","Tortoise","237214","198727","38487"
"2011-08-17","Tortoise","171055","150428","20627"
"2011-08-18","Tortoise","229413","195083","34330"
"2011-08-19","Tortoise","215987","181251","34736"
"2011-08-20","Tortoise","90717","81316","9401"
"2011-08-21","Tortoise","289571","258393","31178"
"2011-08-22","Tortoise","227447","193503","33944"
"2011-08-23","Tortoise","256471","220929","35542"
"2011-08-24","Tortoise","209608","183166","26442"
"2011-08-25","Tortoise","235363","196246","39117"
"2011-08-26","Tortoise","177897","152800","25097"
"2011-08-27","Tortoise","288970","245983","42987"
"2011-08-28","Tortoise","197547","171912","25635"
"2011-08-29","Tortoise","133008","118096","14912"
"2011-08-30","Tortoise","177986","148977","29009"
"2011-08-31","Tortoise","345268","291943","53325"
"2011-09-01","Tortoise","213645","184130","29515"
"2011-09-02","Tortoise","244131","212000","32131"
"2011-09-03","Tortoise","119822","103084","16738"
"2011-09-04","Tortoise","225872","193657","32215"
"2011-09-05","Tortoise","335757","291122","44635"
"2011-09-06","Tortoise","283061","236252","46809"
"2011-09-07","Tortoise","216244","180304","35940"
"2011-09-08","Tortoise","255410","218391","37019"
"2011-09-09","Tortoise","231422","201774","29648"
"2011-09-10","Tortoise","196621","176178","20443"
"2011-09-11","Tortoise","218242","188613","29629"
"2011-09-12","Tortoise","236405","206542","29863"
"2011-09-13","Tortoise","192146","163376","28770"
"2011-09-14","Tortoise","241025","211668","29357"
"2011-09-15","Tortoise","184148","158607","25541"
"2011-09-16","Tortoise","213872","181506","32366"
"2011-09-17","Tortoise","167517","149753","17764"
"2011-09-18","Tortoise","240203","205564","34639"
"2011-09-19","Tortoise","262327","227451","34876"
"2011-09-20","Tortoise","224596","200215","24381"
"2011-09-21","Tortoise","324361","279734","44627"
"2011-09-22","Tortoise","360726","308244","52482"
"2011-09-23","Tortoise","279003","242934","36069"
"2011-09-24","Tortoise","127042","107983","19059"
"2011-09-25","Tortoise","226456","200604","25852"
"2011-09-26","Tortoise","245831","210908","34923"
"2011-09-27","Tortoise","209848","181621","28227"
"2011-09-28","Tortoise","168110","147522","20588"
"2011-09-29","Tortoise","253702","218284","35418"
"2011-09-30","Tortoise","226886","197192","29694"
"2011-10-01","Tortoise","247380","213860","33520"
"2011-10-02","Tortoise","105012","90534","14478"
"2011-10-03","Tortoise","299082","260671","38411"
"2011-10-04","Tortoise","124291","106297","17994"
"2011-10-05","Tortoise","289113","253384","35729"
"2011-10-06","Tortoise","351190","298091","53099"
"2011-10-07","Tortoise","256931","224668","32263"
"2011-10-08","Tortoise","275101","234240","40861"
"2011-10-09","Tortoise","248075","201715","46360"
"2011-10-10","Tortoise","252526","215352","37174"
"2011-10-11","Tortoise","153469","132336","21133"
"2011-10-12","Tortoise","128545","105522","23023"
"2011-10-13","Tortoise","163692","143848","19844"
"2011-10-14","Tortoise","220942","197481","23461"
"2011-10-15","Tortoise","127099","110271","16828"
"2011-10-16","Tortoise","188248","164125","24123"
"2011-10-17","Tortoise","161586","140586","21000"
"2011-10-18","Tortoise","262852","220218","42634"
"2011-10-19","Tortoise","213857","187816","26041"
"2011-10-20","Tortoise","234021","201347","32674"
"2011-10-21","Tortoise","229384","195623","33761"
"2011-10-22","Tortoise","153579","125926","27653"
"2011-10-23","Tortoise","220673","195319","25354"
"2011-10-24","Tortoise","247143","215910","31233"
"2011-10-25","Tortoise","181985","153752","28233"
"2011-10-26","Tortoise","147058","127522","19536"
"2011-10-27","Tortoise","278553","233616","44937"
"2011-10-28","Tortoise","144979","124634","20345"
"2011-10-29","Tortoise","140420","117797","22623"
"2011-10-30","Tortoise","200567","170131","30436"
"2011-10-31","Tortoise","95649","82943","12706"
"2011-11-01","Tortoise","222993","190701","32292"
"2011-11-02","Tortoise","329180","285561","43619"
"2011-11-03","Tortoise","228307","198425","29882"
"2011-11-04","Tortoise","224207","195907","28300"
"2011-11-05","Tortoise","197815","153185","44630"
"2011-11-06","Tortoise","301272","258477","42795"
"2011-11-07","Tortoise","292599","251489","41110"
"2011-11-08","Tortoise","145368","128942","16426"
"2011-11-09","Tortoise","229483","193788","35695"
"2011-11-10","Tortoise","173775","141330","32445"
"2011-11-11","Tortoise","181106","159495","21611"
"2011-11-12","Tortoise","119850","106031","13819"
"2011-11-13","Tortoise","190488","157871","32617"
"2011-11-14","Tortoise","192187","167402","24785"
"2011-11-15","Tortoise","237144","206743","30401"
"2011-11-16","Tortoise","242719","208310","34409"
"2011-11-17","Tortoise","301243","252296","48947"
"2011-11-18","Tortoise","216406","180515","35891"
"2011-11-19","Tortoise","201583","170091","31492"
"2011-11-20","Tortoise","210193","184754","25439"
"2011-11-21","Tortoise","204102","174920","29182"
"2011-11-22","Tortoise","233359","203894","29465"
"2011-11-23","Tortoise","242676","213698","28978"
"2011-11-24","Tortoise","221225","193877","27348"
"2011-11-25","Tortoise","166487","144837","21650"
"2011-11-26","Tortoise","209135","176442","32693"
"2011-11-27","Tortoise","207006","178706","28300"
"2011-11-28","Tortoise","224046","192209","31837"
"2011-11-29","Tortoise","107781","93179","14602"
"2011-11-30","Tortoise","155479","135091","20388"
"2011-12-01","Tortoise","181377","155572","25805"
"2011-12-02","Tortoise","94249","85844","8405"
"2011-12-03","Tortoise","180446","153483","26963"
"2011-12-04","Tortoise","128921","113657","15264"
"2011-12-05","Tortoise","267501","231322","36179"
"2011-12-06","Tortoise","107670","92956","14714"
"2011-12-07","Tortoise","186278","158763","27515"
"2011-12-08","Tortoise","269922","235794","34128"
"2011-12-09","Tortoise","206895","169856","37039"
"2011-12-10","Tortoise","248392","197239","51153"
"2011-12-11","Tortoise","207497","173549","33948"
"2011-12-12","Tortoise","161199","135822","25377"
"2011-12-13","Tortoise","224343","192503","31840"
"2011-12-14","Tortoise","301130","259615","41515"
"2011-12-15","Tortoise","288329","249791","38538"
"2011-12-16","Tortoise","213254","176676","36578"
"2011-12-17","Tortoise","154588","133794","20794"
"2011-12-18","Tortoise","176206","151435","24771"
"2011-12-19","Tortoise","138911","123621","15290"
"2011-12-20","Tortoise","158504","140479","18025"
"2011-12-21","Tortoise","269344","231113","38231"
"2011-12-22","Tortoise","245112","203878","41234"
"2011-12-23","Tortoise","145999","123714","22285"
"2011-12-24","Tortoise","282297","242635","39662"
"2011-12-25","Tortoise","181795","158526","23269"
"2011-12-26","Tortoise","243843","209249","34594"
"2011-12-27","Tortoise","211956","181495","30461"
"2011-12-28","Tortoise","330291","285421","44870"
"2011-12-29","Tortoise","208254","177582","30672"
"2011-12-30","Tortoise","262593","228953","33640"
"2011-12-31","Tortoise","215876","180579","35297"
"2012-01-01","Tortoise","401163","340536","60627"
"2012-01-02","Tortoise","274900","227673","47227"
"2012-01-03","Tortoise","287758","252101","35657"
"2012-01-04","Tortoise","193176","168292","24884"
"2012-01-05","Tortoise","317149","276433","40716"
"2012-01-06","Tortoise","240474","207149","33325"
"2012-01-07","Tortoise","443383","382301","61082"
"2012-01-08","Tortoise","297091","249634","47457"
"2012-01-09","Tortoise","329966","275646","54320"
"2012-01-10","Tortoise","295880","248695","47185"
"2012-01-11","Tortoise","315505","270825","44680"
"2012-01-12","Tortoise","394965","325912","69053"
"2012-01-13","Tortoise","294225","242037","52188"
"2012-01-14","Tortoise","370897","323704","47193"
"2012-01-15","Tortoise","192953","162257","30696"
"2012-01-16","Tortoise","296867","256730","40137"
"2012-01-17","Tortoise","273513","234373","39140"
"2012-01-18","Tortoise","363736","313221","50515"
"2012-01-19","Tortoise","220153","188176","31977"
"2012-01-20","Tortoise","319808","276011","43797"
"2012-01-21","Tortoise","464097","411576","52521"
"2012-01-22","Tortoise","226834","193571","33263"
"2012-01-23","Tortoise","118851","104813","14038"
"2012-01-24","Tortoise","271520","224038","47482"
"2012-01-25","Tortoise","270362","237167","33195"
"2012-01-26","Tortoise","248400","211034","37366"
"2012-01-27","Tortoise","358726","307477","51249"
"2012-01-28","Tortoise","312922","272464","40458"
"2012-01-29","Tortoise","327317","277700","49617"
"2012-01-30","Tortoise","354321","305730","48591"
"2012-01-31","Tortoise","231279","198221","33058"
"2012-02-01","Tortoise","281448","241309","40139"
"2012-02-02","Tortoise","120269","105744","14525"
"2012-02-03","Tortoise","378444","322031","56413"
"2012-02-04","Tortoise","477832","413274","64558"
"2012-02-05","Tortoise","299284","263938","35346"
"2012-02-06","Tortoise","259289","218264","41025"
"2012-02-07","Tortoise","247273","216724","30549"
"2012-02-08","Tortoise","300750","258723","42027"
"2012-02-09","Tortoise","361253","311480","49773"
"2012-02-10","Tortoise","289850","249347","40503"
"2012-02-11","Tortoise","440850","387169","53681"
"2012-02-12","Tortoise","282107","243444","38663"
"2012-02-13","Tortoise","220791","181761","39030"
"2012-02-14","Tortoise","326913","250208","76705"
"2012-02-15","Tortoise","318519","279584","38935"
"2012-02-16","Tortoise","184905","163089","21816"
"2012-02-17","Tortoise","251157","208299","42858"
"2012-02-18","Tortoise","369694","329025","40669"
"2012-02-19","Tortoise","299068","249147","49921"
"2012-02-20","Tortoise","259928","215726","44202"
"2012-02-21","Tortoise","218524","176105","42419"
"2012-02-22","Tortoise","338257","291639","46618"
"2012-02-23","Tortoise","175607","151366","24241"
"2012-02-24","Tortoise","262228","231345","30883"
"2012-02-25","Tortoise","291929","252235","39694"
"2012-02-26","Tortoise","343065","282277","60788"
"2012-02-27","Tortoise","267410","230542","36868"
"2012-02-28","Tortoise","271672","238177","33495"
"2012-02-29","Tortoise","243404","210093","33311"
"2012-03-01","Tortoise","168097","144537","23560"
"2012-03-02","Tortoise","304772","261540","43232"
"2012-03-03","Tortoise","273122","229675","43447"
"2012-03-04","Tortoise","280790","239654","41136"
"2012-03-05","Tortoise","358732","310591","48141"
"2012-03-06","Tortoise","288206","250460","37746"
"2012-03-07","Tortoise","239082","200960","38122"
"2012-03-08","Tortoise","299426","262800","36626"
"2012-03-09","Tortoise","162874","141314","21560"
"2012-03-10","Tortoise","287722","238929","48793"
"2012-03-11","Tortoise","292457","251535","40922"
"2012-03-12","Tortoise","224751","188807","35944"
"2012-03-13","Tortoise","238061","205935","32126"
"2012-03-14","Tortoise","178535","152860","25675"
"2012-03-15","Tortoise","364713","313546","51167"
"2012-03-16","Tortoise","203214","169958","33256"
"2012-03-17","Tortoise","397375","348164","49211"
"2012-03-18","Tortoise","245511","215928","29583"
"2012-03-19","Tortoise","365657","319434","46223"
"2012-03-20","Tortoise","424055","359008","65047"
"2012-03-21","Tortoise","362155","298513","63642"
"2012-03-22","Tortoise","314377","272638","41739"
"2012-03-23","Tortoise","281779","240544","41235"
"2012-03-24","Tortoise","283556","247505","36051"
"2012-03-25","Tortoise","278788","238497","40291"
"2012-03-26","Tortoise","446188","382405","63783"
"2012-03-27","Tortoise","264451","230612","33839"
"2012-03-28","Tortoise","247282","207546","39736"
"2012-03-29","Tortoise","441070","372324","68746"
"2012-03-30","Tortoise","219600","192462","27138"
"2012-03-31","Tortoise","270040","229322","40718"
"2012-04-01","Tortoise","283612","246525","37087"
"2012-04-02","Tortoise","414330","355203","59127"
"2012-04-03","Tortoise","483817","405664","78153"
"2012-04-04","Tortoise","405305","340761","64544"
"2012-04-05","Tortoise","299176","255390","43786"
"2012-04-06","Tortoise","362562","309256","53306"
"2012-04-07","Tortoise","369507","313126","56381"
"2012-04-08","Tortoise","328580","268850","59730"
"2012-04-09","Tortoise","489046","409245","79801"
"2012-04-10","Tortoise","361606","310794","50812"
"2012-04-11","Tortoise","354292","306838","47454"
"2012-04-12","Tortoise","292057","253505","38552"
"2012-04-13","Tortoise","286864","243535","43329"
"2012-04-14","Tortoise","383283","330021","53262"
"2012-04-15","Tortoise","321227","278514","42713"
"2012-04-16","Tortoise","248574","210996","37578"
"2012-04-17","Tortoise","290557","249905","40652"
"2012-04-18","Tortoise","384184","332857","51327"
"2012-04-19","Tortoise","417153","351173","65980"
"2012-04-20","Tortoise","334159","289267","44892"
"2012-04-21","Tortoise","413211","348805","64406"
"2012-04-22","Tortoise","298929","258571","40358"
"2012-04-23","Tortoise","238154","199173","38981"
"2012-04-24","Tortoise","267204","231028","36176"
"2012-04-25","Tortoise","359119","308846","50273"
"2012-04-26","Tortoise","353734","303506","50228"
"2012-04-27","Tortoise","220481","178482","41999"
"2012-04-28","Tortoise","210428","185032","25396"
"2012-04-29","Tortoise","346865","299191","47674"
"2012-04-30","Tortoise","509785","443444","66341"
"2012-05-01","Tortoise","345867","287350","58517"
"2012-05-02","Tortoise","382633","318013","64620"
"2012-05-03","Tortoise","284212","249379","34833"
"2012-05-04","Tortoise","385057","325906","59151"
"2012-05-05","Tortoise","443681","379108","64573"
"2012-05-06","Tortoise","280609","239912","40697"
"2012-05-07","Tortoise","335857","289445","46412"
"2012-05-08","Tortoise","267138","218637","48501"
"2012-05-09","Tortoise","351078","306136","44942"
"2012-05-10","Tortoise","259726","219994","39732"
"2012-05-11","Tortoise","330568","284366","46202"
"2012-05-12","Tortoise","373351","317748","55603"
"2012-05-13","Tortoise","373194","316984","56210"
"2012-05-14","Tortoise","277833","239268","38565"
"2012-05-15","Tortoise","370011","315922","54089"
"2012-05-16","Tortoise","261549","225556","35993"
"2012-05-17","Tortoise","296915","259569","37346"
"2012-05-18","Tortoise","301427","258817","42610"
"2012-05-19","Tortoise","441909","378383","63526"
"2012-05-20","Tortoise","337173","284128","53045"
"2012-05-21","Tortoise","443501","383243","60258"
"2012-05-22","Tortoise","391738","338989","52749"
"2012-05-23","Tortoise","297359","259663","37696"
"2012-05-24","Tortoise","446260","373933","72327"
"2012-05-25","Tortoise","299970","252225","47745"
"2012-05-26","Tortoise","393495","337278","56217"
"2012-05-27","Tortoise","251587","217725","33862"
"2012-05-28","Tortoise","371319","324720","46599"
"2012-05-29","Tortoise","421999","359221","62778"
"2012-05-30","Tortoise","207271","179806","27465"
"2012-05-31","Tortoise","307048","257170","49878"
"2012-06-01","Tortoise","136720","117276","19444"
"2012-06-02","Tortoise","132850","114700","18150"
"2012-06-03","Tortoise","140162","123045","17117"
"2012-06-04","Tortoise","222753","192246","30507"
"2012-06-05","Tortoise","124558","111635","12923"
"2012-06-06","Tortoise","138050","117729","20321"
"2012-06-07","Tortoise","112553","99401","13152"
"2012-06-08","Tortoise","145050","124065","20985"
"2012-06-09","Tortoise","145999","122900","23099"
"2012-06-10","Tortoise","169238","146523","22715"
"2012-06-11","Tortoise","210675","188572","22103"
"2012-06-12","Tortoise","236624","209041","27583"
"2012-06-13","Tortoise","199366","167461","31905"
"2012-06-14","Tortoise","143811","124392","19419"
"2012-06-15","Tortoise","130150","112553","17597"
"2012-06-16","Tortoise","41906","36610","5296"
"2012-06-17","Tortoise","111601","92729","18872"
"2012-06-18","Tortoise","174456","150265","24191"
"2012-06-19","Tortoise","123660","111525","12135"
"2012-06-20","Tortoise","139559","123042","16517"
"2012-06-21","Tortoise","213897","189057","24840"
"2012-06-22","Tortoise","154689","127816","26873"
"2012-06-23","Tortoise","113691","97517","16174"
"2012-06-24","Tortoise","148278","123002","25276"
"2012-06-25","Tortoise","115200","99228","15972"
"2012-06-26","Tortoise","271322","239165","32157"
"2012-06-27","Tortoise","90704","79635","11069"
"2012-06-28","Tortoise","37495","31749","5746"
"2012-06-29","Tortoise","134922","118775","16147"
"2012-06-30","Tortoise","107781","93179","14602"
"2012-07-01","Tortoise","110462","91133","19329"
"2012-07-02","Tortoise","263372","224887","38485"
"2012-07-03","Tortoise","276475","235054","41421"
"2012-07-04","Tortoise","163950","138600","25350"
"2012-07-05","Tortoise","109659","90314","19345"
"2012-07-06","Tortoise","269160","225958","43202"
"2012-07-07","Tortoise","147961","126664","21297"
"2012-07-08","Tortoise","122910","106305","16605"
"2012-07-09","Tortoise","174390","150315","24075"
"2012-07-10","Tortoise","140672","121632","19040"
"2012-07-11","Tortoise","79104","68065","11039"
"2012-07-12","Tortoise","212095","178393","33702"
"2012-07-13","Tortoise","89152","76381","12771"
"2012-07-14","Tortoise","192908","164984","27924"
"2012-07-15","Tortoise","110822","96795","14027"
"2012-07-16","Tortoise","106881","94788","12093"
"2012-07-17","Tortoise","164110","138421","25689"
"2012-07-18","Tortoise","147790","128910","18880"
"2012-07-19","Tortoise","205578","179109","26469"
"2012-07-20","Tortoise","87383","76772","10611"
"2012-07-21","Tortoise","114334","98761","15573"
"2012-07-22","Tortoise","145593","126986","18607"
"2012-07-23","Tortoise","142060","120437","21623"
"2012-07-24","Tortoise","137611","118573","19038"
"2012-07-25","Tortoise","93742","74965","18777"
"2012-07-26","Tortoise","176238","145324","30914"
"2012-07-27","Tortoise","191014","168128","22886"
"2012-07-28","Tortoise","197409","163992","33417"
"2012-07-29","Tortoise","145832","128928","16904"
"2012-07-30","Tortoise","213876","180626","33250"
"2012-07-31","Tortoise","89843","80464","9379"
"2012-08-01","Tortoise","162539","144017","18522"
"2012-08-02","Tortoise","86162","72753","13409"
"2012-08-03","Tortoise","119327","98187","21140"
"2012-08-04","Tortoise","129968","110993","18975"
"2012-08-05","Tortoise","95799","77774","18025"
"2012-08-06","Tortoise","72041","63896","8145"
"2012-08-07","Tortoise","197916","167336","30580"
"2012-08-08","Tortoise","203547","180966","22581"
"2012-08-09","Tortoise","256774","212555","44219"
"2012-08-10","Tortoise","236491","208290","28201"
"2012-08-11","Tortoise","169557","138472","31085"
"2012-08-12","Tortoise","107520","90590","16930"
"2012-08-13","Tortoise","153689","130899","22790"
"2012-08-14","Tortoise","168677","147948","20729"
"2012-08-15","Tortoise","125621","106750","18871"
"2012-08-16","Tortoise","164764","143829","20935"
"2012-08-17","Tortoise","77845","67043","10802"
"2012-08-18","Tortoise","184794","160511","24283"
"2012-08-19","Tortoise","123923","106572","17351"
"2012-08-20","Tortoise","106883","93518","13365"
"2012-08-21","Tortoise","113423","96115","17308"
"2012-08-22","Tortoise","177276","152084","25192"
"2012-08-23","Tortoise","163318","139951","23367"
"2012-08-24","Tortoise","118521","102091","16430"
"2012-08-25","Tortoise","191694","161235","30459"
"2012-08-26","Tortoise","168506","137600","30906"
"2012-08-27","Tortoise","57415","43458","13957"
"2012-08-28","Tortoise","178296","151164","27132"
"2012-08-29","Tortoise","168439","141705","26734"
"2012-08-30","Tortoise","142667","122104","20563"
"2012-08-31","Tortoise","138467","124984","13483"
"2012-09-01","Tortoise","242062","211346","30716"
"2012-09-02","Tortoise","93464","78864","14600"
"2012-09-03","Tortoise","79634","68001","11633"
"2012-09-04","Tortoise","134591","119540","15051"
"2012-09-05","Tortoise","174436","150822","23614"
"2012-09-06","Tortoise","225484","185862","39622"
"2012-09-07","Tortoise","143050","116577","26473"
"2012-09-08","Tortoise","167477","148512","18965"
"2012-09-09","Tortoise","112830","91625","21205"
"2012-09-10","Tortoise","82243","70825","11418"
"2012-09-11","Tortoise","153209","125811","27398"
"2012-09-12","Tortoise","188654","162759","25895"
"2012-09-13","Tortoise","158332","139338","18994"
"2012-09-14","Tortoise","303201","259813","43388"
"2012-09-15","Tortoise","128520","111504","17016"
"2012-09-16","Tortoise","110730","92781","17949"
"2012-09-17","Tortoise","69523","61852","7671"
"2012-09-18","Tortoise","149058","127475","21583"
"2012-09-19","Tortoise","234564","198963","35601"
"2012-09-20","Tortoise","159268","136002","23266"
"2012-09-21","Tortoise","160827","138069","22758"
"2012-09-22","Tortoise","102401","89226","13175"
"2012-09-23","Tortoise","131381","117349","14032"
"2012-09-24","Tortoise","181536","147946","33590"
"2012-09-25","Tortoise","76715","63804","12911"
"2012-09-26","Tortoise","174274","150611","23663"
"2012-09-27","Tortoise","184006","153626","30380"
"2012-09-28","Tortoise","145302","128992","16310"
"2012-09-29","Tortoise","115770","100405","15365"
"2012-09-30","Tortoise","172690","151407","21283"
"2012-10-01","Tortoise","205707","176892","28815"
"2012-10-02","Tortoise","195687","171523","24164"
"2012-10-03","Tortoise","129600","111268","18332"
"2012-10-04","Tortoise","201788","174964","26824"
"2012-10-05","Tortoise","137271","121795","15476"
"2012-10-06","Tortoise","176329","153639","22690"
"2012-10-07","Tortoise","164389","137756","26633"
"2012-10-08","Tortoise","218601","191244","27357"
"2012-10-09","Tortoise","204215","176228","27987"
"2012-10-10","Tortoise","121942","103277","18665"
"2012-10-11","Tortoise","240237","205597","34640"
"2012-10-12","Tortoise","240061","206702","33359"
"2012-10-13","Tortoise","233536","198285","35251"
"2012-10-14","Tortoise","132251","114063","18188"
"2012-10-15","Tortoise","402797","345816","56981"
"2012-10-16","Tortoise","211144","183133","28011"
"2012-10-17","Tortoise","256442","222037","34405"
"2012-10-18","Tortoise","124000","108303","15697"
"2012-10-19","Tortoise","147798","130508","17290"
"2012-10-20","Tortoise","131489","110549","20940"
"2012-10-21","Tortoise","165257","143275","21982"
"2012-10-22","Tortoise","180068","159702","20366"
"2012-10-23","Tortoise","189792","167596","22196"
"2012-10-24","Tortoise","144372","122153","22219"
"2012-10-25","Tortoise","157379","136721","20658"
"2012-10-26","Tortoise","144097","122540","21557"
"2012-10-27","Tortoise","188043","167879","20164"
"2012-10-28","Tortoise","152148","129994","22154"
"2012-10-29","Tortoise","170565","151733","18832"
"2012-10-30","Tortoise","155880","137244","18636"
"2012-10-31","Tortoise","213508","180901","32607"
"2012-11-01","Tortoise","248814","216172","32642"
"2012-11-02","Tortoise","229455","195054","34401"
"2012-11-03","Tortoise","78552","67601","10951"
"2012-11-04","Tortoise","189718","152759","36959"
"2012-11-05","Tortoise","242502","206201","36301"
"2012-11-06","Tortoise","159029","134060","24969"
"2012-11-07","Tortoise","94575","77910","16665"
"2012-11-08","Tortoise","182205","159036","23169"
"2012-11-09","Tortoise","172546","146401","26145"
"2012-11-10","Tortoise","202228","169819","32409"
"2012-11-11","Tortoise","199008","174386","24622"
"2012-11-12","Tortoise","234381","207212","27169"
"2012-11-13","Tortoise","129808","111172","18636"
"2012-11-14","Tortoise","138530","122817","15713"
"2012-11-15","Tortoise","71835","64382","7453"
"2012-11-16","Tortoise","251352","219565","31787"
"2012-11-17","Tortoise","180400","152976","27424"
"2012-11-18","Tortoise","107911","86661","21250"
"2012-11-19","Tortoise","118598","103822","14776"
"2012-11-20","Tortoise","183903","159214","24689"
"2012-11-21","Tortoise","112081","97817","14264"
"2012-11-22","Tortoise","153696","136433","17263"
"2012-11-23","Tortoise","97263","81763","15500"
"2012-11-24","Tortoise","232420","199758","32662"
"2012-11-25","Tortoise","184607","157655","26952"
"2012-11-26","Tortoise","146369","127677","18692"
"2012-11-27","Tortoise","324468","276870","47598"
"2012-11-28","Tortoise","236754","202523","34231"
"2012-11-29","Tortoise","229663","194958","34705"
"2012-11-30","Tortoise","204334","179955","24379"
"2012-12-01","Tortoise","190088","165071","25017"
"2012-12-02","Tortoise","195926","173465","22461"
"2012-12-03","Tortoise","174688","147122","27566"
"2012-12-04","Tortoise","199866","172441","27425"
"2012-12-05","Tortoise","174088","150540","23548"
"2012-12-06","Tortoise","248282","217057","31225"
"2012-12-07","Tortoise","164073","139746","24327"
"2012-12-08","Tortoise","216694","182055","34639"
"2012-12-09","Tortoise","183845","162768","21077"
"2012-12-10","Tortoise","216716","181888","34828"
"2012-12-11","Tortoise","180387","151897","28490"
"2012-12-12","Tortoise","168387","146467","21920"
"2012-12-13","Tortoise","221363","194711","26652"
"2012-12-14","Tortoise","157235","132807","24428"
"2012-12-15","Tortoise","103872","85307","18565"
"2012-12-16","Tortoise","105122","95507","9615"
"2012-12-17","Tortoise","104650","93923","10727"
"2012-12-18","Tortoise","104289","92562","11727"
"2012-12-19","Tortoise","70555","58777","11778"
"2012-12-20","Tortoise","159697","141551","18146"
"2012-12-21","Tortoise","137760","115799","21961"
"2012-12-22","Tortoise","118101","99593","18508"
"2012-12-23","Tortoise","162597","142369","20228"
"2012-12-24","Tortoise","195086","172156","22930"
"2012-12-25","Tortoise","120450","102613","17837"
"2012-12-26","Tortoise","196324","168595","27729"
"2012-12-27","Tortoise","184445","157444","27001"
"2012-12-28","Tortoise","232277","197263","35014"
"2012-12-29","Tortoise","121220","107725","13495"
"2012-12-30","Tortoise","178272","151338","26934"
"2012-12-31","Tortoise","205715","170955","34760"
"2013-01-01","Tortoise","140099","125212","14887"
"2013-01-02","Tortoise","419785","364633","55152"
"2013-01-03","Tortoise","450388","384304","66084"
"2013-01-04","Tortoise","496518","430454","66064"
"2013-01-05","Tortoise","518537","451817","66720"
"2013-01-06","Tortoise","643063","550857","92206"
"2013-01-07","Tortoise","409001","349697","59304"
"2013-01-08","Tortoise","475899","412818","63081"
"2013-01-09","Tortoise","470826","401952","68874"
"2013-01-10","Tortoise","318363","282241","36122"
"2013-01-11","Tortoise","483461","405690","77771"
"2013-01-12","Tortoise","521643","445309","76334"
"2013-01-13","Tortoise","553431","478829","74602"
"2013-01-14","Tortoise","394884","338902","55982"
"2013-01-15","Tortoise","541933","460947","80986"
"2013-01-16","Tortoise","373740","320811","52929"
"2013-01-17","Tortoise","434162","361375","72787"
"2013-01-18","Tortoise","543994","466031","77963"
"2013-01-19","Tortoise","513025","448329","64696"
"2013-01-20","Tortoise","510346","429544","80802"
"2013-01-21","Tortoise","428026","376337","51689"
"2013-01-22","Tortoise","631437","541146","90291"
"2013-01-23","Tortoise","372846","321118","51728"
"2013-01-24","Tortoise","464851","408586","56265"
"2013-01-25","Tortoise","515263","436421","78842"
"2013-01-26","Tortoise","551390","472130","79260"
"2013-01-27","Tortoise","580807","492298","88509"
"2013-01-28","Tortoise","356811","304132","52679"
"2013-01-29","Tortoise","404939","347538","57401"
"2013-01-30","Tortoise","592412","519511","72901"
"2013-01-31","Tortoise","640338","557897","82441"
"2013-02-01","Tortoise","335656","294261","41395"
"2013-02-02","Tortoise","471721","405727","65994"
"2013-02-03","Tortoise","479706","410475","69231"
"2013-02-04","Tortoise","500295","433520","66775"
"2013-02-05","Tortoise","409278","348193","61085"
"2013-02-06","Tortoise","568691","479841","88850"
"2013-02-07","Tortoise","514702","437203","77499"
"2013-02-08","Tortoise","472969","404400","68569"
"2013-02-09","Tortoise","674222","585421","88801"
"2013-02-10","Tortoise","575137","494796","80341"
"2013-02-11","Tortoise","478415","409810","68605"
"2013-02-12","Tortoise","538051","461137","76914"
"2013-02-13","Tortoise","433553","375633","57920"
"2013-02-14","Tortoise","513365","440445","72920"
"2013-02-15","Tortoise","487803","417622","70181"
"2013-02-16","Tortoise","493387","416128","77259"
"2013-02-17","Tortoise","543131","469434","73697"
"2013-02-18","Tortoise","394225","343657","50568"
"2013-02-19","Tortoise","661735","577996","83739"
"2013-02-20","Tortoise","590873","503080","87793"
"2013-02-21","Tortoise","486779","422660","64119"
"2013-02-22","Tortoise","607084","518540","88544"
"2013-02-23","Tortoise","334615","287564","47051"
"2013-02-24","Tortoise","548131","473792","74339"
"2013-02-25","Tortoise","628237","547062","81175"
"2013-02-26","Tortoise","476850","403247","73603"
"2013-02-27","Tortoise","543503","475568","67935"
"2013-02-28","Tortoise","624832","533156","91676"
"2013-03-01","Tortoise","180556","146259","34297"
"2013-03-02","Tortoise","371781","324316","47465"
"2013-03-03","Tortoise","515854","447810","68044"
"2013-03-04","Tortoise","636117","543600","92517"
"2013-03-05","Tortoise","422088","360425","61663"
"2013-03-06","Tortoise","710835","613660","97175"
"2013-03-07","Tortoise","528850","459664","69186"
"2013-03-08","Tortoise","620572","539047","81525"
"2013-03-09","Tortoise","674077","571153","102924"
"2013-03-10","Tortoise","523324","453033","70291"
"2013-03-11","Tortoise","788036","678302","109734"
"2013-03-12","Tortoise","481015","405896","75119"
"2013-03-13","Tortoise","518118","445629","72489"
"2013-03-14","Tortoise","555918","474056","81862"
"2013-03-15","Tortoise","668983","577096","91887"
"2013-03-16","Tortoise","520294","439815","80479"
"2013-03-17","Tortoise","578779","491304","87475"
"2013-03-18","Tortoise","618471","524129","94342"
"2013-03-19","Tortoise","561810","468240","93570"
"2013-03-20","Tortoise","436809","361202","75607"
"2013-03-21","Tortoise","433308","373611","59697"
"2013-03-22","Tortoise","558803","483575","75228"
"2013-03-23","Tortoise","562218","478198","84020"
"2013-03-24","Tortoise","542732","459596","83136"
"2013-03-25","Tortoise","502396","427495","74901"
"2013-03-26","Tortoise","611927","525285","86642"
"2013-03-27","Tortoise","635862","549059","86803"
"2013-03-28","Tortoise","734501","631305","103196"
"2013-03-29","Tortoise","570079","482494","87585"
"2013-03-30","Tortoise","607399","521300","86099"
"2013-03-31","Tortoise","664347","570343","94004"
"2013-04-01","Tortoise","545809","479680","66129"
"2013-04-02","Tortoise","558363","484872","73491"
"2013-04-03","Tortoise","420560","363962","56598"
"2013-04-04","Tortoise","675685","575488","100197"
"2013-04-05","Tortoise","537511","453737","83774"
"2013-04-06","Tortoise","767295","656017","111278"
"2013-04-07","Tortoise","633768","547301","86467"
"2013-04-08","Tortoise","425448","357693","67755"
"2013-04-09","Tortoise","629428","523318","106110"
"2013-04-10","Tortoise","476148","409459","66689"
"2013-04-11","Tortoise","458473","397454","61019"
"2013-04-12","Tortoise","586149","495035","91114"
"2013-04-13","Tortoise","384101","326835","57266"
"2013-04-14","Tortoise","570098","482839","87259"
"2013-04-15","Tortoise","557210","475846","81364"
"2013-04-16","Tortoise","496331","421878","74453"
"2013-04-17","Tortoise","501177","428079","73098"
"2013-04-18","Tortoise","681901","584138","97763"
"2013-04-19","Tortoise","505817","430706","75111"
"2013-04-20","Tortoise","464614","404161","60453"
"2013-04-21","Tortoise","529661","446731","82930"
"2013-04-22","Tortoise","450564","394735","55829"
"2013-04-23","Tortoise","380133","324666","55467"
"2013-04-24","Tortoise","546982","466360","80622"
"2013-04-25","Tortoise","618560","539377","79183"
"2013-04-26","Tortoise","748178","633990","114188"
"2013-04-27","Tortoise","675094","580865","94229"
"2013-04-28","Tortoise","580443","503678","76765"
"2013-04-29","Tortoise","709568","613669","95899"
"2013-04-30","Tortoise","596049","514664","81385"
"2013-05-01","Tortoise","137328","115456","21872"
"2013-05-02","Tortoise","611338","523314","88024"
"2013-05-03","Tortoise","403130","350655","52475"
"2013-05-04","Tortoise","503392","443030","60362"
"2013-05-05","Tortoise","543461","466402","77059"
"2013-05-06","Tortoise","630625","529741","100884"
"2013-05-07","Tortoise","544192","472540","71652"
"2013-05-08","Tortoise","576336","499796","76540"
"2013-05-09","Tortoise","410904","346155","64749"
"2013-05-10","Tortoise","435634","373530","62104"
"2013-05-11","Tortoise","658487","573294","85193"
"2013-05-12","Tortoise","483541","402452","81089"
"2013-05-13","Tortoise","457917","386699","71218"
"2013-05-14","Tortoise","492546","429808","62738"
"2013-05-15","Tortoise","505290","419479","85811"
"2013-05-16","Tortoise","639673","559244","80429"
"2013-05-17","Tortoise","279183","239198","39985"
"2013-05-18","Tortoise","633602","542216","91386"
"2013-05-19","Tortoise","560735","488688","72047"
"2013-05-20","Tortoise","498485","429190","69295"
"2013-05-21","Tortoise","569799","471864","97935"
"2013-05-22","Tortoise","554962","474502","80460"
"2013-05-23","Tortoise","541920","476844","65076"
"2013-05-24","Tortoise","530903","464411","66492"
"2013-05-25","Tortoise","587261","510969","76292"
"2013-05-26","Tortoise","590227","509313","80914"
"2013-05-27","Tortoise","517353","447287","70066"
"2013-05-28","Tortoise","557621","481250","76371"
"2013-05-29","Tortoise","385329","323913","61416"
"2013-05-30","Tortoise","706757","607332","99425"
"2013-05-31","Tortoise","516618","439120","77498"
"2008-06-01","TPS","133730","116545","17185"
"2008-06-02","TPS","42338","37656","4682"
"2008-06-03","TPS","75082","66241","8841"
"2008-06-04","TPS","99496","86858","12638"
"2008-06-05","TPS","15736","14480","1256"
"2008-06-06","TPS","157127","138071","19056"
"2008-06-07","TPS","61444","56574","4870"
"2008-06-08","TPS","80586","72799","7787"
"2008-06-09","TPS","75430","66182","9248"
"2008-06-10","TPS","3627","2630","997"
"2008-06-11","TPS","45380","40164","5216"
"2008-06-12","TPS","36725","32981","3744"
"2008-06-13","TPS","85550","79017","6533"
"2008-06-14","TPS","30384","27719","2665"
"2008-06-15","TPS","29004","28033","971"
"2008-06-16","TPS","36194","33216","2978"
"2008-06-17","TPS","68913","64858","4055"
"2008-06-18","TPS","36619","30581","6038"
"2008-06-19","TPS","90477","79874","10603"
"2008-06-20","TPS","166917","135315","31602"
"2008-06-21","TPS","34890","32302","2588"
"2008-06-22","TPS","14571","12236","2335"
"2008-06-23","TPS","70621","61563","9058"
"2008-06-24","TPS","101673","88681","12992"
"2008-06-25","TPS","69639","63279","6360"
"2008-06-26","TPS","31864","27274","4590"
"2008-06-27","TPS","18782","16348","2434"
"2008-06-28","TPS","28965","25813","3152"
"2008-06-29","TPS","75779","69400","6379"
"2008-06-30","TPS","1847","1427","420"
"2008-07-01","TPS","55646","47285","8361"
"2008-07-02","TPS","31555","27876","3679"
"2008-07-03","TPS","107237","96721","10516"
"2008-07-04","TPS","49011","46086","2925"
"2008-07-05","TPS","115691","101660","14031"
"2008-07-06","TPS","44801","41937","2864"
"2008-07-07","TPS","90075","81676","8399"
"2008-07-08","TPS","62569","55655","6914"
"2008-07-09","TPS","127790","113450","14340"
"2008-07-10","TPS","106169","91762","14407"
"2008-07-11","TPS","91162","77334","13828"
"2008-07-12","TPS","26880","24271","2609"
"2008-07-13","TPS","21868","18075","3793"
"2008-07-14","TPS","86673","73960","12713"
"2008-07-15","TPS","61672","56508","5164"
"2008-07-16","TPS","34380","29834","4546"
"2008-07-17","TPS","42688","39192","3496"
"2008-07-18","TPS","29391","27037","2354"
"2008-07-19","TPS","107046","94811","12235"
"2008-07-20","TPS","25054","22452","2602"
"2008-07-21","TPS","25526","23126","2400"
"2008-07-22","TPS","120318","109630","10688"
"2008-07-23","TPS","139459","123925","15534"
"2008-07-24","TPS","73370","67777","5593"
"2008-07-25","TPS","137906","121166","16740"
"2008-07-26","TPS","98908","83697","15211"
"2008-07-27","TPS","145433","125239","20194"
"2008-07-28","TPS","88566","79040","9526"
"2008-07-29","TPS","140218","123100","17118"
"2008-07-30","TPS","93792","78857","14935"
"2008-07-31","TPS","62871","50479","12392"
"2008-08-01","TPS","94896","88472","6424"
"2008-08-02","TPS","102153","91818","10335"
"2008-08-03","TPS","49722","43997","5725"
"2008-08-04","TPS","21746","21096","650"
"2008-08-05","TPS","15553","12405","3148"
"2008-08-06","TPS","50516","43895","6621"
"2008-08-07","TPS","117379","103288","14091"
"2008-08-08","TPS","4736","2548","2188"
"2008-08-09","TPS","29918","25432","4486"
"2008-08-10","TPS","120183","106744","13439"
"2008-08-11","TPS","94280","87937","6343"
"2008-08-12","TPS","58553","53684","4869"
"2008-08-13","TPS","71948","59685","12263"
"2008-08-14","TPS","40950","37289","3661"
"2008-08-15","TPS","90902","77273","13629"
"2008-08-16","TPS","90779","87277","3502"
"2008-08-17","TPS","61392","53787","7605"
"2008-08-18","TPS","97811","91055","6756"
"2008-08-19","TPS","82240","78260","3980"
"2008-08-20","TPS","54943","50431","4512"
"2008-08-21","TPS","66185","61956","4229"
"2008-08-22","TPS","42983","38483","4500"
"2008-08-23","TPS","202645","175979","26666"
"2008-08-24","TPS","74770","63447","11323"
"2008-08-25","TPS","52754","46525","6229"
"2008-08-26","TPS","51850","46250","5600"
"2008-08-27","TPS","53971","50098","3873"
"2008-08-28","TPS","43489","39359","4130"
"2008-08-29","TPS","42185","39936","2249"
"2008-08-30","TPS","82971","76878","6093"
"2008-08-31","TPS","57772","50281","7491"
"2008-09-01","TPS","32629","27579","5050"
"2008-09-02","TPS","59060","56596","2464"
"2008-09-03","TPS","81392","75306","6086"
"2008-09-04","TPS","53994","50397","3597"
"2008-09-05","TPS","68787","61876","6911"
"2008-09-06","TPS","69707","61499","8208"
"2008-09-07","TPS","33628","29534","4094"
"2008-09-08","TPS","49900","44200","5700"
"2008-09-09","TPS","60361","55718","4643"
"2008-09-10","TPS","65873","57614","8259"
"2008-09-11","TPS","59461","53185","6276"
"2008-09-12","TPS","31422","28291","3131"
"2008-09-13","TPS","16175","13742","2433"
"2008-09-14","TPS","23570","20288","3282"
"2008-09-15","TPS","38498","34595","3903"
"2008-09-16","TPS","113310","98823","14487"
"2008-09-17","TPS","122158","111339","10819"
"2008-09-18","TPS","57761","52147","5614"
"2008-09-19","TPS","85051","77416","7635"
"2008-09-20","TPS","73378","68318","5060"
"2008-09-21","TPS","20495","18697","1798"
"2008-09-22","TPS","52778","42637","10141"
"2008-09-23","TPS","121668","111329","10339"
"2008-09-24","TPS","51823","43222","8601"
"2008-09-25","TPS","101417","93372","8045"
"2008-09-26","TPS","67609","62715","4894"
"2008-09-27","TPS","48377","42218","6159"
"2008-09-28","TPS","69801","65455","4346"
"2008-09-29","TPS","94137","85760","8377"
"2008-09-30","TPS","139558","129941","9617"
"2008-10-01","TPS","68923","64166","4757"
"2008-10-02","TPS","39038","34802","4236"
"2008-10-03","TPS","90979","80692","10287"
"2008-10-04","TPS","103865","95926","7939"
"2008-10-05","TPS","117888","99119","18769"
"2008-10-06","TPS","11423","9844","1579"
"2008-10-07","TPS","102900","89359","13541"
"2008-10-08","TPS","78913","74010","4903"
"2008-10-09","TPS","29465","24739","4726"
"2008-10-10","TPS","53886","48646","5240"
"2008-10-11","TPS","92995","85029","7966"
"2008-10-12","TPS","107471","92230","15241"
"2008-10-13","TPS","11194","8948","2246"
"2008-10-14","TPS","189842","167138","22704"
"2008-10-15","TPS","87184","80676","6508"
"2008-10-16","TPS","137401","118708","18693"
"2008-10-17","TPS","150562","131885","18677"
"2008-10-18","TPS","48632","45304","3328"
"2008-10-19","TPS","110079","100866","9213"
"2008-10-20","TPS","18104","16187","1917"
"2008-10-21","TPS","50493","46286","4207"
"2008-10-22","TPS","92772","85729","7043"
"2008-10-23","TPS","125275","114199","11076"
"2008-10-24","TPS","16856","14280","2576"
"2008-10-25","TPS","57939","52496","5443"
"2008-10-26","TPS","16325","14423","1902"
"2008-10-27","TPS","70300","59770","10530"
"2008-10-28","TPS","39529","34994","4535"
"2008-10-29","TPS","84537","76712","7825"
"2008-10-30","TPS","28392","25390","3002"
"2008-10-31","TPS","80385","73689","6696"
"2008-11-01","TPS","26202","22233","3969"
"2008-11-02","TPS","89290","76597","12693"
"2008-11-03","TPS","149480","125202","24278"
"2008-11-04","TPS","85324","73360","11964"
"2008-11-05","TPS","69980","62923","7057"
"2008-11-06","TPS","70490","60873","9617"
"2008-11-07","TPS","5806","4908","898"
"2008-11-08","TPS","49306","42492","6814"
"2008-11-09","TPS","98489","85714","12775"
"2008-11-10","TPS","16723","14431","2292"
"2008-11-11","TPS","92904","85491","7413"
"2008-11-12","TPS","74717","69011","5706"
"2008-11-13","TPS","116604","105145","11459"
"2008-11-14","TPS","89836","75055","14781"
"2008-11-15","TPS","65558","58939","6619"
"2008-11-16","TPS","161514","147593","13921"
"2008-11-17","TPS","65908","56308","9600"
"2008-11-18","TPS","73681","60493","13188"
"2008-11-19","TPS","29434","26162","3272"
"2008-11-20","TPS","31861","29004","2857"
"2008-11-21","TPS","29893","25977","3916"
"2008-11-22","TPS","39243","36117","3126"
"2008-11-23","TPS","136368","119737","16631"
"2008-11-24","TPS","93910","79708","14202"
"2008-11-25","TPS","25657","23771","1886"
"2008-11-26","TPS","75345","67409","7936"
"2008-11-27","TPS","61501","55756","5745"
"2008-11-28","TPS","118274","96714","21560"
"2008-11-29","TPS","80674","70842","9832"
"2008-11-30","TPS","69327","65232","4095"
"2008-12-01","TPS","68049","59609","8440"
"2008-12-02","TPS","42932","36478","6454"
"2008-12-03","TPS","70722","60475","10247"
"2008-12-04","TPS","178763","158331","20432"
"2008-12-05","TPS","69962","57065","12897"
"2008-12-06","TPS","66338","58943","7395"
"2008-12-07","TPS","112578","101015","11563"
"2008-12-08","TPS","29321","24494","4827"
"2008-12-09","TPS","73733","69008","4725"
"2008-12-10","TPS","55808","50125","5683"
"2008-12-11","TPS","43077","39140","3937"
"2008-12-12","TPS","67308","56338","10970"
"2008-12-13","TPS","26601","23489","3112"
"2008-12-14","TPS","38683","34545","4138"
"2008-12-15","TPS","58732","54871","3861"
"2008-12-16","TPS","48783","43857","4926"
"2008-12-17","TPS","32700","30149","2551"
"2008-12-18","TPS","195050","163237","31813"
"2008-12-19","TPS","78172","65398","12774"
"2008-12-20","TPS","21723","19008","2715"
"2008-12-21","TPS","25523","23424","2099"
"2008-12-22","TPS","123953","105250","18703"
"2008-12-23","TPS","128098","112804","15294"
"2008-12-24","TPS","105252","90077","15175"
"2008-12-25","TPS","7973","6290","1683"
"2008-12-26","TPS","97989","90428","7561"
"2008-12-27","TPS","125303","111210","14093"
"2008-12-28","TPS","43392","39829","3563"
"2008-12-29","TPS","61132","55258","5874"
"2008-12-30","TPS","115510","101815","13695"
"2008-12-31","TPS","5485","4577","908"
"2009-01-01","TPS","152757","139447","13310"
"2009-01-02","TPS","129420","113116","16304"
"2009-01-03","TPS","100399","87881","12518"
"2009-01-04","TPS","197932","174594","23338"
"2009-01-05","TPS","138720","120160","18560"
"2009-01-06","TPS","124077","107137","16940"
"2009-01-07","TPS","102817","92028","10789"
"2009-01-08","TPS","181259","160574","20685"
"2009-01-09","TPS","90960","82113","8847"
"2009-01-10","TPS","64086","55645","8441"
"2009-01-11","TPS","95771","85781","9990"
"2009-01-12","TPS","83325","73105","10220"
"2009-01-13","TPS","88669","83026","5643"
"2009-01-14","TPS","119339","109347","9992"
"2009-01-15","TPS","113232","97167","16065"
"2009-01-16","TPS","180306","156361","23945"
"2009-01-17","TPS","154217","140579","13638"
"2009-01-18","TPS","122182","109508","12674"
"2009-01-19","TPS","162124","137558","24566"
"2009-01-20","TPS","208106","183426","24680"
"2009-01-21","TPS","55057","49925","5132"
"2009-01-22","TPS","153053","130385","22668"
"2009-01-23","TPS","98505","86993","11512"
"2009-01-24","TPS","45225","39114","6111"
"2009-01-25","TPS","180054","160514","19540"
"2009-01-26","TPS","140081","127067","13014"
"2009-01-27","TPS","165614","143602","22012"
"2009-01-28","TPS","103009","88275","14734"
"2009-01-29","TPS","148199","134553","13646"
"2009-01-30","TPS","142740","132057","10683"
"2009-01-31","TPS","198900","177041","21859"
"2009-02-01","TPS","152599","134860","17739"
"2009-02-02","TPS","38647","35192","3455"
"2009-02-03","TPS","97112","90284","6828"
"2009-02-04","TPS","211855","184226","27629"
"2009-02-05","TPS","107853","99762","8091"
"2009-02-06","TPS","165835","149439","16396"
"2009-02-07","TPS","120879","112271","8608"
"2009-02-08","TPS","227407","203547","23860"
"2009-02-09","TPS","63941","58629","5312"
"2009-02-10","TPS","211301","187672","23629"
"2009-02-11","TPS","119782","111586","8196"
"2009-02-12","TPS","168440","145642","22798"
"2009-02-13","TPS","73240","66724","6516"
"2009-02-14","TPS","121622","102113","19509"
"2009-02-15","TPS","127214","116089","11125"
"2009-02-16","TPS","55364","50764","4600"
"2009-02-17","TPS","120654","103628","17026"
"2009-02-18","TPS","162491","140085","22406"
"2009-02-19","TPS","119263","107391","11872"
"2009-02-20","TPS","96375","88815","7560"
"2009-02-21","TPS","120400","107026","13374"
"2009-02-22","TPS","163570","138933","24637"
"2009-02-23","TPS","140643","128863","11780"
"2009-02-24","TPS","181610","161496","20114"
"2009-02-25","TPS","62992","56241","6751"
"2009-02-26","TPS","175519","158581","16938"
"2009-02-27","TPS","67247","54475","12772"
"2009-02-28","TPS","157160","140192","16968"
"2009-03-01","TPS","175212","152215","22997"
"2009-03-02","TPS","170406","156250","14156"
"2009-03-03","TPS","89847","81900","7947"
"2009-03-04","TPS","102008","95045","6963"
"2009-03-05","TPS","107185","93936","13249"
"2009-03-06","TPS","155045","135195","19850"
"2009-03-07","TPS","67154","57801","9353"
"2009-03-08","TPS","107687","94655","13032"
"2009-03-09","TPS","137602","119021","18581"
"2009-03-10","TPS","136808","121114","15694"
"2009-03-11","TPS","76472","68330","8142"
"2009-03-12","TPS","251748","211422","40326"
"2009-03-13","TPS","148312","136073","12239"
"2009-03-14","TPS","106097","89521","16576"
"2009-03-15","TPS","120643","104593","16050"
"2009-03-16","TPS","125799","106014","19785"
"2009-03-17","TPS","141484","125590","15894"
"2009-03-18","TPS","85541","73647","11894"
"2009-03-19","TPS","40696","35181","5515"
"2009-03-20","TPS","139971","115310","24661"
"2009-03-21","TPS","96275","90228","6047"
"2009-03-22","TPS","60080","53411","6669"
"2009-03-23","TPS","72864","59714","13150"
"2009-03-24","TPS","67117","63720","3397"
"2009-03-25","TPS","109027","100316","8711"
"2009-03-26","TPS","162812","145364","17448"
"2009-03-27","TPS","127901","109259","18642"
"2009-03-28","TPS","160532","144930","15602"
"2009-03-29","TPS","91335","83128","8207"
"2009-03-30","TPS","122130","109666","12464"
"2009-03-31","TPS","121033","107393","13640"
"2009-04-01","TPS","177750","156031","21719"
"2009-04-02","TPS","71142","64048","7094"
"2009-04-03","TPS","123618","112880","10738"
"2009-04-04","TPS","155761","143792","11969"
"2009-04-05","TPS","128714","117251","11463"
"2009-04-06","TPS","92333","86657","5676"
"2009-04-07","TPS","189556","158782","30774"
"2009-04-08","TPS","269674","235245","34429"
"2009-04-09","TPS","84713","78082","6631"
"2009-04-10","TPS","139795","126548","13247"
"2009-04-11","TPS","227652","206439","21213"
"2009-04-12","TPS","121903","107589","14314"
"2009-04-13","TPS","151246","126656","24590"
"2009-04-14","TPS","181671","154895","26776"
"2009-04-15","TPS","167035","151630","15405"
"2009-04-16","TPS","162794","142041","20753"
"2009-04-17","TPS","89544","77381","12163"
"2009-04-18","TPS","96221","84276","11945"
"2009-04-19","TPS","51503","46818","4685"
"2009-04-20","TPS","199654","174137","25517"
"2009-04-21","TPS","104926","97113","7813"
"2009-04-22","TPS","50336","43940","6396"
"2009-04-23","TPS","172872","149064","23808"
"2009-04-24","TPS","266656","228534","38122"
"2009-04-25","TPS","100693","91591","9102"
"2009-04-26","TPS","81317","70914","10403"
"2009-04-27","TPS","115525","101656","13869"
"2009-04-28","TPS","56479","51989","4490"
"2009-04-29","TPS","228513","195342","33171"
"2009-04-30","TPS","133032","121253","11779"
"2009-05-01","TPS","264271","231719","32552"
"2009-05-02","TPS","113173","94155","19018"
"2009-05-03","TPS","114989","105472","9517"
"2009-05-04","TPS","178139","163125","15014"
"2009-05-05","TPS","249427","216889","32538"
"2009-05-06","TPS","99853","91089","8764"
"2009-05-07","TPS","42669","38580","4089"
"2009-05-08","TPS","169984","162193","7791"
"2009-05-09","TPS","100705","92453","8252"
"2009-05-10","TPS","148446","133039","15407"
"2009-05-11","TPS","101383","91492","9891"
"2009-05-12","TPS","110636","98091","12545"
"2009-05-13","TPS","162377","142622","19755"
"2009-05-14","TPS","65566","58219","7347"
"2009-05-15","TPS","25936","22569","3367"
"2009-05-16","TPS","38724","34914","3810"
"2009-05-17","TPS","48691","39635","9056"
"2009-05-18","TPS","174477","162847","11630"
"2009-05-19","TPS","139261","129320","9941"
"2009-05-20","TPS","64729","55908","8821"
"2009-05-21","TPS","214230","201283","12947"
"2009-05-22","TPS","79497","73666","5831"
"2009-05-23","TPS","94922","83100","11822"
"2009-05-24","TPS","144982","136513","8469"
"2009-05-25","TPS","83345","76703","6642"
"2009-05-26","TPS","78916","68327","10589"
"2009-05-27","TPS","126747","110580","16167"
"2009-05-28","TPS","66050","59025","7025"
"2009-05-29","TPS","180351","160109","20242"
"2009-05-30","TPS","135740","124657","11083"
"2009-05-31","TPS","113849","97270","16579"
"2009-06-01","TPS","97244","88824","8420"
"2009-06-02","TPS","248873","217287","31586"
"2009-06-03","TPS","184819","169606","15213"
"2009-06-04","TPS","184187","165002","19185"
"2009-06-05","TPS","185381","161864","23517"
"2009-06-06","TPS","100306","89163","11143"
"2009-06-07","TPS","85023","68725","16298"
"2009-06-08","TPS","303736","280971","22765"
"2009-06-09","TPS","139509","118654","20855"
"2009-06-10","TPS","118716","107501","11215"
"2009-06-11","TPS","186627","160332","26295"
"2009-06-12","TPS","106654","95164","11490"
"2009-06-13","TPS","92574","79007","13567"
"2009-06-14","TPS","170152","151891","18261"
"2009-06-15","TPS","122453","112917","9536"
"2009-06-16","TPS","169446","152861","16585"
"2009-06-17","TPS","153914","130821","23093"
"2009-06-18","TPS","189542","169671","19871"
"2009-06-19","TPS","171188","148302","22886"
"2009-06-20","TPS","219814","197695","22119"
"2009-06-21","TPS","172355","158089","14266"
"2009-06-22","TPS","157037","140195","16842"
"2009-06-23","TPS","115474","103977","11497"
"2009-06-24","TPS","294548","252540","42008"
"2009-06-25","TPS","195831","168260","27571"
"2009-06-26","TPS","116260","107137","9123"
"2009-06-27","TPS","106816","98636","8180"
"2009-06-28","TPS","223288","197851","25437"
"2009-06-29","TPS","183632","156877","26755"
"2009-06-30","TPS","117038","107659","9379"
"2009-07-01","TPS","210206","183457","26749"
"2009-07-02","TPS","207939","177727","30212"
"2009-07-03","TPS","276551","248557","27994"
"2009-07-04","TPS","154920","144900","10020"
"2009-07-05","TPS","125318","108119","17199"
"2009-07-06","TPS","173505","151270","22235"
"2009-07-07","TPS","264349","233764","30585"
"2009-07-08","TPS","119272","101732","17540"
"2009-07-09","TPS","100345","89807","10538"
"2009-07-10","TPS","69646","60618","9028"
"2009-07-11","TPS","133653","121228","12425"
"2009-07-12","TPS","169228","148135","21093"
"2009-07-13","TPS","157651","139029","18622"
"2009-07-14","TPS","163076","143512","19564"
"2009-07-15","TPS","181828","161610","20218"
"2009-07-16","TPS","187585","170875","16710"
"2009-07-17","TPS","231142","213569","17573"
"2009-07-18","TPS","117904","103931","13973"
"2009-07-19","TPS","66836","61900","4936"
"2009-07-20","TPS","154118","133126","20992"
"2009-07-21","TPS","114171","102655","11516"
"2009-07-22","TPS","119340","107718","11622"
"2009-07-23","TPS","222252","194313","27939"
"2009-07-24","TPS","144529","130854","13675"
"2009-07-25","TPS","256625","229705","26920"
"2009-07-26","TPS","141560","123935","17625"
"2009-07-27","TPS","126717","113040","13677"
"2009-07-28","TPS","166343","151427","14916"
"2009-07-29","TPS","166486","146195","20291"
"2009-07-30","TPS","100263","89871","10392"
"2009-07-31","TPS","201362","178826","22536"
"2009-08-01","TPS","279742","236997","42745"
"2009-08-02","TPS","148120","135160","12960"
"2009-08-03","TPS","107227","95120","12107"
"2009-08-04","TPS","123931","111146","12785"
"2009-08-05","TPS","271311","228618","42693"
"2009-08-06","TPS","141050","125798","15252"
"2009-08-07","TPS","180060","158899","21161"
"2009-08-08","TPS","225003","198375","26628"
"2009-08-09","TPS","192519","161792","30727"
"2009-08-10","TPS","146280","125846","20434"
"2009-08-11","TPS","171264","154553","16711"
"2009-08-12","TPS","124603","115799","8804"
"2009-08-13","TPS","102468","92841","9627"
"2009-08-14","TPS","144979","127670","17309"
"2009-08-15","TPS","146429","128032","18397"
"2009-08-16","TPS","44097","38725","5372"
"2009-08-17","TPS","216116","178306","37810"
"2009-08-18","TPS","116581","95674","20907"
"2009-08-19","TPS","143981","128019","15962"
"2009-08-20","TPS","103619","91828","11791"
"2009-08-21","TPS","207457","184738","22719"
"2009-08-22","TPS","131351","122951","8400"
"2009-08-23","TPS","222737","193791","28946"
"2009-08-24","TPS","114599","98376","16223"
"2009-08-25","TPS","335733","291604","44129"
"2009-08-26","TPS","142940","134418","8522"
"2009-08-27","TPS","142458","133108","9350"
"2009-08-28","TPS","177870","154774","23096"
"2009-08-29","TPS","234014","210503","23511"
"2009-08-30","TPS","159560","138287","21273"
"2009-08-31","TPS","36564","31396","5168"
"2009-09-01","TPS","210556","187359","23197"
"2009-09-02","TPS","219944","201074","18870"
"2009-09-03","TPS","137189","125324","11865"
"2009-09-04","TPS","196160","163280","32880"
"2009-09-05","TPS","237153","212089","25064"
"2009-09-06","TPS","142392","120395","21997"
"2009-09-07","TPS","126713","107546","19167"
"2009-09-08","TPS","224209","205001","19208"
"2009-09-09","TPS","225816","202148","23668"
"2009-09-10","TPS","219714","194358","25356"
"2009-09-11","TPS","120380","107327","13053"
"2009-09-12","TPS","167991","147895","20096"
"2009-09-13","TPS","130267","115017","15250"
"2009-09-14","TPS","186289","166084","20205"
"2009-09-15","TPS","215346","189102","26244"
"2009-09-16","TPS","129469","121414","8055"
"2009-09-17","TPS","210109","189984","20125"
"2009-09-18","TPS","167980","150262","17718"
"2009-09-19","TPS","36402","30760","5642"
"2009-09-20","TPS","222455","198047","24408"
"2009-09-21","TPS","210759","181292","29467"
"2009-09-22","TPS","167662","156701","10961"
"2009-09-23","TPS","146658","127685","18973"
"2009-09-24","TPS","225607","199028","26579"
"2009-09-25","TPS","201217","177251","23966"
"2009-09-26","TPS","190351","164903","25448"
"2009-09-27","TPS","145046","125138","19908"
"2009-09-28","TPS","199946","169177","30769"
"2009-09-29","TPS","119317","112526","6791"
"2009-09-30","TPS","148029","133051","14978"
"2009-10-01","TPS","211963","185205","26758"
"2009-10-02","TPS","125704","109392","16312"
"2009-10-03","TPS","163296","151102","12194"
"2009-10-04","TPS","117409","107512","9897"
"2009-10-05","TPS","175730","154888","20842"
"2009-10-06","TPS","178341","157454","20887"
"2009-10-07","TPS","127810","117977","9833"
"2009-10-08","TPS","226513","203529","22984"
"2009-10-09","TPS","204012","187021","16991"
"2009-10-10","TPS","124098","112944","11154"
"2009-10-11","TPS","208919","178862","30057"
"2009-10-12","TPS","156425","142371","14054"
"2009-10-13","TPS","172779","157358","15421"
"2009-10-14","TPS","225467","193209","32258"
"2009-10-15","TPS","177006","159427","17579"
"2009-10-16","TPS","42852","35688","7164"
"2009-10-17","TPS","195150","172755","22395"
"2009-10-18","TPS","139740","126567","13173"
"2009-10-19","TPS","171340","154231","17109"
"2009-10-20","TPS","85967","73426","12541"
"2009-10-21","TPS","127373","115712","11661"
"2009-10-22","TPS","171511","151497","20014"
"2009-10-23","TPS","127248","107167","20081"
"2009-10-24","TPS","95535","86155","9380"
"2009-10-25","TPS","69758","64644","5114"
"2009-10-26","TPS","231663","198233","33430"
"2009-10-27","TPS","140425","128561","11864"
"2009-10-28","TPS","116146","100386","15760"
"2009-10-29","TPS","182462","163567","18895"
"2009-10-30","TPS","164367","155538","8829"
"2009-10-31","TPS","76372","66981","9391"
"2009-11-01","TPS","133223","120566","12657"
"2009-11-02","TPS","145617","127540","18077"
"2009-11-03","TPS","114291","102303","11988"
"2009-11-04","TPS","116769","106166","10603"
"2009-11-05","TPS","170699","146789","23910"
"2009-11-06","TPS","154140","143416","10724"
"2009-11-07","TPS","126495","109907","16588"
"2009-11-08","TPS","270697","242094","28603"
"2009-11-09","TPS","116721","100790","15931"
"2009-11-10","TPS","210744","184277","26467"
"2009-11-11","TPS","94461","88130","6331"
"2009-11-12","TPS","171085","150749","20336"
"2009-11-13","TPS","83686","72360","11326"
"2009-11-14","TPS","137729","125216","12513"
"2009-11-15","TPS","203828","182565","21263"
"2009-11-16","TPS","79771","69882","9889"
"2009-11-17","TPS","257542","226835","30707"
"2009-11-18","TPS","172969","155162","17807"
"2009-11-19","TPS","174121","156337","17784"
"2009-11-20","TPS","294570","258095","36475"
"2009-11-21","TPS","287883","243921","43962"
"2009-11-22","TPS","54484","49061","5423"
"2009-11-23","TPS","64942","56338","8604"
"2009-11-24","TPS","406640","367830","38810"
"2009-11-25","TPS","159913","144150","15763"
"2009-11-26","TPS","105926","98902","7024"
"2009-11-27","TPS","221015","199929","21086"
"2009-11-28","TPS","107104","91427","15677"
"2009-11-29","TPS","195415","170257","25158"
"2009-11-30","TPS","274116","249810","24306"
"2009-12-01","TPS","268681","236825","31856"
"2009-12-02","TPS","224283","203533","20750"
"2009-12-03","TPS","105858","90153","15705"
"2009-12-04","TPS","260621","238270","22351"
"2009-12-05","TPS","156873","141923","14950"
"2009-12-06","TPS","112520","96486","16034"
"2009-12-07","TPS","243077","210527","32550"
"2009-12-08","TPS","225623","206401","19222"
"2009-12-09","TPS","97454","88527","8927"
"2009-12-10","TPS","61636","56054","5582"
"2009-12-11","TPS","54448","48721","5727"
"2009-12-12","TPS","203439","182488","20951"
"2009-12-13","TPS","157622","139161","18461"
"2009-12-14","TPS","142300","130993","11307"
"2009-12-15","TPS","185643","165098","20545"
"2009-12-16","TPS","67756","62111","5645"
"2009-12-17","TPS","150862","136896","13966"
"2009-12-18","TPS","147698","125898","21800"
"2009-12-19","TPS","84790","76480","8310"
"2009-12-20","TPS","128080","114101","13979"
"2009-12-21","TPS","173567","159262","14305"
"2009-12-22","TPS","150610","138347","12263"
"2009-12-23","TPS","210680","186020","24660"
"2009-12-24","TPS","157587","135727","21860"
"2009-12-25","TPS","266203","237708","28495"
"2009-12-26","TPS","283305","257470","25835"
"2009-12-27","TPS","252161","209492","42669"
"2009-12-28","TPS","147912","127574","20338"
"2009-12-29","TPS","169585","147454","22131"
"2009-12-30","TPS","233730","211644","22086"
"2009-12-31","TPS","264259","235584","28675"
"2010-01-01","TPS","144036","129166","14870"
"2010-01-02","TPS","185077","163028","22049"
"2010-01-03","TPS","209364","181655","27709"
"2010-01-04","TPS","161628","145142","16486"
"2010-01-05","TPS","192975","175852","17123"
"2010-01-06","TPS","166576","150793","15783"
"2010-01-07","TPS","298543","276413","22130"
"2010-01-08","TPS","206441","191861","14580"
"2010-01-09","TPS","349708","305709","43999"
"2010-01-10","TPS","257954","230247","27707"
"2010-01-11","TPS","216005","199062","16943"
"2010-01-12","TPS","235947","201725","34222"
"2010-01-13","TPS","350608","304503","46105"
"2010-01-14","TPS","359319","312943","46376"
"2010-01-15","TPS","116626","99728","16898"
"2010-01-16","TPS","224145","196170","27975"
"2010-01-17","TPS","356770","327570","29200"
"2010-01-18","TPS","254654","216328","38326"
"2010-01-19","TPS","287802","248769","39033"
"2010-01-20","TPS","201912","178622","23290"
"2010-01-21","TPS","220723","202771","17952"
"2010-01-22","TPS","91931","82403","9528"
"2010-01-23","TPS","174174","155097","19077"
"2010-01-24","TPS","332182","298497","33685"
"2010-01-25","TPS","185006","166026","18980"
"2010-01-26","TPS","197390","180042","17348"
"2010-01-27","TPS","175999","161131","14868"
"2010-01-28","TPS","234281","210833","23448"
"2010-01-29","TPS","218348","197034","21314"
"2010-01-30","TPS","272683","238593","34090"
"2010-01-31","TPS","397311","350538","46773"
"2010-02-01","TPS","200286","177020","23266"
"2010-02-02","TPS","159182","147045","12137"
"2010-02-03","TPS","205709","178470","27239"
"2010-02-04","TPS","229874","198811","31063"
"2010-02-05","TPS","248193","228779","19414"
"2010-02-06","TPS","208430","192289","16141"
"2010-02-07","TPS","213334","180539","32795"
"2010-02-08","TPS","244836","223378","21458"
"2010-02-09","TPS","432730","378946","53784"
"2010-02-10","TPS","378880","326222","52658"
"2010-02-11","TPS","176162","161708","14454"
"2010-02-12","TPS","295440","269274","26166"
"2010-02-13","TPS","369803","331792","38011"
"2010-02-14","TPS","306516","268647","37869"
"2010-02-15","TPS","174866","145000","29866"
"2010-02-16","TPS","258512","233833","24679"
"2010-02-17","TPS","383253","333054","50199"
"2010-02-18","TPS","156678","139750","16928"
"2010-02-19","TPS","215888","182716","33172"
"2010-02-20","TPS","304085","272935","31150"
"2010-02-21","TPS","204575","184587","19988"
"2010-02-22","TPS","278611","251515","27096"
"2010-02-23","TPS","295392","257415","37977"
"2010-02-24","TPS","240805","222891","17914"
"2010-02-25","TPS","264797","233391","31406"
"2010-02-26","TPS","226130","200529","25601"
"2010-02-27","TPS","159840","143882","15958"
"2010-02-28","TPS","353779","314207","39572"
"2010-03-01","TPS","307115","268512","38603"
"2010-03-02","TPS","321715","293638","28077"
"2010-03-03","TPS","207657","190046","17611"
"2010-03-04","TPS","244987","209509","35478"
"2010-03-05","TPS","149234","131175","18059"
"2010-03-06","TPS","102421","93266","9155"
"2010-03-07","TPS","282031","255022","27009"
"2010-03-08","TPS","262738","233844","28894"
"2010-03-09","TPS","223226","202119","21107"
"2010-03-10","TPS","272581","249006","23575"
"2010-03-11","TPS","279460","247809","31651"
"2010-03-12","TPS","203454","177064","26390"
"2010-03-13","TPS","262270","235680","26590"
"2010-03-14","TPS","207312","179964","27348"
"2010-03-15","TPS","373063","329871","43192"
"2010-03-16","TPS","370575","335460","35115"
"2010-03-17","TPS","344062","310295","33767"
"2010-03-18","TPS","160939","143252","17687"
"2010-03-19","TPS","331689","290905","40784"
"2010-03-20","TPS","489976","436077","53899"
"2010-03-21","TPS","173866","153878","19988"
"2010-03-22","TPS","155712","135491","20221"
"2010-03-23","TPS","190978","169526","21452"
"2010-03-24","TPS","194076","171220","22856"
"2010-03-25","TPS","234730","203646","31084"
"2010-03-26","TPS","301436","261340","40096"
"2010-03-27","TPS","97353","83808","13545"
"2010-03-28","TPS","297332","266514","30818"
"2010-03-29","TPS","385302","350235","35067"
"2010-03-30","TPS","252708","231690","21018"
"2010-03-31","TPS","219969","201195","18774"
"2010-04-01","TPS","334633","297581","37052"
"2010-04-02","TPS","191727","175757","15970"
"2010-04-03","TPS","293775","261764","32011"
"2010-04-04","TPS","230113","201773","28340"
"2010-04-05","TPS","163324","144971","18353"
"2010-04-06","TPS","238798","217877","20921"
"2010-04-07","TPS","197772","172644","25128"
"2010-04-08","TPS","126629","112877","13752"
"2010-04-09","TPS","257536","228227","29309"
"2010-04-10","TPS","222899","196528","26371"
"2010-04-11","TPS","271935","238220","33715"
"2010-04-12","TPS","206364","182967","23397"
"2010-04-13","TPS","155943","142792","13151"
"2010-04-14","TPS","316997","280179","36818"
"2010-04-15","TPS","236651","209154","27497"
"2010-04-16","TPS","226198","196729","29469"
"2010-04-17","TPS","319632","279374","40258"
"2010-04-18","TPS","229064","201886","27178"
"2010-04-19","TPS","261596","233117","28479"
"2010-04-20","TPS","226242","204161","22081"
"2010-04-21","TPS","213223","192828","20395"
"2010-04-22","TPS","166567","146985","19582"
"2010-04-23","TPS","360087","322168","37919"
"2010-04-24","TPS","187630","165430","22200"
"2010-04-25","TPS","317028","286581","30447"
"2010-04-26","TPS","385655","345340","40315"
"2010-04-27","TPS","221189","192992","28197"
"2010-04-28","TPS","142144","129972","12172"
"2010-04-29","TPS","222291","190698","31593"
"2010-04-30","TPS","313431","278926","34505"
"2010-05-01","TPS","170668","154566","16102"
"2010-05-02","TPS","379842","349714","30128"
"2010-05-03","TPS","223256","206674","16582"
"2010-05-04","TPS","310800","279123","31677"
"2010-05-05","TPS","261110","235185","25925"
"2010-05-06","TPS","258440","231076","27364"
"2010-05-07","TPS","255755","221412","34343"
"2010-05-08","TPS","198937","177284","21653"
"2010-05-09","TPS","228067","199491","28576"
"2010-05-10","TPS","153688","139079","14609"
"2010-05-11","TPS","188467","165874","22593"
"2010-05-12","TPS","161720","143520","18200"
"2010-05-13","TPS","151869","142511","9358"
"2010-05-14","TPS","104185","95124","9061"
"2010-05-15","TPS","289614","251444","38170"
"2010-05-16","TPS","182915","160704","22211"
"2010-05-17","TPS","373200","323463","49737"
"2010-05-18","TPS","190121","167566","22555"
"2010-05-19","TPS","228411","204813","23598"
"2010-05-20","TPS","171246","152986","18260"
"2010-05-21","TPS","393303","353526","39777"
"2010-05-22","TPS","229020","201214","27806"
"2010-05-23","TPS","284356","239967","44389"
"2010-05-24","TPS","246321","220051","26270"
"2010-05-25","TPS","311503","277341","34162"
"2010-05-26","TPS","242917","218807","24110"
"2010-05-27","TPS","226360","200687","25673"
"2010-05-28","TPS","327040","290342","36698"
"2010-05-29","TPS","180460","166012","14448"
"2010-05-30","TPS","339003","294267","44736"
"2010-05-31","TPS","192912","173779","19133"
"2010-06-01","TPS","444949","378748","66201"
"2010-06-02","TPS","492789","432091","60698"
"2010-06-03","TPS","568089","515427","52662"
"2010-06-04","TPS","435844","396565","39279"
"2010-06-05","TPS","501884","439617","62267"
"2010-06-06","TPS","383133","348494","34639"
"2010-06-07","TPS","528454","468109","60345"
"2010-06-08","TPS","346691","308990","37701"
"2010-06-09","TPS","500503","441107","59396"
"2010-06-10","TPS","536268","464056","72212"
"2010-06-11","TPS","394691","345661","49030"
"2010-06-12","TPS","417414","367913","49501"
"2010-06-13","TPS","623372","550843","72529"
"2010-06-14","TPS","615121","557738","57383"
"2010-06-15","TPS","417503","378551","38952"
"2010-06-16","TPS","612621","535030","77591"
"2010-06-17","TPS","467872","407897","59975"
"2010-06-18","TPS","507900","455504","52396"
"2010-06-19","TPS","336981","293113","43868"
"2010-06-20","TPS","365475","331225","34250"
"2010-06-21","TPS","535784","487339","48445"
"2010-06-22","TPS","551597","493883","57714"
"2010-06-23","TPS","309956","265156","44800"
"2010-06-24","TPS","619127","560416","58711"
"2010-06-25","TPS","374618","344864","29754"
"2010-06-26","TPS","421405","372605","48800"
"2010-06-27","TPS","431624","387294","44330"
"2010-06-28","TPS","425472","379472","46000"
"2010-06-29","TPS","413312","360098","53214"
"2010-06-30","TPS","370380","337914","32466"
"2010-07-01","TPS","363802","323020","40782"
"2010-07-02","TPS","385001","342980","42021"
"2010-07-03","TPS","401904","369416","32488"
"2010-07-04","TPS","330501","288396","42105"
"2010-07-05","TPS","419806","379416","40390"
"2010-07-06","TPS","361219","329708","31511"
"2010-07-07","TPS","543595","485450","58145"
"2010-07-08","TPS","446320","395441","50879"
"2010-07-09","TPS","625132","543815","81317"
"2010-07-10","TPS","670952","590622","80330"
"2010-07-11","TPS","237895","206897","30998"
"2010-07-12","TPS","419819","371904","47915"
"2010-07-13","TPS","412286","356000","56286"
"2010-07-14","TPS","450448","396502","53946"
"2010-07-15","TPS","539649","483165","56484"
"2010-07-16","TPS","653558","583893","69665"
"2010-07-17","TPS","509484","460148","49336"
"2010-07-18","TPS","497125","435277","61848"
"2010-07-19","TPS","558887","500779","58108"
"2010-07-20","TPS","366455","330756","35699"
"2010-07-21","TPS","574440","503053","71387"
"2010-07-22","TPS","452555","394498","58057"
"2010-07-23","TPS","422309","376085","46224"
"2010-07-24","TPS","502584","441354","61230"
"2010-07-25","TPS","501844","437912","63932"
"2010-07-26","TPS","293689","265279","28410"
"2010-07-27","TPS","503747","448020","55727"
"2010-07-28","TPS","449748","401890","47858"
"2010-07-29","TPS","441472","389500","51972"
"2010-07-30","TPS","444240","387399","56841"
"2010-07-31","TPS","588166","526104","62062"
"2010-08-01","TPS","505621","463930","41691"
"2010-08-02","TPS","378450","338582","39868"
"2010-08-03","TPS","349402","316959","32443"
"2010-08-04","TPS","366613","323726","42887"
"2010-08-05","TPS","615080","542714","72366"
"2010-08-06","TPS","583409","501625","81784"
"2010-08-07","TPS","441735","391003","50732"
"2010-08-08","TPS","323731","289447","34284"
"2010-08-09","TPS","504885","455720","49165"
"2010-08-10","TPS","465958","406788","59170"
"2010-08-11","TPS","381853","325024","56829"
"2010-08-12","TPS","618875","550456","68419"
"2010-08-13","TPS","287294","257942","29352"
"2010-08-14","TPS","386861","347376","39485"
"2010-08-15","TPS","391594","357377","34217"
"2010-08-16","TPS","235080","206729","28351"
"2010-08-17","TPS","445958","400023","45935"
"2010-08-18","TPS","414828","361560","53268"
"2010-08-19","TPS","351261","304657","46604"
"2010-08-20","TPS","308578","271899","36679"
"2010-08-21","TPS","368432","327963","40469"
"2010-08-22","TPS","291199","263144","28055"
"2010-08-23","TPS","453721","394719","59002"
"2010-08-24","TPS","483081","433964","49117"
"2010-08-25","TPS","212628","186621","26007"
"2010-08-26","TPS","436901","390567","46334"
"2010-08-27","TPS","298282","264571","33711"
"2010-08-28","TPS","477729","419314","58415"
"2010-08-29","TPS","587305","529215","58090"
"2010-08-30","TPS","231909","212047","19862"
"2010-08-31","TPS","405479","348706","56773"
"2010-09-01","TPS","466183","412428","53755"
"2010-09-02","TPS","529609","470082","59527"
"2010-09-03","TPS","439923","387923","52000"
"2010-09-04","TPS","399966","351027","48939"
"2010-09-05","TPS","727864","656872","70992"
"2010-09-06","TPS","435632","391525","44107"
"2010-09-07","TPS","420442","373789","46653"
"2010-09-08","TPS","431885","392155","39730"
"2010-09-09","TPS","443025","398035","44990"
"2010-09-10","TPS","371403","333127","38276"
"2010-09-11","TPS","351315","308474","42841"
"2010-09-12","TPS","379922","345309","34613"
"2010-09-13","TPS","519026","456415","62611"
"2010-09-14","TPS","416499","362173","54326"
"2010-09-15","TPS","389024","346299","42725"
"2010-09-16","TPS","385351","344534","40817"
"2010-09-17","TPS","337846","290341","47505"
"2010-09-18","TPS","440649","392336","48313"
"2010-09-19","TPS","482701","428702","53999"
"2010-09-20","TPS","533403","490892","42511"
"2010-09-21","TPS","424191","370384","53807"
"2010-09-22","TPS","418985","364943","54042"
"2010-09-23","TPS","422257","378448","43809"
"2010-09-24","TPS","477733","437400","40333"
"2010-09-25","TPS","444873","397186","47687"
"2010-09-26","TPS","438400","405179","33221"
"2010-09-27","TPS","544322","486068","58254"
"2010-09-28","TPS","519449","465274","54175"
"2010-09-29","TPS","481020","420539","60481"
"2010-09-30","TPS","348454","304469","43985"
"2010-10-01","TPS","434686","370764","63922"
"2010-10-02","TPS","690889","600279","90610"
"2010-10-03","TPS","524550","461813","62737"
"2010-10-04","TPS","437262","395445","41817"
"2010-10-05","TPS","315524","289384","26140"
"2010-10-06","TPS","463259","417037","46222"
"2010-10-07","TPS","470410","413926","56484"
"2010-10-08","TPS","466497","414737","51760"
"2010-10-09","TPS","352968","314523","38445"
"2010-10-10","TPS","460846","417135","43711"
"2010-10-11","TPS","437722","391685","46037"
"2010-10-12","TPS","407783","361277","46506"
"2010-10-13","TPS","432869","388625","44244"
"2010-10-14","TPS","418846","377702","41144"
"2010-10-15","TPS","399039","365778","33261"
"2010-10-16","TPS","371473","329871","41602"
"2010-10-17","TPS","573586","517668","55918"
"2010-10-18","TPS","556264","503296","52968"
"2010-10-19","TPS","501943","451694","50249"
"2010-10-20","TPS","335968","302870","33098"
"2010-10-21","TPS","301877","274766","27111"
"2010-10-22","TPS","505049","456716","48333"
"2010-10-23","TPS","620927","555300","65627"
"2010-10-24","TPS","437975","396393","41582"
"2010-10-25","TPS","411537","373380","38157"
"2010-10-26","TPS","511501","457065","54436"
"2010-10-27","TPS","552196","496838","55358"
"2010-10-28","TPS","556373","492277","64096"
"2010-10-29","TPS","235098","213551","21547"
"2010-10-30","TPS","505444","437471","67973"
"2010-10-31","TPS","538499","476391","62108"
"2010-11-01","TPS","463582","418627","44955"
"2010-11-02","TPS","432649","382347","50302"
"2010-11-03","TPS","564831","513777","51054"
"2010-11-04","TPS","404444","351656","52788"
"2010-11-05","TPS","623334","525153","98181"
"2010-11-06","TPS","494428","440107","54321"
"2010-11-07","TPS","478898","438663","40235"
"2010-11-08","TPS","450233","398184","52049"
"2010-11-09","TPS","489144","440872","48272"
"2010-11-10","TPS","496804","451498","45306"
"2010-11-11","TPS","482745","437989","44756"
"2010-11-12","TPS","354582","316211","38371"
"2010-11-13","TPS","449553","399588","49965"
"2010-11-14","TPS","532934","463539","69395"
"2010-11-15","TPS","280896","255558","25338"
"2010-11-16","TPS","347349","310773","36576"
"2010-11-17","TPS","471132","427871","43261"
"2010-11-18","TPS","433782","382558","51224"
"2010-11-19","TPS","459325","407006","52319"
"2010-11-20","TPS","441164","397410","43754"
"2010-11-21","TPS","680146","604709","75437"
"2010-11-22","TPS","571868","515495","56373"
"2010-11-23","TPS","415626","367631","47995"
"2010-11-24","TPS","447107","394013","53094"
"2010-11-25","TPS","457017","404272","52745"
"2010-11-26","TPS","489741","431054","58687"
"2010-11-27","TPS","376444","341138","35306"
"2010-11-28","TPS","562574","504364","58210"
"2010-11-29","TPS","505176","444273","60903"
"2010-11-30","TPS","412824","366373","46451"
"2010-12-01","TPS","519249","445837","73412"
"2010-12-02","TPS","346962","310688","36274"
"2010-12-03","TPS","488157","430394","57763"
"2010-12-04","TPS","769801","671217","98584"
"2010-12-05","TPS","631164","556337","74827"
"2010-12-06","TPS","522800","469395","53405"
"2010-12-07","TPS","405223","359690","45533"
"2010-12-08","TPS","318397","285581","32816"
"2010-12-09","TPS","412904","365967","46937"
"2010-12-10","TPS","476843","410834","66009"
"2010-12-11","TPS","385192","354343","30849"
"2010-12-12","TPS","598969","528815","70154"
"2010-12-13","TPS","386790","341643","45147"
"2010-12-14","TPS","455072","416352","38720"
"2010-12-15","TPS","493785","446744","47041"
"2010-12-16","TPS","367611","312736","54875"
"2010-12-17","TPS","401078","357874","43204"
"2010-12-18","TPS","311224","277426","33798"
"2010-12-19","TPS","366917","316075","50842"
"2010-12-20","TPS","388888","332060","56828"
"2010-12-21","TPS","538510","473083","65427"
"2010-12-22","TPS","443156","392815","50341"
"2010-12-23","TPS","377210","331362","45848"
"2010-12-24","TPS","398576","356025","42551"
"2010-12-25","TPS","482039","430229","51810"
"2010-12-26","TPS","322954","287935","35019"
"2010-12-27","TPS","477704","413740","63964"
"2010-12-28","TPS","575574","515995","59579"
"2010-12-29","TPS","500070","435111","64959"
"2010-12-30","TPS","405031","356043","48988"
"2010-12-31","TPS","442977","390066","52911"
"2011-01-01","TPS","625016","550967","74049"
"2011-01-02","TPS","549604","494974","54630"
"2011-01-03","TPS","458401","397175","61226"
"2011-01-04","TPS","473203","424437","48766"
"2011-01-05","TPS","696477","621807","74670"
"2011-01-06","TPS","513062","445820","67242"
"2011-01-07","TPS","555823","502263","53560"
"2011-01-08","TPS","448406","391224","57182"
"2011-01-09","TPS","586550","525288","61262"
"2011-01-10","TPS","551302","485697","65605"
"2011-01-11","TPS","625041","561173","63868"
"2011-01-12","TPS","662484","577832","84652"
"2011-01-13","TPS","505203","450657","54546"
"2011-01-14","TPS","690217","623388","66829"
"2011-01-15","TPS","399704","353636","46068"
"2011-01-16","TPS","539541","487144","52397"
"2011-01-17","TPS","511676","457032","54644"
"2011-01-18","TPS","396265","346608","49657"
"2011-01-19","TPS","474777","429492","45285"
"2011-01-20","TPS","439648","395934","43714"
"2011-01-21","TPS","474984","427909","47075"
"2011-01-22","TPS","377983","341604","36379"
"2011-01-23","TPS","561526","494924","66602"
"2011-01-24","TPS","444630","401280","43350"
"2011-01-25","TPS","680738","611290","69448"
"2011-01-26","TPS","267029","239948","27081"
"2011-01-27","TPS","493206","450833","42373"
"2011-01-28","TPS","617606","541489","76117"
"2011-01-29","TPS","458877","406285","52592"
"2011-01-30","TPS","335454","298680","36774"
"2011-01-31","TPS","425595","377241","48354"
"2011-02-01","TPS","361658","333527","28131"
"2011-02-02","TPS","332417","292379","40038"
"2011-02-03","TPS","522043","469569","52474"
"2011-02-04","TPS","520176","452252","67924"
"2011-02-05","TPS","540425","463652","76773"
"2011-02-06","TPS","412340","374584","37756"
"2011-02-07","TPS","527319","459135","68184"
"2011-02-08","TPS","476778","430456","46322"
"2011-02-09","TPS","600644","535594","65050"
"2011-02-10","TPS","514900","459159","55741"
"2011-02-11","TPS","458453","401260","57193"
"2011-02-12","TPS","515229","458499","56730"
"2011-02-13","TPS","568075","520357","47718"
"2011-02-14","TPS","420893","369618","51275"
"2011-02-15","TPS","263015","230803","32212"
"2011-02-16","TPS","742134","684848","57286"
"2011-02-17","TPS","441602","388722","52880"
"2011-02-18","TPS","402961","360109","42852"
"2011-02-19","TPS","303677","271694","31983"
"2011-02-20","TPS","496029","446041","49988"
"2011-02-21","TPS","533978","486048","47930"
"2011-02-22","TPS","426861","384515","42346"
"2011-02-23","TPS","428411","385940","42471"
"2011-02-24","TPS","309323","276107","33216"
"2011-02-25","TPS","434344","383794","50550"
"2011-02-26","TPS","363805","334319","29486"
"2011-02-27","TPS","505992","434936","71056"
"2011-02-28","TPS","622018","546436","75582"
"2011-03-01","TPS","279649","243611","36038"
"2011-03-02","TPS","440438","386951","53487"
"2011-03-03","TPS","425079","368907","56172"
"2011-03-04","TPS","584997","496722","88275"
"2011-03-05","TPS","672534","587478","85056"
"2011-03-06","TPS","501854","449565","52289"
"2011-03-07","TPS","566271","504613","61658"
"2011-03-08","TPS","382460","340630","41830"
"2011-03-09","TPS","500736","443740","56996"
"2011-03-10","TPS","450758","412577","38181"
"2011-03-11","TPS","785251","689127","96124"
"2011-03-12","TPS","370274","323766","46508"
"2011-03-13","TPS","616558","547739","68819"
"2011-03-14","TPS","545868","486223","59645"
"2011-03-15","TPS","380809","343559","37250"
"2011-03-16","TPS","547618","481153","66465"
"2011-03-17","TPS","536688","472197","64491"
"2011-03-18","TPS","364232","329195","35037"
"2011-03-19","TPS","459855","412150","47705"
"2011-03-20","TPS","441761","387309","54452"
"2011-03-21","TPS","566019","504364","61655"
"2011-03-22","TPS","587875","520212","67663"
"2011-03-23","TPS","625674","561031","64643"
"2011-03-24","TPS","669158","595221","73937"
"2011-03-25","TPS","480446","428681","51765"
"2011-03-26","TPS","581308","525516","55792"
"2011-03-27","TPS","457826","405819","52007"
"2011-03-28","TPS","366123","325021","41102"
"2011-03-29","TPS","569604","528669","40935"
"2011-03-30","TPS","507877","448981","58896"
"2011-03-31","TPS","644720","577542","67178"
"2011-04-01","TPS","517242","455281","61961"
"2011-04-02","TPS","575364","517311","58053"
"2011-04-03","TPS","408048","372655","35393"
"2011-04-04","TPS","533877","470562","63315"
"2011-04-05","TPS","708113","621424","86689"
"2011-04-06","TPS","704059","623675","80384"
"2011-04-07","TPS","440692","392546","48146"
"2011-04-08","TPS","583480","515888","67592"
"2011-04-09","TPS","390363","338912","51451"
"2011-04-10","TPS","516979","467911","49068"
"2011-04-11","TPS","480796","428807","51989"
"2011-04-12","TPS","366277","325257","41020"
"2011-04-13","TPS","536069","481024","55045"
"2011-04-14","TPS","603356","533684","69672"
"2011-04-15","TPS","423681","385675","38006"
"2011-04-16","TPS","665663","581224","84439"
"2011-04-17","TPS","717380","636266","81114"
"2011-04-18","TPS","248017","223567","24450"
"2011-04-19","TPS","273148","241513","31635"
"2011-04-20","TPS","374845","330623","44222"
"2011-04-21","TPS","451963","392453","59510"
"2011-04-22","TPS","508324","456327","51997"
"2011-04-23","TPS","542078","467031","75047"
"2011-04-24","TPS","722350","646747","75603"
"2011-04-25","TPS","476860","421672","55188"
"2011-04-26","TPS","437295","386062","51233"
"2011-04-27","TPS","408239","360560","47679"
"2011-04-28","TPS","504908","453703","51205"
"2011-04-29","TPS","327845","283974","43871"
"2011-04-30","TPS","536340","480474","55866"
"2011-05-01","TPS","591562","525807","65755"
"2011-05-02","TPS","489917","435187","54730"
"2011-05-03","TPS","528513","463485","65028"
"2011-05-04","TPS","409602","366439","43163"
"2011-05-05","TPS","368204","337876","30328"
"2011-05-06","TPS","426434","375414","51020"
"2011-05-07","TPS","481670","426943","54727"
"2011-05-08","TPS","657713","595913","61800"
"2011-05-09","TPS","510870","451733","59137"
"2011-05-10","TPS","447159","392364","54795"
"2011-05-11","TPS","598177","543925","54252"
"2011-05-12","TPS","589347","526974","62373"
"2011-05-13","TPS","458613","407195","51418"
"2011-05-14","TPS","402482","358977","43505"
"2011-05-15","TPS","494500","435538","58962"
"2011-05-16","TPS","664567","581206","83361"
"2011-05-17","TPS","530317","464985","65332"
"2011-05-18","TPS","630015","559285","70730"
"2011-05-19","TPS","615407","531712","83695"
"2011-05-20","TPS","430130","392169","37961"
"2011-05-21","TPS","591807","523674","68133"
"2011-05-22","TPS","636556","535164","101392"
"2011-05-23","TPS","588014","512830","75184"
"2011-05-24","TPS","463268","409288","53980"
"2011-05-25","TPS","538041","485686","52355"
"2011-05-26","TPS","448643","396717","51926"
"2011-05-27","TPS","408225","364719","43506"
"2011-05-28","TPS","353629","321808","31821"
"2011-05-29","TPS","303880","268326","35554"
"2011-05-30","TPS","304062","276106","27956"
"2011-05-31","TPS","594519","543717","50802"
"2011-06-01","TPS","558285","505472","52813"
"2011-06-02","TPS","668187","584787","83400"
"2011-06-03","TPS","684336","605967","78369"
"2011-06-04","TPS","628202","557310","70892"
"2011-06-05","TPS","730602","650765","79837"
"2011-06-06","TPS","544105","476272","67833"
"2011-06-07","TPS","665554","613530","52024"
"2011-06-08","TPS","666561","605499","61062"
"2011-06-09","TPS","500229","437861","62368"
"2011-06-10","TPS","526195","466485","59710"
"2011-06-11","TPS","355414","324378","31036"
"2011-06-12","TPS","566718","509465","57253"
"2011-06-13","TPS","524527","469261","55266"
"2011-06-14","TPS","543966","491455","52511"
"2011-06-15","TPS","617483","538153","79330"
"2011-06-16","TPS","520054","456369","63685"
"2011-06-17","TPS","658076","606833","51243"
"2011-06-18","TPS","420600","370755","49845"
"2011-06-19","TPS","581666","512488","69178"
"2011-06-20","TPS","636730","560336","76394"
"2011-06-21","TPS","575389","519145","56244"
"2011-06-22","TPS","781558","689432","92126"
"2011-06-23","TPS","585936","515516","70420"
"2011-06-24","TPS","603419","534545","68874"
"2011-06-25","TPS","478296","422226","56070"
"2011-06-26","TPS","480893","422535","58358"
"2011-06-27","TPS","568872","504898","63974"
"2011-06-28","TPS","650260","574926","75334"
"2011-06-29","TPS","473875","426521","47354"
"2011-06-30","TPS","593190","526899","66291"
"2011-07-01","TPS","581616","513021","68595"
"2011-07-02","TPS","386223","338264","47959"
"2011-07-03","TPS","574820","516613","58207"
"2011-07-04","TPS","625587","557221","68366"
"2011-07-05","TPS","648140","587425","60715"
"2011-07-06","TPS","554576","496803","57773"
"2011-07-07","TPS","552120","500142","51978"
"2011-07-08","TPS","515858","456468","59390"
"2011-07-09","TPS","547107","475233","71874"
"2011-07-10","TPS","588532","528108","60424"
"2011-07-11","TPS","598905","547164","51741"
"2011-07-12","TPS","601198","541574","59624"
"2011-07-13","TPS","555760","511740","44020"
"2011-07-14","TPS","806775","705179","101596"
"2011-07-15","TPS","608968","534449","74519"
"2011-07-16","TPS","707784","628181","79603"
"2011-07-17","TPS","462530","420388","42142"
"2011-07-18","TPS","479412","427971","51441"
"2011-07-19","TPS","705960","630312","75648"
"2011-07-20","TPS","790036","696882","93154"
"2011-07-21","TPS","615899","542120","73779"
"2011-07-22","TPS","640712","580654","60058"
"2011-07-23","TPS","535468","480041","55427"
"2011-07-24","TPS","616154","539931","76223"
"2011-07-25","TPS","615682","548857","66825"
"2011-07-26","TPS","728033","639904","88129"
"2011-07-27","TPS","601929","534992","66937"
"2011-07-28","TPS","579187","512426","66761"
"2011-07-29","TPS","383708","336164","47544"
"2011-07-30","TPS","470212","413199","57013"
"2011-07-31","TPS","536788","476594","60194"
"2011-08-01","TPS","704541","632583","71958"
"2011-08-02","TPS","680815","613068","67747"
"2011-08-03","TPS","543493","486272","57221"
"2011-08-04","TPS","738150","657172","80978"
"2011-08-05","TPS","472242","422605","49637"
"2011-08-06","TPS","568389","510732","57657"
"2011-08-07","TPS","535622","465441","70181"
"2011-08-08","TPS","604236","531394","72842"
"2011-08-09","TPS","636606","562858","73748"
"2011-08-10","TPS","611288","552556","58732"
"2011-08-11","TPS","570093","508096","61997"
"2011-08-12","TPS","885134","780026","105108"
"2011-08-13","TPS","607197","532395","74802"
"2011-08-14","TPS","394617","346557","48060"
"2011-08-15","TPS","519133","458714","60419"
"2011-08-16","TPS","478939","430582","48357"
"2011-08-17","TPS","475823","423047","52776"
"2011-08-18","TPS","596665","538514","58151"
"2011-08-19","TPS","688859","624246","64613"
"2011-08-20","TPS","718657","644183","74474"
"2011-08-21","TPS","375875","333259","42616"
"2011-08-22","TPS","675972","608328","67644"
"2011-08-23","TPS","565074","504584","60490"
"2011-08-24","TPS","778746","707582","71164"
"2011-08-25","TPS","530278","474353","55925"
"2011-08-26","TPS","677384","606925","70459"
"2011-08-27","TPS","647103","574553","72550"
"2011-08-28","TPS","591079","522989","68090"
"2011-08-29","TPS","496131","447098","49033"
"2011-08-30","TPS","440859","394545","46314"
"2011-08-31","TPS","505937","453825","52112"
"2011-09-01","TPS","617752","549919","67833"
"2011-09-02","TPS","423779","376406","47373"
"2011-09-03","TPS","430996","392553","38443"
"2011-09-04","TPS","450984","405366","45618"
"2011-09-05","TPS","615243","548483","66760"
"2011-09-06","TPS","794117","709724","84393"
"2011-09-07","TPS","597421","528984","68437"
"2011-09-08","TPS","486367","433689","52678"
"2011-09-09","TPS","524249","468811","55438"
"2011-09-10","TPS","706412","617828","88584"
"2011-09-11","TPS","492908","448639","44269"
"2011-09-12","TPS","718590","641794","76796"
"2011-09-13","TPS","478414","431421","46993"
"2011-09-14","TPS","427648","374064","53584"
"2011-09-15","TPS","733749","653781","79968"
"2011-09-16","TPS","651701","579942","71759"
"2011-09-17","TPS","444414","401450","42964"
"2011-09-18","TPS","698448","618101","80347"
"2011-09-19","TPS","726826","656185","70641"
"2011-09-20","TPS","389359","353170","36189"
"2011-09-21","TPS","674574","599777","74797"
"2011-09-22","TPS","620493","559688","60805"
"2011-09-23","TPS","839537","748280","91257"
"2011-09-24","TPS","569071","512659","56412"
"2011-09-25","TPS","606732","533346","73386"
"2011-09-26","TPS","708858","638184","70674"
"2011-09-27","TPS","511584","450599","60985"
"2011-09-28","TPS","680076","613502","66574"
"2011-09-29","TPS","852769","736989","115780"
"2011-09-30","TPS","534539","484847","49692"
"2011-10-01","TPS","696877","608213","88664"
"2011-10-02","TPS","571193","516573","54620"
"2011-10-03","TPS","642550","578535","64015"
"2011-10-04","TPS","595318","550070","45248"
"2011-10-05","TPS","701927","640861","61066"
"2011-10-06","TPS","402586","367906","34680"
"2011-10-07","TPS","483352","442661","40691"
"2011-10-08","TPS","640978","561779","79199"
"2011-10-09","TPS","465059","411852","53207"
"2011-10-10","TPS","501812","450551","51261"
"2011-10-11","TPS","627113","555489","71624"
"2011-10-12","TPS","771443","703513","67930"
"2011-10-13","TPS","724699","654352","70347"
"2011-10-14","TPS","633197","563775","69422"
"2011-10-15","TPS","646487","563471","83016"
"2011-10-16","TPS","530334","461859","68475"
"2011-10-17","TPS","545863","487519","58344"
"2011-10-18","TPS","548299","494767","53532"
"2011-10-19","TPS","492889","446875","46014"
"2011-10-20","TPS","502207","455969","46238"
"2011-10-21","TPS","597178","538340","58838"
"2011-10-22","TPS","550467","491616","58851"
"2011-10-23","TPS","478279","425455","52824"
"2011-10-24","TPS","497598","456047","41551"
"2011-10-25","TPS","453549","403550","49999"
"2011-10-26","TPS","801812","708586","93226"
"2011-10-27","TPS","764048","683608","80440"
"2011-10-28","TPS","428172","382730","45442"
"2011-10-29","TPS","781673","691858","89815"
"2011-10-30","TPS","563282","512687","50595"
"2011-10-31","TPS","563250","514995","48255"
"2011-11-01","TPS","521119","466501","54618"
"2011-11-02","TPS","639899","572946","66953"
"2011-11-03","TPS","662514","588840","73674"
"2011-11-04","TPS","584953","513153","71800"
"2011-11-05","TPS","525079","468700","56379"
"2011-11-06","TPS","496393","441306","55087"
"2011-11-07","TPS","654494","591213","63281"
"2011-11-08","TPS","606757","525449","81308"
"2011-11-09","TPS","469664","415444","54220"
"2011-11-10","TPS","684877","616595","68282"
"2011-11-11","TPS","460076","424170","35906"
"2011-11-12","TPS","564494","499098","65396"
"2011-11-13","TPS","485143","428411","56732"
"2011-11-14","TPS","651419","573724","77695"
"2011-11-15","TPS","726046","633202","92844"
"2011-11-16","TPS","599720","541132","58588"
"2011-11-17","TPS","522188","469576","52612"
"2011-11-18","TPS","478072","409076","68996"
"2011-11-19","TPS","723615","662583","61032"
"2011-11-20","TPS","444986","390255","54731"
"2011-11-21","TPS","606735","530866","75869"
"2011-11-22","TPS","781668","687373","94295"
"2011-11-23","TPS","638650","582222","56428"
"2011-11-24","TPS","502879","454911","47968"
"2011-11-25","TPS","560587","501988","58599"
"2011-11-26","TPS","577607","513888","63719"
"2011-11-27","TPS","579311","517276","62035"
"2011-11-28","TPS","606680","539500","67180"
"2011-11-29","TPS","394813","356343","38470"
"2011-11-30","TPS","585654","517871","67783"
"2011-12-01","TPS","588604","525574","63030"
"2011-12-02","TPS","567824","496364","71460"
"2011-12-03","TPS","540058","486455","53603"
"2011-12-04","TPS","605606","532625","72981"
"2011-12-05","TPS","667544","592610","74934"
"2011-12-06","TPS","630598","561397","69201"
"2011-12-07","TPS","775796","682912","92884"
"2011-12-08","TPS","568529","517436","51093"
"2011-12-09","TPS","704844","627732","77112"
"2011-12-10","TPS","627960","555549","72411"
"2011-12-11","TPS","571397","516504","54893"
"2011-12-12","TPS","435017","397424","37593"
"2011-12-13","TPS","600154","534972","65182"
"2011-12-14","TPS","674314","604050","70264"
"2011-12-15","TPS","694476","605886","88590"
"2011-12-16","TPS","410770","371674","39096"
"2011-12-17","TPS","483415","430860","52555"
"2011-12-18","TPS","722212","642756","79456"
"2011-12-19","TPS","742043","651102","90941"
"2011-12-20","TPS","726861","627301","99560"
"2011-12-21","TPS","720173","641282","78891"
"2011-12-22","TPS","520799","467341","53458"
"2011-12-23","TPS","444201","407419","36782"
"2011-12-24","TPS","535188","476364","58824"
"2011-12-25","TPS","701742","597620","104122"
"2011-12-26","TPS","744059","658756","85303"
"2011-12-27","TPS","554268","508055","46213"
"2011-12-28","TPS","525133","459467","65666"
"2011-12-29","TPS","607131","537536","69595"
"2011-12-30","TPS","628958","562682","66276"
"2011-12-31","TPS","612427","547515","64912"
"2012-01-01","TPS","916819","807610","109209"
"2012-01-02","TPS","645854","573466","72388"
"2012-01-03","TPS","760995","670721","90274"
"2012-01-04","TPS","815556","722323","93233"
"2012-01-05","TPS","1008172","889821","118351"
"2012-01-06","TPS","963483","867515","95968"
"2012-01-07","TPS","861965","772668","89297"
"2012-01-08","TPS","687107","603374","83733"
"2012-01-09","TPS","934339","844749","89590"
"2012-01-10","TPS","846491","760759","85732"
"2012-01-11","TPS","656306","589218","67088"
"2012-01-12","TPS","687469","603024","84445"
"2012-01-13","TPS","892063","800561","91502"
"2012-01-14","TPS","792558","699518","93040"
"2012-01-15","TPS","794357","703203","91154"
"2012-01-16","TPS","1033586","922480","111106"
"2012-01-17","TPS","746666","681419","65247"
"2012-01-18","TPS","879282","786911","92371"
"2012-01-19","TPS","714255","642039","72216"
"2012-01-20","TPS","918134","839484","78650"
"2012-01-21","TPS","830753","731532","99221"
"2012-01-22","TPS","986582","876057","110525"
"2012-01-23","TPS","767064","682875","84189"
"2012-01-24","TPS","1049669","931418","118251"
"2012-01-25","TPS","928085","829690","98395"
"2012-01-26","TPS","875668","786422","89246"
"2012-01-27","TPS","1072672","969313","103359"
"2012-01-28","TPS","887517","796658","90859"
"2012-01-29","TPS","707793","650303","57490"
"2012-01-30","TPS","876095","783977","92118"
"2012-01-31","TPS","696725","609928","86797"
"2012-02-01","TPS","973967","871022","102945"
"2012-02-02","TPS","619965","546104","73861"
"2012-02-03","TPS","987359","886212","101147"
"2012-02-04","TPS","937728","836129","101599"
"2012-02-05","TPS","902631","813903","88728"
"2012-02-06","TPS","1025971","922918","103053"
"2012-02-07","TPS","850463","756309","94154"
"2012-02-08","TPS","1327833","1172520","155313"
"2012-02-09","TPS","955095","837668","117427"
"2012-02-10","TPS","894936","793398","101538"
"2012-02-11","TPS","971181","872820","98361"
"2012-02-12","TPS","668927","607326","61601"
"2012-02-13","TPS","679928","614615","65313"
"2012-02-14","TPS","735342","662754","72588"
"2012-02-15","TPS","595278","522637","72641"
"2012-02-16","TPS","1105963","976619","129344"
"2012-02-17","TPS","877093","758646","118447"
"2012-02-18","TPS","952646","841794","110852"
"2012-02-19","TPS","902953","796586","106367"
"2012-02-20","TPS","945259","827859","117400"
"2012-02-21","TPS","944663","852672","91991"
"2012-02-22","TPS","718731","651043","67688"
"2012-02-23","TPS","1111022","991320","119702"
"2012-02-24","TPS","904848","796676","108172"
"2012-02-25","TPS","1058556","936801","121755"
"2012-02-26","TPS","1001362","894778","106584"
"2012-02-27","TPS","987463","880713","106750"
"2012-02-28","TPS","830971","747516","83455"
"2012-02-29","TPS","894196","784181","110015"
"2012-03-01","TPS","994322","891890","102432"
"2012-03-02","TPS","863994","776268","87726"
"2012-03-03","TPS","845856","764501","81355"
"2012-03-04","TPS","1109032","972367","136665"
"2012-03-05","TPS","856050","744944","111106"
"2012-03-06","TPS","757170","676556","80614"
"2012-03-07","TPS","883634","786107","97527"
"2012-03-08","TPS","849481","753540","95941"
"2012-03-09","TPS","1072287","933671","138616"
"2012-03-10","TPS","1056461","938329","118132"
"2012-03-11","TPS","936365","839745","96620"
"2012-03-12","TPS","1253416","1111271","142145"
"2012-03-13","TPS","1001138","897364","103774"
"2012-03-14","TPS","644131","573925","70206"
"2012-03-15","TPS","1163796","1047739","116057"
"2012-03-16","TPS","654181","589006","65175"
"2012-03-17","TPS","970426","870447","99979"
"2012-03-18","TPS","1081577","959257","122320"
"2012-03-19","TPS","874012","763970","110042"
"2012-03-20","TPS","916429","818531","97898"
"2012-03-21","TPS","978152","869064","109088"
"2012-03-22","TPS","714373","648288","66085"
"2012-03-23","TPS","952990","846964","106026"
"2012-03-24","TPS","708388","633078","75310"
"2012-03-25","TPS","991266","894940","96326"
"2012-03-26","TPS","803345","712135","91210"
"2012-03-27","TPS","1007648","884368","123280"
"2012-03-28","TPS","875017","789112","85905"
"2012-03-29","TPS","869460","760701","108759"
"2012-03-30","TPS","963164","864153","99011"
"2012-03-31","TPS","927327","830738","96589"
"2012-04-01","TPS","1042963","933264","109699"
"2012-04-02","TPS","996113","897592","98521"
"2012-04-03","TPS","1265369","1127371","137998"
"2012-04-04","TPS","716145","633733","82412"
"2012-04-05","TPS","876847","786769","90078"
"2012-04-06","TPS","879991","787547","92444"
"2012-04-07","TPS","1020623","915897","104726"
"2012-04-08","TPS","944189","856628","87561"
"2012-04-09","TPS","848996","752881","96115"
"2012-04-10","TPS","1241102","1096565","144537"
"2012-04-11","TPS","934386","822007","112379"
"2012-04-12","TPS","834486","733361","101125"
"2012-04-13","TPS","783338","710027","73311"
"2012-04-14","TPS","990765","885799","104966"
"2012-04-15","TPS","871795","784427","87368"
"2012-04-16","TPS","922500","824845","97655"
"2012-04-17","TPS","936926","834596","102330"
"2012-04-18","TPS","668837","588897","79940"
"2012-04-19","TPS","674587","605099","69488"
"2012-04-20","TPS","946915","845499","101416"
"2012-04-21","TPS","1202420","1077968","124452"
"2012-04-22","TPS","908893","818623","90270"
"2012-04-23","TPS","1059388","940994","118394"
"2012-04-24","TPS","946695","827238","119457"
"2012-04-25","TPS","1113085","1001472","111613"
"2012-04-26","TPS","737191","664927","72264"
"2012-04-27","TPS","759323","677863","81460"
"2012-04-28","TPS","799694","720628","79066"
"2012-04-29","TPS","862832","766373","96459"
"2012-04-30","TPS","948966","829687","119279"
"2012-05-01","TPS","1284370","1141979","142391"
"2012-05-02","TPS","878534","777957","100577"
"2012-05-03","TPS","822680","735594","87086"
"2012-05-04","TPS","1175214","1050174","125040"
"2012-05-05","TPS","1149537","1038925","110612"
"2012-05-06","TPS","1103253","990195","113058"
"2012-05-07","TPS","1217961","1079381","138580"
"2012-05-08","TPS","830777","747552","83225"
"2012-05-09","TPS","839961","750961","89000"
"2012-05-10","TPS","872183","778933","93250"
"2012-05-11","TPS","795541","701420","94121"
"2012-05-12","TPS","723697","637524","86173"
"2012-05-13","TPS","889822","800569","89253"
"2012-05-14","TPS","1085190","968678","116512"
"2012-05-15","TPS","958970","874015","84955"
"2012-05-16","TPS","857659","771106","86553"
"2012-05-17","TPS","963951","851422","112529"
"2012-05-18","TPS","831370","742877","88493"
"2012-05-19","TPS","976677","854629","122048"
"2012-05-20","TPS","1162676","1037646","125030"
"2012-05-21","TPS","907405","794093","113312"
"2012-05-22","TPS","929017","797101","131916"
"2012-05-23","TPS","1105649","982422","123227"
"2012-05-24","TPS","1038438","917698","120740"
"2012-05-25","TPS","1064262","946740","117522"
"2012-05-26","TPS","641195","573053","68142"
"2012-05-27","TPS","961099","864003","97096"
"2012-05-28","TPS","995099","897524","97575"
"2012-05-29","TPS","774742","692815","81927"
"2012-05-30","TPS","1139601","1030216","109385"
"2012-05-31","TPS","908423","795551","112872"
"2012-06-01","TPS","302283","262971","39312"
"2012-06-02","TPS","235810","216819","18991"
"2012-06-03","TPS","186746","167106","19640"
"2012-06-04","TPS","488767","431671","57096"
"2012-06-05","TPS","449905","408651","41254"
"2012-06-06","TPS","328769","292870","35899"
"2012-06-07","TPS","360137","317194","42943"
"2012-06-08","TPS","406696","365509","41187"
"2012-06-09","TPS","467245","413996","53249"
"2012-06-10","TPS","319556","285538","34018"
"2012-06-11","TPS","391344","352270","39074"
"2012-06-12","TPS","352780","313710","39070"
"2012-06-13","TPS","278026","251904","26122"
"2012-06-14","TPS","472911","418892","54019"
"2012-06-15","TPS","368969","327481","41488"
"2012-06-16","TPS","395064","340497","54567"
"2012-06-17","TPS","335976","299790","36186"
"2012-06-18","TPS","361315","324461","36854"
"2012-06-19","TPS","412530","364606","47924"
"2012-06-20","TPS","467181","414969","52212"
"2012-06-21","TPS","607244","537221","70023"
"2012-06-22","TPS","423519","383058","40461"
"2012-06-23","TPS","606892","532740","74152"
"2012-06-24","TPS","545916","488564","57352"
"2012-06-25","TPS","295594","259730","35864"
"2012-06-26","TPS","404812","344486","60326"
"2012-06-27","TPS","459164","408874","50290"
"2012-06-28","TPS","345981","308366","37615"
"2012-06-29","TPS","474026","424701","49325"
"2012-06-30","TPS","508863","468485","40378"
"2012-07-01","TPS","539979","483503","56476"
"2012-07-02","TPS","319813","282061","37752"
"2012-07-03","TPS","494292","438220","56072"
"2012-07-04","TPS","307513","277620","29893"
"2012-07-05","TPS","420090","380609","39481"
"2012-07-06","TPS","302258","266136","36122"
"2012-07-07","TPS","452189","406758","45431"
"2012-07-08","TPS","407229","364254","42975"
"2012-07-09","TPS","487752","421276","66476"
"2012-07-10","TPS","474374","419731","54643"
"2012-07-11","TPS","376981","337924","39057"
"2012-07-12","TPS","390288","346335","43953"
"2012-07-13","TPS","285245","253149","32096"
"2012-07-14","TPS","464783","415441","49342"
"2012-07-15","TPS","387324","345781","41543"
"2012-07-16","TPS","306735","274543","32192"
"2012-07-17","TPS","302420","280224","22196"
"2012-07-18","TPS","348599","316263","32336"
"2012-07-19","TPS","348112","311917","36195"
"2012-07-20","TPS","522094","458729","63365"
"2012-07-21","TPS","512282","461015","51267"
"2012-07-22","TPS","367294","330223","37071"
"2012-07-23","TPS","547730","484362","63368"
"2012-07-24","TPS","389101","353822","35279"
"2012-07-25","TPS","398154","347599","50555"
"2012-07-26","TPS","437104","387512","49592"
"2012-07-27","TPS","424055","385384","38671"
"2012-07-28","TPS","404042","361468","42574"
"2012-07-29","TPS","407770","346085","61685"
"2012-07-30","TPS","216135","190684","25451"
"2012-07-31","TPS","467062","417216","49846"
"2012-08-01","TPS","296638","269448","27190"
"2012-08-02","TPS","458501","411743","46758"
"2012-08-03","TPS","384366","340359","44007"
"2012-08-04","TPS","303512","274509","29003"
"2012-08-05","TPS","519537","482101","37436"
"2012-08-06","TPS","541618","481308","60310"
"2012-08-07","TPS","495942","446708","49234"
"2012-08-08","TPS","420279","375419","44860"
"2012-08-09","TPS","428007","383492","44515"
"2012-08-10","TPS","507544","452347","55197"
"2012-08-11","TPS","361462","320959","40503"
"2012-08-12","TPS","589086","533283","55803"
"2012-08-13","TPS","426414","383625","42789"
"2012-08-14","TPS","468279","404258","64021"
"2012-08-15","TPS","370247","334690","35557"
"2012-08-16","TPS","650341","581401","68940"
"2012-08-17","TPS","581782","504979","76803"
"2012-08-18","TPS","613160","536477","76683"
"2012-08-19","TPS","443657","396756","46901"
"2012-08-20","TPS","383842","330641","53201"
"2012-08-21","TPS","509310","442816","66494"
"2012-08-22","TPS","274444","249975","24469"
"2012-08-23","TPS","583807","507011","76796"
"2012-08-24","TPS","386644","342874","43770"
"2012-08-25","TPS","389971","353582","36389"
"2012-08-26","TPS","393946","350327","43619"
"2012-08-27","TPS","487792","440493","47299"
"2012-08-28","TPS","404964","355394","49570"
"2012-08-29","TPS","427212","373654","53558"
"2012-08-30","TPS","464821","397740","67081"
"2012-08-31","TPS","325405","289781","35624"
"2012-09-01","TPS","469873","404134","65739"
"2012-09-02","TPS","357401","323116","34285"
"2012-09-03","TPS","523907","465408","58499"
"2012-09-04","TPS","369088","327607","41481"
"2012-09-05","TPS","360540","327482","33058"
"2012-09-06","TPS","429386","392537","36849"
"2012-09-07","TPS","207641","188570","19071"
"2012-09-08","TPS","519134","469837","49297"
"2012-09-09","TPS","466768","423919","42849"
"2012-09-10","TPS","391977","346927","45050"
"2012-09-11","TPS","516057","455672","60385"
"2012-09-12","TPS","430234","380657","49577"
"2012-09-13","TPS","464031","412363","51668"
"2012-09-14","TPS","387349","349642","37707"
"2012-09-15","TPS","507989","453156","54833"
"2012-09-16","TPS","626126","555044","71082"
"2012-09-17","TPS","374882","336867","38015"
"2012-09-18","TPS","280197","257322","22875"
"2012-09-19","TPS","554652","495094","59558"
"2012-09-20","TPS","703537","628692","74845"
"2012-09-21","TPS","512593","460957","51636"
"2012-09-22","TPS","551803","494174","57629"
"2012-09-23","TPS","512671","438676","73995"
"2012-09-24","TPS","634396","566562","67834"
"2012-09-25","TPS","568653","503609","65044"
"2012-09-26","TPS","458194","412682","45512"
"2012-09-27","TPS","524995","470588","54407"
"2012-09-28","TPS","359471","316217","43254"
"2012-09-29","TPS","442718","388599","54119"
"2012-09-30","TPS","405507","360636","44871"
"2012-10-01","TPS","443573","402248","41325"
"2012-10-02","TPS","444862","388357","56505"
"2012-10-03","TPS","683463","598744","84719"
"2012-10-04","TPS","418925","378123","40802"
"2012-10-05","TPS","257512","231731","25781"
"2012-10-06","TPS","365946","323848","42098"
"2012-10-07","TPS","443756","405503","38253"
"2012-10-08","TPS","431600","376529","55071"
"2012-10-09","TPS","498377","441510","56867"
"2012-10-10","TPS","402549","354679","47870"
"2012-10-11","TPS","430010","369456","60554"
"2012-10-12","TPS","294535","270466","24069"
"2012-10-13","TPS","314922","278376","36546"
"2012-10-14","TPS","461601","410732","50869"
"2012-10-15","TPS","473984","432500","41484"
"2012-10-16","TPS","513621","450412","63209"
"2012-10-17","TPS","516768","471129","45639"
"2012-10-18","TPS","668935","600450","68485"
"2012-10-19","TPS","281447","251838","29609"
"2012-10-20","TPS","369034","325308","43726"
"2012-10-21","TPS","559675","500108","59567"
"2012-10-22","TPS","476624","433345","43279"
"2012-10-23","TPS","764628","665804","98824"
"2012-10-24","TPS","482902","423836","59066"
"2012-10-25","TPS","302230","277333","24897"
"2012-10-26","TPS","430726","378580","52146"
"2012-10-27","TPS","467834","414709","53125"
"2012-10-28","TPS","452434","397591","54843"
"2012-10-29","TPS","421304","376030","45274"
"2012-10-30","TPS","457262","407023","50239"
"2012-10-31","TPS","485355","437004","48351"
"2012-11-01","TPS","371592","330624","40968"
"2012-11-02","TPS","507272","457078","50194"
"2012-11-03","TPS","469809","416526","53283"
"2012-11-04","TPS","580552","512779","67773"
"2012-11-05","TPS","502995","443869","59126"
"2012-11-06","TPS","469923","427673","42250"
"2012-11-07","TPS","467923","418586","49337"
"2012-11-08","TPS","519912","474706","45206"
"2012-11-09","TPS","563170","496717","66453"
"2012-11-10","TPS","453121","405933","47188"
"2012-11-11","TPS","508660","453652","55008"
"2012-11-12","TPS","403096","358417","44679"
"2012-11-13","TPS","418437","376121","42316"
"2012-11-14","TPS","583111","511515","71596"
"2012-11-15","TPS","403334","361003","42331"
"2012-11-16","TPS","470505","423433","47072"
"2012-11-17","TPS","494189","427142","67047"
"2012-11-18","TPS","574046","506634","67412"
"2012-11-19","TPS","650186","577113","73073"
"2012-11-20","TPS","421373","380808","40565"
"2012-11-21","TPS","652298","584484","67814"
"2012-11-22","TPS","451347","399095","52252"
"2012-11-23","TPS","737519","636411","101108"
"2012-11-24","TPS","403104","349327","53777"
"2012-11-25","TPS","655461","575311","80150"
"2012-11-26","TPS","568382","493588","74794"
"2012-11-27","TPS","468811","412410","56401"
"2012-11-28","TPS","537967","475038","62929"
"2012-11-29","TPS","480274","429135","51139"
"2012-11-30","TPS","615909","544958","70951"
"2012-12-01","TPS","556173","486802","69371"
"2012-12-02","TPS","578995","518621","60374"
"2012-12-03","TPS","704441","620630","83811"
"2012-12-04","TPS","476300","434526","41774"
"2012-12-05","TPS","734735","660134","74601"
"2012-12-06","TPS","473361","416160","57201"
"2012-12-07","TPS","410470","363881","46589"
"2012-12-08","TPS","457309","405980","51329"
"2012-12-09","TPS","421594","369280","52314"
"2012-12-10","TPS","577601","511603","65998"
"2012-12-11","TPS","613719","550148","63571"
"2012-12-12","TPS","502625","451791","50834"
"2012-12-13","TPS","546465","482309","64156"
"2012-12-14","TPS","567513","523633","43880"
"2012-12-15","TPS","513483","467857","45626"
"2012-12-16","TPS","410996","377373","33623"
"2012-12-17","TPS","508872","453640","55232"
"2012-12-18","TPS","405713","370373","35340"
"2012-12-19","TPS","337232","297856","39376"
"2012-12-20","TPS","369741","335287","34454"
"2012-12-21","TPS","401948","366206","35742"
"2012-12-22","TPS","459525","396423","63102"
"2012-12-23","TPS","331052","300068","30984"
"2012-12-24","TPS","593863","521311","72552"
"2012-12-25","TPS","434610","385696","48914"
"2012-12-26","TPS","549574","496289","53285"
"2012-12-27","TPS","565783","496066","69717"
"2012-12-28","TPS","565236","517263","47973"
"2012-12-29","TPS","290190","264959","25231"
"2012-12-30","TPS","570642","508203","62439"
"2012-12-31","TPS","395331","358659","36672"
"2013-01-01","TPS","182276","164667","17609"
"2013-01-02","TPS","1348584","1200700","147884"
"2013-01-03","TPS","1196144","1054311","141833"
"2013-01-04","TPS","1140368","994696","145672"
"2013-01-05","TPS","1215812","1073784","142028"
"2013-01-06","TPS","1362852","1200574","162278"
"2013-01-07","TPS","1319264","1169898","149366"
"2013-01-08","TPS","1612406","1430534","181872"
"2013-01-09","TPS","1476842","1333505","143337"
"2013-01-10","TPS","1040428","932740","107688"
"2013-01-11","TPS","1350273","1199757","150516"
"2013-01-12","TPS","1384144","1220854","163290"
"2013-01-13","TPS","1186849","1056370","130479"
"2013-01-14","TPS","1445024","1299986","145038"
"2013-01-15","TPS","1179740","1048095","131645"
"2013-01-16","TPS","1241963","1091321","150642"
"2013-01-17","TPS","1203061","1068822","134239"
"2013-01-18","TPS","1311556","1170757","140799"
"2013-01-19","TPS","1389471","1234298","155173"
"2013-01-20","TPS","1354764","1197691","157073"
"2013-01-21","TPS","1518895","1367992","150903"
"2013-01-22","TPS","1236756","1070666","166090"
"2013-01-23","TPS","1468527","1299690","168837"
"2013-01-24","TPS","1338034","1178159","159875"
"2013-01-25","TPS","1798252","1586708","211544"
"2013-01-26","TPS","1238225","1099809","138416"
"2013-01-27","TPS","1397216","1240526","156690"
"2013-01-28","TPS","1405535","1245965","159570"
"2013-01-29","TPS","1441434","1269484","171950"
"2013-01-30","TPS","1368107","1197174","170933"
"2013-01-31","TPS","1329449","1174379","155070"
"2013-02-01","TPS","1794444","1597061","197383"
"2013-02-02","TPS","1336872","1202249","134623"
"2013-02-03","TPS","1713929","1499865","214064"
"2013-02-04","TPS","1366324","1221331","144993"
"2013-02-05","TPS","1257186","1104033","153153"
"2013-02-06","TPS","1321014","1184985","136029"
"2013-02-07","TPS","1871805","1678120","193685"
"2013-02-08","TPS","1443047","1280609","162438"
"2013-02-09","TPS","1520852","1355098","165754"
"2013-02-10","TPS","1303161","1166583","136578"
"2013-02-11","TPS","1627631","1449445","178186"
"2013-02-12","TPS","1682805","1467466","215339"
"2013-02-13","TPS","1551948","1372861","179087"
"2013-02-14","TPS","1659185","1464760","194425"
"2013-02-15","TPS","1599861","1404871","194990"
"2013-02-16","TPS","1797919","1606254","191665"
"2013-02-17","TPS","1415941","1241612","174329"
"2013-02-18","TPS","1445944","1275785","170159"
"2013-02-19","TPS","1668066","1477459","190607"
"2013-02-20","TPS","1415667","1251743","163924"
"2013-02-21","TPS","1453754","1302180","151574"
"2013-02-22","TPS","1541494","1373898","167596"
"2013-02-23","TPS","1624620","1467882","156738"
"2013-02-24","TPS","1585100","1412589","172511"
"2013-02-25","TPS","1666426","1478310","188116"
"2013-02-26","TPS","1549460","1382669","166791"
"2013-02-27","TPS","1320035","1201307","118728"
"2013-02-28","TPS","1608282","1425158","183124"
"2013-03-01","TPS","535250","471700","63550"
"2013-03-02","TPS","894863","786139","108724"
"2013-03-03","TPS","1670457","1497228","173229"
"2013-03-04","TPS","1245686","1121916","123770"
"2013-03-05","TPS","1560347","1370800","189547"
"2013-03-06","TPS","1613704","1429913","183791"
"2013-03-07","TPS","1423616","1259335","164281"
"2013-03-08","TPS","1736954","1518766","218188"
"2013-03-09","TPS","1735598","1530285","205313"
"2013-03-10","TPS","1448309","1308417","139892"
"2013-03-11","TPS","1557523","1398488","159035"
"2013-03-12","TPS","1580185","1393140","187045"
"2013-03-13","TPS","1571390","1396719","174671"
"2013-03-14","TPS","1466858","1301499","165359"
"2013-03-15","TPS","1642137","1457629","184508"
"2013-03-16","TPS","1485545","1322640","162905"
"2013-03-17","TPS","1677838","1491266","186572"
"2013-03-18","TPS","1581977","1412281","169696"
"2013-03-19","TPS","1335886","1179026","156860"
"2013-03-20","TPS","1480828","1309122","171706"
"2013-03-21","TPS","1281009","1142313","138696"
"2013-03-22","TPS","1367064","1207278","159786"
"2013-03-23","TPS","1592593","1406480","186113"
"2013-03-24","TPS","1818896","1615620","203276"
"2013-03-25","TPS","1777000","1572242","204758"
"2013-03-26","TPS","1612224","1425805","186419"
"2013-03-27","TPS","1893098","1677793","215305"
"2013-03-28","TPS","1522537","1350521","172016"
"2013-03-29","TPS","1588861","1417298","171563"
"2013-03-30","TPS","1524367","1362200","162167"
"2013-03-31","TPS","1611501","1460643","150858"
"2013-04-01","TPS","1925452","1699253","226199"
"2013-04-02","TPS","1641139","1464789","176350"
"2013-04-03","TPS","1542796","1355835","186961"
"2013-04-04","TPS","1601610","1428331","173279"
"2013-04-05","TPS","1504840","1327488","177352"
"2013-04-06","TPS","1453669","1283055","170614"
"2013-04-07","TPS","1504245","1324820","179425"
"2013-04-08","TPS","1588520","1407418","181102"
"2013-04-09","TPS","1594808","1414720","180088"
"2013-04-10","TPS","1407516","1249031","158485"
"2013-04-11","TPS","1539070","1372720","166350"
"2013-04-12","TPS","1427056","1255814","171242"
"2013-04-13","TPS","1962774","1739129","223645"
"2013-04-14","TPS","1688884","1485796","203088"
"2013-04-15","TPS","1460018","1311461","148557"
"2013-04-16","TPS","1832346","1648824","183522"
"2013-04-17","TPS","1826746","1605891","220855"
"2013-04-18","TPS","1647841","1453458","194383"
"2013-04-19","TPS","1669866","1472291","197575"
"2013-04-20","TPS","1522967","1363929","159038"
"2013-04-21","TPS","1396283","1231532","164751"
"2013-04-22","TPS","1559501","1362650","196851"
"2013-04-23","TPS","1848011","1616284","231727"
"2013-04-24","TPS","1783014","1583960","199054"
"2013-04-25","TPS","1449283","1299083","150200"
"2013-04-26","TPS","1324871","1144057","180814"
"2013-04-27","TPS","1595272","1407963","187309"
"2013-04-28","TPS","1535639","1381803","153836"
"2013-04-29","TPS","1472554","1291373","181181"
"2013-04-30","TPS","1325615","1196690","128925"
"2013-05-01","TPS","620743","546073","74670"
"2013-05-02","TPS","1584389","1399389","185000"
"2013-05-03","TPS","1571044","1396410","174634"
"2013-05-04","TPS","1250357","1092522","157835"
"2013-05-05","TPS","1492016","1325157","166859"
"2013-05-06","TPS","1603272","1396014","207258"
"2013-05-07","TPS","1691984","1490197","201787"
"2013-05-08","TPS","1319825","1171662","148163"
"2013-05-09","TPS","1697364","1494722","202642"
"2013-05-10","TPS","1369345","1205426","163919"
"2013-05-11","TPS","1330298","1160720","169578"
"2013-05-12","TPS","1569857","1402682","167175"
"2013-05-13","TPS","1657909","1467711","190198"
"2013-05-14","TPS","1209471","1069966","139505"
"2013-05-15","TPS","1527717","1369116","158601"
"2013-05-16","TPS","1246626","1124658","121968"
"2013-05-17","TPS","1697321","1507853","189468"
"2013-05-18","TPS","1451409","1271129","180280"
"2013-05-19","TPS","1769936","1577243","192693"
"2013-05-20","TPS","1630574","1458644","171930"
"2013-05-21","TPS","1249157","1101280","147877"
"2013-05-22","TPS","1407787","1252012","155775"
"2013-05-23","TPS","1806331","1613653","192678"
"2013-05-24","TPS","1460072","1291629","168443"
"2013-05-25","TPS","1543462","1350357","193105"
"2013-05-26","TPS","1624693","1425306","199387"
"2013-05-27","TPS","1669573","1470499","199074"
"2013-05-28","TPS","1419827","1243826","176001"
"2013-05-29","TPS","1424649","1244740","179909"
"2013-05-30","TPS","1327940","1169244","158696"
"2013-05-31","TPS","1270305","1119055","151250"
"2008-06-01","Tyrell","21358","14175","7183"
"2008-06-02","Tyrell","16340","11855","4485"
"2008-06-03","Tyrell","29407","20157","9250"
"2008-06-04","Tyrell","37400","31563","5837"
"2008-06-05","Tyrell","18498","14685","3813"
"2008-06-06","Tyrell","28447","19709","8738"
"2008-06-07","Tyrell","16872","14540","2332"
"2008-06-08","Tyrell","70775","54318","16457"
"2008-06-09","Tyrell","19238","12504","6734"
"2008-06-10","Tyrell","34890","24333","10557"
"2008-06-11","Tyrell","49163","36907","12256"
"2008-06-12","Tyrell","32853","26191","6662"
"2008-06-13","Tyrell","17340","13471","3869"
"2008-06-14","Tyrell","35575","27888","7687"
"2008-06-15","Tyrell","39453","30623","8830"
"2008-06-16","Tyrell","50324","31676","18648"
"2008-06-17","Tyrell","35258","28867","6391"
"2008-06-18","Tyrell","49620","31347","18273"
"2008-06-19","Tyrell","13023","9060","3963"
"2008-06-20","Tyrell","10983","7110","3873"
"2008-06-21","Tyrell","12663","9698","2965"
"2008-06-22","Tyrell","43041","33355","9686"
"2008-06-23","Tyrell","65709","50048","15661"
"2008-06-24","Tyrell","48169","37758","10411"
"2008-06-25","Tyrell","24814","15316","9498"
"2008-06-26","Tyrell","100995","84962","16033"
"2008-06-27","Tyrell","43752","27561","16191"
"2008-06-28","Tyrell","23192","15929","7263"
"2008-06-29","Tyrell","58787","51796","6991"
"2008-06-30","Tyrell","18748","11855","6893"
"2008-07-01","Tyrell","62788","44162","18626"
"2008-07-02","Tyrell","16818","12822","3996"
"2008-07-03","Tyrell","40674","34948","5726"
"2008-07-04","Tyrell","29810","25213","4597"
"2008-07-05","Tyrell","15988","13005","2983"
"2008-07-06","Tyrell","40378","29989","10389"
"2008-07-07","Tyrell","19607","14509","5098"
"2008-07-08","Tyrell","9082","5960","3122"
"2008-07-09","Tyrell","32718","26263","6455"
"2008-07-10","Tyrell","19436","15398","4038"
"2008-07-11","Tyrell","43841","36219","7622"
"2008-07-12","Tyrell","18387","14013","4374"
"2008-07-13","Tyrell","23990","18288","5702"
"2008-07-14","Tyrell","43857","38091","5766"
"2008-07-15","Tyrell","45780","37078","8702"
"2008-07-16","Tyrell","10933","8124","2809"
"2008-07-17","Tyrell","113725","78122","35603"
"2008-07-18","Tyrell","20663","17289","3374"
"2008-07-19","Tyrell","17496","11822","5674"
"2008-07-20","Tyrell","19820","14598","5222"
"2008-07-21","Tyrell","9332","5948","3384"
"2008-07-22","Tyrell","48345","31373","16972"
"2008-07-23","Tyrell","69696","59781","9915"
"2008-07-24","Tyrell","28245","22430","5815"
"2008-07-25","Tyrell","17119","12241","4878"
"2008-07-26","Tyrell","49632","37185","12447"
"2008-07-27","Tyrell","10892","7439","3453"
"2008-07-28","Tyrell","23858","16980","6878"
"2008-07-29","Tyrell","3416","1642","1774"
"2008-07-30","Tyrell","82477","72169","10308"
"2008-07-31","Tyrell","27418","23140","4278"
"2008-08-01","Tyrell","46230","42310","3920"
"2008-08-02","Tyrell","24245","21857","2388"
"2008-08-03","Tyrell","15739","12668","3071"
"2008-08-04","Tyrell","16033","11224","4809"
"2008-08-05","Tyrell","43256","34434","8822"
"2008-08-06","Tyrell","32855","28541","4314"
"2008-08-07","Tyrell","23098","16770","6328"
"2008-08-08","Tyrell","22409","14447","7962"
"2008-08-09","Tyrell","9492","7211","2281"
"2008-08-10","Tyrell","14971","9935","5036"
"2008-08-11","Tyrell","32757","24026","8731"
"2008-08-12","Tyrell","8040","6330","1710"
"2008-08-13","Tyrell","47192","39734","7458"
"2008-08-14","Tyrell","43067","34776","8291"
"2008-08-15","Tyrell","25803","17683","8120"
"2008-08-16","Tyrell","53642","43841","9801"
"2008-08-17","Tyrell","22437","13825","8612"
"2008-08-18","Tyrell","35063","27560","7503"
"2008-08-19","Tyrell","8192","5925","2267"
"2008-08-20","Tyrell","75505","55433","20072"
"2008-08-21","Tyrell","18677","13001","5676"
"2008-08-22","Tyrell","13265","8813","4452"
"2008-08-23","Tyrell","38929","32897","6032"
"2008-08-24","Tyrell","44478","38227","6251"
"2008-08-25","Tyrell","9813","7235","2578"
"2008-08-26","Tyrell","38451","33658","4793"
"2008-08-27","Tyrell","47169","36541","10628"
"2008-08-28","Tyrell","24333","21411","2922"
"2008-08-29","Tyrell","16292","12624","3668"
"2008-08-30","Tyrell","21956","20260","1696"
"2008-08-31","Tyrell","44730","37139","7591"
"2008-09-01","Tyrell","14762","13013","1749"
"2008-09-02","Tyrell","12633","10772","1861"
"2008-09-03","Tyrell","39944","30016","9928"
"2008-09-04","Tyrell","33987","28075","5912"
"2008-09-05","Tyrell","68097","47947","20150"
"2008-09-06","Tyrell","36318","29012","7306"
"2008-09-07","Tyrell","15454","11182","4272"
"2008-09-08","Tyrell","28215","25415","2800"
"2008-09-09","Tyrell","32173","28723","3450"
"2008-09-10","Tyrell","32093","23378","8715"
"2008-09-11","Tyrell","15981","9363","6618"
"2008-09-12","Tyrell","14492","11597","2895"
"2008-09-13","Tyrell","49896","44045","5851"
"2008-09-14","Tyrell","27388","23163","4225"
"2008-09-15","Tyrell","23906","17594","6312"
"2008-09-16","Tyrell","19351","13069","6282"
"2008-09-17","Tyrell","16330","11764","4566"
"2008-09-18","Tyrell","16511","12767","3744"
"2008-09-19","Tyrell","46970","34587","12383"
"2008-09-20","Tyrell","60796","53420","7376"
"2008-09-21","Tyrell","36570","30436","6134"
"2008-09-22","Tyrell","10724","7789","2935"
"2008-09-23","Tyrell","24268","18214","6054"
"2008-09-24","Tyrell","37830","32097","5733"
"2008-09-25","Tyrell","30881","21213","9668"
"2008-09-26","Tyrell","18068","10404","7664"
"2008-09-27","Tyrell","18638","14817","3821"
"2008-09-28","Tyrell","19621","12830","6791"
"2008-09-29","Tyrell","38338","32333","6005"
"2008-09-30","Tyrell","97064","76327","20737"
"2008-10-01","Tyrell","31611","27222","4389"
"2008-10-02","Tyrell","23909","15891","8018"
"2008-10-03","Tyrell","52489","42661","9828"
"2008-10-04","Tyrell","30733","26661","4072"
"2008-10-05","Tyrell","13038","10083","2955"
"2008-10-06","Tyrell","38850","32357","6493"
"2008-10-07","Tyrell","15070","8922","6148"
"2008-10-08","Tyrell","57333","43820","13513"
"2008-10-09","Tyrell","29160","24700","4460"
"2008-10-10","Tyrell","24666","19900","4766"
"2008-10-11","Tyrell","23818","15944","7874"
"2008-10-12","Tyrell","30843","28257","2586"
"2008-10-13","Tyrell","20818","14421","6397"
"2008-10-14","Tyrell","22689","15566","7123"
"2008-10-15","Tyrell","20281","15982","4299"
"2008-10-16","Tyrell","73743","53595","20148"
"2008-10-17","Tyrell","56831","52402","4429"
"2008-10-18","Tyrell","9004","6163","2841"
"2008-10-19","Tyrell","63337","54220","9117"
"2008-10-20","Tyrell","13784","10472","3312"
"2008-10-21","Tyrell","21607","18025","3582"
"2008-10-22","Tyrell","41388","35306","6082"
"2008-10-23","Tyrell","102771","77863","24908"
"2008-10-24","Tyrell","26986","18353","8633"
"2008-10-25","Tyrell","27242","18292","8950"
"2008-10-26","Tyrell","19161","14406","4755"
"2008-10-27","Tyrell","35589","28420","7169"
"2008-10-28","Tyrell","44306","34656","9650"
"2008-10-29","Tyrell","15649","13254","2395"
"2008-10-30","Tyrell","47134","40007","7127"
"2008-10-31","Tyrell","10073","7025","3048"
"2008-11-01","Tyrell","36067","30569","5498"
"2008-11-02","Tyrell","51830","38378","13452"
"2008-11-03","Tyrell","18818","12650","6168"
"2008-11-04","Tyrell","9553","7305","2248"
"2008-11-05","Tyrell","66892","55883","11009"
"2008-11-06","Tyrell","44135","37211","6924"
"2008-11-07","Tyrell","12491","8808","3683"
"2008-11-08","Tyrell","41176","30113","11063"
"2008-11-09","Tyrell","18427","14215","4212"
"2008-11-10","Tyrell","16530","10459","6071"
"2008-11-11","Tyrell","43243","35444","7799"
"2008-11-12","Tyrell","44364","33930","10434"
"2008-11-13","Tyrell","38847","27739","11108"
"2008-11-14","Tyrell","17187","11815","5372"
"2008-11-15","Tyrell","23667","18939","4728"
"2008-11-16","Tyrell","7933","5703","2230"
"2008-11-17","Tyrell","26193","23896","2297"
"2008-11-18","Tyrell","56011","47676","8335"
"2008-11-19","Tyrell","19022","15086","3936"
"2008-11-20","Tyrell","13851","10269","3582"
"2008-11-21","Tyrell","10392","6425","3967"
"2008-11-22","Tyrell","10153","7886","2267"
"2008-11-23","Tyrell","64536","47716","16820"
"2008-11-24","Tyrell","20116","13276","6840"
"2008-11-25","Tyrell","9593","6683","2910"
"2008-11-26","Tyrell","63970","47470","16500"
"2008-11-27","Tyrell","11554","8832","2722"
"2008-11-28","Tyrell","37227","33014","4213"
"2008-11-29","Tyrell","10722","6187","4535"
"2008-11-30","Tyrell","39597","31256","8341"
"2008-12-01","Tyrell","21549","16865","4684"
"2008-12-02","Tyrell","18807","15518","3289"
"2008-12-03","Tyrell","31890","28030","3860"
"2008-12-04","Tyrell","20518","14374","6144"
"2008-12-05","Tyrell","59634","52442","7192"
"2008-12-06","Tyrell","120065","96303","23762"
"2008-12-07","Tyrell","23862","17864","5998"
"2008-12-08","Tyrell","11892","7722","4170"
"2008-12-09","Tyrell","22067","15181","6886"
"2008-12-10","Tyrell","12552","9599","2953"
"2008-12-11","Tyrell","18888","12702","6186"
"2008-12-12","Tyrell","22360","15878","6482"
"2008-12-13","Tyrell","14781","11136","3645"
"2008-12-14","Tyrell","56577","50839","5738"
"2008-12-15","Tyrell","29176","21970","7206"
"2008-12-16","Tyrell","11792","7896","3896"
"2008-12-17","Tyrell","24791","17120","7671"
"2008-12-18","Tyrell","60214","48252","11962"
"2008-12-19","Tyrell","23617","18064","5553"
"2008-12-20","Tyrell","20216","14708","5508"
"2008-12-21","Tyrell","24755","18145","6610"
"2008-12-22","Tyrell","69867","51515","18352"
"2008-12-23","Tyrell","7974","6186","1788"
"2008-12-24","Tyrell","33680","27125","6555"
"2008-12-25","Tyrell","32306","26089","6217"
"2008-12-26","Tyrell","42919","32465","10454"
"2008-12-27","Tyrell","70266","56075","14191"
"2008-12-28","Tyrell","39647","35228","4419"
"2008-12-29","Tyrell","18580","14780","3800"
"2008-12-30","Tyrell","32553","24499","8054"
"2008-12-31","Tyrell","62739","50808","11931"
"2009-01-01","Tyrell","54245","37765","16480"
"2009-01-02","Tyrell","83246","65293","17953"
"2009-01-03","Tyrell","68539","58527","10012"
"2009-01-04","Tyrell","36935","31762","5173"
"2009-01-05","Tyrell","99994","77678","22316"
"2009-01-06","Tyrell","75422","60878","14544"
"2009-01-07","Tyrell","132913","109939","22974"
"2009-01-08","Tyrell","77208","64780","12428"
"2009-01-09","Tyrell","64712","55331","9381"
"2009-01-10","Tyrell","37334","24821","12513"
"2009-01-11","Tyrell","23806","18869","4937"
"2009-01-12","Tyrell","116469","84281","32188"
"2009-01-13","Tyrell","62516","49351","13165"
"2009-01-14","Tyrell","51598","43529","8069"
"2009-01-15","Tyrell","31010","20745","10265"
"2009-01-16","Tyrell","87261","59592","27669"
"2009-01-17","Tyrell","118654","93555","25099"
"2009-01-18","Tyrell","32741","21980","10761"
"2009-01-19","Tyrell","43945","33809","10136"
"2009-01-20","Tyrell","95959","86266","9693"
"2009-01-21","Tyrell","73510","64006","9504"
"2009-01-22","Tyrell","51232","44081","7151"
"2009-01-23","Tyrell","38987","29909","9078"
"2009-01-24","Tyrell","30258","21782","8476"
"2009-01-25","Tyrell","64258","42147","22111"
"2009-01-26","Tyrell","63871","50237","13634"
"2009-01-27","Tyrell","41041","34356","6685"
"2009-01-28","Tyrell","105648","95497","10151"
"2009-01-29","Tyrell","141959","118877","23082"
"2009-01-30","Tyrell","147137","115935","31202"
"2009-01-31","Tyrell","66961","47858","19103"
"2009-02-01","Tyrell","33464","26141","7323"
"2009-02-02","Tyrell","57845","51788","6057"
"2009-02-03","Tyrell","82717","53917","28800"
"2009-02-04","Tyrell","26984","21523","5461"
"2009-02-05","Tyrell","109404","83859","25545"
"2009-02-06","Tyrell","119371","94091","25280"
"2009-02-07","Tyrell","115991","98999","16992"
"2009-02-08","Tyrell","67603","45825","21778"
"2009-02-09","Tyrell","55322","46923","8399"
"2009-02-10","Tyrell","62197","49055","13142"
"2009-02-11","Tyrell","29872","21023","8849"
"2009-02-12","Tyrell","102516","74425","28091"
"2009-02-13","Tyrell","42462","30465","11997"
"2009-02-14","Tyrell","133464","105602","27862"
"2009-02-15","Tyrell","111732","92813","18919"
"2009-02-16","Tyrell","43820","32210","11610"
"2009-02-17","Tyrell","53206","45161","8045"
"2009-02-18","Tyrell","97130","77876","19254"
"2009-02-19","Tyrell","77502","61974","15528"
"2009-02-20","Tyrell","133737","103400","30337"
"2009-02-21","Tyrell","80186","64963","15223"
"2009-02-22","Tyrell","154755","128272","26483"
"2009-02-23","Tyrell","33066","24551","8515"
"2009-02-24","Tyrell","116790","92997","23793"
"2009-02-25","Tyrell","117311","86226","31085"
"2009-02-26","Tyrell","81301","60613","20688"
"2009-02-27","Tyrell","35123","28178","6945"
"2009-02-28","Tyrell","86913","68796","18117"
"2009-03-01","Tyrell","67541","57583","9958"
"2009-03-02","Tyrell","148641","121323","27318"
"2009-03-03","Tyrell","41964","35071","6893"
"2009-03-04","Tyrell","56204","39854","16350"
"2009-03-05","Tyrell","126274","97535","28739"
"2009-03-06","Tyrell","39177","26557","12620"
"2009-03-07","Tyrell","66092","43360","22732"
"2009-03-08","Tyrell","83365","67907","15458"
"2009-03-09","Tyrell","99762","76633","23129"
"2009-03-10","Tyrell","77051","56717","20334"
"2009-03-11","Tyrell","84940","71559","13381"
"2009-03-12","Tyrell","133189","108134","25055"
"2009-03-13","Tyrell","120793","98479","22314"
"2009-03-14","Tyrell","166409","138834","27575"
"2009-03-15","Tyrell","119435","101686","17749"
"2009-03-16","Tyrell","41601","32557","9044"
"2009-03-17","Tyrell","27595","17913","9682"
"2009-03-18","Tyrell","52654","39794","12860"
"2009-03-19","Tyrell","85351","67374","17977"
"2009-03-20","Tyrell","133316","108566","24750"
"2009-03-21","Tyrell","49141","37299","11842"
"2009-03-22","Tyrell","43806","33469","10337"
"2009-03-23","Tyrell","82790","63236","19554"
"2009-03-24","Tyrell","27193","16942","10251"
"2009-03-25","Tyrell","82573","69121","13452"
"2009-03-26","Tyrell","71074","52476","18598"
"2009-03-27","Tyrell","54713","43770","10943"
"2009-03-28","Tyrell","68208","52693","15515"
"2009-03-29","Tyrell","62491","54411","8080"
"2009-03-30","Tyrell","66507","49812","16695"
"2009-03-31","Tyrell","42173","30074","12099"
"2009-04-01","Tyrell","31859","22570","9289"
"2009-04-02","Tyrell","55129","45910","9219"
"2009-04-03","Tyrell","71503","60146","11357"
"2009-04-04","Tyrell","94445","68686","25759"
"2009-04-05","Tyrell","40049","27663","12386"
"2009-04-06","Tyrell","68667","53046","15621"
"2009-04-07","Tyrell","46579","37876","8703"
"2009-04-08","Tyrell","31478","21765","9713"
"2009-04-09","Tyrell","52672","45752","6920"
"2009-04-10","Tyrell","53644","40898","12746"
"2009-04-11","Tyrell","45768","36346","9422"
"2009-04-12","Tyrell","37257","31104","6153"
"2009-04-13","Tyrell","73682","59458","14224"
"2009-04-14","Tyrell","69361","60005","9356"
"2009-04-15","Tyrell","165714","136390","29324"
"2009-04-16","Tyrell","86010","63831","22179"
"2009-04-17","Tyrell","59332","48799","10533"
"2009-04-18","Tyrell","39217","32796","6421"
"2009-04-19","Tyrell","31921","26649","5272"
"2009-04-20","Tyrell","54859","45400","9459"
"2009-04-21","Tyrell","22506","16716","5790"
"2009-04-22","Tyrell","68850","48171","20679"
"2009-04-23","Tyrell","131876","113248","18628"
"2009-04-24","Tyrell","50646","34952","15694"
"2009-04-25","Tyrell","39825","30608","9217"
"2009-04-26","Tyrell","43198","31246","11952"
"2009-04-27","Tyrell","78948","57462","21486"
"2009-04-28","Tyrell","50511","42401","8110"
"2009-04-29","Tyrell","60593","42045","18548"
"2009-04-30","Tyrell","77851","63200","14651"
"2009-05-01","Tyrell","72095","59043","13052"
"2009-05-02","Tyrell","69658","56780","12878"
"2009-05-03","Tyrell","144749","125760","18989"
"2009-05-04","Tyrell","103211","84057","19154"
"2009-05-05","Tyrell","123119","100334","22785"
"2009-05-06","Tyrell","97838","80533","17305"
"2009-05-07","Tyrell","20639","16528","4111"
"2009-05-08","Tyrell","109160","91043","18117"
"2009-05-09","Tyrell","124116","95175","28941"
"2009-05-10","Tyrell","93256","76306","16950"
"2009-05-11","Tyrell","137307","105460","31847"
"2009-05-12","Tyrell","17777","11250","6527"
"2009-05-13","Tyrell","59599","44958","14641"
"2009-05-14","Tyrell","77574","50845","26729"
"2009-05-15","Tyrell","38698","28980","9718"
"2009-05-16","Tyrell","116991","91901","25090"
"2009-05-17","Tyrell","68161","59665","8496"
"2009-05-18","Tyrell","119299","89534","29765"
"2009-05-19","Tyrell","42819","35018","7801"
"2009-05-20","Tyrell","35701","27167","8534"
"2009-05-21","Tyrell","53071","38660","14411"
"2009-05-22","Tyrell","77155","64614","12541"
"2009-05-23","Tyrell","57052","44497","12555"
"2009-05-24","Tyrell","89259","77144","12115"
"2009-05-25","Tyrell","92420","78793","13627"
"2009-05-26","Tyrell","46352","38232","8120"
"2009-05-27","Tyrell","48849","38847","10002"
"2009-05-28","Tyrell","60919","45698","15221"
"2009-05-29","Tyrell","62800","46584","16216"
"2009-05-30","Tyrell","64436","53885","10551"
"2009-05-31","Tyrell","54025","39781","14244"
"2009-06-01","Tyrell","109475","85067","24408"
"2009-06-02","Tyrell","86948","70862","16086"
"2009-06-03","Tyrell","62971","45309","17662"
"2009-06-04","Tyrell","96366","86257","10109"
"2009-06-05","Tyrell","77345","65072","12273"
"2009-06-06","Tyrell","45099","37074","8025"
"2009-06-07","Tyrell","85044","67402","17642"
"2009-06-08","Tyrell","114673","80311","34362"
"2009-06-09","Tyrell","122222","100367","21855"
"2009-06-10","Tyrell","116540","90010","26530"
"2009-06-11","Tyrell","95378","80226","15152"
"2009-06-12","Tyrell","40916","30931","9985"
"2009-06-13","Tyrell","73415","56074","17341"
"2009-06-14","Tyrell","92587","72459","20128"
"2009-06-15","Tyrell","83372","70547","12825"
"2009-06-16","Tyrell","51895","35662","16233"
"2009-06-17","Tyrell","59211","38778","20433"
"2009-06-18","Tyrell","90267","75045","15222"
"2009-06-19","Tyrell","74412","55195","19217"
"2009-06-20","Tyrell","100293","85995","14298"
"2009-06-21","Tyrell","122972","92504","30468"
"2009-06-22","Tyrell","108297","80977","27320"
"2009-06-23","Tyrell","141165","114738","26427"
"2009-06-24","Tyrell","72360","55475","16885"
"2009-06-25","Tyrell","65124","53191","11933"
"2009-06-26","Tyrell","186270","134082","52188"
"2009-06-27","Tyrell","59078","41612","17466"
"2009-06-28","Tyrell","80478","59105","21373"
"2009-06-29","Tyrell","108135","90435","17700"
"2009-06-30","Tyrell","45844","32459","13385"
"2009-07-01","Tyrell","49748","43147","6601"
"2009-07-02","Tyrell","166456","141994","24462"
"2009-07-03","Tyrell","77560","65066","12494"
"2009-07-04","Tyrell","81375","68190","13185"
"2009-07-05","Tyrell","53637","43916","9721"
"2009-07-06","Tyrell","69263","53867","15396"
"2009-07-07","Tyrell","92560","81961","10599"
"2009-07-08","Tyrell","107975","88181","19794"
"2009-07-09","Tyrell","74055","51143","22912"
"2009-07-10","Tyrell","131256","98869","32387"
"2009-07-11","Tyrell","47572","35140","12432"
"2009-07-12","Tyrell","74614","56909","17705"
"2009-07-13","Tyrell","43967","35284","8683"
"2009-07-14","Tyrell","109790","91937","17853"
"2009-07-15","Tyrell","82740","71765","10975"
"2009-07-16","Tyrell","40636","29711","10925"
"2009-07-17","Tyrell","53621","38101","15520"
"2009-07-18","Tyrell","40512","31589","8923"
"2009-07-19","Tyrell","65752","49855","15897"
"2009-07-20","Tyrell","89406","62475","26931"
"2009-07-21","Tyrell","171754","137565","34189"
"2009-07-22","Tyrell","78360","47178","31182"
"2009-07-23","Tyrell","104019","83181","20838"
"2009-07-24","Tyrell","76618","60287","16331"
"2009-07-25","Tyrell","93023","61613","31410"
"2009-07-26","Tyrell","92643","75655","16988"
"2009-07-27","Tyrell","118699","102621","16078"
"2009-07-28","Tyrell","107143","84583","22560"
"2009-07-29","Tyrell","62975","52281","10694"
"2009-07-30","Tyrell","84149","57320","26829"
"2009-07-31","Tyrell","30348","24173","6175"
"2009-08-01","Tyrell","50609","41787","8822"
"2009-08-02","Tyrell","52137","40481","11656"
"2009-08-03","Tyrell","71508","54399","17109"
"2009-08-04","Tyrell","95477","69142","26335"
"2009-08-05","Tyrell","60588","49089","11499"
"2009-08-06","Tyrell","55849","40519","15330"
"2009-08-07","Tyrell","105094","88933","16161"
"2009-08-08","Tyrell","92851","75564","17287"
"2009-08-09","Tyrell","95311","66851","28460"
"2009-08-10","Tyrell","62960","41417","21543"
"2009-08-11","Tyrell","100044","76638","23406"
"2009-08-12","Tyrell","72996","59224","13772"
"2009-08-13","Tyrell","120879","104209","16670"
"2009-08-14","Tyrell","114391","98514","15877"
"2009-08-15","Tyrell","53405","43357","10048"
"2009-08-16","Tyrell","73800","59297","14503"
"2009-08-17","Tyrell","77178","59097","18081"
"2009-08-18","Tyrell","137945","116248","21697"
"2009-08-19","Tyrell","72163","58624","13539"
"2009-08-20","Tyrell","42417","28814","13603"
"2009-08-21","Tyrell","61629","42846","18783"
"2009-08-22","Tyrell","127885","103301","24584"
"2009-08-23","Tyrell","84409","68887","15522"
"2009-08-24","Tyrell","75989","60498","15491"
"2009-08-25","Tyrell","42102","33191","8911"
"2009-08-26","Tyrell","55044","46785","8259"
"2009-08-27","Tyrell","113725","82429","31296"
"2009-08-28","Tyrell","63297","47798","15499"
"2009-08-29","Tyrell","162827","138381","24446"
"2009-08-30","Tyrell","99792","69537","30255"
"2009-08-31","Tyrell","39036","28066","10970"
"2009-09-01","Tyrell","70207","53103","17104"
"2009-09-02","Tyrell","60116","50917","9199"
"2009-09-03","Tyrell","60304","51074","9230"
"2009-09-04","Tyrell","95993","83105","12888"
"2009-09-05","Tyrell","68900","51392","17508"
"2009-09-06","Tyrell","26303","18654","7649"
"2009-09-07","Tyrell","98023","79776","18247"
"2009-09-08","Tyrell","67216","52557","14659"
"2009-09-09","Tyrell","149535","119662","29873"
"2009-09-10","Tyrell","52886","39751","13135"
"2009-09-11","Tyrell","60141","47798","12343"
"2009-09-12","Tyrell","117986","96102","21884"
"2009-09-13","Tyrell","67811","47936","19875"
"2009-09-14","Tyrell","78749","63219","15530"
"2009-09-15","Tyrell","112543","89909","22634"
"2009-09-16","Tyrell","50449","39221","11228"
"2009-09-17","Tyrell","75711","54036","21675"
"2009-09-18","Tyrell","68837","53439","15398"
"2009-09-19","Tyrell","68173","51917","16256"
"2009-09-20","Tyrell","88237","72023","16214"
"2009-09-21","Tyrell","140794","114341","26453"
"2009-09-22","Tyrell","89904","68094","21810"
"2009-09-23","Tyrell","149141","111652","37489"
"2009-09-24","Tyrell","18220","12473","5747"
"2009-09-25","Tyrell","70954","56872","14082"
"2009-09-26","Tyrell","129837","108156","21681"
"2009-09-27","Tyrell","65935","54448","11487"
"2009-09-28","Tyrell","76344","64112","12232"
"2009-09-29","Tyrell","94791","71312","23479"
"2009-09-30","Tyrell","90206","71398","18808"
"2009-10-01","Tyrell","96345","76285","20060"
"2009-10-02","Tyrell","91675","75753","15922"
"2009-10-03","Tyrell","51156","42571","8585"
"2009-10-04","Tyrell","77592","60912","16680"
"2009-10-05","Tyrell","83862","70316","13546"
"2009-10-06","Tyrell","137194","102837","34357"
"2009-10-07","Tyrell","74594","60404","14190"
"2009-10-08","Tyrell","81404","67398","14006"
"2009-10-09","Tyrell","106733","77954","28779"
"2009-10-10","Tyrell","107993","89135","18858"
"2009-10-11","Tyrell","63646","50517","13129"
"2009-10-12","Tyrell","76401","59659","16742"
"2009-10-13","Tyrell","72096","60646","11450"
"2009-10-14","Tyrell","151906","135276","16630"
"2009-10-15","Tyrell","137907","114014","23893"
"2009-10-16","Tyrell","31078","23173","7905"
"2009-10-17","Tyrell","94009","67861","26148"
"2009-10-18","Tyrell","114043","97295","16748"
"2009-10-19","Tyrell","84657","70193","14464"
"2009-10-20","Tyrell","58818","43040","15778"
"2009-10-21","Tyrell","55220","34420","20800"
"2009-10-22","Tyrell","60896","47054","13842"
"2009-10-23","Tyrell","149319","117090","32229"
"2009-10-24","Tyrell","99829","75628","24201"
"2009-10-25","Tyrell","105832","91511","14321"
"2009-10-26","Tyrell","53683","38574","15109"
"2009-10-27","Tyrell","72684","60009","12675"
"2009-10-28","Tyrell","55958","45173","10785"
"2009-10-29","Tyrell","130726","105896","24830"
"2009-10-30","Tyrell","176383","137261","39122"
"2009-10-31","Tyrell","52315","41999","10316"
"2009-11-01","Tyrell","131640","109364","22276"
"2009-11-02","Tyrell","113781","84008","29773"
"2009-11-03","Tyrell","44363","32538","11825"
"2009-11-04","Tyrell","47754","37881","9873"
"2009-11-05","Tyrell","66746","49914","16832"
"2009-11-06","Tyrell","74078","62387","11691"
"2009-11-07","Tyrell","74654","59610","15044"
"2009-11-08","Tyrell","88481","62723","25758"
"2009-11-09","Tyrell","62409","40041","22368"
"2009-11-10","Tyrell","50063","43273","6790"
"2009-11-11","Tyrell","96019","87286","8733"
"2009-11-12","Tyrell","151128","119685","31443"
"2009-11-13","Tyrell","53788","44550","9238"
"2009-11-14","Tyrell","60378","54021","6357"
"2009-11-15","Tyrell","84355","70550","13805"
"2009-11-16","Tyrell","119849","95243","24606"
"2009-11-17","Tyrell","84614","71816","12798"
"2009-11-18","Tyrell","106094","83132","22962"
"2009-11-19","Tyrell","90891","65245","25646"
"2009-11-20","Tyrell","54855","41503","13352"
"2009-11-21","Tyrell","93834","81948","11886"
"2009-11-22","Tyrell","73545","50630","22915"
"2009-11-23","Tyrell","61990","45979","16011"
"2009-11-24","Tyrell","61362","49627","11735"
"2009-11-25","Tyrell","157216","137784","19432"
"2009-11-26","Tyrell","98453","76848","21605"
"2009-11-27","Tyrell","98184","86471","11713"
"2009-11-28","Tyrell","91639","73748","17891"
"2009-11-29","Tyrell","76617","62409","14208"
"2009-11-30","Tyrell","139743","117260","22483"
"2009-12-01","Tyrell","27342","21132","6210"
"2009-12-02","Tyrell","87513","77081","10432"
"2009-12-03","Tyrell","122985","99466","23519"
"2009-12-04","Tyrell","47641","38782","8859"
"2009-12-05","Tyrell","155791","115165","40626"
"2009-12-06","Tyrell","96197","73677","22520"
"2009-12-07","Tyrell","99245","78068","21177"
"2009-12-08","Tyrell","38146","28715","9431"
"2009-12-09","Tyrell","56228","41748","14480"
"2009-12-10","Tyrell","58216","40917","17299"
"2009-12-11","Tyrell","29748","21347","8401"
"2009-12-12","Tyrell","74024","54070","19954"
"2009-12-13","Tyrell","63769","52297","11472"
"2009-12-14","Tyrell","133076","104862","28214"
"2009-12-15","Tyrell","85007","64698","20309"
"2009-12-16","Tyrell","49671","36673","12998"
"2009-12-17","Tyrell","64487","57586","6901"
"2009-12-18","Tyrell","101658","82293","19365"
"2009-12-19","Tyrell","74932","60847","14085"
"2009-12-20","Tyrell","42385","31700","10685"
"2009-12-21","Tyrell","139012","103530","35482"
"2009-12-22","Tyrell","55168","43964","11204"
"2009-12-23","Tyrell","125820","110360","15460"
"2009-12-24","Tyrell","111455","87963","23492"
"2009-12-25","Tyrell","91145","73739","17406"
"2009-12-26","Tyrell","133706","99088","34618"
"2009-12-27","Tyrell","66875","55069","11806"
"2009-12-28","Tyrell","73507","58893","14614"
"2009-12-29","Tyrell","86967","71891","15076"
"2009-12-30","Tyrell","63706","50254","13452"
"2009-12-31","Tyrell","50626","37873","12753"
"2010-01-01","Tyrell","148246","114001","34245"
"2010-01-02","Tyrell","207166","173220","33946"
"2010-01-03","Tyrell","206386","167859","38527"
"2010-01-04","Tyrell","123224","100815","22409"
"2010-01-05","Tyrell","167039","123437","43602"
"2010-01-06","Tyrell","156821","118501","38320"
"2010-01-07","Tyrell","240571","192109","48462"
"2010-01-08","Tyrell","200682","159682","41000"
"2010-01-09","Tyrell","92366","70946","21420"
"2010-01-10","Tyrell","52226","36043","16183"
"2010-01-11","Tyrell","68963","51851","17112"
"2010-01-12","Tyrell","88841","69071","19770"
"2010-01-13","Tyrell","182898","140181","42717"
"2010-01-14","Tyrell","79152","60254","18898"
"2010-01-15","Tyrell","166237","141448","24789"
"2010-01-16","Tyrell","128360","93330","35030"
"2010-01-17","Tyrell","73530","50754","22776"
"2010-01-18","Tyrell","181986","134235","47751"
"2010-01-19","Tyrell","106621","84957","21664"
"2010-01-20","Tyrell","81988","66993","14995"
"2010-01-21","Tyrell","188887","144878","44009"
"2010-01-22","Tyrell","138511","101093","37418"
"2010-01-23","Tyrell","102663","78640","24023"
"2010-01-24","Tyrell","77824","59184","18640"
"2010-01-25","Tyrell","160016","129966","30050"
"2010-01-26","Tyrell","199590","153329","46261"
"2010-01-27","Tyrell","214602","183679","30923"
"2010-01-28","Tyrell","108648","87774","20874"
"2010-01-29","Tyrell","156879","123481","33398"
"2010-01-30","Tyrell","72027","53954","18073"
"2010-01-31","Tyrell","134910","107328","27582"
"2010-02-01","Tyrell","110465","85585","24880"
"2010-02-02","Tyrell","150386","128847","21539"
"2010-02-03","Tyrell","152410","119638","32772"
"2010-02-04","Tyrell","121093","100951","20142"
"2010-02-05","Tyrell","87272","65938","21334"
"2010-02-06","Tyrell","100666","71121","29545"
"2010-02-07","Tyrell","89758","71054","18704"
"2010-02-08","Tyrell","79592","61934","17658"
"2010-02-09","Tyrell","156787","125985","30802"
"2010-02-10","Tyrell","145129","100404","44725"
"2010-02-11","Tyrell","114034","85866","28168"
"2010-02-12","Tyrell","131680","104574","27106"
"2010-02-13","Tyrell","162459","111886","50573"
"2010-02-14","Tyrell","158159","129005","29154"
"2010-02-15","Tyrell","62922","49865","13057"
"2010-02-16","Tyrell","105665","80714","24951"
"2010-02-17","Tyrell","187956","147087","40869"
"2010-02-18","Tyrell","113791","91644","22147"
"2010-02-19","Tyrell","75009","58085","16924"
"2010-02-20","Tyrell","127109","102756","24353"
"2010-02-21","Tyrell","121540","85607","35933"
"2010-02-22","Tyrell","131311","96492","34819"
"2010-02-23","Tyrell","161422","126806","34616"
"2010-02-24","Tyrell","158375","131334","27041"
"2010-02-25","Tyrell","114107","85771","28336"
"2010-02-26","Tyrell","83119","62572","20547"
"2010-02-27","Tyrell","120407","90022","30385"
"2010-02-28","Tyrell","109543","76125","33418"
"2010-03-01","Tyrell","162922","127745","35177"
"2010-03-02","Tyrell","98334","77721","20613"
"2010-03-03","Tyrell","149455","113161","36294"
"2010-03-04","Tyrell","112382","84786","27596"
"2010-03-05","Tyrell","174585","132511","42074"
"2010-03-06","Tyrell","103755","84437","19318"
"2010-03-07","Tyrell","76382","58498","17884"
"2010-03-08","Tyrell","193141","161697","31444"
"2010-03-09","Tyrell","81196","64473","16723"
"2010-03-10","Tyrell","91139","75987","15152"
"2010-03-11","Tyrell","112805","86398","26407"
"2010-03-12","Tyrell","147338","113247","34091"
"2010-03-13","Tyrell","131824","112738","19086"
"2010-03-14","Tyrell","106361","93024","13337"
"2010-03-15","Tyrell","260882","201560","59322"
"2010-03-16","Tyrell","100171","84719","15452"
"2010-03-17","Tyrell","173660","145211","28449"
"2010-03-18","Tyrell","60654","46404","14250"
"2010-03-19","Tyrell","154138","121281","32857"
"2010-03-20","Tyrell","164877","134432","30445"
"2010-03-21","Tyrell","154129","121530","32599"
"2010-03-22","Tyrell","181262","144159","37103"
"2010-03-23","Tyrell","76038","59304","16734"
"2010-03-24","Tyrell","96110","75365","20745"
"2010-03-25","Tyrell","156274","115129","41145"
"2010-03-26","Tyrell","153885","127053","26832"
"2010-03-27","Tyrell","91263","62305","28958"
"2010-03-28","Tyrell","70061","52420","17641"
"2010-03-29","Tyrell","118582","95790","22792"
"2010-03-30","Tyrell","117390","98891","18499"
"2010-03-31","Tyrell","141301","110217","31084"
"2010-04-01","Tyrell","139763","107217","32546"
"2010-04-02","Tyrell","137898","113631","24267"
"2010-04-03","Tyrell","150683","129449","21234"
"2010-04-04","Tyrell","153770","121524","32246"
"2010-04-05","Tyrell","122512","90330","32182"
"2010-04-06","Tyrell","124726","105238","19488"
"2010-04-07","Tyrell","123219","95953","27266"
"2010-04-08","Tyrell","126934","103112","23822"
"2010-04-09","Tyrell","130528","101701","28827"
"2010-04-10","Tyrell","86182","70524","15658"
"2010-04-11","Tyrell","133741","114010","19731"
"2010-04-12","Tyrell","94968","79537","15431"
"2010-04-13","Tyrell","157099","112747","44352"
"2010-04-14","Tyrell","174974","150782","24192"
"2010-04-15","Tyrell","113202","88140","25062"
"2010-04-16","Tyrell","195545","164726","30819"
"2010-04-17","Tyrell","115768","93078","22690"
"2010-04-18","Tyrell","148121","125270","22851"
"2010-04-19","Tyrell","174513","129693","44820"
"2010-04-20","Tyrell","117297","90412","26885"
"2010-04-21","Tyrell","117921","89672","28249"
"2010-04-22","Tyrell","122028","96394","25634"
"2010-04-23","Tyrell","155953","119173","36780"
"2010-04-24","Tyrell","113115","90044","23071"
"2010-04-25","Tyrell","89283","65283","24000"
"2010-04-26","Tyrell","110717","94553","16164"
"2010-04-27","Tyrell","182521","158250","24271"
"2010-04-28","Tyrell","122823","91363","31460"
"2010-04-29","Tyrell","167605","137934","29671"
"2010-04-30","Tyrell","192747","144054","48693"
"2010-05-01","Tyrell","108013","87677","20336"
"2010-05-02","Tyrell","94541","76902","17639"
"2010-05-03","Tyrell","126295","97198","29097"
"2010-05-04","Tyrell","256174","212346","43828"
"2010-05-05","Tyrell","140434","114830","25604"
"2010-05-06","Tyrell","128303","106714","21589"
"2010-05-07","Tyrell","172304","131461","40843"
"2010-05-08","Tyrell","104882","84784","20098"
"2010-05-09","Tyrell","156767","127819","28948"
"2010-05-10","Tyrell","81912","61240","20672"
"2010-05-11","Tyrell","101289","80635","20654"
"2010-05-12","Tyrell","111736","90767","20969"
"2010-05-13","Tyrell","174322","139539","34783"
"2010-05-14","Tyrell","86120","67346","18774"
"2010-05-15","Tyrell","101328","85338","15990"
"2010-05-16","Tyrell","151585","123650","27935"
"2010-05-17","Tyrell","93839","70828","23011"
"2010-05-18","Tyrell","121991","99976","22015"
"2010-05-19","Tyrell","88114","70119","17995"
"2010-05-20","Tyrell","116156","93231","22925"
"2010-05-21","Tyrell","210008","165331","44677"
"2010-05-22","Tyrell","135529","101844","33685"
"2010-05-23","Tyrell","97751","78174","19577"
"2010-05-24","Tyrell","148951","119437","29514"
"2010-05-25","Tyrell","129048","98598","30450"
"2010-05-26","Tyrell","159883","132714","27169"
"2010-05-27","Tyrell","115659","85610","30049"
"2010-05-28","Tyrell","237058","188423","48635"
"2010-05-29","Tyrell","98454","71235","27219"
"2010-05-30","Tyrell","147795","121460","26335"
"2010-05-31","Tyrell","172296","143361","28935"
"2010-06-01","Tyrell","131841","106071","25770"
"2010-06-02","Tyrell","243403","191540","51863"
"2010-06-03","Tyrell","219790","169381","50409"
"2010-06-04","Tyrell","278369","213671","64698"
"2010-06-05","Tyrell","253582","198450","55132"
"2010-06-06","Tyrell","253770","211743","42027"
"2010-06-07","Tyrell","173313","139517","33796"
"2010-06-08","Tyrell","307052","247474","59578"
"2010-06-09","Tyrell","274467","214974","59493"
"2010-06-10","Tyrell","218628","164412","54216"
"2010-06-11","Tyrell","172278","130911","41367"
"2010-06-12","Tyrell","165814","128130","37684"
"2010-06-13","Tyrell","383743","293222","90521"
"2010-06-14","Tyrell","186570","145920","40650"
"2010-06-15","Tyrell","216094","174106","41988"
"2010-06-16","Tyrell","244198","190414","53784"
"2010-06-17","Tyrell","399723","325801","73922"
"2010-06-18","Tyrell","131815","99368","32447"
"2010-06-19","Tyrell","316346","261574","54772"
"2010-06-20","Tyrell","146441","114205","32236"
"2010-06-21","Tyrell","260435","201473","58962"
"2010-06-22","Tyrell","204132","161837","42295"
"2010-06-23","Tyrell","176958","136913","40045"
"2010-06-24","Tyrell","259466","204162","55304"
"2010-06-25","Tyrell","148017","113798","34219"
"2010-06-26","Tyrell","284297","241216","43081"
"2010-06-27","Tyrell","242444","182996","59448"
"2010-06-28","Tyrell","246963","184764","62199"
"2010-06-29","Tyrell","218627","171439","47188"
"2010-06-30","Tyrell","237240","187075","50165"
"2010-07-01","Tyrell","246741","199448","47293"
"2010-07-02","Tyrell","253512","202161","51351"
"2010-07-03","Tyrell","300370","241347","59023"
"2010-07-04","Tyrell","247592","192931","54661"
"2010-07-05","Tyrell","157448","122932","34516"
"2010-07-06","Tyrell","268966","221744","47222"
"2010-07-07","Tyrell","190620","154468","36152"
"2010-07-08","Tyrell","204015","160045","43970"
"2010-07-09","Tyrell","140165","101600","38565"
"2010-07-10","Tyrell","232251","176212","56039"
"2010-07-11","Tyrell","173813","134246","39567"
"2010-07-12","Tyrell","346322","268573","77749"
"2010-07-13","Tyrell","160849","115759","45090"
"2010-07-14","Tyrell","236531","183468","53063"
"2010-07-15","Tyrell","196723","146133","50590"
"2010-07-16","Tyrell","249342","193023","56319"
"2010-07-17","Tyrell","226616","180982","45634"
"2010-07-18","Tyrell","197782","164297","33485"
"2010-07-19","Tyrell","177392","134919","42473"
"2010-07-20","Tyrell","212531","166553","45978"
"2010-07-21","Tyrell","155509","111439","44070"
"2010-07-22","Tyrell","343627","276369","67258"
"2010-07-23","Tyrell","241574","201863","39711"
"2010-07-24","Tyrell","269198","208719","60479"
"2010-07-25","Tyrell","188839","143515","45324"
"2010-07-26","Tyrell","231446","190330","41116"
"2010-07-27","Tyrell","178403","134892","43511"
"2010-07-28","Tyrell","270039","213278","56761"
"2010-07-29","Tyrell","187128","138055","49073"
"2010-07-30","Tyrell","238390","193862","44528"
"2010-07-31","Tyrell","267387","195726","71661"
"2010-08-01","Tyrell","177547","125834","51713"
"2010-08-02","Tyrell","204557","165917","38640"
"2010-08-03","Tyrell","249565","193091","56474"
"2010-08-04","Tyrell","282146","208811","73335"
"2010-08-05","Tyrell","271715","205473","66242"
"2010-08-06","Tyrell","200421","160237","40184"
"2010-08-07","Tyrell","303642","236381","67261"
"2010-08-08","Tyrell","258479","205501","52978"
"2010-08-09","Tyrell","172772","140831","31941"
"2010-08-10","Tyrell","275264","216079","59185"
"2010-08-11","Tyrell","362345","299484","62861"
"2010-08-12","Tyrell","260016","217849","42167"
"2010-08-13","Tyrell","165481","121475","44006"
"2010-08-14","Tyrell","282054","221739","60315"
"2010-08-15","Tyrell","156812","129399","27413"
"2010-08-16","Tyrell","190396","156256","34140"
"2010-08-17","Tyrell","270897","198284","72613"
"2010-08-18","Tyrell","162418","132070","30348"
"2010-08-19","Tyrell","272685","228373","44312"
"2010-08-20","Tyrell","176125","129052","47073"
"2010-08-21","Tyrell","234129","193834","40295"
"2010-08-22","Tyrell","252122","187187","64935"
"2010-08-23","Tyrell","251789","192095","59694"
"2010-08-24","Tyrell","249424","205404","44020"
"2010-08-25","Tyrell","192396","156749","35647"
"2010-08-26","Tyrell","166643","129639","37004"
"2010-08-27","Tyrell","215817","160952","54865"
"2010-08-28","Tyrell","219768","177138","42630"
"2010-08-29","Tyrell","201248","170895","30353"
"2010-08-30","Tyrell","287705","211399","76306"
"2010-08-31","Tyrell","207717","165400","42317"
"2010-09-01","Tyrell","246989","190467","56522"
"2010-09-02","Tyrell","184009","146638","37371"
"2010-09-03","Tyrell","213016","172693","40323"
"2010-09-04","Tyrell","216236","173026","43210"
"2010-09-05","Tyrell","309533","242280","67253"
"2010-09-06","Tyrell","184128","143228","40900"
"2010-09-07","Tyrell","205112","153713","51399"
"2010-09-08","Tyrell","215357","171898","43459"
"2010-09-09","Tyrell","277940","226191","51749"
"2010-09-10","Tyrell","231181","183244","47937"
"2010-09-11","Tyrell","176147","131068","45079"
"2010-09-12","Tyrell","250466","199604","50862"
"2010-09-13","Tyrell","267111","204452","62659"
"2010-09-14","Tyrell","167340","133439","33901"
"2010-09-15","Tyrell","190526","139249","51277"
"2010-09-16","Tyrell","177751","115771","61980"
"2010-09-17","Tyrell","334667","261244","73423"
"2010-09-18","Tyrell","201025","170605","30420"
"2010-09-19","Tyrell","318835","254219","64616"
"2010-09-20","Tyrell","180145","130829","49316"
"2010-09-21","Tyrell","257153","207441","49712"
"2010-09-22","Tyrell","314167","256108","58059"
"2010-09-23","Tyrell","214159","170653","43506"
"2010-09-24","Tyrell","167979","122963","45016"
"2010-09-25","Tyrell","224375","175066","49309"
"2010-09-26","Tyrell","259410","208669","50741"
"2010-09-27","Tyrell","295581","245425","50156"
"2010-09-28","Tyrell","305283","236511","68772"
"2010-09-29","Tyrell","281456","222060","59396"
"2010-09-30","Tyrell","329496","257070","72426"
"2010-10-01","Tyrell","255542","205180","50362"
"2010-10-02","Tyrell","221408","186790","34618"
"2010-10-03","Tyrell","180712","138061","42651"
"2010-10-04","Tyrell","218309","169735","48574"
"2010-10-05","Tyrell","163824","128003","35821"
"2010-10-06","Tyrell","217979","169744","48235"
"2010-10-07","Tyrell","283797","238027","45770"
"2010-10-08","Tyrell","276270","210098","66172"
"2010-10-09","Tyrell","219187","172735","46452"
"2010-10-10","Tyrell","242980","192976","50004"
"2010-10-11","Tyrell","341715","246255","95460"
"2010-10-12","Tyrell","415015","327732","87283"
"2010-10-13","Tyrell","215668","180252","35416"
"2010-10-14","Tyrell","269258","203703","65555"
"2010-10-15","Tyrell","300698","237449","63249"
"2010-10-16","Tyrell","165176","120432","44744"
"2010-10-17","Tyrell","273925","220858","53067"
"2010-10-18","Tyrell","212286","166841","45445"
"2010-10-19","Tyrell","208576","163482","45094"
"2010-10-20","Tyrell","175915","136271","39644"
"2010-10-21","Tyrell","175044","145352","29692"
"2010-10-22","Tyrell","314369","242590","71779"
"2010-10-23","Tyrell","308571","245069","63502"
"2010-10-24","Tyrell","161085","129825","31260"
"2010-10-25","Tyrell","289722","218176","71546"
"2010-10-26","Tyrell","212733","155421","57312"
"2010-10-27","Tyrell","269906","216508","53398"
"2010-10-28","Tyrell","221223","178295","42928"
"2010-10-29","Tyrell","211757","170027","41730"
"2010-10-30","Tyrell","212920","164867","48053"
"2010-10-31","Tyrell","188472","143356","45116"
"2010-11-01","Tyrell","208320","156730","51590"
"2010-11-02","Tyrell","223082","183965","39117"
"2010-11-03","Tyrell","236637","180829","55808"
"2010-11-04","Tyrell","198335","165814","32521"
"2010-11-05","Tyrell","286331","222526","63805"
"2010-11-06","Tyrell","239052","192073","46979"
"2010-11-07","Tyrell","282656","227848","54808"
"2010-11-08","Tyrell","297571","234763","62808"
"2010-11-09","Tyrell","303024","249287","53737"
"2010-11-10","Tyrell","219509","170568","48941"
"2010-11-11","Tyrell","202801","174557","28244"
"2010-11-12","Tyrell","236375","186844","49531"
"2010-11-13","Tyrell","155471","119032","36439"
"2010-11-14","Tyrell","341701","266351","75350"
"2010-11-15","Tyrell","172951","127766","45185"
"2010-11-16","Tyrell","299202","225713","73489"
"2010-11-17","Tyrell","228504","172009","56495"
"2010-11-18","Tyrell","151568","120125","31443"
"2010-11-19","Tyrell","163635","130896","32739"
"2010-11-20","Tyrell","165461","132276","33185"
"2010-11-21","Tyrell","242144","197332","44812"
"2010-11-22","Tyrell","205201","143129","62072"
"2010-11-23","Tyrell","191621","133676","57945"
"2010-11-24","Tyrell","325909","257307","68602"
"2010-11-25","Tyrell","221136","171895","49241"
"2010-11-26","Tyrell","236536","185518","51018"
"2010-11-27","Tyrell","281406","224516","56890"
"2010-11-28","Tyrell","224222","173297","50925"
"2010-11-29","Tyrell","293919","234246","59673"
"2010-11-30","Tyrell","233750","182106","51644"
"2010-12-01","Tyrell","245761","184763","60998"
"2010-12-02","Tyrell","223680","181475","42205"
"2010-12-03","Tyrell","310592","237624","72968"
"2010-12-04","Tyrell","215727","177905","37822"
"2010-12-05","Tyrell","265960","207329","58631"
"2010-12-06","Tyrell","311357","232660","78697"
"2010-12-07","Tyrell","195176","155109","40067"
"2010-12-08","Tyrell","211569","169982","41587"
"2010-12-09","Tyrell","177823","126755","51068"
"2010-12-10","Tyrell","208904","166297","42607"
"2010-12-11","Tyrell","155978","122037","33941"
"2010-12-12","Tyrell","236835","192231","44604"
"2010-12-13","Tyrell","284587","223849","60738"
"2010-12-14","Tyrell","256062","198630","57432"
"2010-12-15","Tyrell","208083","149136","58947"
"2010-12-16","Tyrell","279708","228443","51265"
"2010-12-17","Tyrell","202545","158263","44282"
"2010-12-18","Tyrell","228779","181101","47678"
"2010-12-19","Tyrell","171782","128824","42958"
"2010-12-20","Tyrell","143529","103057","40472"
"2010-12-21","Tyrell","159322","121901","37421"
"2010-12-22","Tyrell","196417","157169","39248"
"2010-12-23","Tyrell","215005","175071","39934"
"2010-12-24","Tyrell","363520","290718","72802"
"2010-12-25","Tyrell","191283","149069","42214"
"2010-12-26","Tyrell","173934","135063","38871"
"2010-12-27","Tyrell","189135","139506","49629"
"2010-12-28","Tyrell","265560","208523","57037"
"2010-12-29","Tyrell","259831","207283","52548"
"2010-12-30","Tyrell","227653","167552","60101"
"2010-12-31","Tyrell","324137","245109","79028"
"2011-01-01","Tyrell","286458","211584","74874"
"2011-01-02","Tyrell","480068","373468","106600"
"2011-01-03","Tyrell","195162","151185","43977"
"2011-01-04","Tyrell","254141","205097","49044"
"2011-01-05","Tyrell","166370","125727","40643"
"2011-01-06","Tyrell","270137","208374","61763"
"2011-01-07","Tyrell","318814","247106","71708"
"2011-01-08","Tyrell","166710","135513","31197"
"2011-01-09","Tyrell","218673","163855","54818"
"2011-01-10","Tyrell","247430","201776","45654"
"2011-01-11","Tyrell","189296","151825","37471"
"2011-01-12","Tyrell","237080","186307","50773"
"2011-01-13","Tyrell","197522","149982","47540"
"2011-01-14","Tyrell","242231","189939","52292"
"2011-01-15","Tyrell","233144","190853","42291"
"2011-01-16","Tyrell","254730","200523","54207"
"2011-01-17","Tyrell","265553","209837","55716"
"2011-01-18","Tyrell","225991","169071","56920"
"2011-01-19","Tyrell","225209","183394","41815"
"2011-01-20","Tyrell","123522","98113","25409"
"2011-01-21","Tyrell","205327","154458","50869"
"2011-01-22","Tyrell","258676","201472","57204"
"2011-01-23","Tyrell","208244","168264","39980"
"2011-01-24","Tyrell","217905","154930","62975"
"2011-01-25","Tyrell","281980","225610","56370"
"2011-01-26","Tyrell","247378","188092","59286"
"2011-01-27","Tyrell","302805","237169","65636"
"2011-01-28","Tyrell","258154","211076","47078"
"2011-01-29","Tyrell","265452","217522","47930"
"2011-01-30","Tyrell","304053","240622","63431"
"2011-01-31","Tyrell","170720","132142","38578"
"2011-02-01","Tyrell","226207","183646","42561"
"2011-02-02","Tyrell","272280","200359","71921"
"2011-02-03","Tyrell","245248","193891","51357"
"2011-02-04","Tyrell","286489","227620","58869"
"2011-02-05","Tyrell","327421","262826","64595"
"2011-02-06","Tyrell","307265","254569","52696"
"2011-02-07","Tyrell","348032","272109","75923"
"2011-02-08","Tyrell","268084","217198","50886"
"2011-02-09","Tyrell","286481","236813","49668"
"2011-02-10","Tyrell","208074","167578","40496"
"2011-02-11","Tyrell","287203","227026","60177"
"2011-02-12","Tyrell","359427","271180","88247"
"2011-02-13","Tyrell","302958","243167","59791"
"2011-02-14","Tyrell","371929","284321","87608"
"2011-02-15","Tyrell","217809","168249","49560"
"2011-02-16","Tyrell","198891","162252","36639"
"2011-02-17","Tyrell","354350","280242","74108"
"2011-02-18","Tyrell","342562","272706","69856"
"2011-02-19","Tyrell","382066","318441","63625"
"2011-02-20","Tyrell","401367","339755","61612"
"2011-02-21","Tyrell","252081","201022","51059"
"2011-02-22","Tyrell","253839","191027","62812"
"2011-02-23","Tyrell","317791","257138","60653"
"2011-02-24","Tyrell","316362","259191","57171"
"2011-02-25","Tyrell","294619","235923","58696"
"2011-02-26","Tyrell","207585","152632","54953"
"2011-02-27","Tyrell","188946","139760","49186"
"2011-02-28","Tyrell","149030","120103","28927"
"2011-03-01","Tyrell","287238","216976","70262"
"2011-03-02","Tyrell","170440","126491","43949"
"2011-03-03","Tyrell","325734","245479","80255"
"2011-03-04","Tyrell","361886","281966","79920"
"2011-03-05","Tyrell","216529","167799","48730"
"2011-03-06","Tyrell","312553","258012","54541"
"2011-03-07","Tyrell","324465","263161","61304"
"2011-03-08","Tyrell","339780","275346","64434"
"2011-03-09","Tyrell","360620","275969","84651"
"2011-03-10","Tyrell","196736","162482","34254"
"2011-03-11","Tyrell","204176","152592","51584"
"2011-03-12","Tyrell","208554","175379","33175"
"2011-03-13","Tyrell","242371","194626","47745"
"2011-03-14","Tyrell","409474","335505","73969"
"2011-03-15","Tyrell","228162","174817","53345"
"2011-03-16","Tyrell","260149","199378","60771"
"2011-03-17","Tyrell","278528","237795","40733"
"2011-03-18","Tyrell","279737","224357","55380"
"2011-03-19","Tyrell","299394","247570","51824"
"2011-03-20","Tyrell","233731","179701","54030"
"2011-03-21","Tyrell","224926","178202","46724"
"2011-03-22","Tyrell","243849","194566","49283"
"2011-03-23","Tyrell","192219","149915","42304"
"2011-03-24","Tyrell","284205","214355","69850"
"2011-03-25","Tyrell","227399","172463","54936"
"2011-03-26","Tyrell","222809","173720","49089"
"2011-03-27","Tyrell","282630","218526","64104"
"2011-03-28","Tyrell","257876","202313","55563"
"2011-03-29","Tyrell","244926","198051","46875"
"2011-03-30","Tyrell","198843","160248","38595"
"2011-03-31","Tyrell","194278","141588","52690"
"2011-04-01","Tyrell","226782","171061","55721"
"2011-04-02","Tyrell","249459","196926","52533"
"2011-04-03","Tyrell","201055","163220","37835"
"2011-04-04","Tyrell","331678","255151","76527"
"2011-04-05","Tyrell","229665","176427","53238"
"2011-04-06","Tyrell","204262","159961","44301"
"2011-04-07","Tyrell","241844","189548","52296"
"2011-04-08","Tyrell","316364","255615","60749"
"2011-04-09","Tyrell","298615","251055","47560"
"2011-04-10","Tyrell","201742","165206","36536"
"2011-04-11","Tyrell","361778","290000","71778"
"2011-04-12","Tyrell","278010","235517","42493"
"2011-04-13","Tyrell","221493","177112","44381"
"2011-04-14","Tyrell","292995","233973","59022"
"2011-04-15","Tyrell","237739","180713","57026"
"2011-04-16","Tyrell","231851","191562","40289"
"2011-04-17","Tyrell","196058","156972","39086"
"2011-04-18","Tyrell","375683","295562","80121"
"2011-04-19","Tyrell","258711","206938","51773"
"2011-04-20","Tyrell","338950","274644","64306"
"2011-04-21","Tyrell","320443","259597","60846"
"2011-04-22","Tyrell","176580","133694","42886"
"2011-04-23","Tyrell","319363","254795","64568"
"2011-04-24","Tyrell","268835","216492","52343"
"2011-04-25","Tyrell","222320","175099","47221"
"2011-04-26","Tyrell","282200","219510","62690"
"2011-04-27","Tyrell","325313","257202","68111"
"2011-04-28","Tyrell","315661","263807","51854"
"2011-04-29","Tyrell","286407","243449","42958"
"2011-04-30","Tyrell","258550","205348","53202"
"2011-05-01","Tyrell","342548","273080","69468"
"2011-05-02","Tyrell","265463","219827","45636"
"2011-05-03","Tyrell","233559","188212","45347"
"2011-05-04","Tyrell","245705","195610","50095"
"2011-05-05","Tyrell","310360","242092","68268"
"2011-05-06","Tyrell","262515","210138","52377"
"2011-05-07","Tyrell","279310","235963","43347"
"2011-05-08","Tyrell","394224","317780","76444"
"2011-05-09","Tyrell","307591","247448","60143"
"2011-05-10","Tyrell","313147","249427","63720"
"2011-05-11","Tyrell","258352","202460","55892"
"2011-05-12","Tyrell","275867","217784","58083"
"2011-05-13","Tyrell","170210","123528","46682"
"2011-05-14","Tyrell","231879","188170","43709"
"2011-05-15","Tyrell","218107","169016","49091"
"2011-05-16","Tyrell","235347","177632","57715"
"2011-05-17","Tyrell","356208","288406","67802"
"2011-05-18","Tyrell","350173","262099","88074"
"2011-05-19","Tyrell","260725","214853","45872"
"2011-05-20","Tyrell","331972","271589","60383"
"2011-05-21","Tyrell","331125","269141","61984"
"2011-05-22","Tyrell","207167","159246","47921"
"2011-05-23","Tyrell","259771","207300","52471"
"2011-05-24","Tyrell","272313","226279","46034"
"2011-05-25","Tyrell","287795","228833","58962"
"2011-05-26","Tyrell","217251","171846","45405"
"2011-05-27","Tyrell","352248","284858","67390"
"2011-05-28","Tyrell","310247","238972","71275"
"2011-05-29","Tyrell","240041","187412","52629"
"2011-05-30","Tyrell","212409","158471","53938"
"2011-05-31","Tyrell","155992","112938","43054"
"2011-06-01","Tyrell","241953","182733","59220"
"2011-06-02","Tyrell","385303","302628","82675"
"2011-06-03","Tyrell","424998","338226","86772"
"2011-06-04","Tyrell","366292","287488","78804"
"2011-06-05","Tyrell","344316","260765","83551"
"2011-06-06","Tyrell","243488","189572","53916"
"2011-06-07","Tyrell","344830","277290","67540"
"2011-06-08","Tyrell","422770","341591","81179"
"2011-06-09","Tyrell","308282","251746","56536"
"2011-06-10","Tyrell","263126","215585","47541"
"2011-06-11","Tyrell","227561","169822","57739"
"2011-06-12","Tyrell","306772","250087","56685"
"2011-06-13","Tyrell","343861","263035","80826"
"2011-06-14","Tyrell","405387","337179","68208"
"2011-06-15","Tyrell","213366","152973","60393"
"2011-06-16","Tyrell","225140","174736","50404"
"2011-06-17","Tyrell","291064","232978","58086"
"2011-06-18","Tyrell","312133","234911","77222"
"2011-06-19","Tyrell","386517","317833","68684"
"2011-06-20","Tyrell","402533","311396","91137"
"2011-06-21","Tyrell","478688","368523","110165"
"2011-06-22","Tyrell","470009","387476","82533"
"2011-06-23","Tyrell","416138","318480","97658"
"2011-06-24","Tyrell","424253","346313","77940"
"2011-06-25","Tyrell","352694","261094","91600"
"2011-06-26","Tyrell","296497","239226","57271"
"2011-06-27","Tyrell","333711","271523","62188"
"2011-06-28","Tyrell","394049","304772","89277"
"2011-06-29","Tyrell","294218","235306","58912"
"2011-06-30","Tyrell","304136","232094","72042"
"2011-07-01","Tyrell","330196","258203","71993"
"2011-07-02","Tyrell","257057","207173","49884"
"2011-07-03","Tyrell","320699","270344","50355"
"2011-07-04","Tyrell","254955","192082","62873"
"2011-07-05","Tyrell","390710","303161","87549"
"2011-07-06","Tyrell","351891","288119","63772"
"2011-07-07","Tyrell","497235","370511","126724"
"2011-07-08","Tyrell","251823","204443","47380"
"2011-07-09","Tyrell","366590","278303","88287"
"2011-07-10","Tyrell","305587","238601","66986"
"2011-07-11","Tyrell","339476","268006","71470"
"2011-07-12","Tyrell","397828","321610","76218"
"2011-07-13","Tyrell","229136","178409","50727"
"2011-07-14","Tyrell","352647","296960","55687"
"2011-07-15","Tyrell","324919","255282","69637"
"2011-07-16","Tyrell","327859","282205","45654"
"2011-07-17","Tyrell","380575","299790","80785"
"2011-07-18","Tyrell","359048","291060","67988"
"2011-07-19","Tyrell","282935","218394","64541"
"2011-07-20","Tyrell","344455","269914","74541"
"2011-07-21","Tyrell","283869","223685","60184"
"2011-07-22","Tyrell","300792","235028","65764"
"2011-07-23","Tyrell","352955","285438","67517"
"2011-07-24","Tyrell","318600","250447","68153"
"2011-07-25","Tyrell","420687","332770","87917"
"2011-07-26","Tyrell","287727","230152","57575"
"2011-07-27","Tyrell","368752","290053","78699"
"2011-07-28","Tyrell","362762","288491","74271"
"2011-07-29","Tyrell","288249","234972","53277"
"2011-07-30","Tyrell","291936","241281","50655"
"2011-07-31","Tyrell","353432","274435","78997"
"2011-08-01","Tyrell","323893","244745","79148"
"2011-08-02","Tyrell","329794","263385","66409"
"2011-08-03","Tyrell","377691","300304","77387"
"2011-08-04","Tyrell","296468","233769","62699"
"2011-08-05","Tyrell","374358","302376","71982"
"2011-08-06","Tyrell","273498","214992","58506"
"2011-08-07","Tyrell","263249","203633","59616"
"2011-08-08","Tyrell","266624","201592","65032"
"2011-08-09","Tyrell","309518","244055","65463"
"2011-08-10","Tyrell","452699","359522","93177"
"2011-08-11","Tyrell","229885","184959","44926"
"2011-08-12","Tyrell","286023","232281","53742"
"2011-08-13","Tyrell","383780","285626","98154"
"2011-08-14","Tyrell","258579","212511","46068"
"2011-08-15","Tyrell","443612","362402","81210"
"2011-08-16","Tyrell","303325","248329","54996"
"2011-08-17","Tyrell","268124","203431","64693"
"2011-08-18","Tyrell","295679","224449","71230"
"2011-08-19","Tyrell","281569","226871","54698"
"2011-08-20","Tyrell","355144","288778","66366"
"2011-08-21","Tyrell","231545","174036","57509"
"2011-08-22","Tyrell","201016","151621","49395"
"2011-08-23","Tyrell","314975","239119","75856"
"2011-08-24","Tyrell","474190","363851","110339"
"2011-08-25","Tyrell","325293","261546","63747"
"2011-08-26","Tyrell","260112","210374","49738"
"2011-08-27","Tyrell","393052","332295","60757"
"2011-08-28","Tyrell","394565","319549","75016"
"2011-08-29","Tyrell","385972","302482","83490"
"2011-08-30","Tyrell","405822","323302","82520"
"2011-08-31","Tyrell","205809","152728","53081"
"2011-09-01","Tyrell","367399","275956","91443"
"2011-09-02","Tyrell","332425","265355","67070"
"2011-09-03","Tyrell","367398","285766","81632"
"2011-09-04","Tyrell","427474","316697","110777"
"2011-09-05","Tyrell","418099","322256","95843"
"2011-09-06","Tyrell","326751","274609","52142"
"2011-09-07","Tyrell","269614","218508","51106"
"2011-09-08","Tyrell","356079","289703","66376"
"2011-09-09","Tyrell","215036","163509","51527"
"2011-09-10","Tyrell","302225","237083","65142"
"2011-09-11","Tyrell","332745","262335","70410"
"2011-09-12","Tyrell","483055","391233","91822"
"2011-09-13","Tyrell","224082","180447","43635"
"2011-09-14","Tyrell","303885","241912","61973"
"2011-09-15","Tyrell","359895","303101","56794"
"2011-09-16","Tyrell","400181","317268","82913"
"2011-09-17","Tyrell","251516","192039","59477"
"2011-09-18","Tyrell","318650","261039","57611"
"2011-09-19","Tyrell","409626","327850","81776"
"2011-09-20","Tyrell","458648","371392","87256"
"2011-09-21","Tyrell","416402","318141","98261"
"2011-09-22","Tyrell","282965","227131","55834"
"2011-09-23","Tyrell","318441","246783","71658"
"2011-09-24","Tyrell","333025","260141","72884"
"2011-09-25","Tyrell","223230","165044","58186"
"2011-09-26","Tyrell","225223","173517","51706"
"2011-09-27","Tyrell","412000","324696","87304"
"2011-09-28","Tyrell","270198","202118","68080"
"2011-09-29","Tyrell","318842","266241","52601"
"2011-09-30","Tyrell","319162","243274","75888"
"2011-10-01","Tyrell","358909","278778","80131"
"2011-10-02","Tyrell","208807","164046","44761"
"2011-10-03","Tyrell","279567","209145","70422"
"2011-10-04","Tyrell","329049","268642","60407"
"2011-10-05","Tyrell","409427","319566","89861"
"2011-10-06","Tyrell","206975","158889","48086"
"2011-10-07","Tyrell","311103","257447","53656"
"2011-10-08","Tyrell","254047","204706","49341"
"2011-10-09","Tyrell","353862","275009","78853"
"2011-10-10","Tyrell","282916","235264","47652"
"2011-10-11","Tyrell","264938","206905","58033"
"2011-10-12","Tyrell","226785","158714","68071"
"2011-10-13","Tyrell","275772","227483","48289"
"2011-10-14","Tyrell","233739","179897","53842"
"2011-10-15","Tyrell","352593","267147","85446"
"2011-10-16","Tyrell","354819","292625","62194"
"2011-10-17","Tyrell","310638","239054","71584"
"2011-10-18","Tyrell","400101","321327","78774"
"2011-10-19","Tyrell","244304","193487","50817"
"2011-10-20","Tyrell","358660","295957","62703"
"2011-10-21","Tyrell","319482","258041","61441"
"2011-10-22","Tyrell","249485","189811","59674"
"2011-10-23","Tyrell","428675","347976","80699"
"2011-10-24","Tyrell","292537","224701","67836"
"2011-10-25","Tyrell","371181","282986","88195"
"2011-10-26","Tyrell","231118","181809","49309"
"2011-10-27","Tyrell","363437","298220","65217"
"2011-10-28","Tyrell","366389","295292","71097"
"2011-10-29","Tyrell","295569","227599","67970"
"2011-10-30","Tyrell","305219","234877","70342"
"2011-10-31","Tyrell","303270","244942","58328"
"2011-11-01","Tyrell","264298","203329","60969"
"2011-11-02","Tyrell","300825","222815","78010"
"2011-11-03","Tyrell","541684","430740","110944"
"2011-11-04","Tyrell","415744","336445","79299"
"2011-11-05","Tyrell","363272","289341","73931"
"2011-11-06","Tyrell","399981","330746","69235"
"2011-11-07","Tyrell","364684","292133","72551"
"2011-11-08","Tyrell","343494","284228","59266"
"2011-11-09","Tyrell","278329","218797","59532"
"2011-11-10","Tyrell","325907","238046","87861"
"2011-11-11","Tyrell","326811","261363","65448"
"2011-11-12","Tyrell","366847","291138","75709"
"2011-11-13","Tyrell","250718","200315","50403"
"2011-11-14","Tyrell","339487","268066","71421"
"2011-11-15","Tyrell","306008","238398","67610"
"2011-11-16","Tyrell","309323","251574","57749"
"2011-11-17","Tyrell","365630","272519","93111"
"2011-11-18","Tyrell","253591","195519","58072"
"2011-11-19","Tyrell","388838","299832","89006"
"2011-11-20","Tyrell","324813","260461","64352"
"2011-11-21","Tyrell","259417","198579","60838"
"2011-11-22","Tyrell","326060","251709","74351"
"2011-11-23","Tyrell","389000","300835","88165"
"2011-11-24","Tyrell","400150","313399","86751"
"2011-11-25","Tyrell","187373","143449","43924"
"2011-11-26","Tyrell","178582","141390","37192"
"2011-11-27","Tyrell","252205","196259","55946"
"2011-11-28","Tyrell","248948","202784","46164"
"2011-11-29","Tyrell","313754","243275","70479"
"2011-11-30","Tyrell","298794","229789","69005"
"2011-12-01","Tyrell","329797","255481","74316"
"2011-12-02","Tyrell","292845","226574","66271"
"2011-12-03","Tyrell","320343","249457","70886"
"2011-12-04","Tyrell","251147","198207","52940"
"2011-12-05","Tyrell","226427","172035","54392"
"2011-12-06","Tyrell","403801","321585","82216"
"2011-12-07","Tyrell","370460","295101","75359"
"2011-12-08","Tyrell","329551","271741","57810"
"2011-12-09","Tyrell","299005","237906","61099"
"2011-12-10","Tyrell","283383","228471","54912"
"2011-12-11","Tyrell","316845","248626","68219"
"2011-12-12","Tyrell","349710","281360","68350"
"2011-12-13","Tyrell","255823","192872","62951"
"2011-12-14","Tyrell","444040","346364","97676"
"2011-12-15","Tyrell","321608","255745","65863"
"2011-12-16","Tyrell","310246","252304","57942"
"2011-12-17","Tyrell","349147","273506","75641"
"2011-12-18","Tyrell","329211","258715","70496"
"2011-12-19","Tyrell","241351","187470","53881"
"2011-12-20","Tyrell","270661","219505","51156"
"2011-12-21","Tyrell","310103","241091","69012"
"2011-12-22","Tyrell","324719","253535","71184"
"2011-12-23","Tyrell","355183","275989","79194"
"2011-12-24","Tyrell","268596","211829","56767"
"2011-12-25","Tyrell","328887","254463","74424"
"2011-12-26","Tyrell","376695","298492","78203"
"2011-12-27","Tyrell","249049","192062","56987"
"2011-12-28","Tyrell","368797","282007","86790"
"2011-12-29","Tyrell","337859","265771","72088"
"2011-12-30","Tyrell","307124","249124","58000"
"2011-12-31","Tyrell","316452","259971","56481"
"2012-01-01","Tyrell","366899","261407","105492"
"2012-01-02","Tyrell","521378","409338","112040"
"2012-01-03","Tyrell","357568","284094","73474"
"2012-01-04","Tyrell","351962","275868","76094"
"2012-01-05","Tyrell","474391","344239","130152"
"2012-01-06","Tyrell","613303","493049","120254"
"2012-01-07","Tyrell","410346","313657","96689"
"2012-01-08","Tyrell","437022","335775","101247"
"2012-01-09","Tyrell","393356","317547","75809"
"2012-01-10","Tyrell","371561","302555","69006"
"2012-01-11","Tyrell","374985","299813","75172"
"2012-01-12","Tyrell","619504","483581","135923"
"2012-01-13","Tyrell","419177","323971","95206"
"2012-01-14","Tyrell","335304","256937","78367"
"2012-01-15","Tyrell","509305","403043","106262"
"2012-01-16","Tyrell","432369","345812","86557"
"2012-01-17","Tyrell","523785","414085","109700"
"2012-01-18","Tyrell","445819","345453","100366"
"2012-01-19","Tyrell","392442","317192","75250"
"2012-01-20","Tyrell","475144","358115","117029"
"2012-01-21","Tyrell","339172","257456","81716"
"2012-01-22","Tyrell","526502","417826","108676"
"2012-01-23","Tyrell","461932","371276","90656"
"2012-01-24","Tyrell","495493","389709","105784"
"2012-01-25","Tyrell","340079","271148","68931"
"2012-01-26","Tyrell","592662","490894","101768"
"2012-01-27","Tyrell","493724","383794","109930"
"2012-01-28","Tyrell","331866","266849","65017"
"2012-01-29","Tyrell","548668","442225","106443"
"2012-01-30","Tyrell","422882","340352","82530"
"2012-01-31","Tyrell","421281","326238","95043"
"2012-02-01","Tyrell","434715","356742","77973"
"2012-02-02","Tyrell","626704","480995","145709"
"2012-02-03","Tyrell","461623","362394","99229"
"2012-02-04","Tyrell","654942","511050","143892"
"2012-02-05","Tyrell","381397","300982","80415"
"2012-02-06","Tyrell","621987","479321","142666"
"2012-02-07","Tyrell","455378","364114","91264"
"2012-02-08","Tyrell","462500","353418","109082"
"2012-02-09","Tyrell","493659","377747","115912"
"2012-02-10","Tyrell","558032","448655","109377"
"2012-02-11","Tyrell","430282","336107","94175"
"2012-02-12","Tyrell","425253","340139","85114"
"2012-02-13","Tyrell","439925","359858","80067"
"2012-02-14","Tyrell","447553","351008","96545"
"2012-02-15","Tyrell","464728","353254","111474"
"2012-02-16","Tyrell","625615","490720","134895"
"2012-02-17","Tyrell","534347","427731","106616"
"2012-02-18","Tyrell","534471","420772","113699"
"2012-02-19","Tyrell","372833","285349","87484"
"2012-02-20","Tyrell","344220","258291","85929"
"2012-02-21","Tyrell","409744","312288","97456"
"2012-02-22","Tyrell","533519","399421","134098"
"2012-02-23","Tyrell","351734","268153","83581"
"2012-02-24","Tyrell","458982","357296","101686"
"2012-02-25","Tyrell","382894","296899","85995"
"2012-02-26","Tyrell","539009","420290","118719"
"2012-02-27","Tyrell","634713","497819","136894"
"2012-02-28","Tyrell","529889","433338","96551"
"2012-02-29","Tyrell","346011","286107","59904"
"2012-03-01","Tyrell","375703","296401","79302"
"2012-03-02","Tyrell","580505","461289","119216"
"2012-03-03","Tyrell","495555","401410","94145"
"2012-03-04","Tyrell","455890","347419","108471"
"2012-03-05","Tyrell","544591","418852","125739"
"2012-03-06","Tyrell","416374","325933","90441"
"2012-03-07","Tyrell","456800","355251","101549"
"2012-03-08","Tyrell","530238","428081","102157"
"2012-03-09","Tyrell","507276","424502","82774"
"2012-03-10","Tyrell","546337","439811","106526"
"2012-03-11","Tyrell","418336","328559","89777"
"2012-03-12","Tyrell","466311","370212","96099"
"2012-03-13","Tyrell","532873","437821","95052"
"2012-03-14","Tyrell","367480","292650","74830"
"2012-03-15","Tyrell","453731","363081","90650"
"2012-03-16","Tyrell","412708","313225","99483"
"2012-03-17","Tyrell","402995","322806","80189"
"2012-03-18","Tyrell","406741","313100","93641"
"2012-03-19","Tyrell","640321","502824","137497"
"2012-03-20","Tyrell","451879","356950","94929"
"2012-03-21","Tyrell","601071","471648","129423"
"2012-03-22","Tyrell","472402","370507","101895"
"2012-03-23","Tyrell","452995","348043","104952"
"2012-03-24","Tyrell","579157","478849","100308"
"2012-03-25","Tyrell","685681","555960","129721"
"2012-03-26","Tyrell","560703","451214","109489"
"2012-03-27","Tyrell","545144","432782","112362"
"2012-03-28","Tyrell","617114","485953","131161"
"2012-03-29","Tyrell","496535","401438","95097"
"2012-03-30","Tyrell","591269","478365","112904"
"2012-03-31","Tyrell","385210","302927","82283"
"2012-04-01","Tyrell","365912","283588","82324"
"2012-04-02","Tyrell","539284","436933","102351"
"2012-04-03","Tyrell","504365","397645","106720"
"2012-04-04","Tyrell","426597","343161","83436"
"2012-04-05","Tyrell","475131","370379","104752"
"2012-04-06","Tyrell","626356","494871","131485"
"2012-04-07","Tyrell","353718","272211","81507"
"2012-04-08","Tyrell","660265","538412","121853"
"2012-04-09","Tyrell","519011","411958","107053"
"2012-04-10","Tyrell","526610","406487","120123"
"2012-04-11","Tyrell","501141","402930","98211"
"2012-04-12","Tyrell","504838","395897","108941"
"2012-04-13","Tyrell","317006","250992","66014"
"2012-04-14","Tyrell","501780","390690","111090"
"2012-04-15","Tyrell","380848","288141","92707"
"2012-04-16","Tyrell","584840","477607","107233"
"2012-04-17","Tyrell","487501","388275","99226"
"2012-04-18","Tyrell","512591","409331","103260"
"2012-04-19","Tyrell","553039","452365","100674"
"2012-04-20","Tyrell","545924","418546","127378"
"2012-04-21","Tyrell","471403","364563","106840"
"2012-04-22","Tyrell","568630","440479","128151"
"2012-04-23","Tyrell","721962","563904","158058"
"2012-04-24","Tyrell","428465","348853","79612"
"2012-04-25","Tyrell","448545","335669","112876"
"2012-04-26","Tyrell","576594","433520","143074"
"2012-04-27","Tyrell","396026","304538","91488"
"2012-04-28","Tyrell","397074","305064","92010"
"2012-04-29","Tyrell","497998","393872","104126"
"2012-04-30","Tyrell","488236","387844","100392"
"2012-05-01","Tyrell","479606","381914","97692"
"2012-05-02","Tyrell","633560","503694","129866"
"2012-05-03","Tyrell","512039","406480","105559"
"2012-05-04","Tyrell","429342","322677","106665"
"2012-05-05","Tyrell","454917","359016","95901"
"2012-05-06","Tyrell","512617","396473","116144"
"2012-05-07","Tyrell","431517","341147","90370"
"2012-05-08","Tyrell","528212","408436","119776"
"2012-05-09","Tyrell","323235","238099","85136"
"2012-05-10","Tyrell","513175","384992","128183"
"2012-05-11","Tyrell","495617","408669","86948"
"2012-05-12","Tyrell","482173","370312","111861"
"2012-05-13","Tyrell","561680","446622","115058"
"2012-05-14","Tyrell","386252","301967","84285"
"2012-05-15","Tyrell","632642","501345","131297"
"2012-05-16","Tyrell","459712","346355","113357"
"2012-05-17","Tyrell","499510","406496","93014"
"2012-05-18","Tyrell","372981","298193","74788"
"2012-05-19","Tyrell","418582","335799","82783"
"2012-05-20","Tyrell","489611","387305","102306"
"2012-05-21","Tyrell","377541","275064","102477"
"2012-05-22","Tyrell","434943","350692","84251"
"2012-05-23","Tyrell","480934","359223","121711"
"2012-05-24","Tyrell","450361","345687","104674"
"2012-05-25","Tyrell","619289","501643","117646"
"2012-05-26","Tyrell","568140","434749","133391"
"2012-05-27","Tyrell","468943","387481","81462"
"2012-05-28","Tyrell","574213","467519","106694"
"2012-05-29","Tyrell","500972","402675","98297"
"2012-05-30","Tyrell","608758","478373","130385"
"2012-05-31","Tyrell","390526","308365","82161"
"2012-06-01","Tyrell","84930","67670","17260"
"2012-06-02","Tyrell","260348","199169","61179"
"2012-06-03","Tyrell","204487","159020","45467"
"2012-06-04","Tyrell","284788","198581","86207"
"2012-06-05","Tyrell","203314","165588","37726"
"2012-06-06","Tyrell","201856","155571","46285"
"2012-06-07","Tyrell","289557","224660","64897"
"2012-06-08","Tyrell","264429","210631","53798"
"2012-06-09","Tyrell","177755","151149","26606"
"2012-06-10","Tyrell","275360","226612","48748"
"2012-06-11","Tyrell","287879","244186","43693"
"2012-06-12","Tyrell","215007","156281","58726"
"2012-06-13","Tyrell","200495","160788","39707"
"2012-06-14","Tyrell","336867","266940","69927"
"2012-06-15","Tyrell","216268","179151","37117"
"2012-06-16","Tyrell","213227","172783","40444"
"2012-06-17","Tyrell","203083","168282","34801"
"2012-06-18","Tyrell","228834","185889","42945"
"2012-06-19","Tyrell","152156","119976","32180"
"2012-06-20","Tyrell","243375","184728","58647"
"2012-06-21","Tyrell","208501","158080","50421"
"2012-06-22","Tyrell","164876","126671","38205"
"2012-06-23","Tyrell","180713","140904","39809"
"2012-06-24","Tyrell","315955","253769","62186"
"2012-06-25","Tyrell","246336","199242","47094"
"2012-06-26","Tyrell","251982","198482","53500"
"2012-06-27","Tyrell","208907","162807","46100"
"2012-06-28","Tyrell","162312","129805","32507"
"2012-06-29","Tyrell","376825","288091","88734"
"2012-06-30","Tyrell","256171","192724","63447"
"2012-07-01","Tyrell","276189","222287","53902"
"2012-07-02","Tyrell","183627","147630","35997"
"2012-07-03","Tyrell","126406","97216","29190"
"2012-07-04","Tyrell","273417","226535","46882"
"2012-07-05","Tyrell","227092","174935","52157"
"2012-07-06","Tyrell","251200","206282","44918"
"2012-07-07","Tyrell","354060","276669","77391"
"2012-07-08","Tyrell","265703","220913","44790"
"2012-07-09","Tyrell","277286","224929","52357"
"2012-07-10","Tyrell","196904","157854","39050"
"2012-07-11","Tyrell","249838","197561","52277"
"2012-07-12","Tyrell","279517","228116","51401"
"2012-07-13","Tyrell","291850","241933","49917"
"2012-07-14","Tyrell","173986","133158","40828"
"2012-07-15","Tyrell","181803","147034","34769"
"2012-07-16","Tyrell","192765","139801","52964"
"2012-07-17","Tyrell","165335","134866","30469"
"2012-07-18","Tyrell","144197","117025","27172"
"2012-07-19","Tyrell","243523","208372","35151"
"2012-07-20","Tyrell","216401","173042","43359"
"2012-07-21","Tyrell","229076","186044","43032"
"2012-07-22","Tyrell","181878","144598","37280"
"2012-07-23","Tyrell","317218","251931","65287"
"2012-07-24","Tyrell","314646","242327","72319"
"2012-07-25","Tyrell","211682","165091","46591"
"2012-07-26","Tyrell","265760","212533","53227"
"2012-07-27","Tyrell","189977","146745","43232"
"2012-07-28","Tyrell","182918","150873","32045"
"2012-07-29","Tyrell","192650","153936","38714"
"2012-07-30","Tyrell","274497","211037","63460"
"2012-07-31","Tyrell","267791","214820","52971"
"2012-08-01","Tyrell","248382","199866","48516"
"2012-08-02","Tyrell","262875","198287","64588"
"2012-08-03","Tyrell","136871","99553","37318"
"2012-08-04","Tyrell","233335","178007","55328"
"2012-08-05","Tyrell","201636","153304","48332"
"2012-08-06","Tyrell","167256","140017","27239"
"2012-08-07","Tyrell","223186","159735","63451"
"2012-08-08","Tyrell","270473","201932","68541"
"2012-08-09","Tyrell","167490","124531","42959"
"2012-08-10","Tyrell","387766","302114","85652"
"2012-08-11","Tyrell","167973","130602","37371"
"2012-08-12","Tyrell","278856","222353","56503"
"2012-08-13","Tyrell","272167","215875","56292"
"2012-08-14","Tyrell","166285","127334","38951"
"2012-08-15","Tyrell","139664","110113","29551"
"2012-08-16","Tyrell","204175","164224","39951"
"2012-08-17","Tyrell","254518","205354","49164"
"2012-08-18","Tyrell","269014","214918","54096"
"2012-08-19","Tyrell","278606","218048","60558"
"2012-08-20","Tyrell","262116","204664","57452"
"2012-08-21","Tyrell","297312","243354","53958"
"2012-08-22","Tyrell","245544","185018","60526"
"2012-08-23","Tyrell","246028","195422","50606"
"2012-08-24","Tyrell","182427","141477","40950"
"2012-08-25","Tyrell","193422","150418","43004"
"2012-08-26","Tyrell","227432","168192","59240"
"2012-08-27","Tyrell","147850","117449","30401"
"2012-08-28","Tyrell","252640","206468","46172"
"2012-08-29","Tyrell","189110","144380","44730"
"2012-08-30","Tyrell","398760","308020","90740"
"2012-08-31","Tyrell","267683","220571","47112"
"2012-09-01","Tyrell","151914","113561","38353"
"2012-09-02","Tyrell","288904","244508","44396"
"2012-09-03","Tyrell","201864","161592","40272"
"2012-09-04","Tyrell","213840","161903","51937"
"2012-09-05","Tyrell","257508","202392","55116"
"2012-09-06","Tyrell","217478","173776","43702"
"2012-09-07","Tyrell","207810","158836","48974"
"2012-09-08","Tyrell","206880","167065","39815"
"2012-09-09","Tyrell","246896","187596","59300"
"2012-09-10","Tyrell","141709","106238","35471"
"2012-09-11","Tyrell","254130","195409","58721"
"2012-09-12","Tyrell","345624","297342","48282"
"2012-09-13","Tyrell","249744","198155","51589"
"2012-09-14","Tyrell","242327","192850","49477"
"2012-09-15","Tyrell","210192","164259","45933"
"2012-09-16","Tyrell","267147","199790","67357"
"2012-09-17","Tyrell","317429","263312","54117"
"2012-09-18","Tyrell","265444","207780","57664"
"2012-09-19","Tyrell","270718","217596","53122"
"2012-09-20","Tyrell","267925","204821","63104"
"2012-09-21","Tyrell","179765","145276","34489"
"2012-09-22","Tyrell","103309","72513","30796"
"2012-09-23","Tyrell","170593","134147","36446"
"2012-09-24","Tyrell","210679","161785","48894"
"2012-09-25","Tyrell","174597","132291","42306"
"2012-09-26","Tyrell","233549","187327","46222"
"2012-09-27","Tyrell","186525","136451","50074"
"2012-09-28","Tyrell","333434","262111","71323"
"2012-09-29","Tyrell","180305","133404","46901"
"2012-09-30","Tyrell","281832","229470","52362"
"2012-10-01","Tyrell","228396","180970","47426"
"2012-10-02","Tyrell","196061","153793","42268"
"2012-10-03","Tyrell","194266","158675","35591"
"2012-10-04","Tyrell","360311","285987","74324"
"2012-10-05","Tyrell","293327","242627","50700"
"2012-10-06","Tyrell","219890","178590","41300"
"2012-10-07","Tyrell","284644","226202","58442"
"2012-10-08","Tyrell","244924","188821","56103"
"2012-10-09","Tyrell","273896","216348","57548"
"2012-10-10","Tyrell","228711","174882","53829"
"2012-10-11","Tyrell","238792","191979","46813"
"2012-10-12","Tyrell","340857","270290","70567"
"2012-10-13","Tyrell","241692","191240","50452"
"2012-10-14","Tyrell","247736","195022","52714"
"2012-10-15","Tyrell","326166","247519","78647"
"2012-10-16","Tyrell","371236","297605","73631"
"2012-10-17","Tyrell","215630","172945","42685"
"2012-10-18","Tyrell","246066","204922","41144"
"2012-10-19","Tyrell","240626","197817","42809"
"2012-10-20","Tyrell","314095","247336","66759"
"2012-10-21","Tyrell","225566","175203","50363"
"2012-10-22","Tyrell","249288","200051","49237"
"2012-10-23","Tyrell","347213","300056","47157"
"2012-10-24","Tyrell","337109","261393","75716"
"2012-10-25","Tyrell","193071","153541","39530"
"2012-10-26","Tyrell","286332","227339","58993"
"2012-10-27","Tyrell","296956","245166","51790"
"2012-10-28","Tyrell","319775","263894","55881"
"2012-10-29","Tyrell","286042","224501","61541"
"2012-10-30","Tyrell","324661","259377","65284"
"2012-10-31","Tyrell","249872","200092","49780"
"2012-11-01","Tyrell","191726","138560","53166"
"2012-11-02","Tyrell","360507","289517","70990"
"2012-11-03","Tyrell","292613","241552","51061"
"2012-11-04","Tyrell","284338","226477","57861"
"2012-11-05","Tyrell","285077","226285","58792"
"2012-11-06","Tyrell","279219","218297","60922"
"2012-11-07","Tyrell","384272","292731","91541"
"2012-11-08","Tyrell","361999","274601","87398"
"2012-11-09","Tyrell","323455","250886","72569"
"2012-11-10","Tyrell","312883","249338","63545"
"2012-11-11","Tyrell","178737","137794","40943"
"2012-11-12","Tyrell","245110","191948","53162"
"2012-11-13","Tyrell","242198","191666","50532"
"2012-11-14","Tyrell","348753","280003","68750"
"2012-11-15","Tyrell","240427","184963","55464"
"2012-11-16","Tyrell","289199","248207","40992"
"2012-11-17","Tyrell","259920","210668","49252"
"2012-11-18","Tyrell","235352","196395","38957"
"2012-11-19","Tyrell","335779","270054","65725"
"2012-11-20","Tyrell","330311","264636","65675"
"2012-11-21","Tyrell","295545","252417","43128"
"2012-11-22","Tyrell","224533","180783","43750"
"2012-11-23","Tyrell","195611","146994","48617"
"2012-11-24","Tyrell","289028","218747","70281"
"2012-11-25","Tyrell","172889","137223","35666"
"2012-11-26","Tyrell","297710","233076","64634"
"2012-11-27","Tyrell","292795","231183","61612"
"2012-11-28","Tyrell","212942","160903","52039"
"2012-11-29","Tyrell","289626","224636","64990"
"2012-11-30","Tyrell","270462","212386","58076"
"2012-12-01","Tyrell","261674","207233","54441"
"2012-12-02","Tyrell","248299","198842","49457"
"2012-12-03","Tyrell","235509","181047","54462"
"2012-12-04","Tyrell","255970","213474","42496"
"2012-12-05","Tyrell","315548","233630","81918"
"2012-12-06","Tyrell","191670","150301","41369"
"2012-12-07","Tyrell","281974","223141","58833"
"2012-12-08","Tyrell","222896","170912","51984"
"2012-12-09","Tyrell","297654","238152","59502"
"2012-12-10","Tyrell","227133","172921","54212"
"2012-12-11","Tyrell","207785","168459","39326"
"2012-12-12","Tyrell","290871","237274","53597"
"2012-12-13","Tyrell","282777","223818","58959"
"2012-12-14","Tyrell","277313","205708","71605"
"2012-12-15","Tyrell","289404","231583","57821"
"2012-12-16","Tyrell","172641","136976","35665"
"2012-12-17","Tyrell","348157","293463","54694"
"2012-12-18","Tyrell","296685","228509","68176"
"2012-12-19","Tyrell","308285","236360","71925"
"2012-12-20","Tyrell","214810","173818","40992"
"2012-12-21","Tyrell","254764","192712","62052"
"2012-12-22","Tyrell","321658","245135","76523"
"2012-12-23","Tyrell","235102","174938","60164"
"2012-12-24","Tyrell","270749","215785","54964"
"2012-12-25","Tyrell","223567","177046","46521"
"2012-12-26","Tyrell","295939","229704","66235"
"2012-12-27","Tyrell","175789","138340","37449"
"2012-12-28","Tyrell","302559","222080","80479"
"2012-12-29","Tyrell","234751","170599","64152"
"2012-12-30","Tyrell","190200","140772","49428"
"2012-12-31","Tyrell","319182","240651","78531"
"2013-01-01","Tyrell","165673","122431","43242"
"2013-01-02","Tyrell","846096","651005","195091"
"2013-01-03","Tyrell","604670","450141","154529"
"2013-01-04","Tyrell","757524","597669","159855"
"2013-01-05","Tyrell","675292","509040","166252"
"2013-01-06","Tyrell","645394","496269","149125"
"2013-01-07","Tyrell","759116","592720","166396"
"2013-01-08","Tyrell","823398","671258","152140"
"2013-01-09","Tyrell","1071814","834529","237285"
"2013-01-10","Tyrell","848917","645834","203083"
"2013-01-11","Tyrell","612124","491683","120441"
"2013-01-12","Tyrell","663619","526727","136892"
"2013-01-13","Tyrell","755756","620263","135493"
"2013-01-14","Tyrell","758816","585686","173130"
"2013-01-15","Tyrell","719050","557769","161281"
"2013-01-16","Tyrell","770202","609572","160630"
"2013-01-17","Tyrell","786839","608460","178379"
"2013-01-18","Tyrell","815475","640264","175211"
"2013-01-19","Tyrell","922039","712346","209693"
"2013-01-20","Tyrell","790569","601225","189344"
"2013-01-21","Tyrell","645601","482121","163480"
"2013-01-22","Tyrell","709813","546225","163588"
"2013-01-23","Tyrell","666477","502007","164470"
"2013-01-24","Tyrell","749862","558114","191748"
"2013-01-25","Tyrell","729624","558382","171242"
"2013-01-26","Tyrell","758541","595776","162765"
"2013-01-27","Tyrell","834476","644363","190113"
"2013-01-28","Tyrell","1071572","809713","261859"
"2013-01-29","Tyrell","790155","628974","161181"
"2013-01-30","Tyrell","657118","531969","125149"
"2013-01-31","Tyrell","701231","531798","169433"
"2013-02-01","Tyrell","820445","638640","181805"
"2013-02-02","Tyrell","961854","754560","207294"
"2013-02-03","Tyrell","848049","660277","187772"
"2013-02-04","Tyrell","773968","593384","180584"
"2013-02-05","Tyrell","704468","546365","158103"
"2013-02-06","Tyrell","687676","529530","158146"
"2013-02-07","Tyrell","863603","692071","171532"
"2013-02-08","Tyrell","654940","522231","132709"
"2013-02-09","Tyrell","823093","635640","187453"
"2013-02-10","Tyrell","619884","484269","135615"
"2013-02-11","Tyrell","839798","660349","179449"
"2013-02-12","Tyrell","760054","610699","149355"
"2013-02-13","Tyrell","808240","609850","198390"
"2013-02-14","Tyrell","871649","663151","208498"
"2013-02-15","Tyrell","926928","703213","223715"
"2013-02-16","Tyrell","918509","725338","193171"
"2013-02-17","Tyrell","715096","547176","167920"
"2013-02-18","Tyrell","795357","615519","179838"
"2013-02-19","Tyrell","861408","680546","180862"
"2013-02-20","Tyrell","791098","611958","179140"
"2013-02-21","Tyrell","897844","712967","184877"
"2013-02-22","Tyrell","757583","594670","162913"
"2013-02-23","Tyrell","843080","668365","174715"
"2013-02-24","Tyrell","697616","535314","162302"
"2013-02-25","Tyrell","788669","616780","171889"
"2013-02-26","Tyrell","770897","585647","185250"
"2013-02-27","Tyrell","781986","626834","155152"
"2013-02-28","Tyrell","817239","662680","154559"
"2013-03-01","Tyrell","394126","306076","88050"
"2013-03-02","Tyrell","386922","310201","76721"
"2013-03-03","Tyrell","841345","669026","172319"
"2013-03-04","Tyrell","905763","723333","182430"
"2013-03-05","Tyrell","932498","707225","225273"
"2013-03-06","Tyrell","647659","492609","155050"
"2013-03-07","Tyrell","818845","662366","156479"
"2013-03-08","Tyrell","826657","633465","193192"
"2013-03-09","Tyrell","951014","764398","186616"
"2013-03-10","Tyrell","606329","458621","147708"
"2013-03-11","Tyrell","810438","622245","188193"
"2013-03-12","Tyrell","965916","748821","217095"
"2013-03-13","Tyrell","798439","619824","178615"
"2013-03-14","Tyrell","954487","745276","209211"
"2013-03-15","Tyrell","867940","703351","164589"
"2013-03-16","Tyrell","897062","697396","199666"
"2013-03-17","Tyrell","765727","598284","167443"
"2013-03-18","Tyrell","963512","774503","189009"
"2013-03-19","Tyrell","827328","653515","173813"
"2013-03-20","Tyrell","778551","588802","189749"
"2013-03-21","Tyrell","907276","727691","179585"
"2013-03-22","Tyrell","841430","673224","168206"
"2013-03-23","Tyrell","954536","746979","207557"
"2013-03-24","Tyrell","931531","745768","185763"
"2013-03-25","Tyrell","808123","624864","183259"
"2013-03-26","Tyrell","1039911","797532","242379"
"2013-03-27","Tyrell","845968","688174","157794"
"2013-03-28","Tyrell","810271","626594","183677"
"2013-03-29","Tyrell","780672","630747","149925"
"2013-03-30","Tyrell","806619","637478","169141"
"2013-03-31","Tyrell","789518","621463","168055"
"2013-04-01","Tyrell","801292","612787","188505"
"2013-04-02","Tyrell","838655","648258","190397"
"2013-04-03","Tyrell","702469","550128","152341"
"2013-04-04","Tyrell","805376","644023","161353"
"2013-04-05","Tyrell","1084501","852290","232211"
"2013-04-06","Tyrell","1182985","944569","238416"
"2013-04-07","Tyrell","955814","764385","191429"
"2013-04-08","Tyrell","914970","711509","203461"
"2013-04-09","Tyrell","984766","798483","186283"
"2013-04-10","Tyrell","867128","687355","179773"
"2013-04-11","Tyrell","737771","557730","180041"
"2013-04-12","Tyrell","838849","671916","166933"
"2013-04-13","Tyrell","1001333","805107","196226"
"2013-04-14","Tyrell","900587","717174","183413"
"2013-04-15","Tyrell","976588","783111","193477"
"2013-04-16","Tyrell","815734","642813","172921"
"2013-04-17","Tyrell","880883","712163","168720"
"2013-04-18","Tyrell","924017","757056","166961"
"2013-04-19","Tyrell","930164","713661","216503"
"2013-04-20","Tyrell","859360","685824","173536"
"2013-04-21","Tyrell","905598","706029","199569"
"2013-04-22","Tyrell","887231","674478","212753"
"2013-04-23","Tyrell","977486","757788","219698"
"2013-04-24","Tyrell","1080188","838886","241302"
"2013-04-25","Tyrell","1007980","790414","217566"
"2013-04-26","Tyrell","943554","742603","200951"
"2013-04-27","Tyrell","936569","747318","189251"
"2013-04-28","Tyrell","837972","658589","179383"
"2013-04-29","Tyrell","893384","667210","226174"
"2013-04-30","Tyrell","784744","614003","170741"
"2013-05-01","Tyrell","294500","211581","82919"
"2013-05-02","Tyrell","1009154","783298","225856"
"2013-05-03","Tyrell","1019259","779678","239581"
"2013-05-04","Tyrell","881120","664257","216863"
"2013-05-05","Tyrell","1245256","973292","271964"
"2013-05-06","Tyrell","1025375","763923","261452"
"2013-05-07","Tyrell","924846","703763","221083"
"2013-05-08","Tyrell","1068615","812470","256145"
"2013-05-09","Tyrell","832997","621118","211879"
"2013-05-10","Tyrell","935579","709347","226232"
"2013-05-11","Tyrell","987323","757953","229370"
"2013-05-12","Tyrell","1111606","846733","264873"
"2013-05-13","Tyrell","1203467","925350","278117"
"2013-05-14","Tyrell","951830","739053","212777"
"2013-05-15","Tyrell","1097701","841668","256033"
"2013-05-16","Tyrell","1077667","849316","228351"
"2013-05-17","Tyrell","1037822","790286","247536"
"2013-05-18","Tyrell","829115","615256","213859"
"2013-05-19","Tyrell","794347","605867","188480"
"2013-05-20","Tyrell","1099154","842442","256712"
"2013-05-21","Tyrell","949162","728681","220481"
"2013-05-22","Tyrell","1175640","901027","274613"
"2013-05-23","Tyrell","978951","769440","209511"
"2013-05-24","Tyrell","875499","680014","195485"
"2013-05-25","Tyrell","905470","682970","222500"
"2013-05-26","Tyrell","955423","724733","230690"
"2013-05-27","Tyrell","780267","585205","195062"
"2013-05-28","Tyrell","1020816","775579","245237"
"2013-05-29","Tyrell","873526","646736","226790"
"2013-05-30","Tyrell","1238551","991536","247015"
"2013-05-31","Tyrell","777368","586712","190656"
"2008-06-01","Ultramegaco","22700","18798","3902"
"2008-06-02","Ultramegaco","38798","25130","13668"
"2008-06-03","Ultramegaco","23863","17596","6267"
"2008-06-04","Ultramegaco","18170","14769","3401"
"2008-06-05","Ultramegaco","27371","18820","8551"
"2008-06-06","Ultramegaco","66146","55162","10984"
"2008-06-07","Ultramegaco","68135","56541","11594"
"2008-06-08","Ultramegaco","66466","53185","13281"
"2008-06-09","Ultramegaco","69336","58921","10415"
"2008-06-10","Ultramegaco","51107","44245","6862"
"2008-06-11","Ultramegaco","47356","39813","7543"
"2008-06-12","Ultramegaco","83466","71276","12190"
"2008-06-13","Ultramegaco","42167","34325","7842"
"2008-06-14","Ultramegaco","52899","42613","10286"
"2008-06-15","Ultramegaco","23484","15594","7890"
"2008-06-16","Ultramegaco","70058","57317","12741"
"2008-06-17","Ultramegaco","52526","43638","8888"
"2008-06-18","Ultramegaco","30646","22367","8279"
"2008-06-19","Ultramegaco","39338","28042","11296"
"2008-06-20","Ultramegaco","31080","22525","8555"
"2008-06-21","Ultramegaco","36802","29943","6859"
"2008-06-22","Ultramegaco","46675","36226","10449"
"2008-06-23","Ultramegaco","23224","18993","4231"
"2008-06-24","Ultramegaco","45249","33974","11275"
"2008-06-25","Ultramegaco","68219","57058","11161"
"2008-06-26","Ultramegaco","93102","74788","18314"
"2008-06-27","Ultramegaco","55447","45442","10005"
"2008-06-28","Ultramegaco","54446","43551","10895"
"2008-06-29","Ultramegaco","42226","31790","10436"
"2008-06-30","Ultramegaco","47704","29887","17817"
"2008-07-01","Ultramegaco","60478","50664","9814"
"2008-07-02","Ultramegaco","47782","41137","6645"
"2008-07-03","Ultramegaco","78619","64257","14362"
"2008-07-04","Ultramegaco","74852","61371","13481"
"2008-07-05","Ultramegaco","41057","29566","11491"
"2008-07-06","Ultramegaco","41519","34330","7189"
"2008-07-07","Ultramegaco","77321","60121","17200"
"2008-07-08","Ultramegaco","43039","36376","6663"
"2008-07-09","Ultramegaco","43449","38346","5103"
"2008-07-10","Ultramegaco","58568","47853","10715"
"2008-07-11","Ultramegaco","92404","77073","15331"
"2008-07-12","Ultramegaco","65614","53154","12460"
"2008-07-13","Ultramegaco","62747","49623","13124"
"2008-07-14","Ultramegaco","34390","25908","8482"
"2008-07-15","Ultramegaco","33884","30951","2933"
"2008-07-16","Ultramegaco","23310","17027","6283"
"2008-07-17","Ultramegaco","49693","39719","9974"
"2008-07-18","Ultramegaco","36948","29977","6971"
"2008-07-19","Ultramegaco","97152","84314","12838"
"2008-07-20","Ultramegaco","32110","25077","7033"
"2008-07-21","Ultramegaco","45944","40377","5567"
"2008-07-22","Ultramegaco","38436","29741","8695"
"2008-07-23","Ultramegaco","24751","20282","4469"
"2008-07-24","Ultramegaco","57573","47851","9722"
"2008-07-25","Ultramegaco","40125","30616","9509"
"2008-07-26","Ultramegaco","61258","49744","11514"
"2008-07-27","Ultramegaco","58355","48946","9409"
"2008-07-28","Ultramegaco","58430","49187","9243"
"2008-07-29","Ultramegaco","85592","68849","16743"
"2008-07-30","Ultramegaco","67679","49201","18478"
"2008-07-31","Ultramegaco","22989","15057","7932"
"2008-08-01","Ultramegaco","59847","49119","10728"
"2008-08-02","Ultramegaco","29402","22294","7108"
"2008-08-03","Ultramegaco","71036","57175","13861"
"2008-08-04","Ultramegaco","26260","19181","7079"
"2008-08-05","Ultramegaco","54074","43352","10722"
"2008-08-06","Ultramegaco","62959","56255","6704"
"2008-08-07","Ultramegaco","22754","19314","3440"
"2008-08-08","Ultramegaco","56928","43655","13273"
"2008-08-09","Ultramegaco","53871","46233","7638"
"2008-08-10","Ultramegaco","38660","31546","7114"
"2008-08-11","Ultramegaco","95353","83941","11412"
"2008-08-12","Ultramegaco","37897","33390","4507"
"2008-08-13","Ultramegaco","43818","33410","10408"
"2008-08-14","Ultramegaco","29083","23718","5365"
"2008-08-15","Ultramegaco","52841","42306","10535"
"2008-08-16","Ultramegaco","91690","72624","19066"
"2008-08-17","Ultramegaco","40912","35617","5295"
"2008-08-18","Ultramegaco","65024","55783","9241"
"2008-08-19","Ultramegaco","57828","51362","6466"
"2008-08-20","Ultramegaco","46399","38161","8238"
"2008-08-21","Ultramegaco","77385","70986","6399"
"2008-08-22","Ultramegaco","25631","19566","6065"
"2008-08-23","Ultramegaco","79734","70587","9147"
"2008-08-24","Ultramegaco","67943","53430","14513"
"2008-08-25","Ultramegaco","52866","45830","7036"
"2008-08-26","Ultramegaco","50799","40132","10667"
"2008-08-27","Ultramegaco","38725","29412","9313"
"2008-08-28","Ultramegaco","68929","55703","13226"
"2008-08-29","Ultramegaco","76664","60712","15952"
"2008-08-30","Ultramegaco","41221","37345","3876"
"2008-08-31","Ultramegaco","79123","63956","15167"
"2008-09-01","Ultramegaco","40123","36920","3203"
"2008-09-02","Ultramegaco","103766","91742","12024"
"2008-09-03","Ultramegaco","42144","33024","9120"
"2008-09-04","Ultramegaco","72613","57531","15082"
"2008-09-05","Ultramegaco","54398","46455","7943"
"2008-09-06","Ultramegaco","40249","33446","6803"
"2008-09-07","Ultramegaco","57967","44628","13339"
"2008-09-08","Ultramegaco","29160","20918","8242"
"2008-09-09","Ultramegaco","94660","76952","17708"
"2008-09-10","Ultramegaco","43309","34064","9245"
"2008-09-11","Ultramegaco","36790","30707","6083"
"2008-09-12","Ultramegaco","39066","29961","9105"
"2008-09-13","Ultramegaco","76759","65501","11258"
"2008-09-14","Ultramegaco","46766","36137","10629"
"2008-09-15","Ultramegaco","63787","52177","11610"
"2008-09-16","Ultramegaco","49157","38010","11147"
"2008-09-17","Ultramegaco","46137","34426","11711"
"2008-09-18","Ultramegaco","21161","14997","6164"
"2008-09-19","Ultramegaco","49238","41571","7667"
"2008-09-20","Ultramegaco","73578","62496","11082"
"2008-09-21","Ultramegaco","48804","35859","12945"
"2008-09-22","Ultramegaco","98630","81253","17377"
"2008-09-23","Ultramegaco","26511","20636","5875"
"2008-09-24","Ultramegaco","46985","38056","8929"
"2008-09-25","Ultramegaco","35067","21779","13288"
"2008-09-26","Ultramegaco","65301","57474","7827"
"2008-09-27","Ultramegaco","34503","26202","8301"
"2008-09-28","Ultramegaco","49851","41688","8163"
"2008-09-29","Ultramegaco","42063","35664","6399"
"2008-09-30","Ultramegaco","78831","66382","12449"
"2008-10-01","Ultramegaco","52848","43694","9154"
"2008-10-02","Ultramegaco","28628","21456","7172"
"2008-10-03","Ultramegaco","38769","29549","9220"
"2008-10-04","Ultramegaco","50957","39838","11119"
"2008-10-05","Ultramegaco","46174","33013","13161"
"2008-10-06","Ultramegaco","35382","28117","7265"
"2008-10-07","Ultramegaco","68133","57272","10861"
"2008-10-08","Ultramegaco","35000","29977","5023"
"2008-10-09","Ultramegaco","75971","64575","11396"
"2008-10-10","Ultramegaco","84000","74053","9947"
"2008-10-11","Ultramegaco","40346","32464","7882"
"2008-10-12","Ultramegaco","77143","67403","9740"
"2008-10-13","Ultramegaco","34574","30516","4058"
"2008-10-14","Ultramegaco","27768","18348","9420"
"2008-10-15","Ultramegaco","32136","22996","9140"
"2008-10-16","Ultramegaco","61895","47124","14771"
"2008-10-17","Ultramegaco","40528","31210","9318"
"2008-10-18","Ultramegaco","54089","46409","7680"
"2008-10-19","Ultramegaco","105329","87412","17917"
"2008-10-20","Ultramegaco","46556","36035","10521"
"2008-10-21","Ultramegaco","91937","80701","11236"
"2008-10-22","Ultramegaco","60679","49350","11329"
"2008-10-23","Ultramegaco","73838","60063","13775"
"2008-10-24","Ultramegaco","35329","28807","6522"
"2008-10-25","Ultramegaco","67949","55385","12564"
"2008-10-26","Ultramegaco","51906","41989","9917"
"2008-10-27","Ultramegaco","65497","53381","12116"
"2008-10-28","Ultramegaco","66080","54115","11965"
"2008-10-29","Ultramegaco","59139","51146","7993"
"2008-10-30","Ultramegaco","33140","26686","6454"
"2008-10-31","Ultramegaco","28342","23649","4693"
"2008-11-01","Ultramegaco","60668","51431","9237"
"2008-11-02","Ultramegaco","59462","47371","12091"
"2008-11-03","Ultramegaco","63266","52311","10955"
"2008-11-04","Ultramegaco","119931","106095","13836"
"2008-11-05","Ultramegaco","26117","17252","8865"
"2008-11-06","Ultramegaco","67447","55877","11570"
"2008-11-07","Ultramegaco","49129","42241","6888"
"2008-11-08","Ultramegaco","25520","17306","8214"
"2008-11-09","Ultramegaco","41955","31042","10913"
"2008-11-10","Ultramegaco","19511","14297","5214"
"2008-11-11","Ultramegaco","94341","79791","14550"
"2008-11-12","Ultramegaco","106994","91568","15426"
"2008-11-13","Ultramegaco","18803","11882","6921"
"2008-11-14","Ultramegaco","47410","36824","10586"
"2008-11-15","Ultramegaco","46394","35507","10887"
"2008-11-16","Ultramegaco","55488","46013","9475"
"2008-11-17","Ultramegaco","31952","24531","7421"
"2008-11-18","Ultramegaco","53165","45321","7844"
"2008-11-19","Ultramegaco","48005","37891","10114"
"2008-11-20","Ultramegaco","42966","34930","8036"
"2008-11-21","Ultramegaco","32670","26871","5799"
"2008-11-22","Ultramegaco","32842","27328","5514"
"2008-11-23","Ultramegaco","25738","17968","7770"
"2008-11-24","Ultramegaco","94023","81301","12722"
"2008-11-25","Ultramegaco","93046","78506","14540"
"2008-11-26","Ultramegaco","67154","52718","14436"
"2008-11-27","Ultramegaco","41632","33910","7722"
"2008-11-28","Ultramegaco","72383","58290","14093"
"2008-11-29","Ultramegaco","77091","63713","13378"
"2008-11-30","Ultramegaco","48638","38958","9680"
"2008-12-01","Ultramegaco","42222","34475","7747"
"2008-12-02","Ultramegaco","60603","52902","7701"
"2008-12-03","Ultramegaco","53291","44999","8292"
"2008-12-04","Ultramegaco","54421","43478","10943"
"2008-12-05","Ultramegaco","36081","30921","5160"
"2008-12-06","Ultramegaco","30422","23419","7003"
"2008-12-07","Ultramegaco","24322","17943","6379"
"2008-12-08","Ultramegaco","49438","39871","9567"
"2008-12-09","Ultramegaco","32232","24863","7369"
"2008-12-10","Ultramegaco","53498","44297","9201"
"2008-12-11","Ultramegaco","73997","62510","11487"
"2008-12-12","Ultramegaco","71578","61342","10236"
"2008-12-13","Ultramegaco","27120","18975","8145"
"2008-12-14","Ultramegaco","45854","33429","12425"
"2008-12-15","Ultramegaco","26573","19954","6619"
"2008-12-16","Ultramegaco","49881","42308","7573"
"2008-12-17","Ultramegaco","32842","26834","6008"
"2008-12-18","Ultramegaco","44712","38250","6462"
"2008-12-19","Ultramegaco","50048","40765","9283"
"2008-12-20","Ultramegaco","69200","59460","9740"
"2008-12-21","Ultramegaco","52419","43641","8778"
"2008-12-22","Ultramegaco","51507","42822","8685"
"2008-12-23","Ultramegaco","28761","21443","7318"
"2008-12-24","Ultramegaco","30276","23374","6902"
"2008-12-25","Ultramegaco","89812","73158","16654"
"2008-12-26","Ultramegaco","133455","112415","21040"
"2008-12-27","Ultramegaco","81375","68506","12869"
"2008-12-28","Ultramegaco","66243","49450","16793"
"2008-12-29","Ultramegaco","53476","42866","10610"
"2008-12-30","Ultramegaco","32738","28275","4463"
"2008-12-31","Ultramegaco","9972","7055","2917"
"2009-01-01","Ultramegaco","53784","42302","11482"
"2009-01-02","Ultramegaco","88080","73856","14224"
"2009-01-03","Ultramegaco","98516","73523","24993"
"2009-01-04","Ultramegaco","96203","80250","15953"
"2009-01-05","Ultramegaco","96757","79705","17052"
"2009-01-06","Ultramegaco","67901","55210","12691"
"2009-01-07","Ultramegaco","125514","104314","21200"
"2009-01-08","Ultramegaco","113225","93686","19539"
"2009-01-09","Ultramegaco","76584","66195","10389"
"2009-01-10","Ultramegaco","139396","115895","23501"
"2009-01-11","Ultramegaco","95773","78841","16932"
"2009-01-12","Ultramegaco","107927","81279","26648"
"2009-01-13","Ultramegaco","94809","77445","17364"
"2009-01-14","Ultramegaco","66296","55830","10466"
"2009-01-15","Ultramegaco","132235","110769","21466"
"2009-01-16","Ultramegaco","94801","74603","20198"
"2009-01-17","Ultramegaco","91154","78998","12156"
"2009-01-18","Ultramegaco","141998","119681","22317"
"2009-01-19","Ultramegaco","95307","77707","17600"
"2009-01-20","Ultramegaco","104646","84124","20522"
"2009-01-21","Ultramegaco","106183","81744","24439"
"2009-01-22","Ultramegaco","71556","54388","17168"
"2009-01-23","Ultramegaco","70661","56475","14186"
"2009-01-24","Ultramegaco","84366","66860","17506"
"2009-01-25","Ultramegaco","135064","115321","19743"
"2009-01-26","Ultramegaco","110727","88010","22717"
"2009-01-27","Ultramegaco","98597","81102","17495"
"2009-01-28","Ultramegaco","39951","31063","8888"
"2009-01-29","Ultramegaco","98516","79300","19216"
"2009-01-30","Ultramegaco","100596","73592","27004"
"2009-01-31","Ultramegaco","100047","81700","18347"
"2009-02-01","Ultramegaco","133454","111222","22232"
"2009-02-02","Ultramegaco","125095","110278","14817"
"2009-02-03","Ultramegaco","88148","69529","18619"
"2009-02-04","Ultramegaco","145642","120805","24837"
"2009-02-05","Ultramegaco","91226","68002","23224"
"2009-02-06","Ultramegaco","71792","54289","17503"
"2009-02-07","Ultramegaco","131959","109702","22257"
"2009-02-08","Ultramegaco","206367","171026","35341"
"2009-02-09","Ultramegaco","126290","105096","21194"
"2009-02-10","Ultramegaco","54298","37453","16845"
"2009-02-11","Ultramegaco","82080","64236","17844"
"2009-02-12","Ultramegaco","71250","57297","13953"
"2009-02-13","Ultramegaco","92635","75663","16972"
"2009-02-14","Ultramegaco","103375","87814","15561"
"2009-02-15","Ultramegaco","72158","58295","13863"
"2009-02-16","Ultramegaco","150081","131955","18126"
"2009-02-17","Ultramegaco","110122","89625","20497"
"2009-02-18","Ultramegaco","157285","134275","23010"
"2009-02-19","Ultramegaco","84479","67716","16763"
"2009-02-20","Ultramegaco","77533","58458","19075"
"2009-02-21","Ultramegaco","164364","142780","21584"
"2009-02-22","Ultramegaco","109067","87600","21467"
"2009-02-23","Ultramegaco","105085","87115","17970"
"2009-02-24","Ultramegaco","99155","71960","27195"
"2009-02-25","Ultramegaco","134123","113655","20468"
"2009-02-26","Ultramegaco","88201","73383","14818"
"2009-02-27","Ultramegaco","127054","111724","15330"
"2009-02-28","Ultramegaco","59990","47798","12192"
"2009-03-01","Ultramegaco","96959","73823","23136"
"2009-03-02","Ultramegaco","91951","74995","16956"
"2009-03-03","Ultramegaco","108833","98316","10517"
"2009-03-04","Ultramegaco","102648","86376","16272"
"2009-03-05","Ultramegaco","47678","40610","7068"
"2009-03-06","Ultramegaco","56402","48276","8126"
"2009-03-07","Ultramegaco","130158","112188","17970"
"2009-03-08","Ultramegaco","120945","99123","21822"
"2009-03-09","Ultramegaco","68470","55636","12834"
"2009-03-10","Ultramegaco","121290","99257","22033"
"2009-03-11","Ultramegaco","143198","125430","17768"
"2009-03-12","Ultramegaco","116980","95216","21764"
"2009-03-13","Ultramegaco","116524","98063","18461"
"2009-03-14","Ultramegaco","102864","82693","20171"
"2009-03-15","Ultramegaco","81834","69950","11884"
"2009-03-16","Ultramegaco","117260","94657","22603"
"2009-03-17","Ultramegaco","67232","54306","12926"
"2009-03-18","Ultramegaco","82986","66683","16303"
"2009-03-19","Ultramegaco","103164","82142","21022"
"2009-03-20","Ultramegaco","161782","136744","25038"
"2009-03-21","Ultramegaco","80907","65684","15223"
"2009-03-22","Ultramegaco","149712","128340","21372"
"2009-03-23","Ultramegaco","102321","82552","19769"
"2009-03-24","Ultramegaco","126302","104407","21895"
"2009-03-25","Ultramegaco","98038","87976","10062"
"2009-03-26","Ultramegaco","62590","49965","12625"
"2009-03-27","Ultramegaco","128918","106696","22222"
"2009-03-28","Ultramegaco","83014","70837","12177"
"2009-03-29","Ultramegaco","97728","84708","13020"
"2009-03-30","Ultramegaco","130974","107157","23817"
"2009-03-31","Ultramegaco","109715","92262","17453"
"2009-04-01","Ultramegaco","88807","73335","15472"
"2009-04-02","Ultramegaco","66943","55187","11756"
"2009-04-03","Ultramegaco","90255","74317","15938"
"2009-04-04","Ultramegaco","109405","92270","17135"
"2009-04-05","Ultramegaco","144321","122050","22271"
"2009-04-06","Ultramegaco","153726","131973","21753"
"2009-04-07","Ultramegaco","84485","70031","14454"
"2009-04-08","Ultramegaco","75331","61233","14098"
"2009-04-09","Ultramegaco","126971","98286","28685"
"2009-04-10","Ultramegaco","60675","50988","9687"
"2009-04-11","Ultramegaco","122744","104953","17791"
"2009-04-12","Ultramegaco","109181","89343","19838"
"2009-04-13","Ultramegaco","74676","56824","17852"
"2009-04-14","Ultramegaco","133538","114748","18790"
"2009-04-15","Ultramegaco","115087","95779","19308"
"2009-04-16","Ultramegaco","77667","60588","17079"
"2009-04-17","Ultramegaco","107308","94381","12927"
"2009-04-18","Ultramegaco","60193","46436","13757"
"2009-04-19","Ultramegaco","126418","108201","18217"
"2009-04-20","Ultramegaco","123577","101816","21761"
"2009-04-21","Ultramegaco","103516","87740","15776"
"2009-04-22","Ultramegaco","88076","72831","15245"
"2009-04-23","Ultramegaco","138614","110785","27829"
"2009-04-24","Ultramegaco","107255","92542","14713"
"2009-04-25","Ultramegaco","68465","54431","14034"
"2009-04-26","Ultramegaco","140563","123205","17358"
"2009-04-27","Ultramegaco","135132","116294","18838"
"2009-04-28","Ultramegaco","118939","99423","19516"
"2009-04-29","Ultramegaco","93049","70004","23045"
"2009-04-30","Ultramegaco","87213","70177","17036"
"2009-05-01","Ultramegaco","132229","109305","22924"
"2009-05-02","Ultramegaco","124592","104498","20094"
"2009-05-03","Ultramegaco","90024","68572","21452"
"2009-05-04","Ultramegaco","119536","97962","21574"
"2009-05-05","Ultramegaco","119262","96546","22716"
"2009-05-06","Ultramegaco","125615","106693","18922"
"2009-05-07","Ultramegaco","84462","71704","12758"
"2009-05-08","Ultramegaco","79907","59392","20515"
"2009-05-09","Ultramegaco","117290","95113","22177"
"2009-05-10","Ultramegaco","92824","78680","14144"
"2009-05-11","Ultramegaco","109054","90454","18600"
"2009-05-12","Ultramegaco","112498","98405","14093"
"2009-05-13","Ultramegaco","59107","43207","15900"
"2009-05-14","Ultramegaco","132027","111870","20157"
"2009-05-15","Ultramegaco","67129","51991","15138"
"2009-05-16","Ultramegaco","106054","94982","11072"
"2009-05-17","Ultramegaco","128459","114275","14184"
"2009-05-18","Ultramegaco","114482","93434","21048"
"2009-05-19","Ultramegaco","98352","78605","19747"
"2009-05-20","Ultramegaco","118069","96356","21713"
"2009-05-21","Ultramegaco","73259","57212","16047"
"2009-05-22","Ultramegaco","92200","75323","16877"
"2009-05-23","Ultramegaco","86573","68166","18407"
"2009-05-24","Ultramegaco","143511","119488","24023"
"2009-05-25","Ultramegaco","137763","116763","21000"
"2009-05-26","Ultramegaco","83164","68134","15030"
"2009-05-27","Ultramegaco","113492","86869","26623"
"2009-05-28","Ultramegaco","148956","128800","20156"
"2009-05-29","Ultramegaco","72706","53805","18901"
"2009-05-30","Ultramegaco","82181","67007","15174"
"2009-05-31","Ultramegaco","106236","87424","18812"
"2009-06-01","Ultramegaco","58304","45589","12715"
"2009-06-02","Ultramegaco","138740","117445","21295"
"2009-06-03","Ultramegaco","98883","82812","16071"
"2009-06-04","Ultramegaco","132215","108997","23218"
"2009-06-05","Ultramegaco","166013","137603","28410"
"2009-06-06","Ultramegaco","165704","136112","29592"
"2009-06-07","Ultramegaco","190718","163311","27407"
"2009-06-08","Ultramegaco","165132","133966","31166"
"2009-06-09","Ultramegaco","138758","118402","20356"
"2009-06-10","Ultramegaco","147684","123051","24633"
"2009-06-11","Ultramegaco","122628","99635","22993"
"2009-06-12","Ultramegaco","126441","100417","26024"
"2009-06-13","Ultramegaco","161944","131049","30895"
"2009-06-14","Ultramegaco","102898","86004","16894"
"2009-06-15","Ultramegaco","237932","200089","37843"
"2009-06-16","Ultramegaco","209426","174453","34973"
"2009-06-17","Ultramegaco","114694","90214","24480"
"2009-06-18","Ultramegaco","124158","96518","27640"
"2009-06-19","Ultramegaco","123092","97566","25526"
"2009-06-20","Ultramegaco","168789","143983","24806"
"2009-06-21","Ultramegaco","155353","130384","24969"
"2009-06-22","Ultramegaco","73416","54971","18445"
"2009-06-23","Ultramegaco","153895","133076","20819"
"2009-06-24","Ultramegaco","121349","97286","24063"
"2009-06-25","Ultramegaco","87076","68455","18621"
"2009-06-26","Ultramegaco","92234","73528","18706"
"2009-06-27","Ultramegaco","244929","196540","48389"
"2009-06-28","Ultramegaco","137771","117890","19881"
"2009-06-29","Ultramegaco","94994","73212","21782"
"2009-06-30","Ultramegaco","151951","129811","22140"
"2009-07-01","Ultramegaco","185637","161023","24614"
"2009-07-02","Ultramegaco","120347","96203","24144"
"2009-07-03","Ultramegaco","177559","149841","27718"
"2009-07-04","Ultramegaco","127276","104324","22952"
"2009-07-05","Ultramegaco","201764","165564","36200"
"2009-07-06","Ultramegaco","121657","101260","20397"
"2009-07-07","Ultramegaco","186787","153319","33468"
"2009-07-08","Ultramegaco","94906","71004","23902"
"2009-07-09","Ultramegaco","71017","53986","17031"
"2009-07-10","Ultramegaco","107060","88940","18120"
"2009-07-11","Ultramegaco","165951","134660","31291"
"2009-07-12","Ultramegaco","138624","110829","27795"
"2009-07-13","Ultramegaco","132361","109272","23089"
"2009-07-14","Ultramegaco","172068","138775","33293"
"2009-07-15","Ultramegaco","134549","111954","22595"
"2009-07-16","Ultramegaco","112172","91134","21038"
"2009-07-17","Ultramegaco","137418","110166","27252"
"2009-07-18","Ultramegaco","117869","92620","25249"
"2009-07-19","Ultramegaco","162852","134691","28161"
"2009-07-20","Ultramegaco","176148","152423","23725"
"2009-07-21","Ultramegaco","173176","141813","31363"
"2009-07-22","Ultramegaco","127036","98306","28730"
"2009-07-23","Ultramegaco","203465","169716","33749"
"2009-07-24","Ultramegaco","159443","127426","32017"
"2009-07-25","Ultramegaco","94531","78950","15581"
"2009-07-26","Ultramegaco","109271","87707","21564"
"2009-07-27","Ultramegaco","129476","110704","18772"
"2009-07-28","Ultramegaco","143908","112664","31244"
"2009-07-29","Ultramegaco","123692","99865","23827"
"2009-07-30","Ultramegaco","91285","75597","15688"
"2009-07-31","Ultramegaco","79084","65469","13615"
"2009-08-01","Ultramegaco","150447","128472","21975"
"2009-08-02","Ultramegaco","148589","126034","22555"
"2009-08-03","Ultramegaco","159005","132186","26819"
"2009-08-04","Ultramegaco","84894","67119","17775"
"2009-08-05","Ultramegaco","141136","117921","23215"
"2009-08-06","Ultramegaco","152444","127973","24471"
"2009-08-07","Ultramegaco","159909","137632","22277"
"2009-08-08","Ultramegaco","79098","66567","12531"
"2009-08-09","Ultramegaco","106893","84213","22680"
"2009-08-10","Ultramegaco","181574","145657","35917"
"2009-08-11","Ultramegaco","219211","186377","32834"
"2009-08-12","Ultramegaco","180970","155260","25710"
"2009-08-13","Ultramegaco","123928","104076","19852"
"2009-08-14","Ultramegaco","113656","92819","20837"
"2009-08-15","Ultramegaco","150722","124144","26578"
"2009-08-16","Ultramegaco","99909","86674","13235"
"2009-08-17","Ultramegaco","130828","111328","19500"
"2009-08-18","Ultramegaco","169706","145426","24280"
"2009-08-19","Ultramegaco","257926","215274","42652"
"2009-08-20","Ultramegaco","179763","140986","38777"
"2009-08-21","Ultramegaco","46779","36772","10007"
"2009-08-22","Ultramegaco","156729","131176","25553"
"2009-08-23","Ultramegaco","94682","73284","21398"
"2009-08-24","Ultramegaco","124337","103209","21128"
"2009-08-25","Ultramegaco","147489","116861","30628"
"2009-08-26","Ultramegaco","116016","95986","20030"
"2009-08-27","Ultramegaco","71700","59313","12387"
"2009-08-28","Ultramegaco","178640","144150","34490"
"2009-08-29","Ultramegaco","134780","109917","24863"
"2009-08-30","Ultramegaco","183190","157599","25591"
"2009-08-31","Ultramegaco","124867","102029","22838"
"2009-09-01","Ultramegaco","153708","128322","25386"
"2009-09-02","Ultramegaco","170001","138151","31850"
"2009-09-03","Ultramegaco","150299","126419","23880"
"2009-09-04","Ultramegaco","127937","105454","22483"
"2009-09-05","Ultramegaco","134577","107825","26752"
"2009-09-06","Ultramegaco","123740","101818","21922"
"2009-09-07","Ultramegaco","60015","46733","13282"
"2009-09-08","Ultramegaco","125637","103326","22311"
"2009-09-09","Ultramegaco","192085","166104","25981"
"2009-09-10","Ultramegaco","161504","132017","29487"
"2009-09-11","Ultramegaco","116440","94163","22277"
"2009-09-12","Ultramegaco","128643","107221","21422"
"2009-09-13","Ultramegaco","114559","89956","24603"
"2009-09-14","Ultramegaco","128314","101831","26483"
"2009-09-15","Ultramegaco","218580","181116","37464"
"2009-09-16","Ultramegaco","130547","113884","16663"
"2009-09-17","Ultramegaco","139225","114397","24828"
"2009-09-18","Ultramegaco","154125","131635","22490"
"2009-09-19","Ultramegaco","68497","55607","12890"
"2009-09-20","Ultramegaco","98482","81355","17127"
"2009-09-21","Ultramegaco","107730","84685","23045"
"2009-09-22","Ultramegaco","77327","62472","14855"
"2009-09-23","Ultramegaco","125917","97206","28711"
"2009-09-24","Ultramegaco","129289","110724","18565"
"2009-09-25","Ultramegaco","135435","105758","29677"
"2009-09-26","Ultramegaco","235514","200853","34661"
"2009-09-27","Ultramegaco","137319","114179","23140"
"2009-09-28","Ultramegaco","105727","84865","20862"
"2009-09-29","Ultramegaco","173751","137228","36523"
"2009-09-30","Ultramegaco","148702","119200","29502"
"2009-10-01","Ultramegaco","160858","128333","32525"
"2009-10-02","Ultramegaco","133098","111027","22071"
"2009-10-03","Ultramegaco","228309","188832","39477"
"2009-10-04","Ultramegaco","72660","53807","18853"
"2009-10-05","Ultramegaco","148969","119562","29407"
"2009-10-06","Ultramegaco","218086","189997","28089"
"2009-10-07","Ultramegaco","86915","70447","16468"
"2009-10-08","Ultramegaco","150534","125673","24861"
"2009-10-09","Ultramegaco","164719","129969","34750"
"2009-10-10","Ultramegaco","169668","145474","24194"
"2009-10-11","Ultramegaco","111936","89095","22841"
"2009-10-12","Ultramegaco","137910","115134","22776"
"2009-10-13","Ultramegaco","211728","182805","28923"
"2009-10-14","Ultramegaco","173383","136467","36916"
"2009-10-15","Ultramegaco","146808","123072","23736"
"2009-10-16","Ultramegaco","146179","120516","25663"
"2009-10-17","Ultramegaco","139599","110236","29363"
"2009-10-18","Ultramegaco","96192","81998","14194"
"2009-10-19","Ultramegaco","161940","131206","30734"
"2009-10-20","Ultramegaco","149110","124483","24627"
"2009-10-21","Ultramegaco","154349","136243","18106"
"2009-10-22","Ultramegaco","144597","115589","29008"
"2009-10-23","Ultramegaco","148768","128683","20085"
"2009-10-24","Ultramegaco","129549","108736","20813"
"2009-10-25","Ultramegaco","133091","109672","23419"
"2009-10-26","Ultramegaco","143283","116042","27241"
"2009-10-27","Ultramegaco","187438","150770","36668"
"2009-10-28","Ultramegaco","92831","75960","16871"
"2009-10-29","Ultramegaco","106754","87098","19656"
"2009-10-30","Ultramegaco","144621","120180","24441"
"2009-10-31","Ultramegaco","125833","100637","25196"
"2009-11-01","Ultramegaco","141237","112516","28721"
"2009-11-02","Ultramegaco","104191","86699","17492"
"2009-11-03","Ultramegaco","187594","156291","31303"
"2009-11-04","Ultramegaco","124275","104046","20229"
"2009-11-05","Ultramegaco","173328","146592","26736"
"2009-11-06","Ultramegaco","175372","144455","30917"
"2009-11-07","Ultramegaco","193751","171686","22065"
"2009-11-08","Ultramegaco","164622","136462","28160"
"2009-11-09","Ultramegaco","79894","60144","19750"
"2009-11-10","Ultramegaco","165327","138308","27019"
"2009-11-11","Ultramegaco","111264","86309","24955"
"2009-11-12","Ultramegaco","99119","80231","18888"
"2009-11-13","Ultramegaco","95970","74845","21125"
"2009-11-14","Ultramegaco","71079","60790","10289"
"2009-11-15","Ultramegaco","180730","149251","31479"
"2009-11-16","Ultramegaco","129187","102400","26787"
"2009-11-17","Ultramegaco","196324","162719","33605"
"2009-11-18","Ultramegaco","191898","160274","31624"
"2009-11-19","Ultramegaco","153823","116660","37163"
"2009-11-20","Ultramegaco","204157","171262","32895"
"2009-11-21","Ultramegaco","92958","72764","20194"
"2009-11-22","Ultramegaco","128734","103591","25143"
"2009-11-23","Ultramegaco","149766","121600","28166"
"2009-11-24","Ultramegaco","140348","115596","24752"
"2009-11-25","Ultramegaco","160716","125425","35291"
"2009-11-26","Ultramegaco","116329","91732","24597"
"2009-11-27","Ultramegaco","126279","106380","19899"
"2009-11-28","Ultramegaco","158486","129263","29223"
"2009-11-29","Ultramegaco","83364","65091","18273"
"2009-11-30","Ultramegaco","171797","143033","28764"
"2009-12-01","Ultramegaco","126839","106378","20461"
"2009-12-02","Ultramegaco","80763","57141","23622"
"2009-12-03","Ultramegaco","179104","146260","32844"
"2009-12-04","Ultramegaco","167654","137807","29847"
"2009-12-05","Ultramegaco","168515","133423","35092"
"2009-12-06","Ultramegaco","131216","105782","25434"
"2009-12-07","Ultramegaco","157604","132460","25144"
"2009-12-08","Ultramegaco","161118","136301","24817"
"2009-12-09","Ultramegaco","187724","158116","29608"
"2009-12-10","Ultramegaco","104900","79667","25233"
"2009-12-11","Ultramegaco","146300","122484","23816"
"2009-12-12","Ultramegaco","94953","77887","17066"
"2009-12-13","Ultramegaco","91116","74363","16753"
"2009-12-14","Ultramegaco","122811","99808","23003"
"2009-12-15","Ultramegaco","130120","106983","23137"
"2009-12-16","Ultramegaco","242603","204544","38059"
"2009-12-17","Ultramegaco","133708","109700","24008"
"2009-12-18","Ultramegaco","153796","125962","27834"
"2009-12-19","Ultramegaco","167142","139952","27190"
"2009-12-20","Ultramegaco","209877","169339","40538"
"2009-12-21","Ultramegaco","127404","99750","27654"
"2009-12-22","Ultramegaco","137258","110168","27090"
"2009-12-23","Ultramegaco","159659","129097","30562"
"2009-12-24","Ultramegaco","147141","120765","26376"
"2009-12-25","Ultramegaco","135616","118250","17366"
"2009-12-26","Ultramegaco","134742","110786","23956"
"2009-12-27","Ultramegaco","109291","88872","20419"
"2009-12-28","Ultramegaco","177849","148093","29756"
"2009-12-29","Ultramegaco","121008","100119","20889"
"2009-12-30","Ultramegaco","136852","112568","24284"
"2009-12-31","Ultramegaco","132943","110208","22735"
"2010-01-01","Ultramegaco","177023","145159","31864"
"2010-01-02","Ultramegaco","213233","177065","36168"
"2010-01-03","Ultramegaco","173165","144038","29127"
"2010-01-04","Ultramegaco","187682","149305","38377"
"2010-01-05","Ultramegaco","260260","206836","53424"
"2010-01-06","Ultramegaco","155150","124281","30869"
"2010-01-07","Ultramegaco","171896","146655","25241"
"2010-01-08","Ultramegaco","128249","99087","29162"
"2010-01-09","Ultramegaco","212547","174738","37809"
"2010-01-10","Ultramegaco","235756","197171","38585"
"2010-01-11","Ultramegaco","144699","116168","28531"
"2010-01-12","Ultramegaco","259827","213190","46637"
"2010-01-13","Ultramegaco","151687","123720","27967"
"2010-01-14","Ultramegaco","218676","185316","33360"
"2010-01-15","Ultramegaco","222461","184399","38062"
"2010-01-16","Ultramegaco","154026","121966","32060"
"2010-01-17","Ultramegaco","179541","152194","27347"
"2010-01-18","Ultramegaco","254274","202724","51550"
"2010-01-19","Ultramegaco","261088","218618","42470"
"2010-01-20","Ultramegaco","262679","219656","43023"
"2010-01-21","Ultramegaco","291506","242377","49129"
"2010-01-22","Ultramegaco","183044","149518","33526"
"2010-01-23","Ultramegaco","195034","167161","27873"
"2010-01-24","Ultramegaco","344249","294039","50210"
"2010-01-25","Ultramegaco","174952","146435","28517"
"2010-01-26","Ultramegaco","199095","165259","33836"
"2010-01-27","Ultramegaco","282989","239405","43584"
"2010-01-28","Ultramegaco","161463","131732","29731"
"2010-01-29","Ultramegaco","180841","141744","39097"
"2010-01-30","Ultramegaco","164931","132601","32330"
"2010-01-31","Ultramegaco","193721","161680","32041"
"2010-02-01","Ultramegaco","213672","188452","25220"
"2010-02-02","Ultramegaco","207005","178989","28016"
"2010-02-03","Ultramegaco","188352","154346","34006"
"2010-02-04","Ultramegaco","219190","181477","37713"
"2010-02-05","Ultramegaco","177140","147516","29624"
"2010-02-06","Ultramegaco","157855","129819","28036"
"2010-02-07","Ultramegaco","198915","162437","36478"
"2010-02-08","Ultramegaco","153432","127967","25465"
"2010-02-09","Ultramegaco","189790","154892","34898"
"2010-02-10","Ultramegaco","201820","153986","47834"
"2010-02-11","Ultramegaco","222631","189016","33615"
"2010-02-12","Ultramegaco","179104","141829","37275"
"2010-02-13","Ultramegaco","190567","147027","43540"
"2010-02-14","Ultramegaco","197124","166457","30667"
"2010-02-15","Ultramegaco","293561","250368","43193"
"2010-02-16","Ultramegaco","231276","184754","46522"
"2010-02-17","Ultramegaco","217750","174654","43096"
"2010-02-18","Ultramegaco","181657","150395","31262"
"2010-02-19","Ultramegaco","197137","159142","37995"
"2010-02-20","Ultramegaco","163468","136097","27371"
"2010-02-21","Ultramegaco","259059","222879","36180"
"2010-02-22","Ultramegaco","238510","202268","36242"
"2010-02-23","Ultramegaco","172126","144337","27789"
"2010-02-24","Ultramegaco","238584","198323","40261"
"2010-02-25","Ultramegaco","136282","108054","28228"
"2010-02-26","Ultramegaco","216300","183517","32783"
"2010-02-27","Ultramegaco","198357","168460","29897"
"2010-02-28","Ultramegaco","230340","187199","43141"
"2010-03-01","Ultramegaco","244217","211610","32607"
"2010-03-02","Ultramegaco","184011","152183","31828"
"2010-03-03","Ultramegaco","225407","182896","42511"
"2010-03-04","Ultramegaco","213208","176931","36277"
"2010-03-05","Ultramegaco","282567","233671","48896"
"2010-03-06","Ultramegaco","170776","137121","33655"
"2010-03-07","Ultramegaco","165177","133727","31450"
"2010-03-08","Ultramegaco","221497","186352","35145"
"2010-03-09","Ultramegaco","223072","181826","41246"
"2010-03-10","Ultramegaco","154724","128563","26161"
"2010-03-11","Ultramegaco","256823","222109","34714"
"2010-03-12","Ultramegaco","181314","148467","32847"
"2010-03-13","Ultramegaco","168711","129770","38941"
"2010-03-14","Ultramegaco","137499","109753","27746"
"2010-03-15","Ultramegaco","229841","190181","39660"
"2010-03-16","Ultramegaco","234819","190583","44236"
"2010-03-17","Ultramegaco","260779","223332","37447"
"2010-03-18","Ultramegaco","132357","102638","29719"
"2010-03-19","Ultramegaco","293422","244091","49331"
"2010-03-20","Ultramegaco","226281","188917","37364"
"2010-03-21","Ultramegaco","176101","142364","33737"
"2010-03-22","Ultramegaco","187230","160321","26909"
"2010-03-23","Ultramegaco","276867","237489","39378"
"2010-03-24","Ultramegaco","163544","130730","32814"
"2010-03-25","Ultramegaco","235740","194660","41080"
"2010-03-26","Ultramegaco","186447","148224","38223"
"2010-03-27","Ultramegaco","176803","150509","26294"
"2010-03-28","Ultramegaco","178430","140665","37765"
"2010-03-29","Ultramegaco","271665","214307","57358"
"2010-03-30","Ultramegaco","218432","174793","43639"
"2010-03-31","Ultramegaco","225980","186672","39308"
"2010-04-01","Ultramegaco","179119","155526","23593"
"2010-04-02","Ultramegaco","151071","126382","24689"
"2010-04-03","Ultramegaco","92177","70430","21747"
"2010-04-04","Ultramegaco","164542","135854","28688"
"2010-04-05","Ultramegaco","143070","111771","31299"
"2010-04-06","Ultramegaco","213590","185312","28278"
"2010-04-07","Ultramegaco","155782","119958","35824"
"2010-04-08","Ultramegaco","169339","138631","30708"
"2010-04-09","Ultramegaco","239920","196352","43568"
"2010-04-10","Ultramegaco","176631","141780","34851"
"2010-04-11","Ultramegaco","183988","145173","38815"
"2010-04-12","Ultramegaco","229682","184319","45363"
"2010-04-13","Ultramegaco","130069","103878","26191"
"2010-04-14","Ultramegaco","238078","201391","36687"
"2010-04-15","Ultramegaco","201426","166879","34547"
"2010-04-16","Ultramegaco","223156","182301","40855"
"2010-04-17","Ultramegaco","179929","144337","35592"
"2010-04-18","Ultramegaco","262135","214062","48073"
"2010-04-19","Ultramegaco","171609","137665","33944"
"2010-04-20","Ultramegaco","235050","186068","48982"
"2010-04-21","Ultramegaco","199216","164188","35028"
"2010-04-22","Ultramegaco","185602","146976","38626"
"2010-04-23","Ultramegaco","220289","180853","39436"
"2010-04-24","Ultramegaco","227194","189751","37443"
"2010-04-25","Ultramegaco","180926","145183","35743"
"2010-04-26","Ultramegaco","218330","179246","39084"
"2010-04-27","Ultramegaco","193140","140102","53038"
"2010-04-28","Ultramegaco","163373","130080","33293"
"2010-04-29","Ultramegaco","249934","199285","50649"
"2010-04-30","Ultramegaco","185186","154185","31001"
"2010-05-01","Ultramegaco","226328","188190","38138"
"2010-05-02","Ultramegaco","261190","223124","38066"
"2010-05-03","Ultramegaco","273361","222403","50958"
"2010-05-04","Ultramegaco","220844","187191","33653"
"2010-05-05","Ultramegaco","152610","120116","32494"
"2010-05-06","Ultramegaco","190361","157375","32986"
"2010-05-07","Ultramegaco","232880","193015","39865"
"2010-05-08","Ultramegaco","144767","118178","26589"
"2010-05-09","Ultramegaco","222623","183318","39305"
"2010-05-10","Ultramegaco","178136","144863","33273"
"2010-05-11","Ultramegaco","272321","223463","48858"
"2010-05-12","Ultramegaco","207438","174645","32793"
"2010-05-13","Ultramegaco","201864","164292","37572"
"2010-05-14","Ultramegaco","177479","149990","27489"
"2010-05-15","Ultramegaco","199095","162452","36643"
"2010-05-16","Ultramegaco","194583","161426","33157"
"2010-05-17","Ultramegaco","177216","138592","38624"
"2010-05-18","Ultramegaco","184082","157206","26876"
"2010-05-19","Ultramegaco","180205","140635","39570"
"2010-05-20","Ultramegaco","226407","187329","39078"
"2010-05-21","Ultramegaco","224860","182227","42633"
"2010-05-22","Ultramegaco","179604","146459","33145"
"2010-05-23","Ultramegaco","235868","200472","35396"
"2010-05-24","Ultramegaco","186407","148859","37548"
"2010-05-25","Ultramegaco","211898","172119","39779"
"2010-05-26","Ultramegaco","193059","158255","34804"
"2010-05-27","Ultramegaco","191814","154034","37780"
"2010-05-28","Ultramegaco","222730","187571","35159"
"2010-05-29","Ultramegaco","200656","158500","42156"
"2010-05-30","Ultramegaco","206699","165913","40786"
"2010-05-31","Ultramegaco","212936","174167","38769"
"2010-06-01","Ultramegaco","276307","229366","46941"
"2010-06-02","Ultramegaco","375562","312802","62760"
"2010-06-03","Ultramegaco","474967","409928","65039"
"2010-06-04","Ultramegaco","376785","319951","56834"
"2010-06-05","Ultramegaco","422975","349225","73750"
"2010-06-06","Ultramegaco","345219","287717","57502"
"2010-06-07","Ultramegaco","328807","267925","60882"
"2010-06-08","Ultramegaco","343468","274307","69161"
"2010-06-09","Ultramegaco","263220","218778","44442"
"2010-06-10","Ultramegaco","444571","371477","73094"
"2010-06-11","Ultramegaco","353471","289177","64294"
"2010-06-12","Ultramegaco","421825","337539","84286"
"2010-06-13","Ultramegaco","387401","322762","64639"
"2010-06-14","Ultramegaco","393921","330179","63742"
"2010-06-15","Ultramegaco","474826","389920","84906"
"2010-06-16","Ultramegaco","356509","291901","64608"
"2010-06-17","Ultramegaco","338656","273702","64954"
"2010-06-18","Ultramegaco","416924","356977","59947"
"2010-06-19","Ultramegaco","367046","307835","59211"
"2010-06-20","Ultramegaco","392853","323575","69278"
"2010-06-21","Ultramegaco","432721","362705","70016"
"2010-06-22","Ultramegaco","438939","366951","71988"
"2010-06-23","Ultramegaco","280580","225296","55284"
"2010-06-24","Ultramegaco","322784","266733","56051"
"2010-06-25","Ultramegaco","349040","284469","64571"
"2010-06-26","Ultramegaco","340659","275065","65594"
"2010-06-27","Ultramegaco","393526","327274","66252"
"2010-06-28","Ultramegaco","423692","351724","71968"
"2010-06-29","Ultramegaco","261146","210203","50943"
"2010-06-30","Ultramegaco","402106","328708","73398"
"2010-07-01","Ultramegaco","356974","300389","56585"
"2010-07-02","Ultramegaco","265629","220199","45430"
"2010-07-03","Ultramegaco","335837","274920","60917"
"2010-07-04","Ultramegaco","367856","297944","69912"
"2010-07-05","Ultramegaco","374609","305436","69173"
"2010-07-06","Ultramegaco","467150","396398","70752"
"2010-07-07","Ultramegaco","431242","360835","70407"
"2010-07-08","Ultramegaco","411539","342246","69293"
"2010-07-09","Ultramegaco","395285","322716","72569"
"2010-07-10","Ultramegaco","403394","322272","81122"
"2010-07-11","Ultramegaco","412489","342684","69805"
"2010-07-12","Ultramegaco","509463","422829","86634"
"2010-07-13","Ultramegaco","326457","260900","65557"
"2010-07-14","Ultramegaco","385896","321916","63980"
"2010-07-15","Ultramegaco","406423","321189","85234"
"2010-07-16","Ultramegaco","336484","274785","61699"
"2010-07-17","Ultramegaco","350087","284541","65546"
"2010-07-18","Ultramegaco","348551","289202","59349"
"2010-07-19","Ultramegaco","386771","329981","56790"
"2010-07-20","Ultramegaco","362658","303558","59100"
"2010-07-21","Ultramegaco","308153","257650","50503"
"2010-07-22","Ultramegaco","364483","299285","65198"
"2010-07-23","Ultramegaco","424331","355398","68933"
"2010-07-24","Ultramegaco","453281","378995","74286"
"2010-07-25","Ultramegaco","317625","255098","62527"
"2010-07-26","Ultramegaco","289935","228824","61111"
"2010-07-27","Ultramegaco","391263","330250","61013"
"2010-07-28","Ultramegaco","464374","381470","82904"
"2010-07-29","Ultramegaco","369272","306945","62327"
"2010-07-30","Ultramegaco","366668","294223","72445"
"2010-07-31","Ultramegaco","283607","233161","50446"
"2010-08-01","Ultramegaco","410965","340174","70791"
"2010-08-02","Ultramegaco","448237","364529","83708"
"2010-08-03","Ultramegaco","364876","298638","66238"
"2010-08-04","Ultramegaco","394796","324404","70392"
"2010-08-05","Ultramegaco","321348","257787","63561"
"2010-08-06","Ultramegaco","368277","301674","66603"
"2010-08-07","Ultramegaco","307044","246229","60815"
"2010-08-08","Ultramegaco","335640","272004","63636"
"2010-08-09","Ultramegaco","327207","265599","61608"
"2010-08-10","Ultramegaco","358920","294407","64513"
"2010-08-11","Ultramegaco","321575","257146","64429"
"2010-08-12","Ultramegaco","417324","346680","70644"
"2010-08-13","Ultramegaco","372775","304356","68419"
"2010-08-14","Ultramegaco","424779","346130","78649"
"2010-08-15","Ultramegaco","365126","301556","63570"
"2010-08-16","Ultramegaco","326696","268913","57783"
"2010-08-17","Ultramegaco","368563","300237","68326"
"2010-08-18","Ultramegaco","291512","236482","55030"
"2010-08-19","Ultramegaco","499959","421963","77996"
"2010-08-20","Ultramegaco","328815","273361","55454"
"2010-08-21","Ultramegaco","306739","247632","59107"
"2010-08-22","Ultramegaco","393216","324377","68839"
"2010-08-23","Ultramegaco","318689","266560","52129"
"2010-08-24","Ultramegaco","396939","333742","63197"
"2010-08-25","Ultramegaco","336828","283652","53176"
"2010-08-26","Ultramegaco","377267","303761","73506"
"2010-08-27","Ultramegaco","381047","323115","57932"
"2010-08-28","Ultramegaco","304201","241835","62366"
"2010-08-29","Ultramegaco","448015","377161","70854"
"2010-08-30","Ultramegaco","447710","383631","64079"
"2010-08-31","Ultramegaco","381592","308531","73061"
"2010-09-01","Ultramegaco","439206","360994","78212"
"2010-09-02","Ultramegaco","443007","361572","81435"
"2010-09-03","Ultramegaco","308314","249059","59255"
"2010-09-04","Ultramegaco","452784","373313","79471"
"2010-09-05","Ultramegaco","403022","336791","66231"
"2010-09-06","Ultramegaco","354180","299921","54259"
"2010-09-07","Ultramegaco","321126","267590","53536"
"2010-09-08","Ultramegaco","399754","320797","78957"
"2010-09-09","Ultramegaco","317347","255870","61477"
"2010-09-10","Ultramegaco","351946","292207","59739"
"2010-09-11","Ultramegaco","404177","348105","56072"
"2010-09-12","Ultramegaco","427383","353699","73684"
"2010-09-13","Ultramegaco","371597","307899","63698"
"2010-09-14","Ultramegaco","325141","259678","65463"
"2010-09-15","Ultramegaco","348254","286163","62091"
"2010-09-16","Ultramegaco","450600","377004","73596"
"2010-09-17","Ultramegaco","452580","381331","71249"
"2010-09-18","Ultramegaco","353785","283161","70624"
"2010-09-19","Ultramegaco","420192","342337","77855"
"2010-09-20","Ultramegaco","337604","281487","56117"
"2010-09-21","Ultramegaco","389983","311017","78966"
"2010-09-22","Ultramegaco","474986","404938","70048"
"2010-09-23","Ultramegaco","304093","242497","61596"
"2010-09-24","Ultramegaco","389227","326149","63078"
"2010-09-25","Ultramegaco","376991","314290","62701"
"2010-09-26","Ultramegaco","396406","336200","60206"
"2010-09-27","Ultramegaco","408721","337378","71343"
"2010-09-28","Ultramegaco","446996","366858","80138"
"2010-09-29","Ultramegaco","405434","339353","66081"
"2010-09-30","Ultramegaco","290463","242393","48070"
"2010-10-01","Ultramegaco","349520","285885","63635"
"2010-10-02","Ultramegaco","424696","349341","75355"
"2010-10-03","Ultramegaco","319534","263203","56331"
"2010-10-04","Ultramegaco","381793","320325","61468"
"2010-10-05","Ultramegaco","423508","352876","70632"
"2010-10-06","Ultramegaco","377264","309956","67308"
"2010-10-07","Ultramegaco","348814","277666","71148"
"2010-10-08","Ultramegaco","411853","335480","76373"
"2010-10-09","Ultramegaco","406268","331342","74926"
"2010-10-10","Ultramegaco","343829","290354","53475"
"2010-10-11","Ultramegaco","354862","286039","68823"
"2010-10-12","Ultramegaco","309484","247243","62241"
"2010-10-13","Ultramegaco","387840","318387","69453"
"2010-10-14","Ultramegaco","334246","266155","68091"
"2010-10-15","Ultramegaco","287260","233647","53613"
"2010-10-16","Ultramegaco","379673","312362","67311"
"2010-10-17","Ultramegaco","360091","287592","72499"
"2010-10-18","Ultramegaco","402054","330921","71133"
"2010-10-19","Ultramegaco","331757","273600","58157"
"2010-10-20","Ultramegaco","345247","289166","56081"
"2010-10-21","Ultramegaco","508040","428046","79994"
"2010-10-22","Ultramegaco","438824","363442","75382"
"2010-10-23","Ultramegaco","381540","314664","66876"
"2010-10-24","Ultramegaco","391993","327978","64015"
"2010-10-25","Ultramegaco","384344","330985","53359"
"2010-10-26","Ultramegaco","349137","275174","73963"
"2010-10-27","Ultramegaco","378984","301713","77271"
"2010-10-28","Ultramegaco","352385","286029","66356"
"2010-10-29","Ultramegaco","324320","251907","72413"
"2010-10-30","Ultramegaco","361616","299962","61654"
"2010-10-31","Ultramegaco","485563","398986","86577"
"2010-11-01","Ultramegaco","498776","410880","87896"
"2010-11-02","Ultramegaco","363586","294809","68777"
"2010-11-03","Ultramegaco","359279","287252","72027"
"2010-11-04","Ultramegaco","341687","270097","71590"
"2010-11-05","Ultramegaco","353440","293845","59595"
"2010-11-06","Ultramegaco","337856","268759","69097"
"2010-11-07","Ultramegaco","408670","331401","77269"
"2010-11-08","Ultramegaco","398600","330164","68436"
"2010-11-09","Ultramegaco","418469","343354","75115"
"2010-11-10","Ultramegaco","514879","428982","85897"
"2010-11-11","Ultramegaco","415179","346930","68249"
"2010-11-12","Ultramegaco","241708","185770","55938"
"2010-11-13","Ultramegaco","377410","309864","67546"
"2010-11-14","Ultramegaco","303852","229067","74785"
"2010-11-15","Ultramegaco","414446","346604","67842"
"2010-11-16","Ultramegaco","332557","281586","50971"
"2010-11-17","Ultramegaco","387762","329769","57993"
"2010-11-18","Ultramegaco","367469","303848","63621"
"2010-11-19","Ultramegaco","278409","221249","57160"
"2010-11-20","Ultramegaco","444101","366640","77461"
"2010-11-21","Ultramegaco","447706","373217","74489"
"2010-11-22","Ultramegaco","336885","284993","51892"
"2010-11-23","Ultramegaco","330824","262266","68558"
"2010-11-24","Ultramegaco","452314","373583","78731"
"2010-11-25","Ultramegaco","357955","292603","65352"
"2010-11-26","Ultramegaco","395053","319586","75467"
"2010-11-27","Ultramegaco","449957","373431","76526"
"2010-11-28","Ultramegaco","370901","311239","59662"
"2010-11-29","Ultramegaco","410315","343828","66487"
"2010-11-30","Ultramegaco","496860","401072","95788"
"2010-12-01","Ultramegaco","355009","291435","63574"
"2010-12-02","Ultramegaco","345082","274435","70647"
"2010-12-03","Ultramegaco","336914","282512","54402"
"2010-12-04","Ultramegaco","344077","276789","67288"
"2010-12-05","Ultramegaco","422571","358386","64185"
"2010-12-06","Ultramegaco","319961","258765","61196"
"2010-12-07","Ultramegaco","469847","397561","72286"
"2010-12-08","Ultramegaco","324258","263880","60378"
"2010-12-09","Ultramegaco","443915","372416","71499"
"2010-12-10","Ultramegaco","471488","386735","84753"
"2010-12-11","Ultramegaco","426161","355691","70470"
"2010-12-12","Ultramegaco","498576","416115","82461"
"2010-12-13","Ultramegaco","384852","324585","60267"
"2010-12-14","Ultramegaco","394382","324747","69635"
"2010-12-15","Ultramegaco","474663","399154","75509"
"2010-12-16","Ultramegaco","277355","226247","51108"
"2010-12-17","Ultramegaco","452190","384741","67449"
"2010-12-18","Ultramegaco","371203","286363","84840"
"2010-12-19","Ultramegaco","313260","261151","52109"
"2010-12-20","Ultramegaco","322413","252573","69840"
"2010-12-21","Ultramegaco","354329","303263","51066"
"2010-12-22","Ultramegaco","424951","359612","65339"
"2010-12-23","Ultramegaco","270325","221031","49294"
"2010-12-24","Ultramegaco","377152","314044","63108"
"2010-12-25","Ultramegaco","360555","302705","57850"
"2010-12-26","Ultramegaco","400779","336331","64448"
"2010-12-27","Ultramegaco","315815","266690","49125"
"2010-12-28","Ultramegaco","338696","272597","66099"
"2010-12-29","Ultramegaco","425479","342811","82668"
"2010-12-30","Ultramegaco","436052","364030","72022"
"2010-12-31","Ultramegaco","418923","355916","63007"
"2011-01-01","Ultramegaco","328213","266273","61940"
"2011-01-02","Ultramegaco","413416","337387","76029"
"2011-01-03","Ultramegaco","425536","348549","76987"
"2011-01-04","Ultramegaco","417960","349453","68507"
"2011-01-05","Ultramegaco","395616","319789","75827"
"2011-01-06","Ultramegaco","548009","448954","99055"
"2011-01-07","Ultramegaco","354761","288688","66073"
"2011-01-08","Ultramegaco","477367","397575","79792"
"2011-01-09","Ultramegaco","331123","271485","59638"
"2011-01-10","Ultramegaco","465191","382987","82204"
"2011-01-11","Ultramegaco","401514","326863","74651"
"2011-01-12","Ultramegaco","366055","301923","64132"
"2011-01-13","Ultramegaco","579760","479412","100348"
"2011-01-14","Ultramegaco","394275","331116","63159"
"2011-01-15","Ultramegaco","473599","394809","78790"
"2011-01-16","Ultramegaco","416387","340214","76173"
"2011-01-17","Ultramegaco","319559","256765","62794"
"2011-01-18","Ultramegaco","418562","340478","78084"
"2011-01-19","Ultramegaco","363830","289135","74695"
"2011-01-20","Ultramegaco","430952","364213","66739"
"2011-01-21","Ultramegaco","376156","306473","69683"
"2011-01-22","Ultramegaco","350846","293244","57602"
"2011-01-23","Ultramegaco","393353","307810","85543"
"2011-01-24","Ultramegaco","359048","289499","69549"
"2011-01-25","Ultramegaco","404459","332833","71626"
"2011-01-26","Ultramegaco","462289","388189","74100"
"2011-01-27","Ultramegaco","347581","278378","69203"
"2011-01-28","Ultramegaco","474166","393221","80945"
"2011-01-29","Ultramegaco","389574","323664","65910"
"2011-01-30","Ultramegaco","460058","371867","88191"
"2011-01-31","Ultramegaco","445476","369686","75790"
"2011-02-01","Ultramegaco","324085","266820","57265"
"2011-02-02","Ultramegaco","365405","295642","69763"
"2011-02-03","Ultramegaco","446733","363612","83121"
"2011-02-04","Ultramegaco","348373","291300","57073"
"2011-02-05","Ultramegaco","446552","374551","72001"
"2011-02-06","Ultramegaco","450998","369507","81491"
"2011-02-07","Ultramegaco","351340","296934","54406"
"2011-02-08","Ultramegaco","361033","301172","59861"
"2011-02-09","Ultramegaco","373296","304105","69191"
"2011-02-10","Ultramegaco","338477","277508","60969"
"2011-02-11","Ultramegaco","553005","460253","92752"
"2011-02-12","Ultramegaco","434982","351204","83778"
"2011-02-13","Ultramegaco","486076","398994","87082"
"2011-02-14","Ultramegaco","473692","399739","73953"
"2011-02-15","Ultramegaco","418110","352134","65976"
"2011-02-16","Ultramegaco","337146","274152","62994"
"2011-02-17","Ultramegaco","435325","356474","78851"
"2011-02-18","Ultramegaco","344981","284997","59984"
"2011-02-19","Ultramegaco","399716","321165","78551"
"2011-02-20","Ultramegaco","437068","352369","84699"
"2011-02-21","Ultramegaco","422764","346264","76500"
"2011-02-22","Ultramegaco","353238","288361","64877"
"2011-02-23","Ultramegaco","404201","330099","74102"
"2011-02-24","Ultramegaco","392566","317225","75341"
"2011-02-25","Ultramegaco","434084","352535","81549"
"2011-02-26","Ultramegaco","431657","353345","78312"
"2011-02-27","Ultramegaco","319500","254344","65156"
"2011-02-28","Ultramegaco","325611","272305","53306"
"2011-03-01","Ultramegaco","370738","297925","72813"
"2011-03-02","Ultramegaco","408888","345075","63813"
"2011-03-03","Ultramegaco","414190","347850","66340"
"2011-03-04","Ultramegaco","442253","357080","85173"
"2011-03-05","Ultramegaco","422394","359563","62831"
"2011-03-06","Ultramegaco","357253","287648","69605"
"2011-03-07","Ultramegaco","431485","349685","81800"
"2011-03-08","Ultramegaco","339210","262551","76659"
"2011-03-09","Ultramegaco","315872","248360","67512"
"2011-03-10","Ultramegaco","478068","403990","74078"
"2011-03-11","Ultramegaco","455219","381804","73415"
"2011-03-12","Ultramegaco","277438","222829","54609"
"2011-03-13","Ultramegaco","349352","275413","73939"
"2011-03-14","Ultramegaco","422929","350298","72631"
"2011-03-15","Ultramegaco","359888","285511","74377"
"2011-03-16","Ultramegaco","458580","383601","74979"
"2011-03-17","Ultramegaco","413376","345350","68026"
"2011-03-18","Ultramegaco","431724","357950","73774"
"2011-03-19","Ultramegaco","444655","363084","81571"
"2011-03-20","Ultramegaco","538153","452699","85454"
"2011-03-21","Ultramegaco","402328","324777","77551"
"2011-03-22","Ultramegaco","349942","287542","62400"
"2011-03-23","Ultramegaco","486575","405496","81079"
"2011-03-24","Ultramegaco","373355","299192","74163"
"2011-03-25","Ultramegaco","330888","276818","54070"
"2011-03-26","Ultramegaco","424505","345913","78592"
"2011-03-27","Ultramegaco","446210","361687","84523"
"2011-03-28","Ultramegaco","382418","308990","73428"
"2011-03-29","Ultramegaco","306096","246702","59394"
"2011-03-30","Ultramegaco","383441","313087","70354"
"2011-03-31","Ultramegaco","425127","345002","80125"
"2011-04-01","Ultramegaco","466456","377108","89348"
"2011-04-02","Ultramegaco","449921","363609","86312"
"2011-04-03","Ultramegaco","496061","416996","79065"
"2011-04-04","Ultramegaco","450935","382199","68736"
"2011-04-05","Ultramegaco","405983","334428","71555"
"2011-04-06","Ultramegaco","351599","284157","67442"
"2011-04-07","Ultramegaco","359077","308431","50646"
"2011-04-08","Ultramegaco","349676","290797","58879"
"2011-04-09","Ultramegaco","434958","360854","74104"
"2011-04-10","Ultramegaco","515466","428385","87081"
"2011-04-11","Ultramegaco","401023","333640","67383"
"2011-04-12","Ultramegaco","459183","377191","81992"
"2011-04-13","Ultramegaco","491426","413961","77465"
"2011-04-14","Ultramegaco","428774","356878","71896"
"2011-04-15","Ultramegaco","504234","413465","90769"
"2011-04-16","Ultramegaco","436342","356929","79413"
"2011-04-17","Ultramegaco","377339","316698","60641"
"2011-04-18","Ultramegaco","325337","254282","71055"
"2011-04-19","Ultramegaco","423424","363138","60286"
"2011-04-20","Ultramegaco","446852","362980","83872"
"2011-04-21","Ultramegaco","545641","454441","91200"
"2011-04-22","Ultramegaco","417505","348468","69037"
"2011-04-23","Ultramegaco","414265","339229","75036"
"2011-04-24","Ultramegaco","538432","439956","98476"
"2011-04-25","Ultramegaco","393432","316788","76644"
"2011-04-26","Ultramegaco","461365","382087","79278"
"2011-04-27","Ultramegaco","360252","293118","67134"
"2011-04-28","Ultramegaco","403782","333413","70369"
"2011-04-29","Ultramegaco","334062","258693","75369"
"2011-04-30","Ultramegaco","559897","465414","94483"
"2011-05-01","Ultramegaco","384078","304936","79142"
"2011-05-02","Ultramegaco","516123","434705","81418"
"2011-05-03","Ultramegaco","386299","311934","74365"
"2011-05-04","Ultramegaco","391182","322242","68940"
"2011-05-05","Ultramegaco","444529","342051","102478"
"2011-05-06","Ultramegaco","465623","382869","82754"
"2011-05-07","Ultramegaco","376542","315302","61240"
"2011-05-08","Ultramegaco","393367","325115","68252"
"2011-05-09","Ultramegaco","348766","275655","73111"
"2011-05-10","Ultramegaco","545637","461495","84142"
"2011-05-11","Ultramegaco","515081","440787","74294"
"2011-05-12","Ultramegaco","430872","357350","73522"
"2011-05-13","Ultramegaco","368163","297834","70329"
"2011-05-14","Ultramegaco","472239","398060","74179"
"2011-05-15","Ultramegaco","448355","358652","89703"
"2011-05-16","Ultramegaco","480663","407366","73297"
"2011-05-17","Ultramegaco","406667","335877","70790"
"2011-05-18","Ultramegaco","443280","376405","66875"
"2011-05-19","Ultramegaco","424787","349585","75202"
"2011-05-20","Ultramegaco","430233","356796","73437"
"2011-05-21","Ultramegaco","496986","424917","72069"
"2011-05-22","Ultramegaco","425452","358564","66888"
"2011-05-23","Ultramegaco","592002","493305","98697"
"2011-05-24","Ultramegaco","410014","336426","73588"
"2011-05-25","Ultramegaco","422795","339747","83048"
"2011-05-26","Ultramegaco","369791","302320","67471"
"2011-05-27","Ultramegaco","526799","444708","82091"
"2011-05-28","Ultramegaco","489814","409425","80389"
"2011-05-29","Ultramegaco","501159","419138","82021"
"2011-05-30","Ultramegaco","365957","294775","71182"
"2011-05-31","Ultramegaco","460151","381707","78444"
"2011-06-01","Ultramegaco","480480","382755","97725"
"2011-06-02","Ultramegaco","607565","494248","113317"
"2011-06-03","Ultramegaco","513888","437988","75900"
"2011-06-04","Ultramegaco","543393","442220","101173"
"2011-06-05","Ultramegaco","560911","464992","95919"
"2011-06-06","Ultramegaco","426193","341653","84540"
"2011-06-07","Ultramegaco","396026","322536","73490"
"2011-06-08","Ultramegaco","475439","395269","80170"
"2011-06-09","Ultramegaco","442509","351079","91430"
"2011-06-10","Ultramegaco","570043","480475","89568"
"2011-06-11","Ultramegaco","571591","485185","86406"
"2011-06-12","Ultramegaco","419698","345725","73973"
"2011-06-13","Ultramegaco","402631","321737","80894"
"2011-06-14","Ultramegaco","432520","352968","79552"
"2011-06-15","Ultramegaco","599572","488884","110688"
"2011-06-16","Ultramegaco","513489","432024","81465"
"2011-06-17","Ultramegaco","430310","346673","83637"
"2011-06-18","Ultramegaco","521435","422400","99035"
"2011-06-19","Ultramegaco","491257","408509","82748"
"2011-06-20","Ultramegaco","434660","348778","85882"
"2011-06-21","Ultramegaco","525484","437304","88180"
"2011-06-22","Ultramegaco","512282","415647","96635"
"2011-06-23","Ultramegaco","509196","415041","94155"
"2011-06-24","Ultramegaco","461800","375658","86142"
"2011-06-25","Ultramegaco","496211","398225","97986"
"2011-06-26","Ultramegaco","404035","326569","77466"
"2011-06-27","Ultramegaco","511480","431086","80394"
"2011-06-28","Ultramegaco","509561","415970","93591"
"2011-06-29","Ultramegaco","506000","417752","88248"
"2011-06-30","Ultramegaco","642503","529353","113150"
"2011-07-01","Ultramegaco","513015","427858","85157"
"2011-07-02","Ultramegaco","472723","380258","92465"
"2011-07-03","Ultramegaco","451366","366300","85066"
"2011-07-04","Ultramegaco","528365","430660","97705"
"2011-07-05","Ultramegaco","532830","446487","86343"
"2011-07-06","Ultramegaco","504337","408893","95444"
"2011-07-07","Ultramegaco","533547","438337","95210"
"2011-07-08","Ultramegaco","466478","392229","74249"
"2011-07-09","Ultramegaco","532640","445691","86949"
"2011-07-10","Ultramegaco","468299","381434","86865"
"2011-07-11","Ultramegaco","508321","417975","90346"
"2011-07-12","Ultramegaco","420351","336977","83374"
"2011-07-13","Ultramegaco","559320","459211","100109"
"2011-07-14","Ultramegaco","514569","442567","72002"
"2011-07-15","Ultramegaco","496993","406254","90739"
"2011-07-16","Ultramegaco","473633","395364","78269"
"2011-07-17","Ultramegaco","497962","402179","95783"
"2011-07-18","Ultramegaco","499132","409881","89251"
"2011-07-19","Ultramegaco","527453","432456","94997"
"2011-07-20","Ultramegaco","446261","360008","86253"
"2011-07-21","Ultramegaco","509741","411922","97819"
"2011-07-22","Ultramegaco","552145","461196","90949"
"2011-07-23","Ultramegaco","495602","415957","79645"
"2011-07-24","Ultramegaco","379545","309393","70152"
"2011-07-25","Ultramegaco","448349","364491","83858"
"2011-07-26","Ultramegaco","392554","322162","70392"
"2011-07-27","Ultramegaco","507997","408251","99746"
"2011-07-28","Ultramegaco","455319","374592","80727"
"2011-07-29","Ultramegaco","529325","434077","95248"
"2011-07-30","Ultramegaco","451458","374577","76881"
"2011-07-31","Ultramegaco","556200","467658","88542"
"2011-08-01","Ultramegaco","488648","392638","96010"
"2011-08-02","Ultramegaco","548852","447734","101118"
"2011-08-03","Ultramegaco","478860","393233","85627"
"2011-08-04","Ultramegaco","374913","301983","72930"
"2011-08-05","Ultramegaco","502728","402626","100102"
"2011-08-06","Ultramegaco","527829","430485","97344"
"2011-08-07","Ultramegaco","577095","455604","121491"
"2011-08-08","Ultramegaco","669854","559083","110771"
"2011-08-09","Ultramegaco","537806","445549","92257"
"2011-08-10","Ultramegaco","516257","418458","97799"
"2011-08-11","Ultramegaco","562765","460105","102660"
"2011-08-12","Ultramegaco","423797","340814","82983"
"2011-08-13","Ultramegaco","468632","390396","78236"
"2011-08-14","Ultramegaco","528747","427812","100935"
"2011-08-15","Ultramegaco","581856","479586","102270"
"2011-08-16","Ultramegaco","587656","485981","101675"
"2011-08-17","Ultramegaco","513592","424183","89409"
"2011-08-18","Ultramegaco","477756","392882","84874"
"2011-08-19","Ultramegaco","522686","437945","84741"
"2011-08-20","Ultramegaco","495373","398574","96799"
"2011-08-21","Ultramegaco","555814","449292","106522"
"2011-08-22","Ultramegaco","459543","365804","93739"
"2011-08-23","Ultramegaco","444057","361975","82082"
"2011-08-24","Ultramegaco","423411","340881","82530"
"2011-08-25","Ultramegaco","589126","488200","100926"
"2011-08-26","Ultramegaco","355099","275875","79224"
"2011-08-27","Ultramegaco","510176","414250","95926"
"2011-08-28","Ultramegaco","430358","349221","81137"
"2011-08-29","Ultramegaco","508445","416083","92362"
"2011-08-30","Ultramegaco","589731","486315","103416"
"2011-08-31","Ultramegaco","415514","335132","80382"
"2011-09-01","Ultramegaco","451649","360050","91599"
"2011-09-02","Ultramegaco","604932","500199","104733"
"2011-09-03","Ultramegaco","396795","318395","78400"
"2011-09-04","Ultramegaco","520062","433338","86724"
"2011-09-05","Ultramegaco","497150","408310","88840"
"2011-09-06","Ultramegaco","453110","374962","78148"
"2011-09-07","Ultramegaco","471894","384398","87496"
"2011-09-08","Ultramegaco","543921","441517","102404"
"2011-09-09","Ultramegaco","510678","427084","83594"
"2011-09-10","Ultramegaco","462656","363400","99256"
"2011-09-11","Ultramegaco","610618","504034","106584"
"2011-09-12","Ultramegaco","508894","408615","100279"
"2011-09-13","Ultramegaco","414480","332681","81799"
"2011-09-14","Ultramegaco","636008","539825","96183"
"2011-09-15","Ultramegaco","531516","432869","98647"
"2011-09-16","Ultramegaco","525452","417279","108173"
"2011-09-17","Ultramegaco","528378","436015","92363"
"2011-09-18","Ultramegaco","463289","381719","81570"
"2011-09-19","Ultramegaco","581541","477636","103905"
"2011-09-20","Ultramegaco","435302","354579","80723"
"2011-09-21","Ultramegaco","542805","445347","97458"
"2011-09-22","Ultramegaco","398932","321266","77666"
"2011-09-23","Ultramegaco","442767","360993","81774"
"2011-09-24","Ultramegaco","437338","351657","85681"
"2011-09-25","Ultramegaco","512758","434909","77849"
"2011-09-26","Ultramegaco","479987","383965","96022"
"2011-09-27","Ultramegaco","452188","370368","81820"
"2011-09-28","Ultramegaco","517086","438295","78791"
"2011-09-29","Ultramegaco","497610","390811","106799"
"2011-09-30","Ultramegaco","543502","458953","84549"
"2011-10-01","Ultramegaco","468443","384928","83515"
"2011-10-02","Ultramegaco","596678","489137","107541"
"2011-10-03","Ultramegaco","560533","466353","94180"
"2011-10-04","Ultramegaco","428642","355477","73165"
"2011-10-05","Ultramegaco","380593","307912","72681"
"2011-10-06","Ultramegaco","528333","436373","91960"
"2011-10-07","Ultramegaco","502938","415866","87072"
"2011-10-08","Ultramegaco","623617","514993","108624"
"2011-10-09","Ultramegaco","477002","396169","80833"
"2011-10-10","Ultramegaco","570548","465209","105339"
"2011-10-11","Ultramegaco","512161","430449","81712"
"2011-10-12","Ultramegaco","353304","286184","67120"
"2011-10-13","Ultramegaco","475971","380686","95285"
"2011-10-14","Ultramegaco","492391","393297","99094"
"2011-10-15","Ultramegaco","382557","315501","67056"
"2011-10-16","Ultramegaco","497862","410167","87695"
"2011-10-17","Ultramegaco","572332","477853","94479"
"2011-10-18","Ultramegaco","345276","267874","77402"
"2011-10-19","Ultramegaco","447309","361304","86005"
"2011-10-20","Ultramegaco","502595","409618","92977"
"2011-10-21","Ultramegaco","581948","490500","91448"
"2011-10-22","Ultramegaco","433106","334382","98724"
"2011-10-23","Ultramegaco","539347","435126","104221"
"2011-10-24","Ultramegaco","448578","362418","86160"
"2011-10-25","Ultramegaco","530335","441119","89216"
"2011-10-26","Ultramegaco","444838","366163","78675"
"2011-10-27","Ultramegaco","476188","398408","77780"
"2011-10-28","Ultramegaco","411941","324110","87831"
"2011-10-29","Ultramegaco","559113","465782","93331"
"2011-10-30","Ultramegaco","592329","484176","108153"
"2011-10-31","Ultramegaco","544808","449624","95184"
"2011-11-01","Ultramegaco","589042","492840","96202"
"2011-11-02","Ultramegaco","505031","416377","88654"
"2011-11-03","Ultramegaco","478960","401502","77458"
"2011-11-04","Ultramegaco","415499","337578","77921"
"2011-11-05","Ultramegaco","541282","438943","102339"
"2011-11-06","Ultramegaco","398919","325546","73373"
"2011-11-07","Ultramegaco","560918","458221","102697"
"2011-11-08","Ultramegaco","527672","434705","92967"
"2011-11-09","Ultramegaco","491436","402192","89244"
"2011-11-10","Ultramegaco","479752","382549","97203"
"2011-11-11","Ultramegaco","426110","337411","88699"
"2011-11-12","Ultramegaco","522254","438241","84013"
"2011-11-13","Ultramegaco","496785","405123","91662"
"2011-11-14","Ultramegaco","470981","395366","75615"
"2011-11-15","Ultramegaco","468259","365457","102802"
"2011-11-16","Ultramegaco","454773","381929","72844"
"2011-11-17","Ultramegaco","528908","441871","87037"
"2011-11-18","Ultramegaco","469770","384328","85442"
"2011-11-19","Ultramegaco","665026","545543","119483"
"2011-11-20","Ultramegaco","524646","432362","92284"
"2011-11-21","Ultramegaco","407786","330698","77088"
"2011-11-22","Ultramegaco","376276","292375","83901"
"2011-11-23","Ultramegaco","524054","439126","84928"
"2011-11-24","Ultramegaco","461850","372722","89128"
"2011-11-25","Ultramegaco","499607","405058","94549"
"2011-11-26","Ultramegaco","486178","398467","87711"
"2011-11-27","Ultramegaco","541581","451624","89957"
"2011-11-28","Ultramegaco","429744","341157","88587"
"2011-11-29","Ultramegaco","575476","485965","89511"
"2011-11-30","Ultramegaco","407020","322497","84523"
"2011-12-01","Ultramegaco","468803","383334","85469"
"2011-12-02","Ultramegaco","448388","363027","85361"
"2011-12-03","Ultramegaco","600915","500665","100250"
"2011-12-04","Ultramegaco","388771","314158","74613"
"2011-12-05","Ultramegaco","565409","462903","102506"
"2011-12-06","Ultramegaco","462851","379221","83630"
"2011-12-07","Ultramegaco","498701","412981","85720"
"2011-12-08","Ultramegaco","548295","456997","91298"
"2011-12-09","Ultramegaco","456992","347894","109098"
"2011-12-10","Ultramegaco","485730","394956","90774"
"2011-12-11","Ultramegaco","425867","355494","70373"
"2011-12-12","Ultramegaco","454461","371803","82658"
"2011-12-13","Ultramegaco","397430","319397","78033"
"2011-12-14","Ultramegaco","470381","390552","79829"
"2011-12-15","Ultramegaco","527176","427090","100086"
"2011-12-16","Ultramegaco","429560","351108","78452"
"2011-12-17","Ultramegaco","605218","496960","108258"
"2011-12-18","Ultramegaco","455508","368092","87416"
"2011-12-19","Ultramegaco","476080","392051","84029"
"2011-12-20","Ultramegaco","496769","401593","95176"
"2011-12-21","Ultramegaco","469148","380646","88502"
"2011-12-22","Ultramegaco","426992","354849","72143"
"2011-12-23","Ultramegaco","399621","314834","84787"
"2011-12-24","Ultramegaco","522972","434387","88585"
"2011-12-25","Ultramegaco","578016","478662","99354"
"2011-12-26","Ultramegaco","525182","432341","92841"
"2011-12-27","Ultramegaco","546819","447461","99358"
"2011-12-28","Ultramegaco","586326","496357","89969"
"2011-12-29","Ultramegaco","396025","323752","72273"
"2011-12-30","Ultramegaco","595359","495728","99631"
"2011-12-31","Ultramegaco","511025","424266","86759"
"2012-01-01","Ultramegaco","724424","593151","131273"
"2012-01-02","Ultramegaco","951857","797419","154438"
"2012-01-03","Ultramegaco","774015","648973","125042"
"2012-01-04","Ultramegaco","815444","651061","164383"
"2012-01-05","Ultramegaco","750487","609577","140910"
"2012-01-06","Ultramegaco","699874","591060","108814"
"2012-01-07","Ultramegaco","697595","576710","120885"
"2012-01-08","Ultramegaco","757879","635021","122858"
"2012-01-09","Ultramegaco","599493","479265","120228"
"2012-01-10","Ultramegaco","540317","433102","107215"
"2012-01-11","Ultramegaco","697906","576858","121048"
"2012-01-12","Ultramegaco","805958","665859","140099"
"2012-01-13","Ultramegaco","726823","594594","132229"
"2012-01-14","Ultramegaco","660875","538579","122296"
"2012-01-15","Ultramegaco","790655","666058","124597"
"2012-01-16","Ultramegaco","762060","633064","128996"
"2012-01-17","Ultramegaco","748362","613396","134966"
"2012-01-18","Ultramegaco","700451","582625","117826"
"2012-01-19","Ultramegaco","600358","468885","131473"
"2012-01-20","Ultramegaco","819628","664116","155512"
"2012-01-21","Ultramegaco","661247","532615","128632"
"2012-01-22","Ultramegaco","729005","597046","131959"
"2012-01-23","Ultramegaco","738452","590604","147848"
"2012-01-24","Ultramegaco","753964","628029","125935"
"2012-01-25","Ultramegaco","728294","596113","132181"
"2012-01-26","Ultramegaco","728442","588208","140234"
"2012-01-27","Ultramegaco","657986","542908","115078"
"2012-01-28","Ultramegaco","699518","562221","137297"
"2012-01-29","Ultramegaco","660659","533353","127306"
"2012-01-30","Ultramegaco","842593","705566","137027"
"2012-01-31","Ultramegaco","834698","687431","147267"
"2012-02-01","Ultramegaco","704432","575915","128517"
"2012-02-02","Ultramegaco","725554","592369","133185"
"2012-02-03","Ultramegaco","759420","635437","123983"
"2012-02-04","Ultramegaco","763349","617299","146050"
"2012-02-05","Ultramegaco","749113","606191","142922"
"2012-02-06","Ultramegaco","721177","587708","133469"
"2012-02-07","Ultramegaco","803594","667686","135908"
"2012-02-08","Ultramegaco","585414","473743","111671"
"2012-02-09","Ultramegaco","780357","637055","143302"
"2012-02-10","Ultramegaco","840787","680966","159821"
"2012-02-11","Ultramegaco","751423","621382","130041"
"2012-02-12","Ultramegaco","717751","590492","127259"
"2012-02-13","Ultramegaco","798871","659263","139608"
"2012-02-14","Ultramegaco","749536","615391","134145"
"2012-02-15","Ultramegaco","683816","567861","115955"
"2012-02-16","Ultramegaco","758282","609053","149229"
"2012-02-17","Ultramegaco","719910","596175","123735"
"2012-02-18","Ultramegaco","867957","721011","146946"
"2012-02-19","Ultramegaco","733131","608148","124983"
"2012-02-20","Ultramegaco","885372","744220","141152"
"2012-02-21","Ultramegaco","831419","692799","138620"
"2012-02-22","Ultramegaco","648899","517207","131692"
"2012-02-23","Ultramegaco","747382","599662","147720"
"2012-02-24","Ultramegaco","937914","781572","156342"
"2012-02-25","Ultramegaco","719355","588053","131302"
"2012-02-26","Ultramegaco","800745","664792","135953"
"2012-02-27","Ultramegaco","719201","602128","117073"
"2012-02-28","Ultramegaco","610314","499678","110636"
"2012-02-29","Ultramegaco","445858","357826","88032"
"2012-03-01","Ultramegaco","729301","605177","124124"
"2012-03-02","Ultramegaco","880130","729783","150347"
"2012-03-03","Ultramegaco","758942","612904","146038"
"2012-03-04","Ultramegaco","695351","578563","116788"
"2012-03-05","Ultramegaco","725546","597054","128492"
"2012-03-06","Ultramegaco","807000","682426","124574"
"2012-03-07","Ultramegaco","712236","573380","138856"
"2012-03-08","Ultramegaco","775813","648411","127402"
"2012-03-09","Ultramegaco","742800","620719","122081"
"2012-03-10","Ultramegaco","676456","556878","119578"
"2012-03-11","Ultramegaco","768205","631783","136422"
"2012-03-12","Ultramegaco","778112","656440","121672"
"2012-03-13","Ultramegaco","833435","673045","160390"
"2012-03-14","Ultramegaco","847649","695452","152197"
"2012-03-15","Ultramegaco","685761","558689","127072"
"2012-03-16","Ultramegaco","724238","592432","131806"
"2012-03-17","Ultramegaco","811422","665759","145663"
"2012-03-18","Ultramegaco","766575","624508","142067"
"2012-03-19","Ultramegaco","731764","607074","124690"
"2012-03-20","Ultramegaco","773183","648751","124432"
"2012-03-21","Ultramegaco","765133","616620","148513"
"2012-03-22","Ultramegaco","681746","544747","136999"
"2012-03-23","Ultramegaco","584656","480024","104632"
"2012-03-24","Ultramegaco","837398","710324","127074"
"2012-03-25","Ultramegaco","692583","549106","143477"
"2012-03-26","Ultramegaco","744588","605586","139002"
"2012-03-27","Ultramegaco","802003","666726","135277"
"2012-03-28","Ultramegaco","772422","629831","142591"
"2012-03-29","Ultramegaco","677921","537476","140445"
"2012-03-30","Ultramegaco","743726","597058","146668"
"2012-03-31","Ultramegaco","742220","600142","142078"
"2012-04-01","Ultramegaco","854376","703204","151172"
"2012-04-02","Ultramegaco","761963","604899","157064"
"2012-04-03","Ultramegaco","852837","713628","139209"
"2012-04-04","Ultramegaco","742038","603986","138052"
"2012-04-05","Ultramegaco","866840","703337","163503"
"2012-04-06","Ultramegaco","736516","595961","140555"
"2012-04-07","Ultramegaco","911152","750526","160626"
"2012-04-08","Ultramegaco","849440","697940","151500"
"2012-04-09","Ultramegaco","741448","607085","134363"
"2012-04-10","Ultramegaco","750988","613294","137694"
"2012-04-11","Ultramegaco","846628","720374","126254"
"2012-04-12","Ultramegaco","751676","625655","126021"
"2012-04-13","Ultramegaco","795220","648558","146662"
"2012-04-14","Ultramegaco","685906","560021","125885"
"2012-04-15","Ultramegaco","872491","734671","137820"
"2012-04-16","Ultramegaco","732993","596716","136277"
"2012-04-17","Ultramegaco","807236","661845","145391"
"2012-04-18","Ultramegaco","912540","748209","164331"
"2012-04-19","Ultramegaco","764711","627587","137124"
"2012-04-20","Ultramegaco","724980","588398","136582"
"2012-04-21","Ultramegaco","724453","587619","136834"
"2012-04-22","Ultramegaco","793983","651961","142022"
"2012-04-23","Ultramegaco","964852","786417","178435"
"2012-04-24","Ultramegaco","728929","604490","124439"
"2012-04-25","Ultramegaco","636820","501314","135506"
"2012-04-26","Ultramegaco","740401","597857","142544"
"2012-04-27","Ultramegaco","866932","720548","146384"
"2012-04-28","Ultramegaco","784925","643331","141594"
"2012-04-29","Ultramegaco","888495","742134","146361"
"2012-04-30","Ultramegaco","984366","828233","156133"
"2012-05-01","Ultramegaco","818489","684979","133510"
"2012-05-02","Ultramegaco","826271","681465","144806"
"2012-05-03","Ultramegaco","836849","684055","152794"
"2012-05-04","Ultramegaco","725978","585638","140340"
"2012-05-05","Ultramegaco","707742","560042","147700"
"2012-05-06","Ultramegaco","657678","536083","121595"
"2012-05-07","Ultramegaco","787735","657503","130232"
"2012-05-08","Ultramegaco","835838","681912","153926"
"2012-05-09","Ultramegaco","625757","502597","123160"
"2012-05-10","Ultramegaco","847669","694853","152816"
"2012-05-11","Ultramegaco","837551","676517","161034"
"2012-05-12","Ultramegaco","843195","703001","140194"
"2012-05-13","Ultramegaco","810536","654056","156480"
"2012-05-14","Ultramegaco","740508","596830","143678"
"2012-05-15","Ultramegaco","746562","595264","151298"
"2012-05-16","Ultramegaco","777523","628276","149247"
"2012-05-17","Ultramegaco","746079","602822","143257"
"2012-05-18","Ultramegaco","753294","623290","130004"
"2012-05-19","Ultramegaco","806368","666719","139649"
"2012-05-20","Ultramegaco","846776","698684","148092"
"2012-05-21","Ultramegaco","966484","810184","156300"
"2012-05-22","Ultramegaco","665892","521739","144153"
"2012-05-23","Ultramegaco","800388","674202","126186"
"2012-05-24","Ultramegaco","803207","645871","157336"
"2012-05-25","Ultramegaco","696335","567571","128764"
"2012-05-26","Ultramegaco","860911","715776","145135"
"2012-05-27","Ultramegaco","760380","624649","135731"
"2012-05-28","Ultramegaco","876058","722135","153923"
"2012-05-29","Ultramegaco","936367","778528","157839"
"2012-05-30","Ultramegaco","959504","792536","166968"
"2012-05-31","Ultramegaco","639297","516213","123084"
"2012-06-01","Ultramegaco","270466","227699","42767"
"2012-06-02","Ultramegaco","330636","261299","69337"
"2012-06-03","Ultramegaco","383114","323065","60049"
"2012-06-04","Ultramegaco","390598","309742","80856"
"2012-06-05","Ultramegaco","378310","306557","71753"
"2012-06-06","Ultramegaco","421726","352718","69008"
"2012-06-07","Ultramegaco","336707","277843","58864"
"2012-06-08","Ultramegaco","296366","249699","46667"
"2012-06-09","Ultramegaco","265849","217504","48345"
"2012-06-10","Ultramegaco","306193","242037","64156"
"2012-06-11","Ultramegaco","346525","283963","62562"
"2012-06-12","Ultramegaco","289859","242846","47013"
"2012-06-13","Ultramegaco","372971","305157","67814"
"2012-06-14","Ultramegaco","443685","366321","77364"
"2012-06-15","Ultramegaco","330541","268661","61880"
"2012-06-16","Ultramegaco","336233","267965","68268"
"2012-06-17","Ultramegaco","372268","303372","68896"
"2012-06-18","Ultramegaco","275623","215583","60040"
"2012-06-19","Ultramegaco","296868","242075","54793"
"2012-06-20","Ultramegaco","407859","328440","79419"
"2012-06-21","Ultramegaco","422499","350593","71906"
"2012-06-22","Ultramegaco","366171","298714","67457"
"2012-06-23","Ultramegaco","264397","205708","58689"
"2012-06-24","Ultramegaco","342016","288327","53689"
"2012-06-25","Ultramegaco","336721","280980","55741"
"2012-06-26","Ultramegaco","415236","340956","74280"
"2012-06-27","Ultramegaco","380884","313255","67629"
"2012-06-28","Ultramegaco","310993","256819","54174"
"2012-06-29","Ultramegaco","397052","328976","68076"
"2012-06-30","Ultramegaco","345953","289894","56059"
"2012-07-01","Ultramegaco","473537","392366","81171"
"2012-07-02","Ultramegaco","308594","250451","58143"
"2012-07-03","Ultramegaco","324628","267762","56866"
"2012-07-04","Ultramegaco","325335","256095","69240"
"2012-07-05","Ultramegaco","351197","287626","63571"
"2012-07-06","Ultramegaco","318176","253117","65059"
"2012-07-07","Ultramegaco","429185","360449","68736"
"2012-07-08","Ultramegaco","459456","382221","77235"
"2012-07-09","Ultramegaco","365095","304156","60939"
"2012-07-10","Ultramegaco","418906","352709","66197"
"2012-07-11","Ultramegaco","321370","258850","62520"
"2012-07-12","Ultramegaco","312998","257021","55977"
"2012-07-13","Ultramegaco","403527","339358","64169"
"2012-07-14","Ultramegaco","308291","255092","53199"
"2012-07-15","Ultramegaco","272524","225191","47333"
"2012-07-16","Ultramegaco","387357","316395","70962"
"2012-07-17","Ultramegaco","405325","330650","74675"
"2012-07-18","Ultramegaco","369027","305651","63376"
"2012-07-19","Ultramegaco","420633","354452","66181"
"2012-07-20","Ultramegaco","419814","347274","72540"
"2012-07-21","Ultramegaco","299425","242233","57192"
"2012-07-22","Ultramegaco","410423","338807","71616"
"2012-07-23","Ultramegaco","286715","232857","53858"
"2012-07-24","Ultramegaco","367378","299078","68300"
"2012-07-25","Ultramegaco","298392","250961","47431"
"2012-07-26","Ultramegaco","391439","320393","71046"
"2012-07-27","Ultramegaco","367114","297703","69411"
"2012-07-28","Ultramegaco","277869","216656","61213"
"2012-07-29","Ultramegaco","461303","386434","74869"
"2012-07-30","Ultramegaco","302461","253094","49367"
"2012-07-31","Ultramegaco","387100","308743","78357"
"2012-08-01","Ultramegaco","390313","327674","62639"
"2012-08-02","Ultramegaco","260000","213563","46437"
"2012-08-03","Ultramegaco","354920","301864","53056"
"2012-08-04","Ultramegaco","522905","436392","86513"
"2012-08-05","Ultramegaco","349962","290079","59883"
"2012-08-06","Ultramegaco","376787","305801","70986"
"2012-08-07","Ultramegaco","337170","270952","66218"
"2012-08-08","Ultramegaco","348911","281776","67135"
"2012-08-09","Ultramegaco","385972","316193","69779"
"2012-08-10","Ultramegaco","353211","288296","64915"
"2012-08-11","Ultramegaco","435900","350085","85815"
"2012-08-12","Ultramegaco","326766","263616","63150"
"2012-08-13","Ultramegaco","401275","331849","69426"
"2012-08-14","Ultramegaco","364001","302467","61534"
"2012-08-15","Ultramegaco","332658","267747","64911"
"2012-08-16","Ultramegaco","307729","249752","57977"
"2012-08-17","Ultramegaco","392968","312936","80032"
"2012-08-18","Ultramegaco","460833","385062","75771"
"2012-08-19","Ultramegaco","427368","353375","73993"
"2012-08-20","Ultramegaco","280484","223345","57139"
"2012-08-21","Ultramegaco","339642","272853","66789"
"2012-08-22","Ultramegaco","393176","320793","72383"
"2012-08-23","Ultramegaco","356340","287748","68592"
"2012-08-24","Ultramegaco","418069","359208","58861"
"2012-08-25","Ultramegaco","292364","237754","54610"
"2012-08-26","Ultramegaco","291568","234156","57412"
"2012-08-27","Ultramegaco","339069","278391","60678"
"2012-08-28","Ultramegaco","334406","279349","55057"
"2012-08-29","Ultramegaco","326579","264165","62414"
"2012-08-30","Ultramegaco","307969","252311","55658"
"2012-08-31","Ultramegaco","386348","316709","69639"
"2012-09-01","Ultramegaco","378915","320145","58770"
"2012-09-02","Ultramegaco","427060","353281","73779"
"2012-09-03","Ultramegaco","401074","338569","62505"
"2012-09-04","Ultramegaco","292231","243044","49187"
"2012-09-05","Ultramegaco","466143","390115","76028"
"2012-09-06","Ultramegaco","307964","251403","56561"
"2012-09-07","Ultramegaco","344645","290099","54546"
"2012-09-08","Ultramegaco","376284","302272","74012"
"2012-09-09","Ultramegaco","379480","305418","74062"
"2012-09-10","Ultramegaco","295958","237841","58117"
"2012-09-11","Ultramegaco","350215","274944","75271"
"2012-09-12","Ultramegaco","471160","384738","86422"
"2012-09-13","Ultramegaco","280080","227044","53036"
"2012-09-14","Ultramegaco","224415","172858","51557"
"2012-09-15","Ultramegaco","406917","339974","66943"
"2012-09-16","Ultramegaco","366220","301469","64751"
"2012-09-17","Ultramegaco","428581","343203","85378"
"2012-09-18","Ultramegaco","383974","313863","70111"
"2012-09-19","Ultramegaco","423919","344138","79781"
"2012-09-20","Ultramegaco","321941","258547","63394"
"2012-09-21","Ultramegaco","406559","337411","69148"
"2012-09-22","Ultramegaco","360189","304817","55372"
"2012-09-23","Ultramegaco","406860","333179","73681"
"2012-09-24","Ultramegaco","480270","399754","80516"
"2012-09-25","Ultramegaco","333869","275350","58519"
"2012-09-26","Ultramegaco","323310","254780","68530"
"2012-09-27","Ultramegaco","413793","350410","63383"
"2012-09-28","Ultramegaco","358735","287289","71446"
"2012-09-29","Ultramegaco","386785","316448","70337"
"2012-09-30","Ultramegaco","411864","338536","73328"
"2012-10-01","Ultramegaco","358745","294279","64466"
"2012-10-02","Ultramegaco","334796","275741","59055"
"2012-10-03","Ultramegaco","315401","240131","75270"
"2012-10-04","Ultramegaco","300138","243524","56614"
"2012-10-05","Ultramegaco","326242","258082","68160"
"2012-10-06","Ultramegaco","441397","354420","86977"
"2012-10-07","Ultramegaco","356204","290672","65532"
"2012-10-08","Ultramegaco","363839","289495","74344"
"2012-10-09","Ultramegaco","386341","311405","74936"
"2012-10-10","Ultramegaco","436678","362576","74102"
"2012-10-11","Ultramegaco","434719","361168","73551"
"2012-10-12","Ultramegaco","475259","398454","76805"
"2012-10-13","Ultramegaco","379840","305880","73960"
"2012-10-14","Ultramegaco","429687","345207","84480"
"2012-10-15","Ultramegaco","491781","406914","84867"
"2012-10-16","Ultramegaco","562500","458550","103950"
"2012-10-17","Ultramegaco","461493","381724","79769"
"2012-10-18","Ultramegaco","418804","339316","79488"
"2012-10-19","Ultramegaco","375256","315245","60011"
"2012-10-20","Ultramegaco","417745","349896","67849"
"2012-10-21","Ultramegaco","416683","331342","85341"
"2012-10-22","Ultramegaco","304718","241285","63433"
"2012-10-23","Ultramegaco","416220","343013","73207"
"2012-10-24","Ultramegaco","419309","345465","73844"
"2012-10-25","Ultramegaco","492435","418215","74220"
"2012-10-26","Ultramegaco","428508","346225","82283"
"2012-10-27","Ultramegaco","523167","442795","80372"
"2012-10-28","Ultramegaco","339882","279658","60224"
"2012-10-29","Ultramegaco","425328","351733","73595"
"2012-10-30","Ultramegaco","320308","268874","51434"
"2012-10-31","Ultramegaco","374278","300176","74102"
"2012-11-01","Ultramegaco","378133","311212","66921"
"2012-11-02","Ultramegaco","417058","339476","77582"
"2012-11-03","Ultramegaco","426161","355448","70713"
"2012-11-04","Ultramegaco","512222","433866","78356"
"2012-11-05","Ultramegaco","482168","412189","69979"
"2012-11-06","Ultramegaco","388278","315409","72869"
"2012-11-07","Ultramegaco","544252","448674","95578"
"2012-11-08","Ultramegaco","398413","330843","67570"
"2012-11-09","Ultramegaco","305045","241602","63443"
"2012-11-10","Ultramegaco","500228","407826","92402"
"2012-11-11","Ultramegaco","419222","339624","79598"
"2012-11-12","Ultramegaco","480525","403030","77495"
"2012-11-13","Ultramegaco","458776","370987","87789"
"2012-11-14","Ultramegaco","394485","329109","65376"
"2012-11-15","Ultramegaco","393300","313692","79608"
"2012-11-16","Ultramegaco","339656","272701","66955"
"2012-11-17","Ultramegaco","491498","410794","80704"
"2012-11-18","Ultramegaco","375620","310004","65616"
"2012-11-19","Ultramegaco","377310","306606","70704"
"2012-11-20","Ultramegaco","471374","399009","72365"
"2012-11-21","Ultramegaco","521131","423594","97537"
"2012-11-22","Ultramegaco","506789","412078","94711"
"2012-11-23","Ultramegaco","476257","403588","72669"
"2012-11-24","Ultramegaco","364579","296522","68057"
"2012-11-25","Ultramegaco","463247","386637","76610"
"2012-11-26","Ultramegaco","385453","312922","72531"
"2012-11-27","Ultramegaco","495268","425084","70184"
"2012-11-28","Ultramegaco","438908","349493","89415"
"2012-11-29","Ultramegaco","487886","401895","85991"
"2012-11-30","Ultramegaco","488814","403761","85053"
"2012-12-01","Ultramegaco","557831","475050","82781"
"2012-12-02","Ultramegaco","352067","287660","64407"
"2012-12-03","Ultramegaco","483776","399652","84124"
"2012-12-04","Ultramegaco","374803","306487","68316"
"2012-12-05","Ultramegaco","483948","406994","76954"
"2012-12-06","Ultramegaco","417193","336222","80971"
"2012-12-07","Ultramegaco","466187","380939","85248"
"2012-12-08","Ultramegaco","321426","256473","64953"
"2012-12-09","Ultramegaco","464040","380118","83922"
"2012-12-10","Ultramegaco","394249","328632","65617"
"2012-12-11","Ultramegaco","343564","283137","60427"
"2012-12-12","Ultramegaco","453963","374636","79327"
"2012-12-13","Ultramegaco","407750","320256","87494"
"2012-12-14","Ultramegaco","368020","305232","62788"
"2012-12-15","Ultramegaco","434988","365409","69579"
"2012-12-16","Ultramegaco","506771","420510","86261"
"2012-12-17","Ultramegaco","474560","381182","93378"
"2012-12-18","Ultramegaco","533084","445331","87753"
"2012-12-19","Ultramegaco","350400","283914","66486"
"2012-12-20","Ultramegaco","431741","362368","69373"
"2012-12-21","Ultramegaco","389275","324737","64538"
"2012-12-22","Ultramegaco","464750","387630","77120"
"2012-12-23","Ultramegaco","360785","295202","65583"
"2012-12-24","Ultramegaco","370630","299008","71622"
"2012-12-25","Ultramegaco","363004","290038","72966"
"2012-12-26","Ultramegaco","395912","318568","77344"
"2012-12-27","Ultramegaco","434808","362943","71865"
"2012-12-28","Ultramegaco","434477","365098","69379"
"2012-12-29","Ultramegaco","441628","365646","75982"
"2012-12-30","Ultramegaco","438956","360282","78674"
"2012-12-31","Ultramegaco","407170","326470","80700"
"2013-01-01","Ultramegaco","317046","256740","60306"
"2013-01-02","Ultramegaco","1420417","1152308","268109"
"2013-01-03","Ultramegaco","1333313","1104647","228666"
"2013-01-04","Ultramegaco","1195568","994386","201182"
"2013-01-05","Ultramegaco","1192273","971155","221118"
"2013-01-06","Ultramegaco","1209515","985932","223583"
"2013-01-07","Ultramegaco","1347731","1103813","243918"
"2013-01-08","Ultramegaco","1078040","865075","212965"
"2013-01-09","Ultramegaco","1056388","842122","214266"
"2013-01-10","Ultramegaco","1256456","1038550","217906"
"2013-01-11","Ultramegaco","1189267","971025","218242"
"2013-01-12","Ultramegaco","1265861","1033969","231892"
"2013-01-13","Ultramegaco","1181142","969901","211241"
"2013-01-14","Ultramegaco","1016821","819240","197581"
"2013-01-15","Ultramegaco","1125455","921044","204411"
"2013-01-16","Ultramegaco","1219091","1009973","209118"
"2013-01-17","Ultramegaco","1200380","970631","229749"
"2013-01-18","Ultramegaco","1226620","1010313","216307"
"2013-01-19","Ultramegaco","1247107","1006610","240497"
"2013-01-20","Ultramegaco","1097933","894111","203822"
"2013-01-21","Ultramegaco","1350809","1102994","247815"
"2013-01-22","Ultramegaco","1059344","872020","187324"
"2013-01-23","Ultramegaco","1089645","889947","199698"
"2013-01-24","Ultramegaco","1074021","869090","204931"
"2013-01-25","Ultramegaco","1137609","919585","218024"
"2013-01-26","Ultramegaco","1225197","1016608","208589"
"2013-01-27","Ultramegaco","1122299","901936","220363"
"2013-01-28","Ultramegaco","1286414","1056677","229737"
"2013-01-29","Ultramegaco","1021377","830830","190547"
"2013-01-30","Ultramegaco","1083749","874773","208976"
"2013-01-31","Ultramegaco","1122998","914776","208222"
"2013-02-01","Ultramegaco","1252338","1021831","230507"
"2013-02-02","Ultramegaco","1278076","1040303","237773"
"2013-02-03","Ultramegaco","1324570","1077388","247182"
"2013-02-04","Ultramegaco","1332708","1102947","229761"
"2013-02-05","Ultramegaco","1364157","1122965","241192"
"2013-02-06","Ultramegaco","1383406","1128519","254887"
"2013-02-07","Ultramegaco","1138015","925866","212149"
"2013-02-08","Ultramegaco","1148843","943174","205669"
"2013-02-09","Ultramegaco","1254420","1019983","234437"
"2013-02-10","Ultramegaco","1372013","1127665","244348"
"2013-02-11","Ultramegaco","1593457","1340470","252987"
"2013-02-12","Ultramegaco","1326579","1086722","239857"
"2013-02-13","Ultramegaco","1426718","1154365","272353"
"2013-02-14","Ultramegaco","1366006","1120811","245195"
"2013-02-15","Ultramegaco","1330232","1083825","246407"
"2013-02-16","Ultramegaco","1410106","1162777","247329"
"2013-02-17","Ultramegaco","1451080","1186971","264109"
"2013-02-18","Ultramegaco","1174636","951727","222909"
"2013-02-19","Ultramegaco","1362300","1111300","251000"
"2013-02-20","Ultramegaco","1202915","963031","239884"
"2013-02-21","Ultramegaco","1391147","1143988","247159"
"2013-02-22","Ultramegaco","1346877","1096495","250382"
"2013-02-23","Ultramegaco","1340469","1094536","245933"
"2013-02-24","Ultramegaco","1300687","1066094","234593"
"2013-02-25","Ultramegaco","1306017","1071790","234227"
"2013-02-26","Ultramegaco","1318859","1057599","261260"
"2013-02-27","Ultramegaco","1277070","1065982","211088"
"2013-02-28","Ultramegaco","1336303","1112324","223979"
"2013-03-01","Ultramegaco","553544","440641","112903"
"2013-03-02","Ultramegaco","618038","498856","119182"
"2013-03-03","Ultramegaco","1330075","1076162","253913"
"2013-03-04","Ultramegaco","1507869","1245824","262045"
"2013-03-05","Ultramegaco","1482808","1195050","287758"
"2013-03-06","Ultramegaco","1546053","1257201","288852"
"2013-03-07","Ultramegaco","1401800","1145073","256727"
"2013-03-08","Ultramegaco","1170462","942037","228425"
"2013-03-09","Ultramegaco","1252614","1019163","233451"
"2013-03-10","Ultramegaco","1290005","1051258","238747"
"2013-03-11","Ultramegaco","1480646","1239693","240953"
"2013-03-12","Ultramegaco","1221011","966252","254759"
"2013-03-13","Ultramegaco","1327845","1068699","259146"
"2013-03-14","Ultramegaco","1309571","1057148","252423"
"2013-03-15","Ultramegaco","1226485","974914","251571"
"2013-03-16","Ultramegaco","1421162","1166149","255013"
"2013-03-17","Ultramegaco","1223171","1010450","212721"
"2013-03-18","Ultramegaco","1297034","1049036","247998"
"2013-03-19","Ultramegaco","1277066","1025929","251137"
"2013-03-20","Ultramegaco","1336027","1082000","254027"
"2013-03-21","Ultramegaco","1299672","1082366","217306"
"2013-03-22","Ultramegaco","1612298","1315117","297181"
"2013-03-23","Ultramegaco","1230518","988228","242290"
"2013-03-24","Ultramegaco","1273238","1052225","221013"
"2013-03-25","Ultramegaco","1421161","1149773","271388"
"2013-03-26","Ultramegaco","1263862","1035172","228690"
"2013-03-27","Ultramegaco","1369158","1110257","258901"
"2013-03-28","Ultramegaco","1414968","1164999","249969"
"2013-03-29","Ultramegaco","1411281","1155077","256204"
"2013-03-30","Ultramegaco","1282760","1018178","264582"
"2013-03-31","Ultramegaco","1345011","1084528","260483"
"2013-04-01","Ultramegaco","1379671","1106632","273039"
"2013-04-02","Ultramegaco","1610616","1313683","296933"
"2013-04-03","Ultramegaco","1393997","1127576","266421"
"2013-04-04","Ultramegaco","1163522","925327","238195"
"2013-04-05","Ultramegaco","1269884","1027453","242431"
"2013-04-06","Ultramegaco","1507141","1243901","263240"
"2013-04-07","Ultramegaco","1582891","1294794","288097"
"2013-04-08","Ultramegaco","1333565","1096007","237558"
"2013-04-09","Ultramegaco","1453010","1190332","262678"
"2013-04-10","Ultramegaco","1334010","1075501","258509"
"2013-04-11","Ultramegaco","1352449","1099905","252544"
"2013-04-12","Ultramegaco","1308626","1074423","234203"
"2013-04-13","Ultramegaco","1445135","1182607","262528"
"2013-04-14","Ultramegaco","1393693","1150624","243069"
"2013-04-15","Ultramegaco","1504051","1220177","283874"
"2013-04-16","Ultramegaco","1577305","1298280","279025"
"2013-04-17","Ultramegaco","1384578","1131591","252987"
"2013-04-18","Ultramegaco","1447346","1207055","240291"
"2013-04-19","Ultramegaco","1327624","1064743","262881"
"2013-04-20","Ultramegaco","1546489","1281404","265085"
"2013-04-21","Ultramegaco","1358806","1091708","267098"
"2013-04-22","Ultramegaco","1413508","1154626","258882"
"2013-04-23","Ultramegaco","1445865","1189851","256014"
"2013-04-24","Ultramegaco","1270472","1004903","265569"
"2013-04-25","Ultramegaco","1339954","1081064","258890"
"2013-04-26","Ultramegaco","1498013","1225217","272796"
"2013-04-27","Ultramegaco","1290451","1027332","263119"
"2013-04-28","Ultramegaco","1636943","1362314","274629"
"2013-04-29","Ultramegaco","1477482","1196426","281056"
"2013-04-30","Ultramegaco","1224213","977770","246443"
"2013-05-01","Ultramegaco","717919","583828","134091"
"2013-05-02","Ultramegaco","1468657","1157089","311568"
"2013-05-03","Ultramegaco","1556416","1243133","313283"
"2013-05-04","Ultramegaco","1533599","1196096","337503"
"2013-05-05","Ultramegaco","1429796","1117024","312772"
"2013-05-06","Ultramegaco","1435152","1157287","277865"
"2013-05-07","Ultramegaco","1435566","1175430","260136"
"2013-05-08","Ultramegaco","1403205","1108055","295150"
"2013-05-09","Ultramegaco","1647583","1325717","321866"
"2013-05-10","Ultramegaco","1569460","1241217","328243"
"2013-05-11","Ultramegaco","1457584","1151046","306538"
"2013-05-12","Ultramegaco","1592244","1273681","318563"
"2013-05-13","Ultramegaco","1574230","1247349","326881"
"2013-05-14","Ultramegaco","1634404","1293418","340986"
"2013-05-15","Ultramegaco","1437836","1121142","316694"
"2013-05-16","Ultramegaco","1649025","1305073","343952"
"2013-05-17","Ultramegaco","1482119","1152550","329569"
"2013-05-18","Ultramegaco","1356872","1071430","285442"
"2013-05-19","Ultramegaco","1590453","1285102","305351"
"2013-05-20","Ultramegaco","1449678","1168521","281157"
"2013-05-21","Ultramegaco","1559029","1240538","318491"
"2013-05-22","Ultramegaco","1560857","1236745","324112"
"2013-05-23","Ultramegaco","1470168","1160289","309879"
"2013-05-24","Ultramegaco","1612217","1296561","315656"
"2013-05-25","Ultramegaco","1331599","1044558","287041"
"2013-05-26","Ultramegaco","1604112","1291361","312751"
"2013-05-27","Ultramegaco","1374457","1084062","290395"
"2013-05-28","Ultramegaco","1529316","1241309","288007"
"2013-05-29","Ultramegaco","1626377","1268769","357608"
"2013-05-30","Ultramegaco","1483120","1175898","307222"
"2013-05-31","Ultramegaco","1365345","1081354","283991"
"2008-06-01","United Digistuff","50186","45710","4476"
"2008-06-02","United Digistuff","16468","14411","2057"
"2008-06-03","United Digistuff","268472","242215","26257"
"2008-06-04","United Digistuff","19476","19168","308"
"2008-06-05","United Digistuff","12098","11406","692"
"2008-06-06","United Digistuff","117196","99551","17645"
"2008-06-07","United Digistuff","14628","12471","2157"
"2008-06-08","United Digistuff","21615","18729","2886"
"2008-06-09","United Digistuff","29846","28248","1598"
"2008-06-10","United Digistuff","13496","11523","1973"
"2008-06-11","United Digistuff","49459","47647","1812"
"2008-06-12","United Digistuff","92517","85304","7213"
"2008-06-13","United Digistuff","93382","86716","6666"
"2008-06-14","United Digistuff","72732","56738","15994"
"2008-06-15","United Digistuff","11476","10576","900"
"2008-06-16","United Digistuff","101034","92120","8914"
"2008-06-17","United Digistuff","2608","2420","188"
"2008-06-18","United Digistuff","59755","52766","6989"
"2008-06-19","United Digistuff","32589","30510","2079"
"2008-06-20","United Digistuff","106902","96580","10322"
"2008-06-21","United Digistuff","61474","56369","5105"
"2008-06-22","United Digistuff","81946","77909","4037"
"2008-06-23","United Digistuff","9018","8432","586"
"2008-06-24","United Digistuff","47136","43002","4134"
"2008-06-25","United Digistuff","163223","147716","15507"
"2008-06-26","United Digistuff","126022","110095","15927"
"2008-06-27","United Digistuff","56376","54441","1935"
"2008-06-28","United Digistuff","53468","47458","6010"
"2008-06-29","United Digistuff","16927","15186","1741"
"2008-06-30","United Digistuff","103784","97422","6362"
"2008-07-01","United Digistuff","33164","27850","5314"
"2008-07-02","United Digistuff","39046","32435","6611"
"2008-07-03","United Digistuff","70843","62377","8466"
"2008-07-04","United Digistuff","97833","81039","16794"
"2008-07-05","United Digistuff","50546","33255","17291"
"2008-07-06","United Digistuff","56655","50327","6328"
"2008-07-07","United Digistuff","71716","63665","8051"
"2008-07-08","United Digistuff","54136","51608","2528"
"2008-07-09","United Digistuff","114257","97051","17206"
"2008-07-10","United Digistuff","17987","14301","3686"
"2008-07-11","United Digistuff","11817","11220","597"
"2008-07-12","United Digistuff","100624","89824","10800"
"2008-07-13","United Digistuff","32595","31355","1240"
"2008-07-14","United Digistuff","115244","101797","13447"
"2008-07-15","United Digistuff","7338","6905","433"
"2008-07-16","United Digistuff","136133","114906","21227"
"2008-07-17","United Digistuff","59176","53221","5955"
"2008-07-18","United Digistuff","88196","75714","12482"
"2008-07-19","United Digistuff","20997","16020","4977"
"2008-07-20","United Digistuff","55995","45277","10718"
"2008-07-21","United Digistuff","76065","65641","10424"
"2008-07-22","United Digistuff","110264","95832","14432"
"2008-07-23","United Digistuff","136605","119947","16658"
"2008-07-24","United Digistuff","92334","84336","7998"
"2008-07-25","United Digistuff","110812","95641","15171"
"2008-07-26","United Digistuff","103454","97132","6322"
"2008-07-27","United Digistuff","81316","78538","2778"
"2008-07-28","United Digistuff","11957","10932","1025"
"2008-07-29","United Digistuff","66973","61474","5499"
"2008-07-30","United Digistuff","32706","23296","9410"
"2008-07-31","United Digistuff","76284","61526","14758"
"2008-08-01","United Digistuff","44107","39778","4329"
"2008-08-02","United Digistuff","61633","57843","3790"
"2008-08-03","United Digistuff","75317","72175","3142"
"2008-08-04","United Digistuff","38638","36213","2425"
"2008-08-05","United Digistuff","102883","91457","11426"
"2008-08-06","United Digistuff","95375","91011","4364"
"2008-08-07","United Digistuff","13887","11846","2041"
"2008-08-08","United Digistuff","122063","109309","12754"
"2008-08-09","United Digistuff","71015","58328","12687"
"2008-08-10","United Digistuff","27336","25279","2057"
"2008-08-11","United Digistuff","152104","132630","19474"
"2008-08-12","United Digistuff","105343","95598","9745"
"2008-08-13","United Digistuff","140375","129624","10751"
"2008-08-14","United Digistuff","73165","60892","12273"
"2008-08-15","United Digistuff","61450","46582","14868"
"2008-08-16","United Digistuff","77333","71227","6106"
"2008-08-17","United Digistuff","20258","15822","4436"
"2008-08-18","United Digistuff","12098","11406","692"
"2008-08-19","United Digistuff","7027","6490","537"
"2008-08-20","United Digistuff","97344","92846","4498"
"2008-08-21","United Digistuff","85085","79776","5309"
"2008-08-22","United Digistuff","93876","89505","4371"
"2008-08-23","United Digistuff","53447","50555","2892"
"2008-08-24","United Digistuff","58427","48234","10193"
"2008-08-25","United Digistuff","54823","51338","3485"
"2008-08-26","United Digistuff","97402","84718","12684"
"2008-08-27","United Digistuff","142223","127842","14381"
"2008-08-28","United Digistuff","114493","105241","9252"
"2008-08-29","United Digistuff","99555","88789","10766"
"2008-08-30","United Digistuff","110615","96671","13944"
"2008-08-31","United Digistuff","136333","123492","12841"
"2008-09-01","United Digistuff","59493","54404","5089"
"2008-09-02","United Digistuff","12147","11574","573"
"2008-09-03","United Digistuff","69795","65881","3914"
"2008-09-04","United Digistuff","9676","8958","718"
"2008-09-05","United Digistuff","32696","24142","8554"
"2008-09-06","United Digistuff","62244","59620","2624"
"2008-09-07","United Digistuff","106244","95369","10875"
"2008-09-08","United Digistuff","52356","47940","4416"
"2008-09-09","United Digistuff","19457","16152","3305"
"2008-09-10","United Digistuff","2939","2500","439"
"2008-09-11","United Digistuff","68915","62561","6354"
"2008-09-12","United Digistuff","150693","139908","10785"
"2008-09-13","United Digistuff","43116","42241","875"
"2008-09-14","United Digistuff","114475","104602","9873"
"2008-09-15","United Digistuff","61643","55250","6393"
"2008-09-16","United Digistuff","23827","22774","1053"
"2008-09-17","United Digistuff","39296","36275","3021"
"2008-09-18","United Digistuff","134143","117394","16749"
"2008-09-19","United Digistuff","59544","53669","5875"
"2008-09-20","United Digistuff","80654","77555","3099"
"2008-09-21","United Digistuff","103495","87772","15723"
"2008-09-23","United Digistuff","20606","16840","3766"
"2008-09-24","United Digistuff","13487","11004","2483"
"2008-09-25","United Digistuff","26186","20162","6024"
"2008-09-26","United Digistuff","103442","81333","22109"
"2008-09-27","United Digistuff","77285","64007","13278"
"2008-09-28","United Digistuff","97932","84764","13168"
"2008-09-29","United Digistuff","130382","114373","16009"
"2008-09-30","United Digistuff","92814","79409","13405"
"2008-10-01","United Digistuff","105087","93093","11994"
"2008-10-02","United Digistuff","82523","77718","4805"
"2008-10-03","United Digistuff","180792","141269","39523"
"2008-10-04","United Digistuff","79525","76766","2759"
"2008-10-05","United Digistuff","196093","177590","18503"
"2008-10-06","United Digistuff","53227","50912","2315"
"2008-10-07","United Digistuff","102007","90119","11888"
"2008-10-08","United Digistuff","52187","42163","10024"
"2008-10-09","United Digistuff","68627","53658","14969"
"2008-10-10","United Digistuff","61095","59540","1555"
"2008-10-11","United Digistuff","28196","26950","1246"
"2008-10-12","United Digistuff","19796","15972","3824"
"2008-10-13","United Digistuff","65816","58734","7082"
"2008-10-14","United Digistuff","60337","57130","3207"
"2008-10-15","United Digistuff","15277","13888","1389"
"2008-10-16","United Digistuff","27145","20484","6661"
"2008-10-17","United Digistuff","30726","28015","2711"
"2008-10-18","United Digistuff","73427","70895","2532"
"2008-10-19","United Digistuff","68805","61000","7805"
"2008-10-20","United Digistuff","26907","25748","1159"
"2008-10-21","United Digistuff","20957","14949","6008"
"2008-10-22","United Digistuff","68734","56865","11869"
"2008-10-23","United Digistuff","20237","15550","4687"
"2008-10-24","United Digistuff","29314","28464","850"
"2008-10-25","United Digistuff","118246","106137","12109"
"2008-10-26","United Digistuff","69366","53592","15774"
"2008-10-27","United Digistuff","11157","9172","1985"
"2008-10-28","United Digistuff","128522","115795","12727"
"2008-10-29","United Digistuff","11707","10248","1459"
"2008-10-30","United Digistuff","49406","46602","2804"
"2008-10-31","United Digistuff","90301","80816","9485"
"2008-11-01","United Digistuff","35056","32306","2750"
"2008-11-02","United Digistuff","49459","47647","1812"
"2008-11-03","United Digistuff","38046","33810","4236"
"2008-11-04","United Digistuff","106406","94311","12095"
"2008-11-05","United Digistuff","139919","129412","10507"
"2008-11-06","United Digistuff","149426","143349","6077"
"2008-11-07","United Digistuff","32836","31943","893"
"2008-11-08","United Digistuff","118022","105303","12719"
"2008-11-09","United Digistuff","30945","28101","2844"
"2008-11-10","United Digistuff","47076","40552","6524"
"2008-11-11","United Digistuff","56557","53758","2799"
"2008-11-12","United Digistuff","228800","201165","27635"
"2008-11-13","United Digistuff","43685","35195","8490"
"2008-11-14","United Digistuff","81316","78538","2778"
"2008-11-15","United Digistuff","44374","31963","12411"
"2008-11-16","United Digistuff","178031","149722","28309"
"2008-11-17","United Digistuff","8579","6768","1811"
"2008-11-18","United Digistuff","62638","51416","11222"
"2008-11-19","United Digistuff","55628","45446","10182"
"2008-11-20","United Digistuff","40064","33041","7023"
"2008-11-21","United Digistuff","19188","13528","5660"
"2008-11-22","United Digistuff","105092","99622","5470"
"2008-11-23","United Digistuff","152959","134361","18598"
"2008-11-24","United Digistuff","131785","123156","8629"
"2008-11-25","United Digistuff","126665","111780","14885"
"2008-11-26","United Digistuff","38494","30395","8099"
"2008-11-27","United Digistuff","113504","109073","4431"
"2008-11-28","United Digistuff","19744","17098","2646"
"2008-11-29","United Digistuff","89365","81508","7857"
"2008-11-30","United Digistuff","133265","112839","20426"
"2008-12-01","United Digistuff","66757","60796","5961"
"2008-12-02","United Digistuff","35528","33010","2518"
"2008-12-03","United Digistuff","7448","5899","1549"
"2008-12-04","United Digistuff","136004","120822","15182"
"2008-12-05","United Digistuff","14446","14067","379"
"2008-12-06","United Digistuff","5598","5576","22"
"2008-12-07","United Digistuff","6049","5703","346"
"2008-12-08","United Digistuff","39007","32105","6902"
"2008-12-09","United Digistuff","8788","8737","51"
"2008-12-10","United Digistuff","133595","109881","23714"
"2008-12-11","United Digistuff","151894","133778","18116"
"2008-12-12","United Digistuff","15357","12653","2704"
"2008-12-13","United Digistuff","113453","99340","14113"
"2008-12-14","United Digistuff","90836","82408","8428"
"2008-12-15","United Digistuff","8579","6768","1811"
"2008-12-16","United Digistuff","21357","16382","4975"
"2008-12-17","United Digistuff","110034","97864","12170"
"2008-12-18","United Digistuff","124002","111928","12074"
"2008-12-19","United Digistuff","38946","30135","8811"
"2008-12-20","United Digistuff","67817","62437","5380"
"2008-12-21","United Digistuff","54265","47429","6836"
"2008-12-22","United Digistuff","168385","146501","21884"
"2008-12-23","United Digistuff","119776","115339","4437"
"2008-12-24","United Digistuff","65338","59300","6038"
"2008-12-25","United Digistuff","47723","33983","13740"
"2008-12-26","United Digistuff","105066","84715","20351"
"2008-12-27","United Digistuff","63255","50827","12428"
"2008-12-28","United Digistuff","91652","75975","15677"
"2008-12-29","United Digistuff","58393","53654","4739"
"2008-12-30","United Digistuff","67095","60996","6099"
"2008-12-31","United Digistuff","14628","12471","2157"
"2009-01-01","United Digistuff","213979","187595","26384"
"2009-01-02","United Digistuff","62324","51477","10847"
"2009-01-03","United Digistuff","169297","143058","26239"
"2009-01-04","United Digistuff","225839","206158","19681"
"2009-01-05","United Digistuff","57851","50774","7077"
"2009-01-06","United Digistuff","76080","72621","3459"
"2009-01-07","United Digistuff","205771","174777","30994"
"2009-01-08","United Digistuff","72529","64440","8089"
"2009-01-09","United Digistuff","210657","190924","19733"
"2009-01-10","United Digistuff","133800","124291","9509"
"2009-01-11","United Digistuff","98130","87313","10817"
"2009-01-12","United Digistuff","26343","24710","1633"
"2009-01-13","United Digistuff","104630","100712","3918"
"2009-01-14","United Digistuff","131734","108870","22864"
"2009-01-15","United Digistuff","224177","190885","33292"
"2009-01-16","United Digistuff","81280","63355","17925"
"2009-01-17","United Digistuff","198269","174331","23938"
"2009-01-18","United Digistuff","262709","224382","38327"
"2009-01-19","United Digistuff","257126","238304","18822"
"2009-01-20","United Digistuff","103830","95704","8126"
"2009-01-21","United Digistuff","63317","51017","12300"
"2009-01-22","United Digistuff","222849","205884","16965"
"2009-01-23","United Digistuff","80758","70076","10682"
"2009-01-24","United Digistuff","206371","190262","16109"
"2009-01-25","United Digistuff","21106","15067","6039"
"2009-01-26","United Digistuff","75206","67270","7936"
"2009-01-27","United Digistuff","57162","51716","5446"
"2009-01-28","United Digistuff","246649","212774","33875"
"2009-01-29","United Digistuff","59422","52130","7292"
"2009-01-30","United Digistuff","161918","148659","13259"
"2009-01-31","United Digistuff","101760","97892","3868"
"2009-02-01","United Digistuff","69186","62995","6191"
"2009-02-02","United Digistuff","103522","92592","10930"
"2009-02-03","United Digistuff","57792","49951","7841"
"2009-02-04","United Digistuff","109571","88997","20574"
"2009-02-05","United Digistuff","108980","92474","16506"
"2009-02-06","United Digistuff","117501","108196","9305"
"2009-02-07","United Digistuff","115012","98211","16801"
"2009-02-08","United Digistuff","52391","49214","3177"
"2009-02-09","United Digistuff","215941","202071","13870"
"2009-02-10","United Digistuff","69020","62160","6860"
"2009-02-11","United Digistuff","101493","87995","13498"
"2009-02-12","United Digistuff","66252","56411","9841"
"2009-02-13","United Digistuff","54451","43581","10870"
"2009-02-14","United Digistuff","133412","112392","21020"
"2009-02-15","United Digistuff","113954","101523","12431"
"2009-02-16","United Digistuff","221879","199354","22525"
"2009-02-17","United Digistuff","176832","162758","14074"
"2009-02-18","United Digistuff","142343","135655","6688"
"2009-02-19","United Digistuff","97995","91846","6149"
"2009-02-20","United Digistuff","219750","202278","17472"
"2009-02-21","United Digistuff","281892","242329","39563"
"2009-02-22","United Digistuff","126497","114053","12444"
"2009-02-23","United Digistuff","137518","129656","7862"
"2009-02-24","United Digistuff","29336","24801","4535"
"2009-02-25","United Digistuff","128161","115594","12567"
"2009-02-26","United Digistuff","136070","124970","11100"
"2009-02-27","United Digistuff","126927","114562","12365"
"2009-02-28","United Digistuff","97082","85458","11624"
"2009-03-01","United Digistuff","161500","144358","17142"
"2009-03-02","United Digistuff","249100","234646","14454"
"2009-03-03","United Digistuff","120863","104579","16284"
"2009-03-04","United Digistuff","140840","124265","16575"
"2009-03-05","United Digistuff","84619","72969","11650"
"2009-03-06","United Digistuff","38634","30107","8527"
"2009-03-07","United Digistuff","108936","95376","13560"
"2009-03-08","United Digistuff","87649","75676","11973"
"2009-03-09","United Digistuff","51883","43378","8505"
"2009-03-10","United Digistuff","29957","29197","760"
"2009-03-11","United Digistuff","117692","102907","14785"
"2009-03-12","United Digistuff","48623","36969","11654"
"2009-03-13","United Digistuff","248057","215925","32132"
"2009-03-14","United Digistuff","90751","78359","12392"
"2009-03-15","United Digistuff","102960","89618","13342"
"2009-03-16","United Digistuff","128307","105110","23197"
"2009-03-17","United Digistuff","137917","130008","7909"
"2009-03-18","United Digistuff","104230","94154","10076"
"2009-03-19","United Digistuff","66662","59868","6794"
"2009-03-20","United Digistuff","127802","114618","13184"
"2009-03-21","United Digistuff","39714","36119","3595"
"2009-03-22","United Digistuff","147347","132917","14430"
"2009-03-23","United Digistuff","57372","50839","6533"
"2009-03-24","United Digistuff","241212","201185","40027"
"2009-03-25","United Digistuff","199358","163673","35685"
"2009-03-26","United Digistuff","165536","147790","17746"
"2009-03-27","United Digistuff","273610","227844","45766"
"2009-03-28","United Digistuff","125011","109514","15497"
"2009-03-29","United Digistuff","75101","66754","8347"
"2009-03-30","United Digistuff","110956","106946","4010"
"2009-03-31","United Digistuff","206471","191021","15450"
"2009-04-01","United Digistuff","18026","17336","690"
"2009-04-02","United Digistuff","105513","88581","16932"
"2009-04-03","United Digistuff","82972","79987","2985"
"2009-04-04","United Digistuff","18775","17646","1129"
"2009-04-05","United Digistuff","170492","146186","24306"
"2009-04-06","United Digistuff","106403","92819","13584"
"2009-04-07","United Digistuff","133520","110771","22749"
"2009-04-08","United Digistuff","92903","85522","7381"
"2009-04-09","United Digistuff","160986","134570","26416"
"2009-04-10","United Digistuff","117938","107048","10890"
"2009-04-11","United Digistuff","119959","106292","13667"
"2009-04-12","United Digistuff","108639","102395","6244"
"2009-04-13","United Digistuff","70002","64056","5946"
"2009-04-14","United Digistuff","193264","169657","23607"
"2009-04-15","United Digistuff","113570","97828","15742"
"2009-04-16","United Digistuff","114503","106051","8452"
"2009-04-17","United Digistuff","109911","92992","16919"
"2009-04-18","United Digistuff","114990","97717","17273"
"2009-04-19","United Digistuff","63215","60473","2742"
"2009-04-20","United Digistuff","79915","74744","5171"
"2009-04-21","United Digistuff","194835","174629","20206"
"2009-04-22","United Digistuff","343033","315542","27491"
"2009-04-23","United Digistuff","187618","160300","27318"
"2009-04-24","United Digistuff","108139","82419","25720"
"2009-04-25","United Digistuff","127690","117134","10556"
"2009-04-26","United Digistuff","99793","93710","6083"
"2009-04-27","United Digistuff","193039","184434","8605"
"2009-04-28","United Digistuff","174580","156845","17735"
"2009-04-29","United Digistuff","243877","213882","29995"
"2009-04-30","United Digistuff","93320","74973","18347"
"2009-05-01","United Digistuff","73193","69601","3592"
"2009-05-02","United Digistuff","203850","172461","31389"
"2009-05-03","United Digistuff","56382","52260","4122"
"2009-05-04","United Digistuff","150713","134766","15947"
"2009-05-05","United Digistuff","207004","172777","34227"
"2009-05-06","United Digistuff","205979","182687","23292"
"2009-05-07","United Digistuff","154830","140018","14812"
"2009-05-08","United Digistuff","114472","96573","17899"
"2009-05-09","United Digistuff","134591","123684","10907"
"2009-05-10","United Digistuff","165653","146662","18991"
"2009-05-11","United Digistuff","140244","134050","6194"
"2009-05-12","United Digistuff","346225","311814","34411"
"2009-05-13","United Digistuff","110436","102849","7587"
"2009-05-14","United Digistuff","120281","109790","10491"
"2009-05-15","United Digistuff","45412","36622","8790"
"2009-05-16","United Digistuff","88681","82026","6655"
"2009-05-17","United Digistuff","93103","79902","13201"
"2009-05-18","United Digistuff","52220","48461","3759"
"2009-05-19","United Digistuff","184017","163484","20533"
"2009-05-20","United Digistuff","101876","87414","14462"
"2009-05-21","United Digistuff","67825","62663","5162"
"2009-05-22","United Digistuff","122110","107990","14120"
"2009-05-23","United Digistuff","91933","72145","19788"
"2009-05-24","United Digistuff","167519","154599","12920"
"2009-05-25","United Digistuff","119445","115259","4186"
"2009-05-26","United Digistuff","86772","81184","5588"
"2009-05-27","United Digistuff","110952","98087","12865"
"2009-05-28","United Digistuff","127139","102203","24936"
"2009-05-29","United Digistuff","87946","78119","9827"
"2009-05-30","United Digistuff","74960","63290","11670"
"2009-05-31","United Digistuff","72009","61801","10208"
"2009-06-01","United Digistuff","90962","84328","6634"
"2009-06-02","United Digistuff","80682","62758","17924"
"2009-06-03","United Digistuff","144349","120543","23806"
"2009-06-04","United Digistuff","218065","206519","11546"
"2009-06-05","United Digistuff","169927","145385","24542"
"2009-06-06","United Digistuff","149739","121809","27930"
"2009-06-07","United Digistuff","298767","273881","24886"
"2009-06-08","United Digistuff","244079","221620","22459"
"2009-06-09","United Digistuff","110466","104791","5675"
"2009-06-10","United Digistuff","226637","200384","26253"
"2009-06-11","United Digistuff","372427","327850","44577"
"2009-06-12","United Digistuff","170755","148093","22662"
"2009-06-13","United Digistuff","332676","307671","25005"
"2009-06-14","United Digistuff","103588","97594","5994"
"2009-06-15","United Digistuff","165197","148140","17057"
"2009-06-16","United Digistuff","220088","205560","14528"
"2009-06-17","United Digistuff","260107","221842","38265"
"2009-06-18","United Digistuff","384790","334714","50076"
"2009-06-19","United Digistuff","67959","60013","7946"
"2009-06-20","United Digistuff","358643","318002","40641"
"2009-06-21","United Digistuff","75021","69287","5734"
"2009-06-22","United Digistuff","127308","110050","17258"
"2009-06-23","United Digistuff","141810","131841","9969"
"2009-06-24","United Digistuff","196155","167143","29012"
"2009-06-25","United Digistuff","152360","132064","20296"
"2009-06-26","United Digistuff","276748","242239","34509"
"2009-06-27","United Digistuff","121037","102632","18405"
"2009-06-28","United Digistuff","230369","204578","25791"
"2009-06-29","United Digistuff","111069","100786","10283"
"2009-06-30","United Digistuff","328256","281705","46551"
"2009-07-01","United Digistuff","176811","159654","17157"
"2009-07-02","United Digistuff","129189","113511","15678"
"2009-07-03","United Digistuff","177584","153511","24073"
"2009-07-04","United Digistuff","123170","96622","26548"
"2009-07-05","United Digistuff","250291","214584","35707"
"2009-07-06","United Digistuff","169850","155353","14497"
"2009-07-07","United Digistuff","192638","169027","23611"
"2009-07-08","United Digistuff","308184","273988","34196"
"2009-07-09","United Digistuff","210670","190682","19988"
"2009-07-10","United Digistuff","134340","115751","18589"
"2009-07-11","United Digistuff","204049","185840","18209"
"2009-07-12","United Digistuff","211367","197713","13654"
"2009-07-13","United Digistuff","69460","60092","9368"
"2009-07-14","United Digistuff","179299","164412","14887"
"2009-07-15","United Digistuff","222317","194503","27814"
"2009-07-16","United Digistuff","236197","211366","24831"
"2009-07-17","United Digistuff","164605","144985","19620"
"2009-07-18","United Digistuff","162592","136603","25989"
"2009-07-19","United Digistuff","271327","248356","22971"
"2009-07-20","United Digistuff","297874","251524","46350"
"2009-07-21","United Digistuff","179088","172557","6531"
"2009-07-22","United Digistuff","52505","49126","3379"
"2009-07-23","United Digistuff","218506","195138","23368"
"2009-07-24","United Digistuff","210906","184608","26298"
"2009-07-25","United Digistuff","112091","103028","9063"
"2009-07-26","United Digistuff","155123","146478","8645"
"2009-07-27","United Digistuff","206752","187403","19349"
"2009-07-28","United Digistuff","190527","166551","23976"
"2009-07-29","United Digistuff","260213","213445","46768"
"2009-07-30","United Digistuff","229458","212263","17195"
"2009-07-31","United Digistuff","154300","129663","24637"
"2009-08-01","United Digistuff","77041","64267","12774"
"2009-08-02","United Digistuff","72255","62061","10194"
"2009-08-03","United Digistuff","269910","238139","31771"
"2009-08-04","United Digistuff","296392","264125","32267"
"2009-08-05","United Digistuff","123166","97439","25727"
"2009-08-06","United Digistuff","74159","68141","6018"
"2009-08-07","United Digistuff","46323","44574","1749"
"2009-08-08","United Digistuff","207139","188096","19043"
"2009-08-09","United Digistuff","75711","54157","21554"
"2009-08-10","United Digistuff","141973","131293","10680"
"2009-08-11","United Digistuff","197799","176984","20815"
"2009-08-12","United Digistuff","229583","197913","31670"
"2009-08-13","United Digistuff","164146","143299","20847"
"2009-08-14","United Digistuff","168056","146928","21128"
"2009-08-15","United Digistuff","213143","188915","24228"
"2009-08-16","United Digistuff","278381","250956","27425"
"2009-08-17","United Digistuff","242667","205303","37364"
"2009-08-18","United Digistuff","160727","146650","14077"
"2009-08-19","United Digistuff","110929","97146","13783"
"2009-08-20","United Digistuff","45094","39835","5259"
"2009-08-21","United Digistuff","88264","76919","11345"
"2009-08-22","United Digistuff","147866","133320","14546"
"2009-08-23","United Digistuff","125269","116671","8598"
"2009-08-24","United Digistuff","112044","96880","15164"
"2009-08-25","United Digistuff","359848","327905","31943"
"2009-08-26","United Digistuff","341933","303862","38071"
"2009-08-27","United Digistuff","251628","235705","15923"
"2009-08-28","United Digistuff","219953","199907","20046"
"2009-08-29","United Digistuff","217937","187812","30125"
"2009-08-30","United Digistuff","194867","177752","17115"
"2009-08-31","United Digistuff","177896","164673","13223"
"2009-09-01","United Digistuff","270470","241719","28751"
"2009-09-02","United Digistuff","141734","120002","21732"
"2009-09-03","United Digistuff","202407","168344","34063"
"2009-09-04","United Digistuff","286375","259916","26459"
"2009-09-05","United Digistuff","149134","135261","13873"
"2009-09-06","United Digistuff","153157","138224","14933"
"2009-09-07","United Digistuff","104619","97695","6924"
"2009-09-08","United Digistuff","257455","221371","36084"
"2009-09-09","United Digistuff","159156","144679","14477"
"2009-09-10","United Digistuff","30291","26436","3855"
"2009-09-11","United Digistuff","153268","124038","29230"
"2009-09-12","United Digistuff","362788","324642","38146"
"2009-09-13","United Digistuff","149408","137291","12117"
"2009-09-14","United Digistuff","37674","29941","7733"
"2009-09-15","United Digistuff","228010","205278","22732"
"2009-09-16","United Digistuff","167636","138107","29529"
"2009-09-17","United Digistuff","85743","78029","7714"
"2009-09-18","United Digistuff","106020","93748","12272"
"2009-09-19","United Digistuff","185036","166140","18896"
"2009-09-20","United Digistuff","135060","120836","14224"
"2009-09-21","United Digistuff","280164","244165","35999"
"2009-09-22","United Digistuff","135035","116667","18368"
"2009-09-23","United Digistuff","279131","241281","37850"
"2009-09-24","United Digistuff","155357","129372","25985"
"2009-09-25","United Digistuff","32504","26527","5977"
"2009-09-26","United Digistuff","161329","141321","20008"
"2009-09-27","United Digistuff","294047","267436","26611"
"2009-09-28","United Digistuff","113789","106368","7421"
"2009-09-29","United Digistuff","250043","225912","24131"
"2009-09-30","United Digistuff","25854","24074","1780"
"2009-10-01","United Digistuff","142516","126489","16027"
"2009-10-02","United Digistuff","91346","79098","12248"
"2009-10-03","United Digistuff","341931","298770","43161"
"2009-10-04","United Digistuff","134916","117886","17030"
"2009-10-05","United Digistuff","155370","131191","24179"
"2009-10-06","United Digistuff","98922","85589","13333"
"2009-10-07","United Digistuff","149081","138523","10558"
"2009-10-08","United Digistuff","112231","97597","14634"
"2009-10-09","United Digistuff","163138","143774","19364"
"2009-10-10","United Digistuff","129583","116477","13106"
"2009-10-11","United Digistuff","157477","144386","13091"
"2009-10-12","United Digistuff","181536","164968","16568"
"2009-10-13","United Digistuff","191789","172559","19230"
"2009-10-14","United Digistuff","218356","206967","11389"
"2009-10-15","United Digistuff","180685","155619","25066"
"2009-10-16","United Digistuff","219628","199516","20112"
"2009-10-17","United Digistuff","151527","139887","11640"
"2009-10-18","United Digistuff","115648","101531","14117"
"2009-10-19","United Digistuff","225019","204792","20227"
"2009-10-20","United Digistuff","310047","283036","27011"
"2009-10-21","United Digistuff","153956","135114","18842"
"2009-10-22","United Digistuff","244426","217726","26700"
"2009-10-23","United Digistuff","231095","219123","11972"
"2009-10-24","United Digistuff","102893","93397","9496"
"2009-10-25","United Digistuff","230798","200184","30614"
"2009-10-26","United Digistuff","356793","326807","29986"
"2009-10-27","United Digistuff","206429","182892","23537"
"2009-10-28","United Digistuff","225743","200850","24893"
"2009-10-29","United Digistuff","390581","339442","51139"
"2009-10-30","United Digistuff","240116","219808","20308"
"2009-10-31","United Digistuff","219040","177122","41918"
"2009-11-01","United Digistuff","176905","156379","20526"
"2009-11-02","United Digistuff","235016","196842","38174"
"2009-11-03","United Digistuff","145010","129517","15493"
"2009-11-04","United Digistuff","102440","85773","16667"
"2009-11-05","United Digistuff","195558","168554","27004"
"2009-11-06","United Digistuff","185248","168275","16973"
"2009-11-07","United Digistuff","136881","119696","17185"
"2009-11-08","United Digistuff","48833","47107","1726"
"2009-11-09","United Digistuff","220919","194138","26781"
"2009-11-10","United Digistuff","135209","121849","13360"
"2009-11-11","United Digistuff","141363","135311","6052"
"2009-11-12","United Digistuff","63904","57437","6467"
"2009-11-13","United Digistuff","213238","181149","32089"
"2009-11-14","United Digistuff","174108","155191","18917"
"2009-11-15","United Digistuff","116544","110278","6266"
"2009-11-16","United Digistuff","158791","148066","10725"
"2009-11-17","United Digistuff","172715","149782","22933"
"2009-11-18","United Digistuff","211936","201497","10439"
"2009-11-19","United Digistuff","277355","255680","21675"
"2009-11-20","United Digistuff","202847","182937","19910"
"2009-11-21","United Digistuff","172828","146485","26343"
"2009-11-22","United Digistuff","130612","115848","14764"
"2009-11-23","United Digistuff","112849","96439","16410"
"2009-11-24","United Digistuff","191286","181150","10136"
"2009-11-25","United Digistuff","159487","138129","21358"
"2009-11-26","United Digistuff","154457","140096","14361"
"2009-11-27","United Digistuff","143192","136547","6645"
"2009-11-28","United Digistuff","148417","135956","12461"
"2009-11-29","United Digistuff","196173","157836","38337"
"2009-11-30","United Digistuff","239046","208552","30494"
"2009-12-01","United Digistuff","201882","182017","19865"
"2009-12-02","United Digistuff","174622","153684","20938"
"2009-12-03","United Digistuff","95060","84291","10769"
"2009-12-04","United Digistuff","317980","285415","32565"
"2009-12-05","United Digistuff","125449","119550","5899"
"2009-12-06","United Digistuff","172807","153337","19470"
"2009-12-07","United Digistuff","151798","135083","16715"
"2009-12-08","United Digistuff","153887","129797","24090"
"2009-12-09","United Digistuff","101970","97073","4897"
"2009-12-10","United Digistuff","208556","185392","23164"
"2009-12-11","United Digistuff","103430","96501","6929"
"2009-12-12","United Digistuff","93823","85396","8427"
"2009-12-13","United Digistuff","257474","238394","19080"
"2009-12-14","United Digistuff","72954","66333","6621"
"2009-12-15","United Digistuff","210591","191954","18637"
"2009-12-16","United Digistuff","219247","206913","12334"
"2009-12-17","United Digistuff","148049","132232","15817"
"2009-12-18","United Digistuff","180137","165556","14581"
"2009-12-19","United Digistuff","114296","90980","23316"
"2009-12-20","United Digistuff","209058","183730","25328"
"2009-12-21","United Digistuff","83578","76428","7150"
"2009-12-22","United Digistuff","78958","65126","13832"
"2009-12-23","United Digistuff","232814","207576","25238"
"2009-12-24","United Digistuff","182169","171269","10900"
"2009-12-25","United Digistuff","143108","126961","16147"
"2009-12-26","United Digistuff","46522","41528","4994"
"2009-12-27","United Digistuff","109031","97798","11233"
"2009-12-28","United Digistuff","150173","132343","17830"
"2009-12-29","United Digistuff","246406","220503","25903"
"2009-12-30","United Digistuff","48060","42735","5325"
"2009-12-31","United Digistuff","111203","93402","17801"
"2010-01-01","United Digistuff","247339","213607","33732"
"2010-01-02","United Digistuff","144641","129142","15499"
"2010-01-03","United Digistuff","150992","138676","12316"
"2010-01-04","United Digistuff","319979","271891","48088"
"2010-01-05","United Digistuff","145435","136518","8917"
"2010-01-06","United Digistuff","353942","318485","35457"
"2010-01-07","United Digistuff","191296","162827","28469"
"2010-01-08","United Digistuff","310955","268473","42482"
"2010-01-09","United Digistuff","300691","263986","36705"
"2010-01-10","United Digistuff","133290","116300","16990"
"2010-01-11","United Digistuff","286173","257325","28848"
"2010-01-12","United Digistuff","94312","81131","13181"
"2010-01-13","United Digistuff","286108","255115","30993"
"2010-01-14","United Digistuff","403470","332824","70646"
"2010-01-15","United Digistuff","221996","209505","12491"
"2010-01-16","United Digistuff","143366","122525","20841"
"2010-01-17","United Digistuff","336082","288330","47752"
"2010-01-18","United Digistuff","236615","215354","21261"
"2010-01-19","United Digistuff","192630","170024","22606"
"2010-01-20","United Digistuff","295984","273684","22300"
"2010-01-21","United Digistuff","315215","269069","46146"
"2010-01-22","United Digistuff","273781","237061","36720"
"2010-01-23","United Digistuff","366464","324161","42303"
"2010-01-24","United Digistuff","404926","370014","34912"
"2010-01-25","United Digistuff","260758","243801","16957"
"2010-01-26","United Digistuff","249419","225582","23837"
"2010-01-27","United Digistuff","138204","120552","17652"
"2010-01-28","United Digistuff","246979","208413","38566"
"2010-01-29","United Digistuff","294721","254027","40694"
"2010-01-30","United Digistuff","186417","157086","29331"
"2010-01-31","United Digistuff","410157","349375","60782"
"2010-02-01","United Digistuff","127435","109654","17781"
"2010-02-02","United Digistuff","279441","243575","35866"
"2010-02-03","United Digistuff","136858","127007","9851"
"2010-02-04","United Digistuff","197311","160022","37289"
"2010-02-05","United Digistuff","274134","224602","49532"
"2010-02-06","United Digistuff","161973","143295","18678"
"2010-02-07","United Digistuff","206555","183012","23543"
"2010-02-08","United Digistuff","296632","261292","35340"
"2010-02-09","United Digistuff","252130","233674","18456"
"2010-02-10","United Digistuff","182300","154882","27418"
"2010-02-11","United Digistuff","324011","283691","40320"
"2010-02-12","United Digistuff","119357","94520","24837"
"2010-02-13","United Digistuff","160604","148062","12542"
"2010-02-14","United Digistuff","255241","226745","28496"
"2010-02-15","United Digistuff","284848","240417","44431"
"2010-02-16","United Digistuff","139337","126159","13178"
"2010-02-17","United Digistuff","176339","164777","11562"
"2010-02-18","United Digistuff","207536","184233","23303"
"2010-02-19","United Digistuff","147324","122457","24867"
"2010-02-20","United Digistuff","318246","286190","32056"
"2010-02-21","United Digistuff","166596","150872","15724"
"2010-02-22","United Digistuff","503571","440205","63366"
"2010-02-23","United Digistuff","247130","216866","30264"
"2010-02-24","United Digistuff","352873","316965","35908"
"2010-02-25","United Digistuff","279472","264553","14919"
"2010-02-26","United Digistuff","436924","388545","48379"
"2010-02-27","United Digistuff","185488","173181","12307"
"2010-02-28","United Digistuff","131796","125730","6066"
"2010-03-01","United Digistuff","238724","217592","21132"
"2010-03-02","United Digistuff","254314","217760","36554"
"2010-03-03","United Digistuff","210949","185164","25785"
"2010-03-04","United Digistuff","164344","139438","24906"
"2010-03-05","United Digistuff","247640","211196","36444"
"2010-03-06","United Digistuff","199939","188391","11548"
"2010-03-07","United Digistuff","315654","291098","24556"
"2010-03-08","United Digistuff","291158","256454","34704"
"2010-03-09","United Digistuff","247873","213184","34689"
"2010-03-10","United Digistuff","281003","239817","41186"
"2010-03-11","United Digistuff","262663","236884","25779"
"2010-03-12","United Digistuff","173195","151415","21780"
"2010-03-13","United Digistuff","383651","341691","41960"
"2010-03-14","United Digistuff","226756","210181","16575"
"2010-03-15","United Digistuff","356780","324418","32362"
"2010-03-16","United Digistuff","378980","339729","39251"
"2010-03-17","United Digistuff","411753","371985","39768"
"2010-03-18","United Digistuff","393116","338793","54323"
"2010-03-19","United Digistuff","320606","285861","34745"
"2010-03-20","United Digistuff","75221","72147","3074"
"2010-03-21","United Digistuff","283351","253170","30181"
"2010-03-22","United Digistuff","266613","248916","17697"
"2010-03-23","United Digistuff","256999","233613","23386"
"2010-03-24","United Digistuff","356271","327231","29040"
"2010-03-25","United Digistuff","157083","139980","17103"
"2010-03-26","United Digistuff","224362","192797","31565"
"2010-03-27","United Digistuff","347018","298940","48078"
"2010-03-28","United Digistuff","419580","380884","38696"
"2010-03-29","United Digistuff","279636","246392","33244"
"2010-03-30","United Digistuff","189684","170677","19007"
"2010-03-31","United Digistuff","224390","194511","29879"
"2010-04-01","United Digistuff","243711","214157","29554"
"2010-04-02","United Digistuff","392189","352778","39411"
"2010-04-03","United Digistuff","298544","260894","37650"
"2010-04-04","United Digistuff","323028","271123","51905"
"2010-04-05","United Digistuff","244948","222661","22287"
"2010-04-06","United Digistuff","262364","235400","26964"
"2010-04-07","United Digistuff","327283","286923","40360"
"2010-04-08","United Digistuff","236490","217665","18825"
"2010-04-09","United Digistuff","240084","203612","36472"
"2010-04-10","United Digistuff","306309","272104","34205"
"2010-04-11","United Digistuff","315941","278161","37780"
"2010-04-12","United Digistuff","238063","211749","26314"
"2010-04-13","United Digistuff","306937","265879","41058"
"2010-04-14","United Digistuff","296606","256180","40426"
"2010-04-15","United Digistuff","210788","182872","27916"
"2010-04-16","United Digistuff","183385","160399","22986"
"2010-04-17","United Digistuff","348252","317799","30453"
"2010-04-18","United Digistuff","245400","201322","44078"
"2010-04-19","United Digistuff","347278","316759","30519"
"2010-04-20","United Digistuff","57712","55649","2063"
"2010-04-21","United Digistuff","439996","386821","53175"
"2010-04-22","United Digistuff","277666","242514","35152"
"2010-04-23","United Digistuff","152850","135281","17569"
"2010-04-24","United Digistuff","354038","318882","35156"
"2010-04-25","United Digistuff","275241","250389","24852"
"2010-04-26","United Digistuff","366556","334995","31561"
"2010-04-27","United Digistuff","375981","343789","32192"
"2010-04-28","United Digistuff","226892","201027","25865"
"2010-04-29","United Digistuff","339480","287256","52224"
"2010-04-30","United Digistuff","237997","221476","16521"
"2010-05-01","United Digistuff","127096","114134","12962"
"2010-05-02","United Digistuff","242070","211993","30077"
"2010-05-03","United Digistuff","190227","172033","18194"
"2010-05-04","United Digistuff","248209","235671","12538"
"2010-05-05","United Digistuff","262238","233897","28341"
"2010-05-06","United Digistuff","147600","132237","15363"
"2010-05-07","United Digistuff","518698","468295","50403"
"2010-05-08","United Digistuff","364584","326007","38577"
"2010-05-09","United Digistuff","141663","128362","13301"
"2010-05-10","United Digistuff","477095","433356","43739"
"2010-05-11","United Digistuff","215498","182409","33089"
"2010-05-12","United Digistuff","334639","307170","27469"
"2010-05-13","United Digistuff","98279","87228","11051"
"2010-05-14","United Digistuff","321629","292677","28952"
"2010-05-15","United Digistuff","490502","441915","48587"
"2010-05-16","United Digistuff","181726","162522","19204"
"2010-05-17","United Digistuff","397785","347427","50358"
"2010-05-18","United Digistuff","255742","223992","31750"
"2010-05-19","United Digistuff","182281","165357","16924"
"2010-05-20","United Digistuff","254898","221534","33364"
"2010-05-21","United Digistuff","165324","156165","9159"
"2010-05-22","United Digistuff","154945","125587","29358"
"2010-05-23","United Digistuff","292771","270415","22356"
"2010-05-24","United Digistuff","182696","164947","17749"
"2010-05-25","United Digistuff","244700","220488","24212"
"2010-05-26","United Digistuff","439345","391018","48327"
"2010-05-27","United Digistuff","250116","224537","25579"
"2010-05-28","United Digistuff","356456","315658","40798"
"2010-05-29","United Digistuff","210832","177736","33096"
"2010-05-30","United Digistuff","349585","303489","46096"
"2010-05-31","United Digistuff","277098","234238","42860"
"2010-06-01","United Digistuff","119092","106897","12195"
"2010-06-02","United Digistuff","677091","595513","81578"
"2010-06-03","United Digistuff","357449","322166","35283"
"2010-06-04","United Digistuff","459763","416870","42893"
"2010-06-05","United Digistuff","468217","427913","40304"
"2010-06-06","United Digistuff","335744","286750","48994"
"2010-06-07","United Digistuff","412969","369954","43015"
"2010-06-08","United Digistuff","547316","496982","50334"
"2010-06-09","United Digistuff","520014","449789","70225"
"2010-06-10","United Digistuff","367901","344210","23691"
"2010-06-11","United Digistuff","452126","403797","48329"
"2010-06-12","United Digistuff","349380","301925","47455"
"2010-06-13","United Digistuff","472486","409970","62516"
"2010-06-14","United Digistuff","329446","296627","32819"
"2010-06-15","United Digistuff","745924","645971","99953"
"2010-06-16","United Digistuff","508899","446500","62399"
"2010-06-17","United Digistuff","306255","252993","53262"
"2010-06-18","United Digistuff","502368","443021","59347"
"2010-06-19","United Digistuff","555453","500325","55128"
"2010-06-20","United Digistuff","521525","445097","76428"
"2010-06-21","United Digistuff","531705","463408","68297"
"2010-06-22","United Digistuff","867228","762723","104505"
"2010-06-23","United Digistuff","567903","507992","59911"
"2010-06-24","United Digistuff","442804","381965","60839"
"2010-06-25","United Digistuff","601238","529010","72228"
"2010-06-26","United Digistuff","360369","326058","34311"
"2010-06-27","United Digistuff","439516","402555","36961"
"2010-06-28","United Digistuff","726345","661480","64865"
"2010-06-29","United Digistuff","534134","465042","69092"
"2010-06-30","United Digistuff","385008","353945","31063"
"2010-07-01","United Digistuff","441282","386659","54623"
"2010-07-02","United Digistuff","428481","373849","54632"
"2010-07-03","United Digistuff","344245","309849","34396"
"2010-07-04","United Digistuff","613208","542213","70995"
"2010-07-05","United Digistuff","316099","260620","55479"
"2010-07-06","United Digistuff","410339","370192","40147"
"2010-07-07","United Digistuff","479400","435802","43598"
"2010-07-08","United Digistuff","402797","345030","57767"
"2010-07-09","United Digistuff","216683","182662","34021"
"2010-07-10","United Digistuff","481097","406194","74903"
"2010-07-11","United Digistuff","614845","557387","57458"
"2010-07-12","United Digistuff","550286","491728","58558"
"2010-07-13","United Digistuff","369777","349873","19904"
"2010-07-14","United Digistuff","474226","424383","49843"
"2010-07-15","United Digistuff","304460","271061","33399"
"2010-07-16","United Digistuff","513198","445635","67563"
"2010-07-17","United Digistuff","410340","356526","53814"
"2010-07-18","United Digistuff","538985","469803","69182"
"2010-07-19","United Digistuff","701968","601528","100440"
"2010-07-20","United Digistuff","537798","486710","51088"
"2010-07-21","United Digistuff","513945","459165","54780"
"2010-07-22","United Digistuff","360807","322667","38140"
"2010-07-23","United Digistuff","494869","449375","45494"
"2010-07-24","United Digistuff","740832","656626","84206"
"2010-07-25","United Digistuff","358665","307667","50998"
"2010-07-26","United Digistuff","598236","536064","62172"
"2010-07-27","United Digistuff","669669","589591","80078"
"2010-07-28","United Digistuff","536294","489559","46735"
"2010-07-29","United Digistuff","644761","572159","72602"
"2010-07-30","United Digistuff","384711","322718","61993"
"2010-07-31","United Digistuff","656679","572567","84112"
"2010-08-01","United Digistuff","763858","697941","65917"
"2010-08-02","United Digistuff","547444","496424","51020"
"2010-08-03","United Digistuff","466942","398463","68479"
"2010-08-04","United Digistuff","463684","402579","61105"
"2010-08-05","United Digistuff","340407","315484","24923"
"2010-08-06","United Digistuff","500737","440374","60363"
"2010-08-07","United Digistuff","394479","338527","55952"
"2010-08-08","United Digistuff","344718","291121","53597"
"2010-08-09","United Digistuff","610679","553614","57065"
"2010-08-10","United Digistuff","494926","439185","55741"
"2010-08-11","United Digistuff","679725","611796","67929"
"2010-08-12","United Digistuff","612886","542740","70146"
"2010-08-13","United Digistuff","627508","547137","80371"
"2010-08-14","United Digistuff","338926","308901","30025"
"2010-08-15","United Digistuff","292373","256889","35484"
"2010-08-16","United Digistuff","323772","273154","50618"
"2010-08-17","United Digistuff","598112","540734","57378"
"2010-08-18","United Digistuff","582654","506778","75876"
"2010-08-19","United Digistuff","598749","528450","70299"
"2010-08-20","United Digistuff","524212","475140","49072"
"2010-08-21","United Digistuff","692719","595597","97122"
"2010-08-22","United Digistuff","508851","457349","51502"
"2010-08-23","United Digistuff","437890","391776","46114"
"2010-08-24","United Digistuff","577590","494492","83098"
"2010-08-25","United Digistuff","552447","486702","65745"
"2010-08-26","United Digistuff","439140","397690","41450"
"2010-08-27","United Digistuff","709137","615889","93248"
"2010-08-28","United Digistuff","491007","434105","56902"
"2010-08-29","United Digistuff","521137","463475","57662"
"2010-08-30","United Digistuff","603601","537438","66163"
"2010-08-31","United Digistuff","358365","319721","38644"
"2010-09-01","United Digistuff","358131","323276","34855"
"2010-09-02","United Digistuff","497600","429501","68099"
"2010-09-03","United Digistuff","409774","343090","66684"
"2010-09-04","United Digistuff","243059","198031","45028"
"2010-09-05","United Digistuff","449906","397822","52084"
"2010-09-06","United Digistuff","243697","217167","26530"
"2010-09-07","United Digistuff","362798","331725","31073"
"2010-09-08","United Digistuff","535192","467369","67823"
"2010-09-09","United Digistuff","485266","450576","34690"
"2010-09-10","United Digistuff","744302","667119","77183"
"2010-09-11","United Digistuff","469860","423133","46727"
"2010-09-12","United Digistuff","580006","503384","76622"
"2010-09-13","United Digistuff","232544","198394","34150"
"2010-09-14","United Digistuff","384583","334350","50233"
"2010-09-15","United Digistuff","412459","362124","50335"
"2010-09-16","United Digistuff","619023","548775","70248"
"2010-09-17","United Digistuff","604644","539087","65557"
"2010-09-18","United Digistuff","658088","592112","65976"
"2010-09-19","United Digistuff","605514","525785","79729"
"2010-09-20","United Digistuff","699910","631362","68548"
"2010-09-21","United Digistuff","597006","535283","61723"
"2010-09-22","United Digistuff","664882","587188","77694"
"2010-09-23","United Digistuff","512155","437857","74298"
"2010-09-24","United Digistuff","499979","437957","62022"
"2010-09-25","United Digistuff","409471","355367","54104"
"2010-09-26","United Digistuff","442586","376022","66564"
"2010-09-27","United Digistuff","845656","747578","98078"
"2010-09-28","United Digistuff","675018","592487","82531"
"2010-09-29","United Digistuff","588151","520820","67331"
"2010-09-30","United Digistuff","486378","451865","34513"
"2010-10-01","United Digistuff","489480","433992","55488"
"2010-10-02","United Digistuff","547302","474510","72792"
"2010-10-03","United Digistuff","386653","338014","48639"
"2010-10-04","United Digistuff","392618","343316","49302"
"2010-10-05","United Digistuff","288183","270054","18129"
"2010-10-06","United Digistuff","447430","400134","47296"
"2010-10-07","United Digistuff","498185","419473","78712"
"2010-10-08","United Digistuff","227335","203592","23743"
"2010-10-09","United Digistuff","501035","464314","36721"
"2010-10-10","United Digistuff","391799","345494","46305"
"2010-10-11","United Digistuff","218268","180228","38040"
"2010-10-12","United Digistuff","248220","222152","26068"
"2010-10-13","United Digistuff","415829","367538","48291"
"2010-10-14","United Digistuff","390380","335666","54714"
"2010-10-15","United Digistuff","438946","380631","58315"
"2010-10-16","United Digistuff","627236","550931","76305"
"2010-10-17","United Digistuff","333558","306727","26831"
"2010-10-18","United Digistuff","771119","683271","87848"
"2010-10-19","United Digistuff","659557","582953","76604"
"2010-10-20","United Digistuff","432139","374563","57576"
"2010-10-21","United Digistuff","401302","372612","28690"
"2010-10-22","United Digistuff","274979","236229","38750"
"2010-10-23","United Digistuff","477946","422962","54984"
"2010-10-24","United Digistuff","546812","503133","43679"
"2010-10-25","United Digistuff","330985","302312","28673"
"2010-10-26","United Digistuff","480692","432501","48191"
"2010-10-27","United Digistuff","323555","282465","41090"
"2010-10-28","United Digistuff","473080","431716","41364"
"2010-10-29","United Digistuff","433802","377951","55851"
"2010-10-30","United Digistuff","387404","347794","39610"
"2010-10-31","United Digistuff","666081","616943","49138"
"2010-11-01","United Digistuff","616320","549126","67194"
"2010-11-02","United Digistuff","435430","379680","55750"
"2010-11-03","United Digistuff","831209","717878","113331"
"2010-11-04","United Digistuff","474316","426624","47692"
"2010-11-05","United Digistuff","738100","636146","101954"
"2010-11-06","United Digistuff","355796","324022","31774"
"2010-11-07","United Digistuff","428793","361221","67572"
"2010-11-08","United Digistuff","582745","515356","67389"
"2010-11-09","United Digistuff","426286","354809","71477"
"2010-11-10","United Digistuff","472532","407421","65111"
"2010-11-11","United Digistuff","497301","441415","55886"
"2010-11-12","United Digistuff","508140","447282","60858"
"2010-11-13","United Digistuff","488530","451385","37145"
"2010-11-14","United Digistuff","541229","485650","55579"
"2010-11-15","United Digistuff","385411","342797","42614"
"2010-11-16","United Digistuff","359026","289977","69049"
"2010-11-17","United Digistuff","532723","482636","50087"
"2010-11-18","United Digistuff","626115","536824","89291"
"2010-11-19","United Digistuff","308368","265260","43108"
"2010-11-20","United Digistuff","347941","302659","45282"
"2010-11-21","United Digistuff","425339","371209","54130"
"2010-11-22","United Digistuff","551593","501225","50368"
"2010-11-23","United Digistuff","640215","569865","70350"
"2010-11-24","United Digistuff","597964","527982","69982"
"2010-11-25","United Digistuff","738510","669905","68605"
"2010-11-26","United Digistuff","439482","398311","41171"
"2010-11-27","United Digistuff","605398","534883","70515"
"2010-11-28","United Digistuff","887371","790314","97057"
"2010-11-29","United Digistuff","551326","497149","54177"
"2010-11-30","United Digistuff","411812","364276","47536"
"2010-12-01","United Digistuff","544895","469392","75503"
"2010-12-02","United Digistuff","312759","268539","44220"
"2010-12-03","United Digistuff","461123","401568","59555"
"2010-12-04","United Digistuff","524193","460450","63743"
"2010-12-05","United Digistuff","565055","487959","77096"
"2010-12-06","United Digistuff","603871","538035","65836"
"2010-12-07","United Digistuff","442854","398760","44094"
"2010-12-08","United Digistuff","520885","460463","60422"
"2010-12-09","United Digistuff","424917","376539","48378"
"2010-12-10","United Digistuff","416077","369466","46611"
"2010-12-11","United Digistuff","631143","543031","88112"
"2010-12-12","United Digistuff","587504","515998","71506"
"2010-12-13","United Digistuff","842759","747814","94945"
"2010-12-14","United Digistuff","389121","335191","53930"
"2010-12-15","United Digistuff","588740","527979","60761"
"2010-12-16","United Digistuff","381381","336084","45297"
"2010-12-17","United Digistuff","385987","325332","60655"
"2010-12-18","United Digistuff","701986","630292","71694"
"2010-12-19","United Digistuff","298485","262825","35660"
"2010-12-20","United Digistuff","728165","647816","80349"
"2010-12-21","United Digistuff","530347","481062","49285"
"2010-12-22","United Digistuff","471522","401789","69733"
"2010-12-23","United Digistuff","480673","418785","61888"
"2010-12-24","United Digistuff","792419","710410","82009"
"2010-12-25","United Digistuff","580547","511111","69436"
"2010-12-26","United Digistuff","337933","303242","34691"
"2010-12-27","United Digistuff","384125","334048","50077"
"2010-12-28","United Digistuff","418501","384549","33952"
"2010-12-29","United Digistuff","635131","551876","83255"
"2010-12-30","United Digistuff","716036","603529","112507"
"2010-12-31","United Digistuff","642246","569965","72281"
"2011-01-01","United Digistuff","503962","440901","63061"
"2011-01-02","United Digistuff","761117","674530","86587"
"2011-01-03","United Digistuff","318942","291860","27082"
"2011-01-04","United Digistuff","401525","355471","46054"
"2011-01-05","United Digistuff","733864","647709","86155"
"2011-01-06","United Digistuff","382566","332979","49587"
"2011-01-07","United Digistuff","336349","302590","33759"
"2011-01-08","United Digistuff","396938","339688","57250"
"2011-01-09","United Digistuff","386599","352229","34370"
"2011-01-10","United Digistuff","439143","399405","39738"
"2011-01-11","United Digistuff","703294","618830","84464"
"2011-01-12","United Digistuff","575320","532527","42793"
"2011-01-13","United Digistuff","360160","298485","61675"
"2011-01-14","United Digistuff","486602","431905","54697"
"2011-01-15","United Digistuff","761185","684331","76854"
"2011-01-16","United Digistuff","606263","534354","71909"
"2011-01-17","United Digistuff","480407","437237","43170"
"2011-01-18","United Digistuff","681889","600890","80999"
"2011-01-19","United Digistuff","995647","872153","123494"
"2011-01-20","United Digistuff","523123","465491","57632"
"2011-01-21","United Digistuff","660793","595508","65285"
"2011-01-22","United Digistuff","349076","307977","41099"
"2011-01-23","United Digistuff","723425","634804","88621"
"2011-01-24","United Digistuff","354591","312017","42574"
"2011-01-25","United Digistuff","556141","462046","94095"
"2011-01-26","United Digistuff","638978","554907","84071"
"2011-01-27","United Digistuff","652289","601269","51020"
"2011-01-28","United Digistuff","507580","448048","59532"
"2011-01-29","United Digistuff","517045","444309","72736"
"2011-01-30","United Digistuff","552662","482945","69717"
"2011-01-31","United Digistuff","607873","551626","56247"
"2011-02-01","United Digistuff","539176","472944","66232"
"2011-02-02","United Digistuff","519013","430922","88091"
"2011-02-03","United Digistuff","715971","642853","73118"
"2011-02-04","United Digistuff","680345","589200","91145"
"2011-02-05","United Digistuff","499409","422722","76687"
"2011-02-06","United Digistuff","588592","507151","81441"
"2011-02-07","United Digistuff","358636","322597","36039"
"2011-02-08","United Digistuff","610495","552235","58260"
"2011-02-09","United Digistuff","565115","501923","63192"
"2011-02-10","United Digistuff","539588","473142","66446"
"2011-02-11","United Digistuff","186235","167448","18787"
"2011-02-12","United Digistuff","675845","589628","86217"
"2011-02-13","United Digistuff","553236","509625","43611"
"2011-02-14","United Digistuff","770225","700727","69498"
"2011-02-15","United Digistuff","523805","461912","61893"
"2011-02-16","United Digistuff","524799","463462","61337"
"2011-02-17","United Digistuff","436180","368278","67902"
"2011-02-18","United Digistuff","434214","397644","36570"
"2011-02-19","United Digistuff","552141","484072","68069"
"2011-02-20","United Digistuff","414481","375378","39103"
"2011-02-21","United Digistuff","502680","458830","43850"
"2011-02-22","United Digistuff","508670","461101","47569"
"2011-02-23","United Digistuff","437328","394519","42809"
"2011-02-24","United Digistuff","532084","438886","93198"
"2011-02-25","United Digistuff","568786","481667","87119"
"2011-02-26","United Digistuff","619545","554970","64575"
"2011-02-27","United Digistuff","577621","509248","68373"
"2011-02-28","United Digistuff","412309","364187","48122"
"2011-03-01","United Digistuff","530154","488701","41453"
"2011-03-02","United Digistuff","420026","380576","39450"
"2011-03-03","United Digistuff","622019","522038","99981"
"2011-03-04","United Digistuff","440425","371930","68495"
"2011-03-05","United Digistuff","400892","357463","43429"
"2011-03-06","United Digistuff","305163","267969","37194"
"2011-03-07","United Digistuff","444471","384672","59799"
"2011-03-08","United Digistuff","436886","378896","57990"
"2011-03-09","United Digistuff","660142","598949","61193"
"2011-03-10","United Digistuff","419831","369972","49859"
"2011-03-11","United Digistuff","644624","574438","70186"
"2011-03-12","United Digistuff","628593","533432","95161"
"2011-03-13","United Digistuff","435982","373498","62484"
"2011-03-14","United Digistuff","364166","331736","32430"
"2011-03-15","United Digistuff","452927","398547","54380"
"2011-03-16","United Digistuff","679219","592546","86673"
"2011-03-17","United Digistuff","644033","554945","89088"
"2011-03-18","United Digistuff","621478","575564","45914"
"2011-03-19","United Digistuff","740084","640278","99806"
"2011-03-20","United Digistuff","727230","638908","88322"
"2011-03-21","United Digistuff","695243","632712","62531"
"2011-03-22","United Digistuff","626166","547553","78613"
"2011-03-23","United Digistuff","620035","529546","90489"
"2011-03-24","United Digistuff","551813","492510","59303"
"2011-03-25","United Digistuff","660368","576953","83415"
"2011-03-26","United Digistuff","392878","337796","55082"
"2011-03-27","United Digistuff","347536","304326","43210"
"2011-03-28","United Digistuff","553209","484526","68683"
"2011-03-29","United Digistuff","678847","609758","69089"
"2011-03-30","United Digistuff","417096","367884","49212"
"2011-03-31","United Digistuff","469471","410092","59379"
"2011-04-01","United Digistuff","781056","688780","92276"
"2011-04-02","United Digistuff","421825","392194","29631"
"2011-04-03","United Digistuff","474057","437137","36920"
"2011-04-04","United Digistuff","546572","485942","60630"
"2011-04-05","United Digistuff","887251","784679","102572"
"2011-04-06","United Digistuff","643971","572505","71466"
"2011-04-07","United Digistuff","343748","299191","44557"
"2011-04-08","United Digistuff","500866","441751","59115"
"2011-04-09","United Digistuff","645167","549640","95527"
"2011-04-10","United Digistuff","625433","575418","50015"
"2011-04-11","United Digistuff","645253","569673","75580"
"2011-04-12","United Digistuff","630230","581899","48331"
"2011-04-13","United Digistuff","620188","566409","53779"
"2011-04-14","United Digistuff","435167","383987","51180"
"2011-04-15","United Digistuff","440868","402129","38739"
"2011-04-16","United Digistuff","729109","656456","72653"
"2011-04-17","United Digistuff","485546","418770","66776"
"2011-04-18","United Digistuff","418764","373805","44959"
"2011-04-19","United Digistuff","731868","648357","83511"
"2011-04-20","United Digistuff","554787","495887","58900"
"2011-04-21","United Digistuff","326889","297047","29842"
"2011-04-22","United Digistuff","667169","581199","85970"
"2011-04-23","United Digistuff","508650","443832","64818"
"2011-04-24","United Digistuff","498847","458605","40242"
"2011-04-25","United Digistuff","385314","338311","47003"
"2011-04-26","United Digistuff","378111","341758","36353"
"2011-04-27","United Digistuff","543783","472414","71369"
"2011-04-28","United Digistuff","535874","474905","60969"
"2011-04-29","United Digistuff","485493","444164","41329"
"2011-04-30","United Digistuff","575827","492495","83332"
"2011-05-01","United Digistuff","480657","424332","56325"
"2011-05-02","United Digistuff","375625","345327","30298"
"2011-05-03","United Digistuff","416962","371526","45436"
"2011-05-04","United Digistuff","483748","419962","63786"
"2011-05-05","United Digistuff","507790","458386","49404"
"2011-05-06","United Digistuff","683547","616297","67250"
"2011-05-07","United Digistuff","736884","639790","97094"
"2011-05-08","United Digistuff","582577","501660","80917"
"2011-05-09","United Digistuff","566503","500104","66399"
"2011-05-10","United Digistuff","581511","504492","77019"
"2011-05-11","United Digistuff","628151","552661","75490"
"2011-05-12","United Digistuff","475096","431224","43872"
"2011-05-13","United Digistuff","539170","483980","55190"
"2011-05-14","United Digistuff","431965","386602","45363"
"2011-05-15","United Digistuff","582857","517320","65537"
"2011-05-16","United Digistuff","413595","375822","37773"
"2011-05-17","United Digistuff","717952","628195","89757"
"2011-05-18","United Digistuff","439100","377671","61429"
"2011-05-19","United Digistuff","395447","356923","38524"
"2011-05-20","United Digistuff","361940","324511","37429"
"2011-05-21","United Digistuff","529506","469077","60429"
"2011-05-22","United Digistuff","546109","485924","60185"
"2011-05-23","United Digistuff","536937","491650","45287"
"2011-05-24","United Digistuff","361609","314945","46664"
"2011-05-25","United Digistuff","625869","573630","52239"
"2011-05-26","United Digistuff","439803","387589","52214"
"2011-05-27","United Digistuff","500126","451319","48807"
"2011-05-28","United Digistuff","369376","335442","33934"
"2011-05-29","United Digistuff","447939","381981","65958"
"2011-05-30","United Digistuff","357397","311288","46109"
"2011-05-31","United Digistuff","499489","460755","38734"
"2011-06-01","United Digistuff","729785","643844","85941"
"2011-06-02","United Digistuff","774951","708897","66054"
"2011-06-03","United Digistuff","618026","538676","79350"
"2011-06-04","United Digistuff","707395","637413","69982"
"2011-06-05","United Digistuff","611278","552236","59042"
"2011-06-06","United Digistuff","540074","499341","40733"
"2011-06-07","United Digistuff","569200","507564","61636"
"2011-06-08","United Digistuff","453090","410995","42095"
"2011-06-09","United Digistuff","781152","692441","88711"
"2011-06-10","United Digistuff","635869","568355","67514"
"2011-06-11","United Digistuff","824719","731621","93098"
"2011-06-12","United Digistuff","367231","342069","25162"
"2011-06-13","United Digistuff","813618","733042","80576"
"2011-06-14","United Digistuff","639305","549276","90029"
"2011-06-15","United Digistuff","634169","565750","68419"
"2011-06-16","United Digistuff","333390","305572","27818"
"2011-06-17","United Digistuff","507116","442741","64375"
"2011-06-18","United Digistuff","689403","603448","85955"
"2011-06-19","United Digistuff","624952","555378","69574"
"2011-06-20","United Digistuff","776824","689005","87819"
"2011-06-21","United Digistuff","868818","759965","108853"
"2011-06-22","United Digistuff","674888","595671","79217"
"2011-06-23","United Digistuff","736956","656821","80135"
"2011-06-24","United Digistuff","714792","642140","72652"
"2011-06-25","United Digistuff","621332","549832","71500"
"2011-06-26","United Digistuff","740676","657998","82678"
"2011-06-27","United Digistuff","1023811","943276","80535"
"2011-06-28","United Digistuff","539142","471833","67309"
"2011-06-29","United Digistuff","433266","384402","48864"
"2011-06-30","United Digistuff","573721","495270","78451"
"2011-07-01","United Digistuff","875293","792097","83196"
"2011-07-02","United Digistuff","512601","459326","53275"
"2011-07-03","United Digistuff","628658","561252","67406"
"2011-07-04","United Digistuff","750018","675558","74460"
"2011-07-05","United Digistuff","423823","372528","51295"
"2011-07-06","United Digistuff","751235","657417","93818"
"2011-07-07","United Digistuff","625380","550902","74478"
"2011-07-08","United Digistuff","806233","708744","97489"
"2011-07-09","United Digistuff","652418","561825","90593"
"2011-07-10","United Digistuff","602115","547734","54381"
"2011-07-11","United Digistuff","601703","520767","80936"
"2011-07-12","United Digistuff","765753","674893","90860"
"2011-07-13","United Digistuff","688424","640823","47601"
"2011-07-14","United Digistuff","791850","701994","89856"
"2011-07-15","United Digistuff","686242","629778","56464"
"2011-07-16","United Digistuff","653234","598531","54703"
"2011-07-17","United Digistuff","458181","401951","56230"
"2011-07-18","United Digistuff","770337","694059","76278"
"2011-07-19","United Digistuff","720831","637176","83655"
"2011-07-20","United Digistuff","530154","479070","51084"
"2011-07-21","United Digistuff","600113","511866","88247"
"2011-07-22","United Digistuff","596267","535525","60742"
"2011-07-23","United Digistuff","773339","684518","88821"
"2011-07-24","United Digistuff","961546","865829","95717"
"2011-07-25","United Digistuff","566693","506992","59701"
"2011-07-26","United Digistuff","541557","478595","62962"
"2011-07-27","United Digistuff","655776","602924","52852"
"2011-07-28","United Digistuff","746976","676491","70485"
"2011-07-29","United Digistuff","700834","612842","87992"
"2011-07-30","United Digistuff","541190","469109","72081"
"2011-07-31","United Digistuff","513804","449933","63871"
"2011-08-01","United Digistuff","677661","585649","92012"
"2011-08-02","United Digistuff","770120","684829","85291"
"2011-08-03","United Digistuff","577228","522414","54814"
"2011-08-04","United Digistuff","787220","714935","72285"
"2011-08-05","United Digistuff","755869","674424","81445"
"2011-08-06","United Digistuff","837967","732718","105249"
"2011-08-07","United Digistuff","331042","281829","49213"
"2011-08-08","United Digistuff","477419","428497","48922"
"2011-08-09","United Digistuff","473879","411646","62233"
"2011-08-10","United Digistuff","894341","823053","71288"
"2011-08-11","United Digistuff","650903","582157","68746"
"2011-08-12","United Digistuff","538299","488054","50245"
"2011-08-13","United Digistuff","390951","354571","36380"
"2011-08-14","United Digistuff","693649","605025","88624"
"2011-08-15","United Digistuff","574151","513748","60403"
"2011-08-16","United Digistuff","791261","690296","100965"
"2011-08-17","United Digistuff","706983","615594","91389"
"2011-08-18","United Digistuff","655848","559159","96689"
"2011-08-19","United Digistuff","615391","551496","63895"
"2011-08-20","United Digistuff","877484","758644","118840"
"2011-08-21","United Digistuff","777082","684764","92318"
"2011-08-22","United Digistuff","356802","316051","40751"
"2011-08-23","United Digistuff","770821","687850","82971"
"2011-08-24","United Digistuff","822515","716243","106272"
"2011-08-25","United Digistuff","799513","707161","92352"
"2011-08-26","United Digistuff","636566","559114","77452"
"2011-08-27","United Digistuff","584990","513890","71100"
"2011-08-28","United Digistuff","270006","238576","31430"
"2011-08-29","United Digistuff","838231","742187","96044"
"2011-08-30","United Digistuff","514491","453163","61328"
"2011-08-31","United Digistuff","686301","600767","85534"
"2011-09-01","United Digistuff","646681","577328","69353"
"2011-09-02","United Digistuff","642965","576676","66289"
"2011-09-03","United Digistuff","653989","555050","98939"
"2011-09-04","United Digistuff","739189","654326","84863"
"2011-09-05","United Digistuff","672759","601280","71479"
"2011-09-06","United Digistuff","514698","456713","57985"
"2011-09-07","United Digistuff","723858","644348","79510"
"2011-09-08","United Digistuff","534907","468884","66023"
"2011-09-09","United Digistuff","756593","660401","96192"
"2011-09-10","United Digistuff","668302","596538","71764"
"2011-09-11","United Digistuff","646880","568508","78372"
"2011-09-12","United Digistuff","651381","587035","64346"
"2011-09-13","United Digistuff","997004","863545","133459"
"2011-09-14","United Digistuff","588400","521137","67263"
"2011-09-15","United Digistuff","632874","576649","56225"
"2011-09-16","United Digistuff","819488","727476","92012"
"2011-09-17","United Digistuff","515852","459297","56555"
"2011-09-18","United Digistuff","557857","482293","75564"
"2011-09-19","United Digistuff","756809","682284","74525"
"2011-09-20","United Digistuff","632643","555590","77053"
"2011-09-21","United Digistuff","564713","493893","70820"
"2011-09-22","United Digistuff","435033","388366","46667"
"2011-09-23","United Digistuff","434790","382954","51836"
"2011-09-24","United Digistuff","505865","443824","62041"
"2011-09-25","United Digistuff","787410","681667","105743"
"2011-09-26","United Digistuff","744832","653113","91719"
"2011-09-27","United Digistuff","709591","641973","67618"
"2011-09-28","United Digistuff","966632","872246","94386"
"2011-09-29","United Digistuff","662053","590333","71720"
"2011-09-30","United Digistuff","908410","806568","101842"
"2011-10-01","United Digistuff","565512","504650","60862"
"2011-10-02","United Digistuff","731949","657678","74271"
"2011-10-03","United Digistuff","795524","699956","95568"
"2011-10-04","United Digistuff","473754","421745","52009"
"2011-10-05","United Digistuff","401031","356796","44235"
"2011-10-06","United Digistuff","903050","824679","78371"
"2011-10-07","United Digistuff","559223","491630","67593"
"2011-10-08","United Digistuff","693601","613280","80321"
"2011-10-09","United Digistuff","666471","608669","57802"
"2011-10-10","United Digistuff","758991","669204","89787"
"2011-10-11","United Digistuff","664801","598352","66449"
"2011-10-12","United Digistuff","749206","665162","84044"
"2011-10-13","United Digistuff","529695","478451","51244"
"2011-10-14","United Digistuff","545417","490886","54531"
"2011-10-15","United Digistuff","531415","484291","47124"
"2011-10-16","United Digistuff","424222","387405","36817"
"2011-10-17","United Digistuff","417411","361374","56037"
"2011-10-18","United Digistuff","650352","580536","69816"
"2011-10-19","United Digistuff","924653","813019","111634"
"2011-10-20","United Digistuff","552447","501242","51205"
"2011-10-21","United Digistuff","625904","559130","66774"
"2011-10-22","United Digistuff","895091","769387","125704"
"2011-10-23","United Digistuff","767881","676740","91141"
"2011-10-24","United Digistuff","701457","632486","68971"
"2011-10-25","United Digistuff","733928","627237","106691"
"2011-10-26","United Digistuff","513984","446194","67790"
"2011-10-27","United Digistuff","344915","313713","31202"
"2011-10-28","United Digistuff","545059","485654","59405"
"2011-10-29","United Digistuff","453676","404955","48721"
"2011-10-30","United Digistuff","899181","788756","110425"
"2011-10-31","United Digistuff","807500","735233","72267"
"2011-11-01","United Digistuff","623895","537879","86016"
"2011-11-02","United Digistuff","667357","578064","89293"
"2011-11-03","United Digistuff","629164","561728","67436"
"2011-11-04","United Digistuff","660374","600083","60291"
"2011-11-05","United Digistuff","645376","572754","72622"
"2011-11-06","United Digistuff","491876","423771","68105"
"2011-11-07","United Digistuff","460470","398839","61631"
"2011-11-08","United Digistuff","736450","638583","97867"
"2011-11-09","United Digistuff","499757","446948","52809"
"2011-11-10","United Digistuff","734947","639856","95091"
"2011-11-11","United Digistuff","884324","767580","116744"
"2011-11-12","United Digistuff","743389","640131","103258"
"2011-11-13","United Digistuff","869026","756434","112592"
"2011-11-14","United Digistuff","613723","537345","76378"
"2011-11-15","United Digistuff","634735","566958","67777"
"2011-11-16","United Digistuff","566986","499927","67059"
"2011-11-17","United Digistuff","678391","605008","73383"
"2011-11-18","United Digistuff","646777","563685","83092"
"2011-11-19","United Digistuff","620431","549730","70701"
"2011-11-20","United Digistuff","460058","398536","61522"
"2011-11-21","United Digistuff","750160","661339","88821"
"2011-11-22","United Digistuff","777794","700749","77045"
"2011-11-23","United Digistuff","478955","411799","67156"
"2011-11-24","United Digistuff","827159","729371","97788"
"2011-11-25","United Digistuff","595767","528432","67335"
"2011-11-26","United Digistuff","506642","443002","63640"
"2011-11-27","United Digistuff","674721","599950","74771"
"2011-11-28","United Digistuff","760085","667317","92768"
"2011-11-29","United Digistuff","715412","635280","80132"
"2011-11-30","United Digistuff","587140","543278","43862"
"2011-12-01","United Digistuff","624473","566649","57824"
"2011-12-02","United Digistuff","717212","630639","86573"
"2011-12-03","United Digistuff","581861","505395","76466"
"2011-12-04","United Digistuff","563135","510550","52585"
"2011-12-05","United Digistuff","682113","595375","86738"
"2011-12-06","United Digistuff","674156","613649","60507"
"2011-12-07","United Digistuff","821484","749342","72142"
"2011-12-08","United Digistuff","667371","582901","84470"
"2011-12-09","United Digistuff","759988","693110","66878"
"2011-12-10","United Digistuff","722535","635809","86726"
"2011-12-11","United Digistuff","582118","540472","41646"
"2011-12-12","United Digistuff","542360","480098","62262"
"2011-12-13","United Digistuff","649871","597698","52173"
"2011-12-14","United Digistuff","671458","603870","67588"
"2011-12-15","United Digistuff","809040","725212","83828"
"2011-12-16","United Digistuff","514727","436109","78618"
"2011-12-17","United Digistuff","621801","549374","72427"
"2011-12-18","United Digistuff","667733","589573","78160"
"2011-12-19","United Digistuff","651839","572629","79210"
"2011-12-20","United Digistuff","458411","408028","50383"
"2011-12-21","United Digistuff","573974","513478","60496"
"2011-12-22","United Digistuff","800492","723140","77352"
"2011-12-23","United Digistuff","819329","726134","93195"
"2011-12-24","United Digistuff","702772","628213","74559"
"2011-12-25","United Digistuff","621592","544450","77142"
"2011-12-26","United Digistuff","662536","575312","87224"
"2011-12-27","United Digistuff","525153","466367","58786"
"2011-12-28","United Digistuff","925467","820199","105268"
"2011-12-29","United Digistuff","484315","436043","48272"
"2011-12-30","United Digistuff","690590","590267","100323"
"2011-12-31","United Digistuff","617089","546664","70425"
"2012-01-01","United Digistuff","750189","652187","98002"
"2012-01-02","United Digistuff","1068572","954721","113851"
"2012-01-03","United Digistuff","556718","469545","87173"
"2012-01-04","United Digistuff","558153","483785","74368"
"2012-01-05","United Digistuff","1061828","957643","104185"
"2012-01-06","United Digistuff","902329","769544","132785"
"2012-01-07","United Digistuff","840745","751601","89144"
"2012-01-08","United Digistuff","820741","722060","98681"
"2012-01-09","United Digistuff","820465","724698","95767"
"2012-01-10","United Digistuff","976148","842931","133217"
"2012-01-11","United Digistuff","881616","783854","97762"
"2012-01-12","United Digistuff","1022749","931234","91515"
"2012-01-13","United Digistuff","934034","817205","116829"
"2012-01-14","United Digistuff","838451","754065","84386"
"2012-01-15","United Digistuff","792240","712434","79806"
"2012-01-16","United Digistuff","1078467","954502","123965"
"2012-01-17","United Digistuff","1019167","917268","101899"
"2012-01-18","United Digistuff","808773","713415","95358"
"2012-01-19","United Digistuff","853007","777721","75286"
"2012-01-20","United Digistuff","1140190","1007910","132280"
"2012-01-21","United Digistuff","1200915","1053525","147390"
"2012-01-22","United Digistuff","550095","467640","82455"
"2012-01-23","United Digistuff","940104","825462","114642"
"2012-01-24","United Digistuff","1089632","945761","143871"
"2012-01-25","United Digistuff","460529","402116","58413"
"2012-01-26","United Digistuff","803122","723216","79906"
"2012-01-27","United Digistuff","847571","748931","98640"
"2012-01-28","United Digistuff","1122803","997918","124885"
"2012-01-29","United Digistuff","703602","636355","67247"
"2012-01-30","United Digistuff","877724","769514","108210"
"2012-01-31","United Digistuff","809718","697071","112647"
"2012-02-01","United Digistuff","807375","715976","91399"
"2012-02-02","United Digistuff","846270","769471","76799"
"2012-02-03","United Digistuff","1286651","1129870","156781"
"2012-02-04","United Digistuff","1067471","951031","116440"
"2012-02-05","United Digistuff","1280411","1145509","134902"
"2012-02-06","United Digistuff","911746","800065","111681"
"2012-02-07","United Digistuff","1029929","920313","109616"
"2012-02-08","United Digistuff","1276250","1132109","144141"
"2012-02-09","United Digistuff","1086815","954054","132761"
"2012-02-10","United Digistuff","717659","619171","98488"
"2012-02-11","United Digistuff","1021356","909385","111971"
"2012-02-12","United Digistuff","935679","804185","131494"
"2012-02-13","United Digistuff","907394","816327","91067"
"2012-02-14","United Digistuff","914760","807209","107551"
"2012-02-15","United Digistuff","871335","753952","117383"
"2012-02-16","United Digistuff","1099867","981518","118349"
"2012-02-17","United Digistuff","899836","803728","96108"
"2012-02-18","United Digistuff","1030406","905012","125394"
"2012-02-19","United Digistuff","1214070","1105347","108723"
"2012-02-20","United Digistuff","857125","770753","86372"
"2012-02-21","United Digistuff","993518","856919","136599"
"2012-02-22","United Digistuff","1011974","915171","96803"
"2012-02-23","United Digistuff","1059884","957077","102807"
"2012-02-24","United Digistuff","892047","798518","93529"
"2012-02-25","United Digistuff","959761","855505","104256"
"2012-02-26","United Digistuff","979348","866585","112763"
"2012-02-27","United Digistuff","1008502","888625","119877"
"2012-02-28","United Digistuff","803766","707844","95922"
"2012-02-29","United Digistuff","868012","801539","66473"
"2012-03-01","United Digistuff","943767","831930","111837"
"2012-03-02","United Digistuff","1031841","885209","146632"
"2012-03-03","United Digistuff","919326","809510","109816"
"2012-03-04","United Digistuff","1121522","1001699","119823"
"2012-03-05","United Digistuff","798889","705357","93532"
"2012-03-06","United Digistuff","826811","736962","89849"
"2012-03-07","United Digistuff","764358","680971","83387"
"2012-03-08","United Digistuff","913389","823366","90023"
"2012-03-09","United Digistuff","882958","782294","100664"
"2012-03-10","United Digistuff","792946","716294","76652"
"2012-03-11","United Digistuff","974384","864745","109639"
"2012-03-12","United Digistuff","1079643","932579","147064"
"2012-03-13","United Digistuff","1187502","1060373","127129"
"2012-03-14","United Digistuff","1006119","878175","127944"
"2012-03-15","United Digistuff","786594","713759","72835"
"2012-03-16","United Digistuff","1118119","1007034","111085"
"2012-03-17","United Digistuff","996012","895972","100040"
"2012-03-18","United Digistuff","1037152","924303","112849"
"2012-03-19","United Digistuff","920295","804070","116225"
"2012-03-20","United Digistuff","878783","761283","117500"
"2012-03-21","United Digistuff","1219990","1083597","136393"
"2012-03-22","United Digistuff","1237977","1088801","149176"
"2012-03-23","United Digistuff","1074701","972063","102638"
"2012-03-24","United Digistuff","994138","867520","126618"
"2012-03-25","United Digistuff","854123","729908","124215"
"2012-03-26","United Digistuff","1233010","1062635","170375"
"2012-03-27","United Digistuff","1085799","980502","105297"
"2012-03-28","United Digistuff","1270165","1136442","133723"
"2012-03-29","United Digistuff","902649","787299","115350"
"2012-03-30","United Digistuff","725122","627779","97343"
"2012-03-31","United Digistuff","910529","777108","133421"
"2012-04-01","United Digistuff","1121350","978678","142672"
"2012-04-02","United Digistuff","1228636","1121805","106831"
"2012-04-03","United Digistuff","1359584","1202068","157516"
"2012-04-04","United Digistuff","1408825","1251744","157081"
"2012-04-05","United Digistuff","895105","794982","100123"
"2012-04-06","United Digistuff","1078021","921464","156557"
"2012-04-07","United Digistuff","1091212","976782","114430"
"2012-04-08","United Digistuff","1150521","1056988","93533"
"2012-04-09","United Digistuff","1121814","984607","137207"
"2012-04-10","United Digistuff","1524475","1363634","160841"
"2012-04-11","United Digistuff","1044887","955846","89041"
"2012-04-12","United Digistuff","605588","541260","64328"
"2012-04-13","United Digistuff","1320657","1156537","164120"
"2012-04-14","United Digistuff","749089","644836","104253"
"2012-04-15","United Digistuff","878253","803066","75187"
"2012-04-16","United Digistuff","1092786","959097","133689"
"2012-04-17","United Digistuff","1019785","907285","112500"
"2012-04-18","United Digistuff","827494","731063","96431"
"2012-04-19","United Digistuff","844676","745123","99553"
"2012-04-20","United Digistuff","1022260","903745","118515"
"2012-04-21","United Digistuff","943498","833182","110316"
"2012-04-22","United Digistuff","1086804","937414","149390"
"2012-04-23","United Digistuff","1164429","1035251","129178"
"2012-04-24","United Digistuff","1055663","947999","107664"
"2012-04-25","United Digistuff","1484162","1305804","178358"
"2012-04-26","United Digistuff","971955","855059","116896"
"2012-04-27","United Digistuff","831678","736380","95298"
"2012-04-28","United Digistuff","1237463","1093581","143882"
"2012-04-29","United Digistuff","1077886","989664","88222"
"2012-04-30","United Digistuff","1113172","990483","122689"
"2012-05-01","United Digistuff","753438","675023","78415"
"2012-05-02","United Digistuff","712201","634251","77950"
"2012-05-03","United Digistuff","997080","891878","105202"
"2012-05-04","United Digistuff","1320217","1171906","148311"
"2012-05-05","United Digistuff","1254702","1118497","136205"
"2012-05-06","United Digistuff","1256443","1116105","140338"
"2012-05-07","United Digistuff","960906","826164","134742"
"2012-05-08","United Digistuff","1068997","981428","87569"
"2012-05-09","United Digistuff","830769","746670","84099"
"2012-05-10","United Digistuff","974053","855612","118441"
"2012-05-11","United Digistuff","1192052","1060321","131731"
"2012-05-12","United Digistuff","907279","792399","114880"
"2012-05-13","United Digistuff","1173529","1046586","126943"
"2012-05-14","United Digistuff","979089","857390","121699"
"2012-05-15","United Digistuff","845406","749762","95644"
"2012-05-16","United Digistuff","1219394","1079953","139441"
"2012-05-17","United Digistuff","730778","630684","100094"
"2012-05-18","United Digistuff","1110991","999121","111870"
"2012-05-19","United Digistuff","695757","622949","72808"
"2012-05-20","United Digistuff","1003793","918166","85627"
"2012-05-21","United Digistuff","916271","800827","115444"
"2012-05-22","United Digistuff","959737","865438","94299"
"2012-05-23","United Digistuff","824098","743991","80107"
"2012-05-24","United Digistuff","1001368","908054","93314"
"2012-05-25","United Digistuff","1277233","1137115","140118"
"2012-05-26","United Digistuff","990729","889055","101674"
"2012-05-27","United Digistuff","1142222","1034299","107923"
"2012-05-28","United Digistuff","760501","672296","88205"
"2012-05-29","United Digistuff","1295045","1156895","138150"
"2012-05-30","United Digistuff","1201625","1078333","123292"
"2012-05-31","United Digistuff","941342","850699","90643"
"2012-06-01","United Digistuff","258554","234128","24426"
"2012-06-02","United Digistuff","554044","482133","71911"
"2012-06-03","United Digistuff","412352","361093","51259"
"2012-06-04","United Digistuff","222157","207257","14900"
"2012-06-05","United Digistuff","381526","320004","61522"
"2012-06-06","United Digistuff","521429","475355","46074"
"2012-06-07","United Digistuff","414776","370550","44226"
"2012-06-08","United Digistuff","325001","292158","32843"
"2012-06-09","United Digistuff","439142","381179","57963"
"2012-06-10","United Digistuff","548313","486888","61425"
"2012-06-11","United Digistuff","346912","309808","37104"
"2012-06-12","United Digistuff","484798","424511","60287"
"2012-06-13","United Digistuff","311931","281820","30111"
"2012-06-14","United Digistuff","283639","254880","28759"
"2012-06-15","United Digistuff","346210","300913","45297"
"2012-06-16","United Digistuff","485771","422925","62846"
"2012-06-17","United Digistuff","347743","304541","43202"
"2012-06-18","United Digistuff","458619","409575","49044"
"2012-06-19","United Digistuff","413786","370431","43355"
"2012-06-20","United Digistuff","477288","431769","45519"
"2012-06-21","United Digistuff","529416","474251","55165"
"2012-06-22","United Digistuff","392197","334157","58040"
"2012-06-23","United Digistuff","772292","665149","107143"
"2012-06-24","United Digistuff","490218","424247","65971"
"2012-06-25","United Digistuff","529739","466818","62921"
"2012-06-26","United Digistuff","288517","247010","41507"
"2012-06-27","United Digistuff","605102","533493","71609"
"2012-06-28","United Digistuff","271528","234615","36913"
"2012-06-29","United Digistuff","564981","505140","59841"
"2012-06-30","United Digistuff","343878","302915","40963"
"2012-07-01","United Digistuff","441413","395610","45803"
"2012-07-02","United Digistuff","560771","491417","69354"
"2012-07-03","United Digistuff","350771","320133","30638"
"2012-07-04","United Digistuff","612350","561970","50380"
"2012-07-05","United Digistuff","700615","618668","81947"
"2012-07-06","United Digistuff","528234","452100","76134"
"2012-07-07","United Digistuff","417367","377751","39616"
"2012-07-08","United Digistuff","692972","632501","60471"
"2012-07-09","United Digistuff","451938","402953","48985"
"2012-07-10","United Digistuff","440025","395873","44152"
"2012-07-11","United Digistuff","926442","816492","109950"
"2012-07-12","United Digistuff","509768","454415","55353"
"2012-07-13","United Digistuff","608413","531275","77138"
"2012-07-14","United Digistuff","519531","435526","84005"
"2012-07-15","United Digistuff","388495","334170","54325"
"2012-07-16","United Digistuff","644146","560037","84109"
"2012-07-17","United Digistuff","406862","349490","57372"
"2012-07-18","United Digistuff","300447","257388","43059"
"2012-07-19","United Digistuff","303985","259731","44254"
"2012-07-20","United Digistuff","593537","517444","76093"
"2012-07-21","United Digistuff","705317","635339","69978"
"2012-07-22","United Digistuff","296733","259138","37595"
"2012-07-23","United Digistuff","395087","351267","43820"
"2012-07-24","United Digistuff","527117","448171","78946"
"2012-07-25","United Digistuff","535750","457421","78329"
"2012-07-26","United Digistuff","324388","274994","49394"
"2012-07-27","United Digistuff","302608","265086","37522"
"2012-07-28","United Digistuff","806189","698408","107781"
"2012-07-29","United Digistuff","623225","566047","57178"
"2012-07-30","United Digistuff","538328","483008","55320"
"2012-07-31","United Digistuff","412995","376729","36266"
"2012-08-01","United Digistuff","480771","418937","61834"
"2012-08-02","United Digistuff","419571","365531","54040"
"2012-08-03","United Digistuff","344484","297339","47145"
"2012-08-04","United Digistuff","382364","342677","39687"
"2012-08-05","United Digistuff","593263","508434","84829"
"2012-08-06","United Digistuff","461401","424983","36418"
"2012-08-07","United Digistuff","390340","349100","41240"
"2012-08-08","United Digistuff","511019","453917","57102"
"2012-08-09","United Digistuff","737541","652264","85277"
"2012-08-10","United Digistuff","113023","104225","8798"
"2012-08-11","United Digistuff","520644","457289","63355"
"2012-08-12","United Digistuff","651808","563510","88298"
"2012-08-13","United Digistuff","486021","425062","60959"
"2012-08-14","United Digistuff","675266","594954","80312"
"2012-08-15","United Digistuff","316083","269665","46418"
"2012-08-16","United Digistuff","313092","272386","40706"
"2012-08-17","United Digistuff","409147","376915","32232"
"2012-08-18","United Digistuff","380141","341705","38436"
"2012-08-19","United Digistuff","542335","488799","53536"
"2012-08-20","United Digistuff","627898","550520","77378"
"2012-08-21","United Digistuff","605635","522671","82964"
"2012-08-22","United Digistuff","276194","241009","35185"
"2012-08-23","United Digistuff","399118","357408","41710"
"2012-08-24","United Digistuff","186747","165357","21390"
"2012-08-25","United Digistuff","604386","552907","51479"
"2012-08-26","United Digistuff","374518","330814","43704"
"2012-08-27","United Digistuff","337416","305576","31840"
"2012-08-28","United Digistuff","661958","583734","78224"
"2012-08-29","United Digistuff","486221","433107","53114"
"2012-08-30","United Digistuff","327636","284622","43014"
"2012-08-31","United Digistuff","430095","388377","41718"
"2012-09-01","United Digistuff","351937","316914","35023"
"2012-09-02","United Digistuff","512667","468370","44297"
"2012-09-03","United Digistuff","507677","443778","63899"
"2012-09-04","United Digistuff","399261","357281","41980"
"2012-09-05","United Digistuff","655718","586895","68823"
"2012-09-06","United Digistuff","525937","467948","57989"
"2012-09-07","United Digistuff","361647","310396","51251"
"2012-09-08","United Digistuff","394052","340186","53866"
"2012-09-09","United Digistuff","233919","188939","44980"
"2012-09-10","United Digistuff","407891","370322","37569"
"2012-09-11","United Digistuff","542954","487181","55773"
"2012-09-12","United Digistuff","448186","414040","34146"
"2012-09-13","United Digistuff","397753","367795","29958"
"2012-09-14","United Digistuff","350645","322570","28075"
"2012-09-15","United Digistuff","499120","453833","45287"
"2012-09-16","United Digistuff","501607","430321","71286"
"2012-09-17","United Digistuff","512363","460915","51448"
"2012-09-18","United Digistuff","500038","431036","69002"
"2012-09-19","United Digistuff","459462","411841","47621"
"2012-09-20","United Digistuff","608411","557238","51173"
"2012-09-21","United Digistuff","488975","441402","47573"
"2012-09-22","United Digistuff","605481","528139","77342"
"2012-09-23","United Digistuff","592039","508278","83761"
"2012-09-24","United Digistuff","400681","364025","36656"
"2012-09-25","United Digistuff","193324","167778","25546"
"2012-09-26","United Digistuff","361809","327883","33926"
"2012-09-27","United Digistuff","691860","615254","76606"
"2012-09-28","United Digistuff","479153","421711","57442"
"2012-09-29","United Digistuff","351390","316372","35018"
"2012-09-30","United Digistuff","555911","498857","57054"
"2012-10-01","United Digistuff","813758","727486","86272"
"2012-10-02","United Digistuff","451168","399727","51441"
"2012-10-03","United Digistuff","546078","494269","51809"
"2012-10-04","United Digistuff","670890","574304","96586"
"2012-10-05","United Digistuff","511379","432767","78612"
"2012-10-06","United Digistuff","662716","579406","83310"
"2012-10-07","United Digistuff","411976","374196","37780"
"2012-10-08","United Digistuff","524828","473459","51369"
"2012-10-09","United Digistuff","513523","447830","65693"
"2012-10-10","United Digistuff","739755","667802","71953"
"2012-10-11","United Digistuff","542538","478808","63730"
"2012-10-12","United Digistuff","599257","531972","67285"
"2012-10-13","United Digistuff","907744","821439","86305"
"2012-10-14","United Digistuff","685786","599906","85880"
"2012-10-15","United Digistuff","349853","316440","33413"
"2012-10-16","United Digistuff","580031","494334","85697"
"2012-10-17","United Digistuff","514883","457639","57244"
"2012-10-18","United Digistuff","423778","389833","33945"
"2012-10-19","United Digistuff","466442","430013","36429"
"2012-10-20","United Digistuff","579112","507925","71187"
"2012-10-21","United Digistuff","585564","505498","80066"
"2012-10-22","United Digistuff","400642","349414","51228"
"2012-10-23","United Digistuff","579485","492649","86836"
"2012-10-24","United Digistuff","466335","425399","40936"
"2012-10-25","United Digistuff","525629","463941","61688"
"2012-10-26","United Digistuff","808780","715793","92987"
"2012-10-27","United Digistuff","660086","607742","52344"
"2012-10-28","United Digistuff","636440","544767","91673"
"2012-10-29","United Digistuff","469037","438883","30154"
"2012-10-30","United Digistuff","527063","478029","49034"
"2012-10-31","United Digistuff","814501","729279","85222"
"2012-11-01","United Digistuff","614737","545895","68842"
"2012-11-02","United Digistuff","663303","594632","68671"
"2012-11-03","United Digistuff","498956","452034","46922"
"2012-11-04","United Digistuff","687333","622498","64835"
"2012-11-05","United Digistuff","543981","452392","91589"
"2012-11-06","United Digistuff","620985","553658","67327"
"2012-11-07","United Digistuff","391325","350044","41281"
"2012-11-08","United Digistuff","381279","342930","38349"
"2012-11-09","United Digistuff","364123","331854","32269"
"2012-11-10","United Digistuff","830212","741727","88485"
"2012-11-11","United Digistuff","374856","316320","58536"
"2012-11-12","United Digistuff","316173","281752","34421"
"2012-11-13","United Digistuff","692087","613456","78631"
"2012-11-14","United Digistuff","715141","623165","91976"
"2012-11-15","United Digistuff","337100","303572","33528"
"2012-11-16","United Digistuff","553316","484538","68778"
"2012-11-17","United Digistuff","515847","446806","69041"
"2012-11-18","United Digistuff","788802","705048","83754"
"2012-11-19","United Digistuff","681649","619563","62086"
"2012-11-20","United Digistuff","489748","440210","49538"
"2012-11-21","United Digistuff","425782","378470","47312"
"2012-11-22","United Digistuff","565283","519205","46078"
"2012-11-23","United Digistuff","696895","625811","71084"
"2012-11-24","United Digistuff","763423","679868","83555"
"2012-11-25","United Digistuff","620769","534020","86749"
"2012-11-26","United Digistuff","497562","450638","46924"
"2012-11-27","United Digistuff","743678","631935","111743"
"2012-11-28","United Digistuff","619981","570803","49178"
"2012-11-29","United Digistuff","731146","662547","68599"
"2012-11-30","United Digistuff","780044","690425","89619"
"2012-12-01","United Digistuff","619829","550990","68839"
"2012-12-02","United Digistuff","510565","459000","51565"
"2012-12-03","United Digistuff","408939","373395","35544"
"2012-12-04","United Digistuff","729728","673084","56644"
"2012-12-05","United Digistuff","738537","617656","120881"
"2012-12-06","United Digistuff","521846","476502","45344"
"2012-12-07","United Digistuff","596711","526816","69895"
"2012-12-08","United Digistuff","417158","373020","44138"
"2012-12-09","United Digistuff","804817","691446","113371"
"2012-12-10","United Digistuff","506045","435871","70174"
"2012-12-11","United Digistuff","481587","436792","44795"
"2012-12-12","United Digistuff","287528","251264","36264"
"2012-12-13","United Digistuff","707284","634414","72870"
"2012-12-14","United Digistuff","340972","291825","49147"
"2012-12-15","United Digistuff","648352","576758","71594"
"2012-12-16","United Digistuff","710250","622550","87700"
"2012-12-17","United Digistuff","569933","501663","68270"
"2012-12-18","United Digistuff","416672","353312","63360"
"2012-12-19","United Digistuff","644051","573583","70468"
"2012-12-20","United Digistuff","550407","480804","69603"
"2012-12-21","United Digistuff","780877","679351","101526"
"2012-12-22","United Digistuff","473801","411396","62405"
"2012-12-23","United Digistuff","797819","707486","90333"
"2012-12-24","United Digistuff","493711","434352","59359"
"2012-12-25","United Digistuff","328861","304058","24803"
"2012-12-26","United Digistuff","591313","544560","46753"
"2012-12-27","United Digistuff","642956","554315","88641"
"2012-12-28","United Digistuff","742484","665300","77184"
"2012-12-29","United Digistuff","562395","501715","60680"
"2012-12-30","United Digistuff","422145","389291","32854"
"2012-12-31","United Digistuff","550435","501042","49393"
"2013-01-01","United Digistuff","432192","383539","48653"
"2013-01-02","United Digistuff","1528630","1335979","192651"
"2013-01-03","United Digistuff","1483836","1311038","172798"
"2013-01-04","United Digistuff","1303215","1133563","169652"
"2013-01-05","United Digistuff","1916947","1705519","211428"
"2013-01-06","United Digistuff","1469893","1269688","200205"
"2013-01-07","United Digistuff","1465439","1300747","164692"
"2013-01-08","United Digistuff","1271812","1164585","107227"
"2013-01-09","United Digistuff","1451338","1291987","159351"
"2013-01-10","United Digistuff","1719688","1522952","196736"
"2013-01-11","United Digistuff","1601923","1432126","169797"
"2013-01-12","United Digistuff","1140539","1006220","134319"
"2013-01-13","United Digistuff","1316997","1109435","207562"
"2013-01-14","United Digistuff","1356069","1194050","162019"
"2013-01-15","United Digistuff","1710087","1514145","195942"
"2013-01-16","United Digistuff","1376843","1249661","127182"
"2013-01-17","United Digistuff","1351041","1226426","124615"
"2013-01-18","United Digistuff","1158743","1025155","133588"
"2013-01-19","United Digistuff","1269696","1138351","131345"
"2013-01-20","United Digistuff","1303408","1169855","133553"
"2013-01-21","United Digistuff","1554836","1368421","186415"
"2013-01-22","United Digistuff","1186833","1048455","138378"
"2013-01-23","United Digistuff","1590469","1418612","171857"
"2013-01-24","United Digistuff","1458526","1275472","183054"
"2013-01-25","United Digistuff","1138474","1000984","137490"
"2013-01-26","United Digistuff","1441352","1275823","165529"
"2013-01-27","United Digistuff","1492084","1329444","162640"
"2013-01-28","United Digistuff","1478239","1301280","176959"
"2013-01-29","United Digistuff","1344748","1188939","155809"
"2013-01-30","United Digistuff","1491400","1302910","188490"
"2013-01-31","United Digistuff","1454019","1273485","180534"
"2013-02-01","United Digistuff","1530764","1330758","200006"
"2013-02-02","United Digistuff","1854278","1650919","203359"
"2013-02-03","United Digistuff","1329026","1152341","176685"
"2013-02-04","United Digistuff","1474094","1323913","150181"
"2013-02-05","United Digistuff","1934140","1718948","215192"
"2013-02-06","United Digistuff","1680391","1497663","182728"
"2013-02-07","United Digistuff","1344570","1190897","153673"
"2013-02-08","United Digistuff","1656438","1463117","193321"
"2013-02-09","United Digistuff","1546968","1377675","169293"
"2013-02-10","United Digistuff","1381400","1233374","148026"
"2013-02-11","United Digistuff","1223034","1087648","135386"
"2013-02-12","United Digistuff","1373338","1240291","133047"
"2013-02-13","United Digistuff","1432698","1260839","171859"
"2013-02-14","United Digistuff","1341516","1185035","156481"
"2013-02-15","United Digistuff","1907240","1672369","234871"
"2013-02-16","United Digistuff","2084696","1834526","250170"
"2013-02-17","United Digistuff","1388998","1228959","160039"
"2013-02-18","United Digistuff","1544701","1356217","188484"
"2013-02-19","United Digistuff","1404949","1235574","169375"
"2013-02-20","United Digistuff","1948588","1714622","233966"
"2013-02-21","United Digistuff","1640218","1436102","204116"
"2013-02-22","United Digistuff","1590759","1355867","234892"
"2013-02-23","United Digistuff","1321863","1175809","146054"
"2013-02-24","United Digistuff","1394714","1230634","164080"
"2013-02-25","United Digistuff","1686967","1493210","193757"
"2013-02-26","United Digistuff","1816791","1628127","188664"
"2013-02-27","United Digistuff","1404875","1237559","167316"
"2013-02-28","United Digistuff","1798910","1651051","147859"
"2013-03-01","United Digistuff","530250","464047","66203"
"2013-03-02","United Digistuff","1259930","1127379","132551"
"2013-03-03","United Digistuff","1593882","1391012","202870"
"2013-03-04","United Digistuff","1863071","1664240","198831"
"2013-03-05","United Digistuff","1573323","1412614","160709"
"2013-03-06","United Digistuff","1723230","1486689","236541"
"2013-03-07","United Digistuff","1618785","1423527","195258"
"2013-03-08","United Digistuff","1738094","1503847","234247"
"2013-03-09","United Digistuff","1692637","1485645","206992"
"2013-03-10","United Digistuff","1627880","1457649","170231"
"2013-03-11","United Digistuff","1846892","1621662","225230"
"2013-03-12","United Digistuff","1858886","1652028","206858"
"2013-03-13","United Digistuff","1955490","1735930","219560"
"2013-03-14","United Digistuff","1989052","1769771","219281"
"2013-03-15","United Digistuff","1496527","1337464","159063"
"2013-03-16","United Digistuff","1607280","1431068","176212"
"2013-03-17","United Digistuff","1382747","1210986","171761"
"2013-03-18","United Digistuff","1619851","1425137","194714"
"2013-03-19","United Digistuff","2031827","1789093","242734"
"2013-03-20","United Digistuff","1572700","1415271","157429"
"2013-03-21","United Digistuff","1975310","1781864","193446"
"2013-03-22","United Digistuff","1757208","1568688","188520"
"2013-03-23","United Digistuff","1324166","1164908","159258"
"2013-03-24","United Digistuff","1594246","1421400","172846"
"2013-03-25","United Digistuff","1562548","1361243","201305"
"2013-03-26","United Digistuff","1355452","1178335","177117"
"2013-03-27","United Digistuff","2025377","1783888","241489"
"2013-03-28","United Digistuff","1687270","1467457","219813"
"2013-03-29","United Digistuff","1572426","1391151","181275"
"2013-03-30","United Digistuff","2228304","1954955","273349"
"2013-03-31","United Digistuff","1547456","1355091","192365"
"2013-04-01","United Digistuff","1630788","1426057","204731"
"2013-04-02","United Digistuff","1636702","1467958","168744"
"2013-04-03","United Digistuff","1895308","1674949","220359"
"2013-04-04","United Digistuff","1781694","1594772","186922"
"2013-04-05","United Digistuff","2084741","1788833","295908"
"2013-04-06","United Digistuff","1387082","1193613","193469"
"2013-04-07","United Digistuff","1512362","1352311","160051"
"2013-04-08","United Digistuff","1360407","1203966","156441"
"2013-04-09","United Digistuff","1599142","1431679","167463"
"2013-04-10","United Digistuff","1830757","1644871","185886"
"2013-04-11","United Digistuff","2584092","2278668","305424"
"2013-04-12","United Digistuff","1582996","1426367","156629"
"2013-04-13","United Digistuff","1206395","1072769","133626"
"2013-04-14","United Digistuff","2502643","2196290","306353"
"2013-04-15","United Digistuff","1652706","1465682","187024"
"2013-04-16","United Digistuff","1572786","1414055","158731"
"2013-04-17","United Digistuff","1686977","1490692","196285"
"2013-04-18","United Digistuff","1813623","1620091","193532"
"2013-04-19","United Digistuff","2240736","1998833","241903"
"2013-04-20","United Digistuff","1577987","1376956","201031"
"2013-04-21","United Digistuff","1874933","1658630","216303"
"2013-04-22","United Digistuff","1761140","1580687","180453"
"2013-04-23","United Digistuff","1648800","1443927","204873"
"2013-04-24","United Digistuff","1611270","1469221","142049"
"2013-04-25","United Digistuff","1705132","1520261","184871"
"2013-04-26","United Digistuff","2060990","1791524","269466"
"2013-04-27","United Digistuff","1705263","1539490","165773"
"2013-04-28","United Digistuff","1721450","1555096","166354"
"2013-04-29","United Digistuff","1793181","1590729","202452"
"2013-04-30","United Digistuff","1494928","1320802","174126"
"2013-05-01","United Digistuff","605624","538466","67158"
"2013-05-02","United Digistuff","1227140","1097443","129697"
"2013-05-03","United Digistuff","1642536","1464478","178058"
"2013-05-04","United Digistuff","1338465","1194099","144366"
"2013-05-05","United Digistuff","1623424","1436916","186508"
"2013-05-06","United Digistuff","1742815","1532833","209982"
"2013-05-07","United Digistuff","1537627","1357756","179871"
"2013-05-08","United Digistuff","1380718","1224241","156477"
"2013-05-09","United Digistuff","1340704","1182330","158374"
"2013-05-10","United Digistuff","1791548","1616618","174930"
"2013-05-11","United Digistuff","1450652","1276345","174307"
"2013-05-12","United Digistuff","1895378","1696946","198432"
"2013-05-13","United Digistuff","1408636","1253149","155487"
"2013-05-14","United Digistuff","1442398","1262425","179973"
"2013-05-15","United Digistuff","2041768","1792240","249528"
"2013-05-16","United Digistuff","1530236","1357448","172788"
"2013-05-17","United Digistuff","1718700","1517726","200974"
"2013-05-18","United Digistuff","1799529","1589458","210071"
"2013-05-19","United Digistuff","1520170","1348071","172099"
"2013-05-20","United Digistuff","1727868","1511120","216748"
"2013-05-21","United Digistuff","1474104","1310504","163600"
"2013-05-22","United Digistuff","1225205","1064512","160693"
"2013-05-23","United Digistuff","1576228","1373358","202870"
"2013-05-24","United Digistuff","1487228","1308324","178904"
"2013-05-25","United Digistuff","1314048","1130691","183357"
"2013-05-26","United Digistuff","1800124","1615365","184759"
"2013-05-27","United Digistuff","1570064","1390793","179271"
"2013-05-28","United Digistuff","1808223","1582446","225777"
"2013-05-29","United Digistuff","1696211","1501674","194537"
"2013-05-30","United Digistuff","1727982","1538839","189143"
"2013-05-31","United Digistuff","1176975","1056903","120072"
"2008-06-02","Weebits","4629","4352","277"
"2008-06-14","Weebits","4629","4352","277"
"2008-06-19","Weebits","4629","4352","277"
"2008-06-23","Weebits","4629","4352","277"
"2008-06-25","Weebits","4629","4352","277"
"2008-06-28","Weebits","4629","4352","277"
"2008-07-07","Weebits","4629","4352","277"
"2008-07-10","Weebits","4629","4352","277"
"2008-07-11","Weebits","4629","4352","277"
"2008-07-12","Weebits","4629","4352","277"
"2008-07-19","Weebits","4629","4352","277"
"2008-07-20","Weebits","4629","4352","277"
"2008-07-21","Weebits","4629","4352","277"
"2008-07-24","Weebits","4629","4352","277"
"2008-07-25","Weebits","4629","4352","277"
"2008-07-29","Weebits","4629","4352","277"
"2008-07-31","Weebits","4629","4352","277"
"2008-08-19","Weebits","4629","4352","277"
"2008-08-20","Weebits","4629","4352","277"
"2008-08-27","Weebits","4629","4352","277"
"2008-08-28","Weebits","4629","4352","277"
"2008-09-02","Weebits","9258","8704","554"
"2008-09-06","Weebits","4629","4352","277"
"2008-09-14","Weebits","4629","4352","277"
"2008-09-17","Weebits","9258","8704","554"
"2008-09-21","Weebits","4629","4352","277"
"2008-09-25","Weebits","4629","4352","277"
"2008-09-28","Weebits","4629","4352","277"
"2008-09-29","Weebits","4629","4352","277"
"2008-09-30","Weebits","4629","4352","277"
"2008-10-04","Weebits","4629","4352","277"
"2008-10-08","Weebits","9258","8704","554"
"2008-10-09","Weebits","4629","4352","277"
"2008-10-10","Weebits","4629","4352","277"
"2008-10-12","Weebits","4629","4352","277"
"2008-10-13","Weebits","4629","4352","277"
"2008-10-17","Weebits","4629","4352","277"
"2008-10-28","Weebits","4629","4352","277"
"2008-10-30","Weebits","4629","4352","277"
"2008-10-31","Weebits","4629","4352","277"
"2008-11-01","Weebits","4629","4352","277"
"2008-11-03","Weebits","4629","4352","277"
"2008-11-06","Weebits","4629","4352","277"
"2008-11-07","Weebits","4629","4352","277"
"2008-11-13","Weebits","4629","4352","277"
"2008-11-17","Weebits","4629","4352","277"
"2008-11-18","Weebits","4629","4352","277"
"2008-11-19","Weebits","4629","4352","277"
"2008-11-22","Weebits","4629","4352","277"
"2008-11-25","Weebits","4629","4352","277"
"2008-11-29","Weebits","4629","4352","277"
"2008-11-30","Weebits","4629","4352","277"
"2008-12-09","Weebits","4629","4352","277"
"2008-12-10","Weebits","4629","4352","277"
"2008-12-12","Weebits","4629","4352","277"
"2008-12-17","Weebits","4629","4352","277"
"2008-12-23","Weebits","4629","4352","277"
"2008-12-25","Weebits","4629","4352","277"
"2008-12-29","Weebits","9258","8704","554"
"2008-12-30","Weebits","4629","4352","277"
"2009-01-01","Weebits","4629","4352","277"
"2009-01-05","Weebits","4629","4352","277"
"2009-01-07","Weebits","4629","4352","277"
"2009-01-10","Weebits","9258","8704","554"
"2009-01-13","Weebits","4629","4352","277"
"2009-01-16","Weebits","4629","4352","277"
"2009-01-17","Weebits","4629","4352","277"
"2009-01-18","Weebits","18516","17408","1108"
"2009-01-19","Weebits","4629","4352","277"
"2009-01-22","Weebits","4629","4352","277"
"2009-01-24","Weebits","4629","4352","277"
"2009-01-26","Weebits","4629","4352","277"
"2009-01-28","Weebits","4629","4352","277"
"2009-01-29","Weebits","4629","4352","277"
"2009-01-30","Weebits","4629","4352","277"
"2009-01-31","Weebits","9258","8704","554"
"2009-02-03","Weebits","4629","4352","277"
"2009-02-06","Weebits","9258","8704","554"
"2009-02-09","Weebits","4629","4352","277"
"2009-02-12","Weebits","9258","8704","554"
"2009-02-13","Weebits","9258","8704","554"
"2009-02-15","Weebits","9258","8704","554"
"2009-02-17","Weebits","9258","8704","554"
"2009-02-18","Weebits","4629","4352","277"
"2009-02-19","Weebits","9258","8704","554"
"2009-02-22","Weebits","13887","13056","831"
"2009-02-23","Weebits","4629","4352","277"
"2009-02-27","Weebits","4629","4352","277"
"2009-03-01","Weebits","4629","4352","277"
"2009-03-09","Weebits","4629","4352","277"
"2009-03-14","Weebits","4629","4352","277"
"2009-03-15","Weebits","9258","8704","554"
"2009-03-17","Weebits","4629","4352","277"
"2009-03-21","Weebits","4629","4352","277"
"2009-03-22","Weebits","13887","13056","831"
"2009-03-23","Weebits","4629","4352","277"
"2009-03-26","Weebits","4629","4352","277"
"2009-03-30","Weebits","4629","4352","277"
"2009-03-31","Weebits","4629","4352","277"
"2009-04-02","Weebits","13887","13056","831"
"2009-04-04","Weebits","4629","4352","277"
"2009-04-09","Weebits","13887","13056","831"
"2009-04-12","Weebits","4629","4352","277"
"2009-04-14","Weebits","4629","4352","277"
"2009-04-16","Weebits","9258","8704","554"
"2009-04-17","Weebits","4629","4352","277"
"2009-04-19","Weebits","4629","4352","277"
"2009-04-20","Weebits","4629","4352","277"
"2009-04-21","Weebits","9258","8704","554"
"2009-04-26","Weebits","4629","4352","277"
"2009-04-27","Weebits","4629","4352","277"
"2009-04-28","Weebits","4629","4352","277"
"2009-04-29","Weebits","4629","4352","277"
"2009-05-02","Weebits","9258","8704","554"
"2009-05-04","Weebits","4629","4352","277"
"2009-05-06","Weebits","4629","4352","277"
"2009-05-08","Weebits","4629","4352","277"
"2009-05-10","Weebits","4629","4352","277"
"2009-05-13","Weebits","4629","4352","277"
"2009-05-14","Weebits","4629","4352","277"
"2009-05-21","Weebits","4629","4352","277"
"2009-05-22","Weebits","4629","4352","277"
"2009-05-23","Weebits","4629","4352","277"
"2009-05-25","Weebits","9258","8704","554"
"2009-05-27","Weebits","4629","4352","277"
"2009-05-30","Weebits","4629","4352","277"
"2009-06-02","Weebits","9258","8704","554"
"2009-06-07","Weebits","4629","4352","277"
"2009-06-10","Weebits","13887","13056","831"
"2009-06-13","Weebits","4629","4352","277"
"2009-06-14","Weebits","4629","4352","277"
"2009-06-16","Weebits","4629","4352","277"
"2009-06-17","Weebits","4629","4352","277"
"2009-06-19","Weebits","9258","8704","554"
"2009-06-21","Weebits","4629","4352","277"
"2009-06-23","Weebits","4629","4352","277"
"2009-06-27","Weebits","4629","4352","277"
"2009-06-29","Weebits","9258","8704","554"
"2009-06-30","Weebits","4629","4352","277"
"2009-07-01","Weebits","4629","4352","277"
"2009-07-02","Weebits","9258","8704","554"
"2009-07-03","Weebits","4629","4352","277"
"2009-07-04","Weebits","9258","8704","554"
"2009-07-07","Weebits","4629","4352","277"
"2009-07-08","Weebits","4629","4352","277"
"2009-07-09","Weebits","9258","8704","554"
"2009-07-10","Weebits","9258","8704","554"
"2009-07-11","Weebits","9258","8704","554"
"2009-07-15","Weebits","4629","4352","277"
"2009-07-16","Weebits","4629","4352","277"
"2009-07-18","Weebits","4629","4352","277"
"2009-07-19","Weebits","4629","4352","277"
"2009-07-20","Weebits","9258","8704","554"
"2009-07-23","Weebits","9258","8704","554"
"2009-07-24","Weebits","4629","4352","277"
"2009-07-30","Weebits","4629","4352","277"
"2009-07-31","Weebits","9258","8704","554"
"2009-08-01","Weebits","4629","4352","277"
"2009-08-02","Weebits","4629","4352","277"
"2009-08-06","Weebits","9258","8704","554"
"2009-08-09","Weebits","13887","13056","831"
"2009-08-11","Weebits","13887","13056","831"
"2009-08-13","Weebits","4629","4352","277"
"2009-08-15","Weebits","4629","4352","277"
"2009-08-16","Weebits","4629","4352","277"
"2009-08-24","Weebits","4629","4352","277"
"2009-08-25","Weebits","4629","4352","277"
"2009-08-26","Weebits","9258","8704","554"
"2009-08-27","Weebits","9258","8704","554"
"2009-08-28","Weebits","4629","4352","277"
"2009-08-31","Weebits","9258","8704","554"
"2009-09-01","Weebits","13887","13056","831"
"2009-09-02","Weebits","4629","4352","277"
"2009-09-03","Weebits","4629","4352","277"
"2009-09-05","Weebits","4629","4352","277"
"2009-09-06","Weebits","9258","8704","554"
"2009-09-07","Weebits","9258","8704","554"
"2009-09-08","Weebits","4629","4352","277"
"2009-09-10","Weebits","13887","13056","831"
"2009-09-11","Weebits","4629","4352","277"
"2009-09-12","Weebits","9258","8704","554"
"2009-09-15","Weebits","4629","4352","277"
"2009-09-16","Weebits","4629","4352","277"
"2009-09-17","Weebits","4629","4352","277"
"2009-09-18","Weebits","4629","4352","277"
"2009-09-20","Weebits","4629","4352","277"
"2009-09-21","Weebits","9258","8704","554"
"2009-09-22","Weebits","4629","4352","277"
"2009-09-23","Weebits","9258","8704","554"
"2009-09-24","Weebits","9258","8704","554"
"2009-09-25","Weebits","9258","8704","554"
"2009-09-28","Weebits","4629","4352","277"
"2009-10-01","Weebits","4629","4352","277"
"2009-10-02","Weebits","4629","4352","277"
"2009-10-03","Weebits","4629","4352","277"
"2009-10-04","Weebits","4629","4352","277"
"2009-10-07","Weebits","9258","8704","554"
"2009-10-09","Weebits","4629","4352","277"
"2009-10-14","Weebits","9258","8704","554"
"2009-10-15","Weebits","9258","8704","554"
"2009-10-17","Weebits","4629","4352","277"
"2009-10-19","Weebits","13887","13056","831"
"2009-10-20","Weebits","9258","8704","554"
"2009-10-21","Weebits","4629","4352","277"
"2009-10-23","Weebits","9258","8704","554"
"2009-10-26","Weebits","4629","4352","277"
"2009-10-27","Weebits","13887","13056","831"
"2009-10-28","Weebits","4629","4352","277"
"2009-10-29","Weebits","13887","13056","831"
"2009-10-30","Weebits","4629","4352","277"
"2009-10-31","Weebits","4629","4352","277"
"2009-11-01","Weebits","9258","8704","554"
"2009-11-02","Weebits","9258","8704","554"
"2009-11-07","Weebits","4629","4352","277"
"2009-11-09","Weebits","4629","4352","277"
"2009-11-10","Weebits","4629","4352","277"
"2009-11-11","Weebits","4629","4352","277"
"2009-11-12","Weebits","9258","8704","554"
"2009-11-13","Weebits","4629","4352","277"
"2009-11-14","Weebits","4629","4352","277"
"2009-11-15","Weebits","4629","4352","277"
"2009-11-16","Weebits","9258","8704","554"
"2009-11-17","Weebits","4629","4352","277"
"2009-11-18","Weebits","4629","4352","277"
"2009-11-19","Weebits","4629","4352","277"
"2009-11-22","Weebits","9258","8704","554"
"2009-11-23","Weebits","13887","13056","831"
"2009-11-25","Weebits","4629","4352","277"
"2009-11-28","Weebits","4629","4352","277"
"2009-11-29","Weebits","4629","4352","277"
"2009-11-30","Weebits","4629","4352","277"
"2009-12-02","Weebits","4629","4352","277"
"2009-12-05","Weebits","4629","4352","277"
"2009-12-08","Weebits","4629","4352","277"
"2009-12-09","Weebits","4629","4352","277"
"2009-12-10","Weebits","9258","8704","554"
"2009-12-14","Weebits","4629","4352","277"
"2009-12-17","Weebits","9258","8704","554"
"2009-12-19","Weebits","4629","4352","277"
"2009-12-20","Weebits","4629","4352","277"
"2009-12-21","Weebits","4629","4352","277"
"2009-12-22","Weebits","4629","4352","277"
"2009-12-23","Weebits","9258","8704","554"
"2009-12-26","Weebits","4629","4352","277"
"2009-12-27","Weebits","4629","4352","277"
"2009-12-28","Weebits","4629","4352","277"
"2009-12-30","Weebits","4629","4352","277"
"2009-12-31","Weebits","4629","4352","277"
"2010-01-02","Weebits","13887","13056","831"
"2010-01-03","Weebits","4629","4352","277"
"2010-01-04","Weebits","9258","8704","554"
"2010-01-05","Weebits","4629","4352","277"
"2010-01-06","Weebits","13887","13056","831"
"2010-01-07","Weebits","9258","8704","554"
"2010-01-09","Weebits","9258","8704","554"
"2010-01-10","Weebits","4629","4352","277"
"2010-01-11","Weebits","9258","8704","554"
"2010-01-12","Weebits","9258","8704","554"
"2010-01-13","Weebits","9258","8704","554"
"2010-01-14","Weebits","4629","4352","277"
"2010-01-15","Weebits","4629","4352","277"
"2010-01-16","Weebits","13887","13056","831"
"2010-01-17","Weebits","13887","13056","831"
"2010-01-18","Weebits","4629","4352","277"
"2010-01-19","Weebits","13887","13056","831"
"2010-01-21","Weebits","9258","8704","554"
"2010-01-22","Weebits","4629","4352","277"
"2010-01-23","Weebits","4629","4352","277"
"2010-01-24","Weebits","18516","17408","1108"
"2010-01-26","Weebits","9258","8704","554"
"2010-01-30","Weebits","9258","8704","554"
"2010-01-31","Weebits","4629","4352","277"
"2010-02-04","Weebits","4629","4352","277"
"2010-02-05","Weebits","9258","8704","554"
"2010-02-06","Weebits","9258","8704","554"
"2010-02-07","Weebits","4629","4352","277"
"2010-02-08","Weebits","23145","21760","1385"
"2010-02-10","Weebits","9258","8704","554"
"2010-02-11","Weebits","4629","4352","277"
"2010-02-12","Weebits","4629","4352","277"
"2010-02-13","Weebits","9258","8704","554"
"2010-02-14","Weebits","18516","17408","1108"
"2010-02-15","Weebits","4629","4352","277"
"2010-02-16","Weebits","9258","8704","554"
"2010-02-19","Weebits","13887","13056","831"
"2010-02-22","Weebits","9258","8704","554"
"2010-02-23","Weebits","4629","4352","277"
"2010-02-24","Weebits","4629","4352","277"
"2010-02-26","Weebits","9258","8704","554"
"2010-02-27","Weebits","4629","4352","277"
"2010-02-28","Weebits","4629","4352","277"
"2010-03-01","Weebits","4629","4352","277"
"2010-03-02","Weebits","9258","8704","554"
"2010-03-03","Weebits","4629","4352","277"
"2010-03-04","Weebits","13887","13056","831"
"2010-03-06","Weebits","4629","4352","277"
"2010-03-08","Weebits","4629","4352","277"
"2010-03-10","Weebits","9258","8704","554"
"2010-03-11","Weebits","13887","13056","831"
"2010-03-12","Weebits","9258","8704","554"
"2010-03-13","Weebits","4629","4352","277"
"2010-03-14","Weebits","4629","4352","277"
"2010-03-16","Weebits","4629","4352","277"
"2010-03-18","Weebits","4629","4352","277"
"2010-03-19","Weebits","4629","4352","277"
"2010-03-21","Weebits","9258","8704","554"
"2010-03-22","Weebits","9258","8704","554"
"2010-03-23","Weebits","9258","8704","554"
"2010-03-24","Weebits","4629","4352","277"
"2010-03-25","Weebits","4629","4352","277"
"2010-03-26","Weebits","9258","8704","554"
"2010-03-28","Weebits","9258","8704","554"
"2010-03-29","Weebits","4629","4352","277"
"2010-04-01","Weebits","13887","13056","831"
"2010-04-02","Weebits","4629","4352","277"
"2010-04-03","Weebits","4629","4352","277"
"2010-04-04","Weebits","9258","8704","554"
"2010-04-05","Weebits","4629","4352","277"
"2010-04-06","Weebits","4629","4352","277"
"2010-04-07","Weebits","4629","4352","277"
"2010-04-08","Weebits","9258","8704","554"
"2010-04-09","Weebits","4629","4352","277"
"2010-04-11","Weebits","4629","4352","277"
"2010-04-12","Weebits","4629","4352","277"
"2010-04-13","Weebits","9258","8704","554"
"2010-04-14","Weebits","4629","4352","277"
"2010-04-15","Weebits","4629","4352","277"
"2010-04-16","Weebits","4629","4352","277"
"2010-04-17","Weebits","4629","4352","277"
"2010-04-21","Weebits","4629","4352","277"
"2010-04-23","Weebits","13887","13056","831"
"2010-04-25","Weebits","9258","8704","554"
"2010-04-27","Weebits","9258","8704","554"
"2010-04-29","Weebits","4629","4352","277"
"2010-04-30","Weebits","4629","4352","277"
"2010-05-01","Weebits","4629","4352","277"
"2010-05-03","Weebits","9258","8704","554"
"2010-05-05","Weebits","9258","8704","554"
"2010-05-06","Weebits","13887","13056","831"
"2010-05-07","Weebits","4629","4352","277"
"2010-05-09","Weebits","13887","13056","831"
"2010-05-11","Weebits","4629","4352","277"
"2010-05-12","Weebits","4629","4352","277"
"2010-05-13","Weebits","4629","4352","277"
"2010-05-14","Weebits","9258","8704","554"
"2010-05-15","Weebits","13887","13056","831"
"2010-05-18","Weebits","4629","4352","277"
"2010-05-19","Weebits","4629","4352","277"
"2010-05-20","Weebits","4629","4352","277"
"2010-05-21","Weebits","13887","13056","831"
"2010-05-23","Weebits","4629","4352","277"
"2010-05-24","Weebits","4629","4352","277"
"2010-05-27","Weebits","9258","8704","554"
"2010-05-28","Weebits","9258","8704","554"
"2010-05-29","Weebits","4629","4352","277"
"2010-05-30","Weebits","9258","8704","554"
"2010-05-31","Weebits","27774","26112","1662"
"2010-06-01","Weebits","13887","13056","831"
"2010-06-02","Weebits","4629","4352","277"
"2010-06-03","Weebits","4629","4352","277"
"2010-06-04","Weebits","13887","13056","831"
"2010-06-05","Weebits","9258","8704","554"
"2010-06-06","Weebits","4629","4352","277"
"2010-06-07","Weebits","23145","21760","1385"
"2010-06-08","Weebits","4629","4352","277"
"2010-06-09","Weebits","4629","4352","277"
"2010-06-10","Weebits","9258","8704","554"
"2010-06-11","Weebits","9258","8704","554"
"2010-06-12","Weebits","13887","13056","831"
"2010-06-13","Weebits","18516","17408","1108"
"2010-06-14","Weebits","9258","8704","554"
"2010-06-15","Weebits","13887","13056","831"
"2010-06-16","Weebits","9258","8704","554"
"2010-06-17","Weebits","18516","17408","1108"
"2010-06-18","Weebits","9258","8704","554"
"2010-06-19","Weebits","9258","8704","554"
"2010-06-20","Weebits","13887","13056","831"
"2010-06-22","Weebits","4629","4352","277"
"2010-06-23","Weebits","9258","8704","554"
"2010-06-24","Weebits","4629","4352","277"
"2010-06-25","Weebits","23145","21760","1385"
"2010-06-26","Weebits","13887","13056","831"
"2010-06-27","Weebits","9258","8704","554"
"2010-06-29","Weebits","18516","17408","1108"
"2010-06-30","Weebits","23145","21760","1385"
"2010-07-01","Weebits","18516","17408","1108"
"2010-07-02","Weebits","23145","21760","1385"
"2010-07-03","Weebits","18516","17408","1108"
"2010-07-04","Weebits","13887","13056","831"
"2010-07-05","Weebits","9258","8704","554"
"2010-07-06","Weebits","9258","8704","554"
"2010-07-07","Weebits","27774","26112","1662"
"2010-07-08","Weebits","4629","4352","277"
"2010-07-09","Weebits","9258","8704","554"
"2010-07-10","Weebits","18516","17408","1108"
"2010-07-11","Weebits","4629","4352","277"
"2010-07-12","Weebits","13887","13056","831"
"2010-07-13","Weebits","9258","8704","554"
"2010-07-14","Weebits","18516","17408","1108"
"2010-07-15","Weebits","9258","8704","554"
"2010-07-17","Weebits","13887","13056","831"
"2010-07-19","Weebits","13887","13056","831"
"2010-07-20","Weebits","9258","8704","554"
"2010-07-21","Weebits","13887","13056","831"
"2010-07-22","Weebits","13887","13056","831"
"2010-07-24","Weebits","9258","8704","554"
"2010-07-25","Weebits","9258","8704","554"
"2010-07-26","Weebits","4629","4352","277"
"2010-07-27","Weebits","4629","4352","277"
"2010-07-28","Weebits","9258","8704","554"
"2010-07-29","Weebits","13887","13056","831"
"2010-07-30","Weebits","4629","4352","277"
"2010-07-31","Weebits","13887","13056","831"
"2010-08-01","Weebits","27774","26112","1662"
"2010-08-02","Weebits","18516","17408","1108"
"2010-08-03","Weebits","13887","13056","831"
"2010-08-04","Weebits","9258","8704","554"
"2010-08-05","Weebits","23145","21760","1385"
"2010-08-06","Weebits","32403","30464","1939"
"2010-08-07","Weebits","18516","17408","1108"
"2010-08-08","Weebits","18516","17408","1108"
"2010-08-09","Weebits","13887","13056","831"
"2010-08-10","Weebits","23145","21760","1385"
"2010-08-11","Weebits","4629","4352","277"
"2010-08-12","Weebits","9258","8704","554"
"2010-08-13","Weebits","4629","4352","277"
"2010-08-14","Weebits","9258","8704","554"
"2010-08-15","Weebits","13887","13056","831"
"2010-08-16","Weebits","4629","4352","277"
"2010-08-17","Weebits","4629","4352","277"
"2010-08-18","Weebits","9258","8704","554"
"2010-08-19","Weebits","13887","13056","831"
"2010-08-20","Weebits","9258","8704","554"
"2010-08-21","Weebits","13887","13056","831"
"2010-08-22","Weebits","13887","13056","831"
"2010-08-23","Weebits","9258","8704","554"
"2010-08-24","Weebits","27774","26112","1662"
"2010-08-26","Weebits","9258","8704","554"
"2010-08-27","Weebits","4629","4352","277"
"2010-08-28","Weebits","9258","8704","554"
"2010-08-29","Weebits","13887","13056","831"
"2010-08-30","Weebits","9258","8704","554"
"2010-08-31","Weebits","18516","17408","1108"
"2010-09-01","Weebits","23145","21760","1385"
"2010-09-02","Weebits","4629","4352","277"
"2010-09-03","Weebits","4629","4352","277"
"2010-09-05","Weebits","4629","4352","277"
"2010-09-06","Weebits","4629","4352","277"
"2010-09-07","Weebits","4629","4352","277"
"2010-09-08","Weebits","13887","13056","831"
"2010-09-09","Weebits","4629","4352","277"
"2010-09-10","Weebits","4629","4352","277"
"2010-09-11","Weebits","13887","13056","831"
"2010-09-12","Weebits","13887","13056","831"
"2010-09-14","Weebits","27774","26112","1662"
"2010-09-16","Weebits","9258","8704","554"
"2010-09-17","Weebits","13887","13056","831"
"2010-09-18","Weebits","4629","4352","277"
"2010-09-19","Weebits","4629","4352","277"
"2010-09-20","Weebits","18516","17408","1108"
"2010-09-22","Weebits","4629","4352","277"
"2010-09-23","Weebits","13887","13056","831"
"2010-09-24","Weebits","9258","8704","554"
"2010-09-25","Weebits","13887","13056","831"
"2010-09-26","Weebits","4629","4352","277"
"2010-09-27","Weebits","9258","8704","554"
"2010-09-28","Weebits","9258","8704","554"
"2010-09-29","Weebits","9258","8704","554"
"2010-09-30","Weebits","18516","17408","1108"
"2010-10-01","Weebits","18516","17408","1108"
"2010-10-02","Weebits","9258","8704","554"
"2010-10-04","Weebits","4629","4352","277"
"2010-10-05","Weebits","9258","8704","554"
"2010-10-06","Weebits","18516","17408","1108"
"2010-10-07","Weebits","4629","4352","277"
"2010-10-08","Weebits","18516","17408","1108"
"2010-10-09","Weebits","18516","17408","1108"
"2010-10-10","Weebits","18516","17408","1108"
"2010-10-11","Weebits","13887","13056","831"
"2010-10-12","Weebits","9258","8704","554"
"2010-10-13","Weebits","9258","8704","554"
"2010-10-14","Weebits","13887","13056","831"
"2010-10-15","Weebits","18516","17408","1108"
"2010-10-16","Weebits","4629","4352","277"
"2010-10-17","Weebits","9258","8704","554"
"2010-10-18","Weebits","9258","8704","554"
"2010-10-19","Weebits","18516","17408","1108"
"2010-10-20","Weebits","4629","4352","277"
"2010-10-21","Weebits","23145","21760","1385"
"2010-10-22","Weebits","27774","26112","1662"
"2010-10-23","Weebits","13887","13056","831"
"2010-10-25","Weebits","23145","21760","1385"
"2010-10-26","Weebits","9258","8704","554"
"2010-10-27","Weebits","18516","17408","1108"
"2010-10-28","Weebits","4629","4352","277"
"2010-10-29","Weebits","18516","17408","1108"
"2010-10-30","Weebits","9258","8704","554"
"2010-10-31","Weebits","13887","13056","831"
"2010-11-01","Weebits","9258","8704","554"
"2010-11-02","Weebits","23145","21760","1385"
"2010-11-03","Weebits","4629","4352","277"
"2010-11-04","Weebits","13887","13056","831"
"2010-11-05","Weebits","4629","4352","277"
"2010-11-06","Weebits","18516","17408","1108"
"2010-11-07","Weebits","4629","4352","277"
"2010-11-09","Weebits","9258","8704","554"
"2010-11-10","Weebits","13887","13056","831"
"2010-11-11","Weebits","4629","4352","277"
"2010-11-12","Weebits","9258","8704","554"
"2010-11-13","Weebits","18516","17408","1108"
"2010-11-15","Weebits","9258","8704","554"
"2010-11-16","Weebits","13887","13056","831"
"2010-11-17","Weebits","13887","13056","831"
"2010-11-18","Weebits","18516","17408","1108"
"2010-11-19","Weebits","9258","8704","554"
"2010-11-20","Weebits","13887","13056","831"
"2010-11-21","Weebits","9258","8704","554"
"2010-11-22","Weebits","9258","8704","554"
"2010-11-23","Weebits","9258","8704","554"
"2010-11-24","Weebits","27774","26112","1662"
"2010-11-25","Weebits","13887","13056","831"
"2010-11-26","Weebits","4629","4352","277"
"2010-11-27","Weebits","4629","4352","277"
"2010-11-28","Weebits","13887","13056","831"
"2010-11-29","Weebits","27774","26112","1662"
"2010-11-30","Weebits","9258","8704","554"
"2010-12-01","Weebits","23145","21760","1385"
"2010-12-02","Weebits","9258","8704","554"
"2010-12-03","Weebits","4629","4352","277"
"2010-12-04","Weebits","13887","13056","831"
"2010-12-05","Weebits","9258","8704","554"
"2010-12-06","Weebits","9258","8704","554"
"2010-12-07","Weebits","9258","8704","554"
"2010-12-08","Weebits","27774","26112","1662"
"2010-12-09","Weebits","4629","4352","277"
"2010-12-10","Weebits","9258","8704","554"
"2010-12-12","Weebits","4629","4352","277"
"2010-12-13","Weebits","4629","4352","277"
"2010-12-14","Weebits","18516","17408","1108"
"2010-12-15","Weebits","4629","4352","277"
"2010-12-16","Weebits","9258","8704","554"
"2010-12-17","Weebits","9258","8704","554"
"2010-12-18","Weebits","4629","4352","277"
"2010-12-19","Weebits","18516","17408","1108"
"2010-12-20","Weebits","13887","13056","831"
"2010-12-21","Weebits","18516","17408","1108"
"2010-12-22","Weebits","4629","4352","277"
"2010-12-24","Weebits","9258","8704","554"
"2010-12-25","Weebits","9258","8704","554"
"2010-12-26","Weebits","4629","4352","277"
"2010-12-27","Weebits","9258","8704","554"
"2010-12-28","Weebits","18516","17408","1108"
"2010-12-29","Weebits","4629","4352","277"
"2010-12-30","Weebits","4629","4352","277"
"2010-12-31","Weebits","4629","4352","277"
"2011-01-01","Weebits","9258","8704","554"
"2011-01-02","Weebits","9258","8704","554"
"2011-01-03","Weebits","13887","13056","831"
"2011-01-04","Weebits","4629","4352","277"
"2011-01-05","Weebits","4629","4352","277"
"2011-01-06","Weebits","13887","13056","831"
"2011-01-07","Weebits","13887","13056","831"
"2011-01-08","Weebits","9258","8704","554"
"2011-01-09","Weebits","27774","26112","1662"
"2011-01-10","Weebits","4629","4352","277"
"2011-01-11","Weebits","4629","4352","277"
"2011-01-12","Weebits","4629","4352","277"
"2011-01-13","Weebits","13887","13056","831"
"2011-01-14","Weebits","9258","8704","554"
"2011-01-15","Weebits","13887","13056","831"
"2011-01-16","Weebits","9258","8704","554"
"2011-01-17","Weebits","9258","8704","554"
"2011-01-18","Weebits","9258","8704","554"
"2011-01-19","Weebits","27774","26112","1662"
"2011-01-20","Weebits","13887","13056","831"
"2011-01-21","Weebits","4629","4352","277"
"2011-01-22","Weebits","4629","4352","277"
"2011-01-23","Weebits","9258","8704","554"
"2011-01-24","Weebits","9258","8704","554"
"2011-01-25","Weebits","9258","8704","554"
"2011-01-26","Weebits","23145","21760","1385"
"2011-01-27","Weebits","4629","4352","277"
"2011-01-28","Weebits","32403","30464","1939"
"2011-01-29","Weebits","9258","8704","554"
"2011-01-30","Weebits","4629","4352","277"
"2011-01-31","Weebits","13887","13056","831"
"2011-02-01","Weebits","4629","4352","277"
"2011-02-02","Weebits","9258","8704","554"
"2011-02-03","Weebits","4629","4352","277"
"2011-02-04","Weebits","18516","17408","1108"
"2011-02-05","Weebits","4629","4352","277"
"2011-02-06","Weebits","27774","26112","1662"
"2011-02-07","Weebits","4629","4352","277"
"2011-02-08","Weebits","13887","13056","831"
"2011-02-09","Weebits","18516","17408","1108"
"2011-02-10","Weebits","32403","30464","1939"
"2011-02-11","Weebits","32403","30464","1939"
"2011-02-12","Weebits","4629","4352","277"
"2011-02-13","Weebits","27774","26112","1662"
"2011-02-14","Weebits","9258","8704","554"
"2011-02-15","Weebits","13887","13056","831"
"2011-02-16","Weebits","18516","17408","1108"
"2011-02-17","Weebits","18516","17408","1108"
"2011-02-18","Weebits","9258","8704","554"
"2011-02-19","Weebits","23145","21760","1385"
"2011-02-20","Weebits","18516","17408","1108"
"2011-02-21","Weebits","4629","4352","277"
"2011-02-22","Weebits","9258","8704","554"
"2011-02-23","Weebits","4629","4352","277"
"2011-02-24","Weebits","13887","13056","831"
"2011-02-25","Weebits","13887","13056","831"
"2011-02-26","Weebits","13887","13056","831"
"2011-02-27","Weebits","18516","17408","1108"
"2011-02-28","Weebits","9258","8704","554"
"2011-03-01","Weebits","9258","8704","554"
"2011-03-02","Weebits","4629","4352","277"
"2011-03-04","Weebits","4629","4352","277"
"2011-03-05","Weebits","9258","8704","554"
"2011-03-06","Weebits","32403","30464","1939"
"2011-03-07","Weebits","9258","8704","554"
"2011-03-08","Weebits","13887","13056","831"
"2011-03-09","Weebits","4629","4352","277"
"2011-03-10","Weebits","13887","13056","831"
"2011-03-11","Weebits","4629","4352","277"
"2011-03-12","Weebits","13887","13056","831"
"2011-03-13","Weebits","13887","13056","831"
"2011-03-14","Weebits","9258","8704","554"
"2011-03-15","Weebits","4629","4352","277"
"2011-03-16","Weebits","9258","8704","554"
"2011-03-17","Weebits","18516","17408","1108"
"2011-03-18","Weebits","13887","13056","831"
"2011-03-19","Weebits","4629","4352","277"
"2011-03-20","Weebits","13887","13056","831"
"2011-03-21","Weebits","9258","8704","554"
"2011-03-22","Weebits","18516","17408","1108"
"2011-03-23","Weebits","23145","21760","1385"
"2011-03-24","Weebits","4629","4352","277"
"2011-03-25","Weebits","4629","4352","277"
"2011-03-26","Weebits","4629","4352","277"
"2011-03-27","Weebits","9258","8704","554"
"2011-03-28","Weebits","9258","8704","554"
"2011-03-29","Weebits","9258","8704","554"
"2011-03-30","Weebits","4629","4352","277"
"2011-03-31","Weebits","9258","8704","554"
"2011-04-01","Weebits","9258","8704","554"
"2011-04-02","Weebits","13887","13056","831"
"2011-04-03","Weebits","37032","34816","2216"
"2011-04-04","Weebits","13887","13056","831"
"2011-04-05","Weebits","13887","13056","831"
"2011-04-06","Weebits","13887","13056","831"
"2011-04-08","Weebits","13887","13056","831"
"2011-04-09","Weebits","9258","8704","554"
"2011-04-10","Weebits","23145","21760","1385"
"2011-04-11","Weebits","9258","8704","554"
"2011-04-12","Weebits","23145","21760","1385"
"2011-04-13","Weebits","18516","17408","1108"
"2011-04-14","Weebits","9258","8704","554"
"2011-04-15","Weebits","27774","26112","1662"
"2011-04-16","Weebits","9258","8704","554"
"2011-04-17","Weebits","4629","4352","277"
"2011-04-18","Weebits","13887","13056","831"
"2011-04-19","Weebits","4629","4352","277"
"2011-04-20","Weebits","18516","17408","1108"
"2011-04-21","Weebits","13887","13056","831"
"2011-04-22","Weebits","9258","8704","554"
"2011-04-23","Weebits","18516","17408","1108"
"2011-04-24","Weebits","4629","4352","277"
"2011-04-25","Weebits","9258","8704","554"
"2011-04-26","Weebits","9258","8704","554"
"2011-04-27","Weebits","9258","8704","554"
"2011-04-28","Weebits","9258","8704","554"
"2011-04-29","Weebits","9258","8704","554"
"2011-04-30","Weebits","9258","8704","554"
"2011-05-01","Weebits","13887","13056","831"
"2011-05-02","Weebits","4629","4352","277"
"2011-05-03","Weebits","18516","17408","1108"
"2011-05-04","Weebits","18516","17408","1108"
"2011-05-05","Weebits","13887","13056","831"
"2011-05-06","Weebits","13887","13056","831"
"2011-05-07","Weebits","4629","4352","277"
"2011-05-08","Weebits","13887","13056","831"
"2011-05-09","Weebits","9258","8704","554"
"2011-05-10","Weebits","9258","8704","554"
"2011-05-11","Weebits","37032","34816","2216"
"2011-05-12","Weebits","18516","17408","1108"
"2011-05-13","Weebits","13887","13056","831"
"2011-05-14","Weebits","9258","8704","554"
"2011-05-15","Weebits","13887","13056","831"
"2011-05-16","Weebits","9258","8704","554"
"2011-05-17","Weebits","13887","13056","831"
"2011-05-18","Weebits","18516","17408","1108"
"2011-05-19","Weebits","13887","13056","831"
"2011-05-20","Weebits","23145","21760","1385"
"2011-05-21","Weebits","9258","8704","554"
"2011-05-22","Weebits","18516","17408","1108"
"2011-05-24","Weebits","9258","8704","554"
"2011-05-25","Weebits","13887","13056","831"
"2011-05-26","Weebits","13887","13056","831"
"2011-05-27","Weebits","18516","17408","1108"
"2011-05-28","Weebits","9258","8704","554"
"2011-05-30","Weebits","13887","13056","831"
"2011-05-31","Weebits","13887","13056","831"
"2011-06-01","Weebits","4629","4352","277"
"2011-06-02","Weebits","4629","4352","277"
"2011-06-03","Weebits","9258","8704","554"
"2011-06-04","Weebits","9258","8704","554"
"2011-06-06","Weebits","27774","26112","1662"
"2011-06-07","Weebits","9258","8704","554"
"2011-06-08","Weebits","9258","8704","554"
"2011-06-09","Weebits","13887","13056","831"
"2011-06-10","Weebits","9258","8704","554"
"2011-06-11","Weebits","9258","8704","554"
"2011-06-12","Weebits","18516","17408","1108"
"2011-06-13","Weebits","18516","17408","1108"
"2011-06-14","Weebits","23145","21760","1385"
"2011-06-15","Weebits","18516","17408","1108"
"2011-06-16","Weebits","13887","13056","831"
"2011-06-17","Weebits","13887","13056","831"
"2011-06-18","Weebits","4629","4352","277"
"2011-06-19","Weebits","9258","8704","554"
"2011-06-20","Weebits","18516","17408","1108"
"2011-06-21","Weebits","4629","4352","277"
"2011-06-22","Weebits","18516","17408","1108"
"2011-06-23","Weebits","4629","4352","277"
"2011-06-24","Weebits","9258","8704","554"
"2011-06-25","Weebits","13887","13056","831"
"2011-06-26","Weebits","18516","17408","1108"
"2011-06-27","Weebits","9258","8704","554"
"2011-06-28","Weebits","18516","17408","1108"
"2011-06-29","Weebits","9258","8704","554"
"2011-06-30","Weebits","23145","21760","1385"
"2011-07-01","Weebits","46290","43520","2770"
"2011-07-02","Weebits","9258","8704","554"
"2011-07-03","Weebits","9258","8704","554"
"2011-07-04","Weebits","32403","30464","1939"
"2011-07-05","Weebits","27774","26112","1662"
"2011-07-06","Weebits","23145","21760","1385"
"2011-07-07","Weebits","4629","4352","277"
"2011-07-08","Weebits","9258","8704","554"
"2011-07-09","Weebits","4629","4352","277"
"2011-07-10","Weebits","23145","21760","1385"
"2011-07-11","Weebits","9258","8704","554"
"2011-07-12","Weebits","13887","13056","831"
"2011-07-13","Weebits","9258","8704","554"
"2011-07-14","Weebits","13887","13056","831"
"2011-07-15","Weebits","13887","13056","831"
"2011-07-16","Weebits","18516","17408","1108"
"2011-07-17","Weebits","18516","17408","1108"
"2011-07-18","Weebits","13887","13056","831"
"2011-07-19","Weebits","13887","13056","831"
"2011-07-20","Weebits","13887","13056","831"
"2011-07-21","Weebits","4629","4352","277"
"2011-07-22","Weebits","13887","13056","831"
"2011-07-23","Weebits","32403","30464","1939"
"2011-07-24","Weebits","13887","13056","831"
"2011-07-25","Weebits","18516","17408","1108"
"2011-07-26","Weebits","9258","8704","554"
"2011-07-27","Weebits","4629","4352","277"
"2011-07-28","Weebits","23145","21760","1385"
"2011-07-29","Weebits","4629","4352","277"
"2011-07-30","Weebits","13887","13056","831"
"2011-07-31","Weebits","18516","17408","1108"
"2011-08-01","Weebits","4629","4352","277"
"2011-08-02","Weebits","41661","39168","2493"
"2011-08-03","Weebits","32403","30464","1939"
"2011-08-04","Weebits","4629","4352","277"
"2011-08-05","Weebits","18516","17408","1108"
"2011-08-06","Weebits","18516","17408","1108"
"2011-08-07","Weebits","13887","13056","831"
"2011-08-08","Weebits","13887","13056","831"
"2011-08-10","Weebits","9258","8704","554"
"2011-08-11","Weebits","9258","8704","554"
"2011-08-12","Weebits","23145","21760","1385"
"2011-08-13","Weebits","13887","13056","831"
"2011-08-14","Weebits","13887","13056","831"
"2011-08-15","Weebits","4629","4352","277"
"2011-08-16","Weebits","9258","8704","554"
"2011-08-17","Weebits","9258","8704","554"
"2011-08-18","Weebits","9258","8704","554"
"2011-08-19","Weebits","27774","26112","1662"
"2011-08-20","Weebits","27774","26112","1662"
"2011-08-21","Weebits","4629","4352","277"
"2011-08-23","Weebits","32403","30464","1939"
"2011-08-26","Weebits","27774","26112","1662"
"2011-08-27","Weebits","13887","13056","831"
"2011-08-28","Weebits","9258","8704","554"
"2011-08-29","Weebits","4629","4352","277"
"2011-08-30","Weebits","13887","13056","831"
"2011-08-31","Weebits","4629","4352","277"
"2011-09-01","Weebits","9258","8704","554"
"2011-09-02","Weebits","18516","17408","1108"
"2011-09-03","Weebits","18516","17408","1108"
"2011-09-04","Weebits","23145","21760","1385"
"2011-09-05","Weebits","9258","8704","554"
"2011-09-06","Weebits","18516","17408","1108"
"2011-09-07","Weebits","9258","8704","554"
"2011-09-08","Weebits","4629","4352","277"
"2011-09-09","Weebits","13887","13056","831"
"2011-09-10","Weebits","32403","30464","1939"
"2011-09-11","Weebits","23145","21760","1385"
"2011-09-12","Weebits","13887","13056","831"
"2011-09-13","Weebits","13887","13056","831"
"2011-09-14","Weebits","13887","13056","831"
"2011-09-15","Weebits","37032","34816","2216"
"2011-09-16","Weebits","18516","17408","1108"
"2011-09-17","Weebits","23145","21760","1385"
"2011-09-18","Weebits","13887","13056","831"
"2011-09-19","Weebits","18516","17408","1108"
"2011-09-20","Weebits","18516","17408","1108"
"2011-09-22","Weebits","18516","17408","1108"
"2011-09-23","Weebits","18516","17408","1108"
"2011-09-24","Weebits","23145","21760","1385"
"2011-09-25","Weebits","9258","8704","554"
"2011-09-26","Weebits","9258","8704","554"
"2011-09-27","Weebits","13887","13056","831"
"2011-09-28","Weebits","4629","4352","277"
"2011-09-29","Weebits","13887","13056","831"
"2011-09-30","Weebits","13887","13056","831"
"2011-10-01","Weebits","13887","13056","831"
"2011-10-02","Weebits","13887","13056","831"
"2011-10-03","Weebits","9258","8704","554"
"2011-10-04","Weebits","13887","13056","831"
"2011-10-05","Weebits","18516","17408","1108"
"2011-10-06","Weebits","23145","21760","1385"
"2011-10-07","Weebits","18516","17408","1108"
"2011-10-08","Weebits","18516","17408","1108"
"2011-10-09","Weebits","9258","8704","554"
"2011-10-11","Weebits","27774","26112","1662"
"2011-10-12","Weebits","18516","17408","1108"
"2011-10-13","Weebits","9258","8704","554"
"2011-10-14","Weebits","18516","17408","1108"
"2011-10-15","Weebits","9258","8704","554"
"2011-10-16","Weebits","13887","13056","831"
"2011-10-18","Weebits","9258","8704","554"
"2011-10-19","Weebits","23145","21760","1385"
"2011-10-20","Weebits","9258","8704","554"
"2011-10-21","Weebits","9258","8704","554"
"2011-10-22","Weebits","27774","26112","1662"
"2011-10-23","Weebits","27774","26112","1662"
"2011-10-24","Weebits","13887","13056","831"
"2011-10-25","Weebits","13887","13056","831"
"2011-10-26","Weebits","27774","26112","1662"
"2011-10-27","Weebits","37032","34816","2216"
"2011-10-28","Weebits","9258","8704","554"
"2011-10-29","Weebits","9258","8704","554"
"2011-10-30","Weebits","9258","8704","554"
"2011-10-31","Weebits","18516","17408","1108"
"2011-11-01","Weebits","9258","8704","554"
"2011-11-02","Weebits","23145","21760","1385"
"2011-11-03","Weebits","37032","34816","2216"
"2011-11-04","Weebits","18516","17408","1108"
"2011-11-05","Weebits","18516","17408","1108"
"2011-11-06","Weebits","9258","8704","554"
"2011-11-07","Weebits","13887","13056","831"
"2011-11-08","Weebits","9258","8704","554"
"2011-11-09","Weebits","23145","21760","1385"
"2011-11-10","Weebits","9258","8704","554"
"2011-11-11","Weebits","4629","4352","277"
"2011-11-13","Weebits","9258","8704","554"
"2011-11-14","Weebits","18516","17408","1108"
"2011-11-15","Weebits","23145","21760","1385"
"2011-11-16","Weebits","9258","8704","554"
"2011-11-17","Weebits","9258","8704","554"
"2011-11-18","Weebits","23145","21760","1385"
"2011-11-19","Weebits","13887","13056","831"
"2011-11-20","Weebits","13887","13056","831"
"2011-11-21","Weebits","13887","13056","831"
"2011-11-22","Weebits","23145","21760","1385"
"2011-11-23","Weebits","32403","30464","1939"
"2011-11-24","Weebits","13887","13056","831"
"2011-11-25","Weebits","13887","13056","831"
"2011-11-26","Weebits","18516","17408","1108"
"2011-11-27","Weebits","37032","34816","2216"
"2011-11-28","Weebits","32403","30464","1939"
"2011-11-29","Weebits","9258","8704","554"
"2011-11-30","Weebits","4629","4352","277"
"2011-12-01","Weebits","18516","17408","1108"
"2011-12-02","Weebits","9258","8704","554"
"2011-12-03","Weebits","9258","8704","554"
"2011-12-04","Weebits","9258","8704","554"
"2011-12-05","Weebits","13887","13056","831"
"2011-12-06","Weebits","13887","13056","831"
"2011-12-07","Weebits","23145","21760","1385"
"2011-12-08","Weebits","18516","17408","1108"
"2011-12-09","Weebits","18516","17408","1108"
"2011-12-10","Weebits","18516","17408","1108"
"2011-12-11","Weebits","9258","8704","554"
"2011-12-12","Weebits","13887","13056","831"
"2011-12-13","Weebits","9258","8704","554"
"2011-12-14","Weebits","13887","13056","831"
"2011-12-15","Weebits","9258","8704","554"
"2011-12-16","Weebits","18516","17408","1108"
"2011-12-17","Weebits","18516","17408","1108"
"2011-12-18","Weebits","9258","8704","554"
"2011-12-19","Weebits","13887","13056","831"
"2011-12-20","Weebits","13887","13056","831"
"2011-12-21","Weebits","37032","34816","2216"
"2011-12-22","Weebits","9258","8704","554"
"2011-12-23","Weebits","9258","8704","554"
"2011-12-24","Weebits","13887","13056","831"
"2011-12-25","Weebits","23145","21760","1385"
"2011-12-26","Weebits","18516","17408","1108"
"2011-12-27","Weebits","18516","17408","1108"
"2011-12-28","Weebits","9258","8704","554"
"2011-12-29","Weebits","23145","21760","1385"
"2011-12-30","Weebits","9258","8704","554"
"2011-12-31","Weebits","13887","13056","831"
"2012-01-01","Weebits","23145","21760","1385"
"2012-01-02","Weebits","13887","13056","831"
"2012-01-03","Weebits","9258","8704","554"
"2012-01-04","Weebits","23145","21760","1385"
"2012-01-05","Weebits","9258","8704","554"
"2012-01-06","Weebits","18516","17408","1108"
"2012-01-07","Weebits","9258","8704","554"
"2012-01-08","Weebits","4629","4352","277"
"2012-01-09","Weebits","23145","21760","1385"
"2012-01-10","Weebits","18516","17408","1108"
"2012-01-11","Weebits","18516","17408","1108"
"2012-01-12","Weebits","13887","13056","831"
"2012-01-13","Weebits","18516","17408","1108"
"2012-01-14","Weebits","18516","17408","1108"
"2012-01-15","Weebits","13887","13056","831"
"2012-01-16","Weebits","32403","30464","1939"
"2012-01-17","Weebits","18516","17408","1108"
"2012-01-18","Weebits","23145","21760","1385"
"2012-01-19","Weebits","23145","21760","1385"
"2012-01-20","Weebits","18516","17408","1108"
"2012-01-21","Weebits","27774","26112","1662"
"2012-01-22","Weebits","27774","26112","1662"
"2012-01-23","Weebits","41661","39168","2493"
"2012-01-24","Weebits","18516","17408","1108"
"2012-01-25","Weebits","23145","21760","1385"
"2012-01-26","Weebits","13887","13056","831"
"2012-01-27","Weebits","13887","13056","831"
"2012-01-28","Weebits","32403","30464","1939"
"2012-01-29","Weebits","27774","26112","1662"
"2012-01-30","Weebits","9258","8704","554"
"2012-01-31","Weebits","18516","17408","1108"
"2012-02-01","Weebits","18516","17408","1108"
"2012-02-02","Weebits","37032","34816","2216"
"2012-02-03","Weebits","23145","21760","1385"
"2012-02-04","Weebits","13887","13056","831"
"2012-02-05","Weebits","27774","26112","1662"
"2012-02-06","Weebits","41661","39168","2493"
"2012-02-07","Weebits","13887","13056","831"
"2012-02-08","Weebits","23145","21760","1385"
"2012-02-09","Weebits","41661","39168","2493"
"2012-02-10","Weebits","9258","8704","554"
"2012-02-11","Weebits","13887","13056","831"
"2012-02-13","Weebits","9258","8704","554"
"2012-02-14","Weebits","23145","21760","1385"
"2012-02-15","Weebits","27774","26112","1662"
"2012-02-16","Weebits","18516","17408","1108"
"2012-02-17","Weebits","23145","21760","1385"
"2012-02-18","Weebits","32403","30464","1939"
"2012-02-19","Weebits","27774","26112","1662"
"2012-02-20","Weebits","27774","26112","1662"
"2012-02-21","Weebits","23145","21760","1385"
"2012-02-22","Weebits","37032","34816","2216"
"2012-02-23","Weebits","18516","17408","1108"
"2012-02-24","Weebits","23145","21760","1385"
"2012-02-25","Weebits","13887","13056","831"
"2012-02-26","Weebits","13887","13056","831"
"2012-02-27","Weebits","13887","13056","831"
"2012-02-28","Weebits","18516","17408","1108"
"2012-02-29","Weebits","13887","13056","831"
"2012-03-01","Weebits","27774","26112","1662"
"2012-03-02","Weebits","13887","13056","831"
"2012-03-03","Weebits","23145","21760","1385"
"2012-03-04","Weebits","9258","8704","554"
"2012-03-05","Weebits","37032","34816","2216"
"2012-03-06","Weebits","13887","13056","831"
"2012-03-07","Weebits","27774","26112","1662"
"2012-03-08","Weebits","27774","26112","1662"
"2012-03-09","Weebits","27774","26112","1662"
"2012-03-10","Weebits","13887","13056","831"
"2012-03-11","Weebits","4629","4352","277"
"2012-03-12","Weebits","23145","21760","1385"
"2012-03-13","Weebits","13887","13056","831"
"2012-03-14","Weebits","23145","21760","1385"
"2012-03-15","Weebits","27774","26112","1662"
"2012-03-16","Weebits","23145","21760","1385"
"2012-03-17","Weebits","18516","17408","1108"
"2012-03-18","Weebits","27774","26112","1662"
"2012-03-19","Weebits","13887","13056","831"
"2012-03-20","Weebits","9258","8704","554"
"2012-03-21","Weebits","18516","17408","1108"
"2012-03-22","Weebits","9258","8704","554"
"2012-03-23","Weebits","23145","21760","1385"
"2012-03-24","Weebits","23145","21760","1385"
"2012-03-25","Weebits","37032","34816","2216"
"2012-03-26","Weebits","18516","17408","1108"
"2012-03-27","Weebits","46290","43520","2770"
"2012-03-28","Weebits","4629","4352","277"
"2012-03-29","Weebits","37032","34816","2216"
"2012-03-30","Weebits","23145","21760","1385"
"2012-03-31","Weebits","18516","17408","1108"
"2012-04-01","Weebits","9258","8704","554"
"2012-04-02","Weebits","27774","26112","1662"
"2012-04-03","Weebits","32403","30464","1939"
"2012-04-04","Weebits","4629","4352","277"
"2012-04-05","Weebits","4629","4352","277"
"2012-04-06","Weebits","23145","21760","1385"
"2012-04-07","Weebits","41661","39168","2493"
"2012-04-08","Weebits","23145","21760","1385"
"2012-04-09","Weebits","4629","4352","277"
"2012-04-10","Weebits","27774","26112","1662"
"2012-04-11","Weebits","18516","17408","1108"
"2012-04-12","Weebits","23145","21760","1385"
"2012-04-13","Weebits","4629","4352","277"
"2012-04-14","Weebits","23145","21760","1385"
"2012-04-15","Weebits","13887","13056","831"
"2012-04-16","Weebits","18516","17408","1108"
"2012-04-17","Weebits","32403","30464","1939"
"2012-04-18","Weebits","13887","13056","831"
"2012-04-19","Weebits","27774","26112","1662"
"2012-04-20","Weebits","13887","13056","831"
"2012-04-21","Weebits","9258","8704","554"
"2012-04-22","Weebits","18516","17408","1108"
"2012-04-23","Weebits","32403","30464","1939"
"2012-04-24","Weebits","32403","30464","1939"
"2012-04-25","Weebits","13887","13056","831"
"2012-04-26","Weebits","23145","21760","1385"
"2012-04-27","Weebits","13887","13056","831"
"2012-04-28","Weebits","27774","26112","1662"
"2012-04-29","Weebits","18516","17408","1108"
"2012-04-30","Weebits","37032","34816","2216"
"2012-05-01","Weebits","9258","8704","554"
"2012-05-02","Weebits","4629","4352","277"
"2012-05-03","Weebits","9258","8704","554"
"2012-05-04","Weebits","9258","8704","554"
"2012-05-05","Weebits","23145","21760","1385"
"2012-05-06","Weebits","23145","21760","1385"
"2012-05-07","Weebits","32403","30464","1939"
"2012-05-08","Weebits","23145","21760","1385"
"2012-05-09","Weebits","32403","30464","1939"
"2012-05-10","Weebits","4629","4352","277"
"2012-05-11","Weebits","27774","26112","1662"
"2012-05-12","Weebits","9258","8704","554"
"2012-05-13","Weebits","13887","13056","831"
"2012-05-14","Weebits","32403","30464","1939"
"2012-05-15","Weebits","37032","34816","2216"
"2012-05-16","Weebits","13887","13056","831"
"2012-05-17","Weebits","32403","30464","1939"
"2012-05-18","Weebits","27774","26112","1662"
"2012-05-19","Weebits","18516","17408","1108"
"2012-05-20","Weebits","23145","21760","1385"
"2012-05-21","Weebits","13887","13056","831"
"2012-05-22","Weebits","13887","13056","831"
"2012-05-23","Weebits","4629","4352","277"
"2012-05-24","Weebits","27774","26112","1662"
"2012-05-25","Weebits","13887","13056","831"
"2012-05-26","Weebits","41661","39168","2493"
"2012-05-27","Weebits","32403","30464","1939"
"2012-05-28","Weebits","18516","17408","1108"
"2012-05-29","Weebits","37032","34816","2216"
"2012-05-30","Weebits","32403","30464","1939"
"2012-05-31","Weebits","13887","13056","831"
"2012-06-02","Weebits","9258","8704","554"
"2012-06-03","Weebits","27774","26112","1662"
"2012-06-04","Weebits","23145","21760","1385"
"2012-06-05","Weebits","13887","13056","831"
"2012-06-07","Weebits","9258","8704","554"
"2012-06-08","Weebits","23145","21760","1385"
"2012-06-09","Weebits","4629","4352","277"
"2012-06-10","Weebits","4629","4352","277"
"2012-06-11","Weebits","9258","8704","554"
"2012-06-12","Weebits","13887","13056","831"
"2012-06-15","Weebits","4629","4352","277"
"2012-06-16","Weebits","9258","8704","554"
"2012-06-18","Weebits","9258","8704","554"
"2012-06-19","Weebits","9258","8704","554"
"2012-06-21","Weebits","13887","13056","831"
"2012-06-24","Weebits","4629","4352","277"
"2012-06-25","Weebits","18516","17408","1108"
"2012-06-27","Weebits","4629","4352","277"
"2012-06-28","Weebits","4629","4352","277"
"2012-06-29","Weebits","9258","8704","554"
"2012-06-30","Weebits","9258","8704","554"
"2012-07-01","Weebits","9258","8704","554"
"2012-07-02","Weebits","18516","17408","1108"
"2012-07-03","Weebits","9258","8704","554"
"2012-07-04","Weebits","9258","8704","554"
"2012-07-05","Weebits","13887","13056","831"
"2012-07-06","Weebits","23145","21760","1385"
"2012-07-07","Weebits","18516","17408","1108"
"2012-07-08","Weebits","9258","8704","554"
"2012-07-09","Weebits","9258","8704","554"
"2012-07-11","Weebits","23145","21760","1385"
"2012-07-12","Weebits","18516","17408","1108"
"2012-07-13","Weebits","4629","4352","277"
"2012-07-14","Weebits","9258","8704","554"
"2012-07-15","Weebits","9258","8704","554"
"2012-07-16","Weebits","4629","4352","277"
"2012-07-17","Weebits","4629","4352","277"
"2012-07-18","Weebits","9258","8704","554"
"2012-07-19","Weebits","9258","8704","554"
"2012-07-20","Weebits","4629","4352","277"
"2012-07-21","Weebits","4629","4352","277"
"2012-07-22","Weebits","13887","13056","831"
"2012-07-23","Weebits","9258","8704","554"
"2012-07-24","Weebits","9258","8704","554"
"2012-07-25","Weebits","13887","13056","831"
"2012-07-26","Weebits","4629","4352","277"
"2012-07-27","Weebits","37032","34816","2216"
"2012-07-28","Weebits","4629","4352","277"
"2012-07-30","Weebits","9258","8704","554"
"2012-07-31","Weebits","13887","13056","831"
"2012-08-01","Weebits","13887","13056","831"
"2012-08-02","Weebits","9258","8704","554"
"2012-08-03","Weebits","4629","4352","277"
"2012-08-04","Weebits","9258","8704","554"
"2012-08-05","Weebits","9258","8704","554"
"2012-08-06","Weebits","4629","4352","277"
"2012-08-07","Weebits","4629","4352","277"
"2012-08-08","Weebits","13887","13056","831"
"2012-08-09","Weebits","9258","8704","554"
"2012-08-10","Weebits","18516","17408","1108"
"2012-08-11","Weebits","4629","4352","277"
"2012-08-12","Weebits","4629","4352","277"
"2012-08-13","Weebits","9258","8704","554"
"2012-08-14","Weebits","18516","17408","1108"
"2012-08-15","Weebits","18516","17408","1108"
"2012-08-16","Weebits","4629","4352","277"
"2012-08-17","Weebits","9258","8704","554"
"2012-08-18","Weebits","4629","4352","277"
"2012-08-19","Weebits","4629","4352","277"
"2012-08-20","Weebits","23145","21760","1385"
"2012-08-21","Weebits","9258","8704","554"
"2012-08-22","Weebits","9258","8704","554"
"2012-08-23","Weebits","13887","13056","831"
"2012-08-24","Weebits","4629","4352","277"
"2012-08-25","Weebits","4629","4352","277"
"2012-08-26","Weebits","18516","17408","1108"
"2012-08-27","Weebits","4629","4352","277"
"2012-08-28","Weebits","4629","4352","277"
"2012-08-30","Weebits","4629","4352","277"
"2012-08-31","Weebits","18516","17408","1108"
"2012-09-01","Weebits","9258","8704","554"
"2012-09-02","Weebits","23145","21760","1385"
"2012-09-03","Weebits","13887","13056","831"
"2012-09-06","Weebits","18516","17408","1108"
"2012-09-07","Weebits","13887","13056","831"
"2012-09-08","Weebits","9258","8704","554"
"2012-09-09","Weebits","4629","4352","277"
"2012-09-10","Weebits","13887","13056","831"
"2012-09-11","Weebits","13887","13056","831"
"2012-09-12","Weebits","9258","8704","554"
"2012-09-13","Weebits","4629","4352","277"
"2012-09-14","Weebits","9258","8704","554"
"2012-09-16","Weebits","13887","13056","831"
"2012-09-17","Weebits","18516","17408","1108"
"2012-09-18","Weebits","9258","8704","554"
"2012-09-19","Weebits","4629","4352","277"
"2012-09-20","Weebits","13887","13056","831"
"2012-09-21","Weebits","18516","17408","1108"
"2012-09-22","Weebits","4629","4352","277"
"2012-09-25","Weebits","18516","17408","1108"
"2012-09-26","Weebits","13887","13056","831"
"2012-09-27","Weebits","9258","8704","554"
"2012-09-28","Weebits","9258","8704","554"
"2012-09-29","Weebits","4629","4352","277"
"2012-10-01","Weebits","9258","8704","554"
"2012-10-02","Weebits","18516","17408","1108"
"2012-10-04","Weebits","13887","13056","831"
"2012-10-05","Weebits","23145","21760","1385"
"2012-10-06","Weebits","13887","13056","831"
"2012-10-07","Weebits","18516","17408","1108"
"2012-10-08","Weebits","4629","4352","277"
"2012-10-09","Weebits","9258","8704","554"
"2012-10-10","Weebits","27774","26112","1662"
"2012-10-11","Weebits","4629","4352","277"
"2012-10-12","Weebits","23145","21760","1385"
"2012-10-13","Weebits","4629","4352","277"
"2012-10-15","Weebits","4629","4352","277"
"2012-10-16","Weebits","13887","13056","831"
"2012-10-18","Weebits","13887","13056","831"
"2012-10-19","Weebits","9258","8704","554"
"2012-10-20","Weebits","13887","13056","831"
"2012-10-21","Weebits","27774","26112","1662"
"2012-10-22","Weebits","13887","13056","831"
"2012-10-23","Weebits","4629","4352","277"
"2012-10-24","Weebits","13887","13056","831"
"2012-10-25","Weebits","13887","13056","831"
"2012-10-26","Weebits","13887","13056","831"
"2012-10-27","Weebits","13887","13056","831"
"2012-10-29","Weebits","9258","8704","554"
"2012-10-30","Weebits","13887","13056","831"
"2012-10-31","Weebits","18516","17408","1108"
"2012-11-01","Weebits","9258","8704","554"
"2012-11-02","Weebits","13887","13056","831"
"2012-11-03","Weebits","13887","13056","831"
"2012-11-04","Weebits","4629","4352","277"
"2012-11-05","Weebits","18516","17408","1108"
"2012-11-06","Weebits","18516","17408","1108"
"2012-11-07","Weebits","13887","13056","831"
"2012-11-08","Weebits","18516","17408","1108"
"2012-11-09","Weebits","9258","8704","554"
"2012-11-10","Weebits","9258","8704","554"
"2012-11-11","Weebits","18516","17408","1108"
"2012-11-12","Weebits","4629","4352","277"
"2012-11-14","Weebits","13887","13056","831"
"2012-11-15","Weebits","32403","30464","1939"
"2012-11-16","Weebits","13887","13056","831"
"2012-11-17","Weebits","4629","4352","277"
"2012-11-18","Weebits","4629","4352","277"
"2012-11-19","Weebits","4629","4352","277"
"2012-11-20","Weebits","13887","13056","831"
"2012-11-21","Weebits","9258","8704","554"
"2012-11-22","Weebits","18516","17408","1108"
"2012-11-23","Weebits","4629","4352","277"
"2012-11-24","Weebits","9258","8704","554"
"2012-11-25","Weebits","13887","13056","831"
"2012-11-26","Weebits","23145","21760","1385"
"2012-11-27","Weebits","18516","17408","1108"
"2012-11-28","Weebits","9258","8704","554"
"2012-11-29","Weebits","13887","13056","831"
"2012-12-01","Weebits","9258","8704","554"
"2012-12-02","Weebits","23145","21760","1385"
"2012-12-03","Weebits","4629","4352","277"
"2012-12-05","Weebits","4629","4352","277"
"2012-12-06","Weebits","9258","8704","554"
"2012-12-07","Weebits","9258","8704","554"
"2012-12-09","Weebits","4629","4352","277"
"2012-12-10","Weebits","13887","13056","831"
"2012-12-11","Weebits","18516","17408","1108"
"2012-12-12","Weebits","4629","4352","277"
"2012-12-13","Weebits","9258","8704","554"
"2012-12-14","Weebits","13887","13056","831"
"2012-12-15","Weebits","9258","8704","554"
"2012-12-16","Weebits","18516","17408","1108"
"2012-12-17","Weebits","4629","4352","277"
"2012-12-18","Weebits","27774","26112","1662"
"2012-12-19","Weebits","4629","4352","277"
"2012-12-20","Weebits","13887","13056","831"
"2012-12-21","Weebits","13887","13056","831"
"2012-12-22","Weebits","13887","13056","831"
"2012-12-23","Weebits","4629","4352","277"
"2012-12-24","Weebits","4629","4352","277"
"2012-12-25","Weebits","4629","4352","277"
"2012-12-26","Weebits","9258","8704","554"
"2012-12-28","Weebits","4629","4352","277"
"2012-12-29","Weebits","4629","4352","277"
"2012-12-30","Weebits","18516","17408","1108"
"2012-12-31","Weebits","13887","13056","831"
"2013-01-01","Weebits","4629","4352","277"
"2013-01-02","Weebits","13887","13056","831"
"2013-01-03","Weebits","37032","34816","2216"
"2013-01-04","Weebits","50919","47872","3047"
"2013-01-05","Weebits","18516","17408","1108"
"2013-01-06","Weebits","13887","13056","831"
"2013-01-07","Weebits","46290","43520","2770"
"2013-01-08","Weebits","41661","39168","2493"
"2013-01-09","Weebits","37032","34816","2216"
"2013-01-10","Weebits","23145","21760","1385"
"2013-01-11","Weebits","55548","52224","3324"
"2013-01-12","Weebits","4629","4352","277"
"2013-01-13","Weebits","41661","39168","2493"
"2013-01-14","Weebits","32403","30464","1939"
"2013-01-15","Weebits","9258","8704","554"
"2013-01-16","Weebits","37032","34816","2216"
"2013-01-17","Weebits","23145","21760","1385"
"2013-01-18","Weebits","18516","17408","1108"
"2013-01-19","Weebits","41661","39168","2493"
"2013-01-20","Weebits","18516","17408","1108"
"2013-01-21","Weebits","50919","47872","3047"
"2013-01-22","Weebits","37032","34816","2216"
"2013-01-23","Weebits","27774","26112","1662"
"2013-01-24","Weebits","32403","30464","1939"
"2013-01-25","Weebits","27774","26112","1662"
"2013-01-26","Weebits","27774","26112","1662"
"2013-01-27","Weebits","32403","30464","1939"
"2013-01-28","Weebits","32403","30464","1939"
"2013-01-29","Weebits","46290","43520","2770"
"2013-01-30","Weebits","32403","30464","1939"
"2013-01-31","Weebits","41661","39168","2493"
"2013-02-01","Weebits","46290","43520","2770"
"2013-02-02","Weebits","32403","30464","1939"
"2013-02-03","Weebits","18516","17408","1108"
"2013-02-04","Weebits","32403","30464","1939"
"2013-02-05","Weebits","41661","39168","2493"
"2013-02-06","Weebits","50919","47872","3047"
"2013-02-07","Weebits","13887","13056","831"
"2013-02-08","Weebits","23145","21760","1385"
"2013-02-09","Weebits","41661","39168","2493"
"2013-02-10","Weebits","37032","34816","2216"
"2013-02-11","Weebits","37032","34816","2216"
"2013-02-12","Weebits","37032","34816","2216"
"2013-02-13","Weebits","32403","30464","1939"
"2013-02-14","Weebits","9258","8704","554"
"2013-02-15","Weebits","41661","39168","2493"
"2013-02-16","Weebits","23145","21760","1385"
"2013-02-17","Weebits","64806","60928","3878"
"2013-02-18","Weebits","46290","43520","2770"
"2013-02-19","Weebits","13887","13056","831"
"2013-02-20","Weebits","32403","30464","1939"
"2013-02-21","Weebits","37032","34816","2216"
"2013-02-22","Weebits","50919","47872","3047"
"2013-02-23","Weebits","46290","43520","2770"
"2013-02-24","Weebits","27774","26112","1662"
"2013-02-25","Weebits","23145","21760","1385"
"2013-02-26","Weebits","50919","47872","3047"
"2013-02-27","Weebits","32403","30464","1939"
"2013-02-28","Weebits","46290","43520","2770"
"2013-03-01","Weebits","18516","17408","1108"
"2013-03-02","Weebits","41661","39168","2493"
"2013-03-03","Weebits","37032","34816","2216"
"2013-03-04","Weebits","32403","30464","1939"
"2013-03-05","Weebits","23145","21760","1385"
"2013-03-06","Weebits","41661","39168","2493"
"2013-03-07","Weebits","37032","34816","2216"
"2013-03-08","Weebits","46290","43520","2770"
"2013-03-09","Weebits","41661","39168","2493"
"2013-03-10","Weebits","18516","17408","1108"
"2013-03-11","Weebits","27774","26112","1662"
"2013-03-12","Weebits","37032","34816","2216"
"2013-03-13","Weebits","32403","30464","1939"
"2013-03-14","Weebits","27774","26112","1662"
"2013-03-15","Weebits","13887","13056","831"
"2013-03-16","Weebits","27774","26112","1662"
"2013-03-17","Weebits","41661","39168","2493"
"2013-03-18","Weebits","18516","17408","1108"
"2013-03-19","Weebits","32403","30464","1939"
"2013-03-20","Weebits","41661","39168","2493"
"2013-03-21","Weebits","32403","30464","1939"
"2013-03-22","Weebits","32403","30464","1939"
"2013-03-23","Weebits","13887","13056","831"
"2013-03-24","Weebits","13887","13056","831"
"2013-03-25","Weebits","32403","30464","1939"
"2013-03-26","Weebits","32403","30464","1939"
"2013-03-27","Weebits","37032","34816","2216"
"2013-03-28","Weebits","50919","47872","3047"
"2013-03-29","Weebits","50919","47872","3047"
"2013-03-30","Weebits","37032","34816","2216"
"2013-03-31","Weebits","23145","21760","1385"
"2013-04-01","Weebits","46290","43520","2770"
"2013-04-02","Weebits","60177","56576","3601"
"2013-04-03","Weebits","32403","30464","1939"
"2013-04-04","Weebits","32403","30464","1939"
"2013-04-05","Weebits","60177","56576","3601"
"2013-04-06","Weebits","27774","26112","1662"
"2013-04-07","Weebits","41661","39168","2493"
"2013-04-08","Weebits","83322","78336","4986"
"2013-04-09","Weebits","23145","21760","1385"
"2013-04-10","Weebits","41661","39168","2493"
"2013-04-11","Weebits","37032","34816","2216"
"2013-04-12","Weebits","50919","47872","3047"
"2013-04-13","Weebits","37032","34816","2216"
"2013-04-14","Weebits","55548","52224","3324"
"2013-04-15","Weebits","46290","43520","2770"
"2013-04-16","Weebits","46290","43520","2770"
"2013-04-17","Weebits","32403","30464","1939"
"2013-04-18","Weebits","41661","39168","2493"
"2013-04-19","Weebits","32403","30464","1939"
"2013-04-20","Weebits","74064","69632","4432"
"2013-04-21","Weebits","55548","52224","3324"
"2013-04-22","Weebits","46290","43520","2770"
"2013-04-23","Weebits","46290","43520","2770"
"2013-04-24","Weebits","41661","39168","2493"
"2013-04-25","Weebits","46290","43520","2770"
"2013-04-26","Weebits","18516","17408","1108"
"2013-04-27","Weebits","37032","34816","2216"
"2013-04-28","Weebits","60177","56576","3601"
"2013-04-29","Weebits","37032","34816","2216"
"2013-04-30","Weebits","32403","30464","1939"
"2013-05-01","Weebits","4629","4352","277"
"2013-05-02","Weebits","41661","39168","2493"
"2013-05-03","Weebits","32403","30464","1939"
"2013-05-04","Weebits","37032","34816","2216"
"2013-05-05","Weebits","46290","43520","2770"
"2013-05-06","Weebits","23145","21760","1385"
"2013-05-07","Weebits","41661","39168","2493"
"2013-05-08","Weebits","41661","39168","2493"
"2013-05-09","Weebits","60177","56576","3601"
"2013-05-10","Weebits","13887","13056","831"
"2013-05-11","Weebits","32403","30464","1939"
"2013-05-12","Weebits","13887","13056","831"
"2013-05-13","Weebits","64806","60928","3878"
"2013-05-14","Weebits","50919","47872","3047"
"2013-05-15","Weebits","55548","52224","3324"
"2013-05-16","Weebits","41661","39168","2493"
"2013-05-17","Weebits","37032","34816","2216"
"2013-05-18","Weebits","23145","21760","1385"
"2013-05-19","Weebits","18516","17408","1108"
"2013-05-20","Weebits","41661","39168","2493"
"2013-05-21","Weebits","13887","13056","831"
"2013-05-22","Weebits","37032","34816","2216"
"2013-05-23","Weebits","27774","26112","1662"
"2013-05-24","Weebits","37032","34816","2216"
"2013-05-25","Weebits","37032","34816","2216"
"2013-05-26","Weebits","37032","34816","2216"
"2013-05-27","Weebits","37032","34816","2216"
"2013-05-28","Weebits","23145","21760","1385"
"2013-05-29","Weebits","46290","43520","2770"
"2013-05-30","Weebits","50919","47872","3047"
"2013-05-31","Weebits","32403","30464","1939"
"2008-06-02","Weisenheimer","17969","16013","1956"
"2008-06-03","Weisenheimer","8039","7718","321"
"2008-06-04","Weisenheimer","26768","24425","2343"
"2008-06-05","Weisenheimer","8799","8412","387"
"2008-06-06","Weisenheimer","17969","16013","1956"
"2008-06-08","Weisenheimer","8799","8412","387"
"2008-06-09","Weisenheimer","38847","36560","2287"
"2008-06-11","Weisenheimer","17969","16013","1956"
"2008-06-13","Weisenheimer","38867","36474","2393"
"2008-06-14","Weisenheimer","52486","49911","2575"
"2008-06-16","Weisenheimer","12839","12829","10"
"2008-06-17","Weisenheimer","17969","16013","1956"
"2008-06-18","Weisenheimer","17969","16013","1956"
"2008-06-19","Weisenheimer","30828","28756","2072"
"2008-06-21","Weisenheimer","35938","32026","3912"
"2008-06-24","Weisenheimer","26768","24425","2343"
"2008-06-25","Weisenheimer","12859","12743","116"
"2008-06-26","Weisenheimer","17598","16824","774"
"2008-06-27","Weisenheimer","20898","20461","437"
"2008-06-29","Weisenheimer","20898","20461","437"
"2008-06-30","Weisenheimer","8799","8412","387"
"2008-07-01","Weisenheimer","12859","12743","116"
"2008-07-02","Weisenheimer","8039","7718","321"
"2008-07-03","Weisenheimer","20898","20461","437"
"2008-07-04","Weisenheimer","42846","39861","2985"
"2008-07-05","Weisenheimer","16078","15436","642"
"2008-07-07","Weisenheimer","30828","28756","2072"
"2008-07-08","Weisenheimer","20898","20461","437"
"2008-07-09","Weisenheimer","26008","23731","2277"
"2008-07-10","Weisenheimer","12859","12743","116"
"2008-07-11","Weisenheimer","34327","33137","1190"
"2008-07-12","Weisenheimer","12859","12743","116"
"2008-07-13","Weisenheimer","12839","12829","10"
"2008-07-14","Weisenheimer","12859","12743","116"
"2008-07-16","Weisenheimer","8799","8412","387"
"2008-07-17","Weisenheimer","33676","32260","1416"
"2008-07-18","Weisenheimer","33717","33376","341"
"2008-07-19","Weisenheimer","26768","24425","2343"
"2008-07-20","Weisenheimer","16838","16130","708"
"2008-07-21","Weisenheimer","39045","37303","1742"
"2008-07-22","Weisenheimer","16078","15436","642"
"2008-07-23","Weisenheimer","12859","12743","116"
"2008-07-25","Weisenheimer","12859","12743","116"
"2008-07-26","Weisenheimer","20898","20461","437"
"2008-07-27","Weisenheimer","26008","23731","2277"
"2008-07-29","Weisenheimer","13429","12676","753"
"2008-07-30","Weisenheimer","20898","20461","437"
"2008-07-31","Weisenheimer","8799","8412","387"
"2008-08-01","Weisenheimer","21468","20394","1074"
"2008-08-04","Weisenheimer","26768","24425","2343"
"2008-08-07","Weisenheimer","20898","20461","437"
"2008-08-08","Weisenheimer","25718","25486","232"
"2008-08-09","Weisenheimer","8799","8412","387"
"2008-08-11","Weisenheimer","8799","8412","387"
"2008-08-14","Weisenheimer","17969","16013","1956"
"2008-08-17","Weisenheimer","34807","32143","2664"
"2008-08-18","Weisenheimer","13429","12676","753"
"2008-08-19","Weisenheimer","16078","15436","642"
"2008-08-25","Weisenheimer","8039","7718","321"
"2008-08-26","Weisenheimer","17969","16013","1956"
"2008-08-28","Weisenheimer","12859","12743","116"
"2008-08-29","Weisenheimer","39627","37168","2459"
"2008-08-30","Weisenheimer","13429","12676","753"
"2008-08-31","Weisenheimer","26768","24425","2343"
"2008-09-01","Weisenheimer","16078","15436","642"
"2008-09-02","Weisenheimer","16838","16130","708"
"2008-09-03","Weisenheimer","14928","14149","779"
"2008-09-07","Weisenheimer","38867","36474","2393"
"2008-09-09","Weisenheimer","8799","8412","387"
"2008-09-10","Weisenheimer","30828","28756","2072"
"2008-09-11","Weisenheimer","16838","16130","708"
"2008-09-15","Weisenheimer","21468","20394","1074"
"2008-09-16","Weisenheimer","8799","8412","387"
"2008-09-17","Weisenheimer","12859","12743","116"
"2008-09-18","Weisenheimer","8799","8412","387"
"2008-09-19","Weisenheimer","21658","21155","503"
"2008-09-20","Weisenheimer","17969","16013","1956"
"2008-09-21","Weisenheimer","12859","12743","116"
"2008-09-23","Weisenheimer","12859","12743","116"
"2008-09-24","Weisenheimer","8039","7718","321"
"2008-09-25","Weisenheimer","12859","12743","116"
"2008-09-26","Weisenheimer","8039","7718","321"
"2008-09-27","Weisenheimer","26008","23731","2277"
"2008-09-28","Weisenheimer","38867","36474","2393"
"2008-09-29","Weisenheimer","8039","7718","321"
"2008-10-01","Weisenheimer","17969","16013","1956"
"2008-10-02","Weisenheimer","31398","28689","2709"
"2008-10-04","Weisenheimer","37736","36591","1145"
"2008-10-05","Weisenheimer","8039","7718","321"
"2008-10-06","Weisenheimer","37736","36591","1145"
"2008-10-07","Weisenheimer","20898","20461","437"
"2008-10-08","Weisenheimer","12859","12743","116"
"2008-10-10","Weisenheimer","38577","38229","348"
"2008-10-13","Weisenheimer","26008","23731","2277"
"2008-10-15","Weisenheimer","30828","28756","2072"
"2008-10-16","Weisenheimer","34517","33898","619"
"2008-10-18","Weisenheimer","13429","12676","753"
"2008-10-19","Weisenheimer","26008","23731","2277"
"2008-10-23","Weisenheimer","48797","44769","4028"
"2008-10-24","Weisenheimer","8799","8412","387"
"2008-10-25","Weisenheimer","8039","7718","321"
"2008-10-29","Weisenheimer","26288","25419","869"
"2008-10-30","Weisenheimer","28917","28265","652"
"2008-10-31","Weisenheimer","8039","7718","321"
"2008-11-04","Weisenheimer","26768","24425","2343"
"2008-11-05","Weisenheimer","8799","8412","387"
"2008-11-06","Weisenheimer","16078","15436","642"
"2008-11-07","Weisenheimer","8039","7718","321"
"2008-11-08","Weisenheimer","34047","31449","2598"
"2008-11-12","Weisenheimer","17969","16013","1956"
"2008-11-13","Weisenheimer","21638","21241","397"
"2008-11-16","Weisenheimer","34807","32143","2664"
"2008-11-17","Weisenheimer","17969","16013","1956"
"2008-11-18","Weisenheimer","12859","12743","116"
"2008-11-19","Weisenheimer","16078","15436","642"
"2008-11-20","Weisenheimer","26008","23731","2277"
"2008-11-21","Weisenheimer","35938","32026","3912"
"2008-11-22","Weisenheimer","12839","12829","10"
"2008-11-23","Weisenheimer","26008","23731","2277"
"2008-11-24","Weisenheimer","16078","15436","642"
"2008-11-26","Weisenheimer","8799","8412","387"
"2008-11-27","Weisenheimer","8039","7718","321"
"2008-11-29","Weisenheimer","20898","20461","437"
"2008-12-01","Weisenheimer","20898","20461","437"
"2008-12-02","Weisenheimer","26768","24425","2343"
"2008-12-03","Weisenheimer","48797","44769","4028"
"2008-12-04","Weisenheimer","26768","24425","2343"
"2008-12-05","Weisenheimer","28937","28179","758"
"2008-12-07","Weisenheimer","12859","12743","116"
"2008-12-10","Weisenheimer","16078","15436","642"
"2008-12-11","Weisenheimer","8799","8412","387"
"2008-12-12","Weisenheimer","8039","7718","321"
"2008-12-13","Weisenheimer","16838","16130","708"
"2008-12-14","Weisenheimer","26008","23731","2277"
"2008-12-15","Weisenheimer","8039","7718","321"
"2008-12-16","Weisenheimer","30828","28756","2072"
"2008-12-17","Weisenheimer","14928","14149","779"
"2008-12-18","Weisenheimer","8039","7718","321"
"2008-12-21","Weisenheimer","8039","7718","321"
"2008-12-22","Weisenheimer","25718","25486","232"
"2008-12-23","Weisenheimer","21658","21155","503"
"2008-12-24","Weisenheimer","8039","7718","321"
"2008-12-25","Weisenheimer","8039","7718","321"
"2008-12-27","Weisenheimer","8039","7718","321"
"2008-12-28","Weisenheimer","21658","21155","503"
"2008-12-30","Weisenheimer","17969","16013","1956"
"2008-12-31","Weisenheimer","12859","12743","116"
"2009-01-01","Weisenheimer","8799","8412","387"
"2009-01-02","Weisenheimer","8799","8412","387"
"2009-01-03","Weisenheimer","21468","20394","1074"
"2009-01-04","Weisenheimer","16838","16130","708"
"2009-01-05","Weisenheimer","38867","36474","2393"
"2009-01-06","Weisenheimer","26008","23731","2277"
"2009-01-07","Weisenheimer","75843","72371","3472"
"2009-01-08","Weisenheimer","16078","15436","642"
"2009-01-09","Weisenheimer","42556","41616","940"
"2009-01-10","Weisenheimer","8039","7718","321"
"2009-01-11","Weisenheimer","26008","23731","2277"
"2009-01-12","Weisenheimer","20898","20461","437"
"2009-01-13","Weisenheimer","60235","59384","851"
"2009-01-15","Weisenheimer","43126","41549","1577"
"2009-01-16","Weisenheimer","64024","62010","2014"
"2009-01-17","Weisenheimer","60525","57629","2896"
"2009-01-18","Weisenheimer","47666","44886","2780"
"2009-01-19","Weisenheimer","44257","41432","2825"
"2009-01-20","Weisenheimer","24877","23848","1029"
"2009-01-21","Weisenheimer","24877","23848","1029"
"2009-01-22","Weisenheimer","26768","24425","2343"
"2009-01-23","Weisenheimer","34807","32143","2664"
"2009-01-24","Weisenheimer","35067","33917","1150"
"2009-01-25","Weisenheimer","53907","48039","5868"
"2009-01-26","Weisenheimer","29507","28112","1395"
"2009-01-27","Weisenheimer","26008","23731","2277"
"2009-01-28","Weisenheimer","8039","7718","321"
"2009-01-29","Weisenheimer","16838","16130","708"
"2009-01-30","Weisenheimer","21638","21241","397"
"2009-01-31","Weisenheimer","8039","7718","321"
"2009-02-01","Weisenheimer","30457","29567","890"
"2009-02-02","Weisenheimer","61285","58323","2962"
"2009-02-03","Weisenheimer","20898","20461","437"
"2009-02-04","Weisenheimer","26768","24425","2343"
"2009-02-05","Weisenheimer","13429","12676","753"
"2009-02-07","Weisenheimer","25718","25486","232"
"2009-02-08","Weisenheimer","8799","8412","387"
"2009-02-09","Weisenheimer","8039","7718","321"
"2009-02-10","Weisenheimer","12859","12743","116"
"2009-02-11","Weisenheimer","20038","17419","2619"
"2009-02-12","Weisenheimer","17969","16013","1956"
"2009-02-13","Weisenheimer","20898","20461","437"
"2009-02-15","Weisenheimer","8039","7718","321"
"2009-02-16","Weisenheimer","8799","8412","387"
"2009-02-17","Weisenheimer","8799","8412","387"
"2009-02-18","Weisenheimer","8799","8412","387"
"2009-02-19","Weisenheimer","38557","38315","242"
"2009-02-20","Weisenheimer","8799","8412","387"
"2009-02-21","Weisenheimer","16838","16130","708"
"2009-02-22","Weisenheimer","34517","33898","619"
"2009-02-23","Weisenheimer","48426","45580","2846"
"2009-02-24","Weisenheimer","20898","20461","437"
"2009-02-25","Weisenheimer","39437","36407","3030"
"2009-02-26","Weisenheimer","12859","12743","116"
"2009-02-28","Weisenheimer","8039","7718","321"
"2009-03-01","Weisenheimer","38847","36560","2287"
"2009-03-02","Weisenheimer","34807","32143","2664"
"2009-03-03","Weisenheimer","20898","20461","437"
"2009-03-04","Weisenheimer","17598","16824","774"
"2009-03-06","Weisenheimer","24117","23154","963"
"2009-03-10","Weisenheimer","38577","38229","348"
"2009-03-11","Weisenheimer","16838","16130","708"
"2009-03-12","Weisenheimer","20898","20461","437"
"2009-03-13","Weisenheimer","8799","8412","387"
"2009-03-14","Weisenheimer","8039","7718","321"
"2009-03-16","Weisenheimer","31746","30365","1381"
"2009-03-17","Weisenheimer","25718","25486","232"
"2009-03-18","Weisenheimer","24117","23154","963"
"2009-03-19","Weisenheimer","8039","7718","321"
"2009-03-22","Weisenheimer","8039","7718","321"
"2009-03-24","Weisenheimer","29697","28873","824"
"2009-03-25","Weisenheimer","24877","23848","1029"
"2009-03-26","Weisenheimer","18147","16842","1305"
"2009-03-27","Weisenheimer","34807","32143","2664"
"2009-03-28","Weisenheimer","12859","12743","116"
"2009-03-29","Weisenheimer","16838","16130","708"
"2009-03-30","Weisenheimer","22967","21867","1100"
"2009-03-31","Weisenheimer","20898","20461","437"
"2009-04-01","Weisenheimer","12859","12743","116"
"2009-04-03","Weisenheimer","34497","33984","513"
"2009-04-04","Weisenheimer","43977","39744","4233"
"2009-04-05","Weisenheimer","8799","8412","387"
"2009-04-07","Weisenheimer","8039","7718","321"
"2009-04-08","Weisenheimer","26008","23731","2277"
"2009-04-09","Weisenheimer","55705","52604","3101"
"2009-04-10","Weisenheimer","21638","21241","397"
"2009-04-11","Weisenheimer","21658","21155","503"
"2009-04-12","Weisenheimer","12859","12743","116"
"2009-04-13","Weisenheimer","26288","25419","869"
"2009-04-14","Weisenheimer","52466","49997","2469"
"2009-04-16","Weisenheimer","8039","7718","321"
"2009-04-17","Weisenheimer","16838","16130","708"
"2009-04-18","Weisenheimer","12859","12743","116"
"2009-04-19","Weisenheimer","64015","57163","6852"
"2009-04-20","Weisenheimer","37736","36591","1145"
"2009-04-21","Weisenheimer","30828","28756","2072"
"2009-04-22","Weisenheimer","45755","44395","1360"
"2009-04-23","Weisenheimer","52776","48156","4620"
"2009-04-24","Weisenheimer","21468","20394","1074"
"2009-04-26","Weisenheimer","24877","23848","1029"
"2009-04-27","Weisenheimer","8799","8412","387"
"2009-04-28","Weisenheimer","34517","33898","619"
"2009-04-29","Weisenheimer","17598","16824","774"
"2009-04-30","Weisenheimer","34807","32143","2664"
"2009-05-01","Weisenheimer","12859","12743","116"
"2009-05-02","Weisenheimer","13429","12676","753"
"2009-05-04","Weisenheimer","13429","12676","753"
"2009-05-05","Weisenheimer","28937","28179","758"
"2009-05-06","Weisenheimer","17969","16013","1956"
"2009-05-07","Weisenheimer","8799","8412","387"
"2009-05-08","Weisenheimer","30267","28806","1461"
"2009-05-09","Weisenheimer","13429","12676","753"
"2009-05-10","Weisenheimer","8039","7718","321"
"2009-05-11","Weisenheimer","41776","41008","768"
"2009-05-13","Weisenheimer","34807","32143","2664"
"2009-05-14","Weisenheimer","52016","47462","4554"
"2009-05-15","Weisenheimer","38867","36474","2393"
"2009-05-16","Weisenheimer","8039","7718","321"
"2009-05-17","Weisenheimer","24117","23154","963"
"2009-05-18","Weisenheimer","12859","12743","116"
"2009-05-19","Weisenheimer","8799","8412","387"
"2009-05-20","Weisenheimer","38847","36560","2287"
"2009-05-22","Weisenheimer","29697","28873","824"
"2009-05-23","Weisenheimer","25637","24542","1095"
"2009-05-24","Weisenheimer","16838","16130","708"
"2009-05-25","Weisenheimer","25637","24542","1095"
"2009-05-26","Weisenheimer","47356","46727","629"
"2009-05-27","Weisenheimer","51726","49217","2509"
"2009-05-28","Weisenheimer","46906","44192","2714"
"2009-05-29","Weisenheimer","20898","20461","437"
"2009-05-30","Weisenheimer","53814","52027","1787"
"2009-05-31","Weisenheimer","28077","25137","2940"
"2009-06-01","Weisenheimer","8039","7718","321"
"2009-06-02","Weisenheimer","20878","20547","331"
"2009-06-03","Weisenheimer","22228","21088","1140"
"2009-06-04","Weisenheimer","28937","28179","758"
"2009-06-05","Weisenheimer","43977","39744","4233"
"2009-06-06","Weisenheimer","56836","52487","4349"
"2009-06-07","Weisenheimer","26768","24425","2343"
"2009-06-08","Weisenheimer","42846","39861","2985"
"2009-06-10","Weisenheimer","37736","36591","1145"
"2009-06-11","Weisenheimer","17969","16013","1956"
"2009-06-12","Weisenheimer","38867","36474","2393"
"2009-06-13","Weisenheimer","17969","16013","1956"
"2009-06-14","Weisenheimer","8039","7718","321"
"2009-06-15","Weisenheimer","34047","31449","2598"
"2009-06-16","Weisenheimer","21468","20394","1074"
"2009-06-17","Weisenheimer","50575","49420","1155"
"2009-06-18","Weisenheimer","35567","32837","2730"
"2009-06-19","Weisenheimer","21658","21155","503"
"2009-06-20","Weisenheimer","29697","28873","824"
"2009-06-21","Weisenheimer","38867","36474","2393"
"2009-06-22","Weisenheimer","73674","68617","5057"
"2009-06-24","Weisenheimer","2069","1406","663"
"2009-06-25","Weisenheimer","17969","16013","1956"
"2009-06-26","Weisenheimer","55395","54445","950"
"2009-06-27","Weisenheimer","12859","12743","116"
"2009-06-28","Weisenheimer","12859","12743","116"
"2009-06-30","Weisenheimer","54925","51996","2929"
"2009-07-01","Weisenheimer","29697","28873","824"
"2009-07-02","Weisenheimer","26008","23731","2277"
"2009-07-03","Weisenheimer","25637","24542","1095"
"2009-07-04","Weisenheimer","8039","7718","321"
"2009-07-05","Weisenheimer","16078","15436","642"
"2009-07-06","Weisenheimer","29697","28873","824"
"2009-07-07","Weisenheimer","16078","15436","642"
"2009-07-08","Weisenheimer","16078","15436","642"
"2009-07-09","Weisenheimer","52776","48156","4620"
"2009-07-10","Weisenheimer","51726","49217","2509"
"2009-07-11","Weisenheimer","51645","48273","3372"
"2009-07-12","Weisenheimer","48426","45580","2846"
"2009-07-13","Weisenheimer","26768","24425","2343"
"2009-07-14","Weisenheimer","29697","28873","824"
"2009-07-15","Weisenheimer","8039","7718","321"
"2009-07-16","Weisenheimer","12859","12743","116"
"2009-07-17","Weisenheimer","29697","28873","824"
"2009-07-18","Weisenheimer","24877","23848","1029"
"2009-07-19","Weisenheimer","76135","69127","7008"
"2009-07-20","Weisenheimer","49425","48133","1292"
"2009-07-21","Weisenheimer","16078","15436","642"
"2009-07-22","Weisenheimer","2069","1406","663"
"2009-07-23","Weisenheimer","37736","36591","1145"
"2009-07-24","Weisenheimer","22967","21867","1100"
"2009-07-25","Weisenheimer","17969","16013","1956"
"2009-07-26","Weisenheimer","67223","64789","2434"
"2009-07-27","Weisenheimer","20878","20547","331"
"2009-07-28","Weisenheimer","64585","61960","2625"
"2009-07-29","Weisenheimer","30828","28756","2072"
"2009-07-30","Weisenheimer","57576","53267","4309"
"2009-07-31","Weisenheimer","16078","15436","642"
"2009-08-01","Weisenheimer","12859","12743","116"
"2009-08-02","Weisenheimer","37736","36591","1145"
"2009-08-03","Weisenheimer","20898","20461","437"
"2009-08-04","Weisenheimer","39607","37254","2353"
"2009-08-05","Weisenheimer","25718","25486","232"
"2009-08-06","Weisenheimer","74805","68500","6305"
"2009-08-07","Weisenheimer","77444","74703","2741"
"2009-08-08","Weisenheimer","39607","37254","2353"
"2009-08-09","Weisenheimer","29697","28873","824"
"2009-08-11","Weisenheimer","8799","8412","387"
"2009-08-12","Weisenheimer","79625","73525","6100"
"2009-08-13","Weisenheimer","8799","8412","387"
"2009-08-14","Weisenheimer","8039","7718","321"
"2009-08-15","Weisenheimer","74495","70341","4154"
"2009-08-16","Weisenheimer","34517","33898","619"
"2009-08-17","Weisenheimer","8039","7718","321"
"2009-08-18","Weisenheimer","30828","28756","2072"
"2009-08-19","Weisenheimer","16838","16130","708"
"2009-08-20","Weisenheimer","30828","28756","2072"
"2009-08-21","Weisenheimer","46886","44278","2608"
"2009-08-24","Weisenheimer","18907","17536","1371"
"2009-08-25","Weisenheimer","8039","7718","321"
"2009-08-26","Weisenheimer","20898","20461","437"
"2009-08-27","Weisenheimer","44737","40438","4299"
"2009-08-28","Weisenheimer","38867","36474","2393"
"2009-08-29","Weisenheimer","8039","7718","321"
"2009-08-30","Weisenheimer","60525","57629","2896"
"2009-08-31","Weisenheimer","52486","49911","2575"
"2009-09-01","Weisenheimer","76603","73065","3538"
"2009-09-02","Weisenheimer","8039","7718","321"
"2009-09-03","Weisenheimer","42086","39167","2919"
"2009-09-04","Weisenheimer","21638","21241","397"
"2009-09-05","Weisenheimer","42846","39861","2985"
"2009-09-06","Weisenheimer","43316","42310","1006"
"2009-09-07","Weisenheimer","14928","14149","779"
"2009-09-08","Weisenheimer","34807","32143","2664"
"2009-09-09","Weisenheimer","28937","28179","758"
"2009-09-10","Weisenheimer","8039","7718","321"
"2009-09-11","Weisenheimer","41796","40922","874"
"2009-09-12","Weisenheimer","26008","23731","2277"
"2009-09-13","Weisenheimer","20898","20461","437"
"2009-09-14","Weisenheimer","8039","7718","321"
"2009-09-15","Weisenheimer","34047","31449","2598"
"2009-09-16","Weisenheimer","35938","32026","3912"
"2009-09-18","Weisenheimer","58924","55297","3627"
"2009-09-19","Weisenheimer","17969","16013","1956"
"2009-09-20","Weisenheimer","38496","37285","1211"
"2009-09-21","Weisenheimer","46576","46119","457"
"2009-09-22","Weisenheimer","28937","28179","758"
"2009-09-23","Weisenheimer","52296","49150","3146"
"2009-09-24","Weisenheimer","29507","28112","1395"
"2009-09-25","Weisenheimer","39627","37168","2459"
"2009-09-26","Weisenheimer","26008","23731","2277"
"2009-09-27","Weisenheimer","12859","12743","116"
"2009-09-28","Weisenheimer","26768","24425","2343"
"2009-09-29","Weisenheimer","16838","16130","708"
"2009-09-30","Weisenheimer","68564","65347","3217"
"2009-10-01","Weisenheimer","14908","14235","673"
"2009-10-03","Weisenheimer","30808","28842","1966"
"2009-10-04","Weisenheimer","29507","28112","1395"
"2009-10-05","Weisenheimer","21658","21155","503"
"2009-10-06","Weisenheimer","41216","39568","1648"
"2009-10-07","Weisenheimer","82862","78534","4328"
"2009-10-08","Weisenheimer","8799","8412","387"
"2009-10-09","Weisenheimer","50125","46885","3240"
"2009-10-10","Weisenheimer","25637","24542","1095"
"2009-10-11","Weisenheimer","89652","81705","7947"
"2009-10-12","Weisenheimer","26008","23731","2277"
"2009-10-13","Weisenheimer","16078","15436","642"
"2009-10-14","Weisenheimer","26397","25236","1161"
"2009-10-15","Weisenheimer","34807","32143","2664"
"2009-10-16","Weisenheimer","16078","15436","642"
"2009-10-17","Weisenheimer","60525","57629","2896"
"2009-10-18","Weisenheimer","21658","21155","503"
"2009-10-19","Weisenheimer","38867","36474","2393"
"2009-10-20","Weisenheimer","14928","14149","779"
"2009-10-21","Weisenheimer","16838","16130","708"
"2009-10-22","Weisenheimer","20898","20461","437"
"2009-10-23","Weisenheimer","44737","40438","4299"
"2009-10-24","Weisenheimer","34517","33898","619"
"2009-10-25","Weisenheimer","30828","28756","2072"
"2009-10-26","Weisenheimer","30828","28756","2072"
"2009-10-27","Weisenheimer","42846","39861","2985"
"2009-10-28","Weisenheimer","98612","93495","5117"
"2009-10-29","Weisenheimer","62226","57445","4781"
"2009-10-30","Weisenheimer","26008","23731","2277"
"2009-10-31","Weisenheimer","20898","20461","437"
"2009-11-01","Weisenheimer","58634","57052","1582"
"2009-11-02","Weisenheimer","46906","44192","2714"
"2009-11-03","Weisenheimer","46906","44192","2714"
"2009-11-04","Weisenheimer","41796","40922","874"
"2009-11-05","Weisenheimer","39627","37168","2459"
"2009-11-07","Weisenheimer","10108","9124","984"
"2009-11-08","Weisenheimer","52776","48156","4620"
"2009-11-09","Weisenheimer","38867","36474","2393"
"2009-11-10","Weisenheimer","25718","25486","232"
"2009-11-11","Weisenheimer","60444","56685","3759"
"2009-11-12","Weisenheimer","12859","12743","116"
"2009-11-13","Weisenheimer","38476","37371","1105"
"2009-11-14","Weisenheimer","29697","28873","824"
"2009-11-15","Weisenheimer","42556","41616","940"
"2009-11-16","Weisenheimer","8799","8412","387"
"2009-11-17","Weisenheimer","8039","7718","321"
"2009-11-18","Weisenheimer","8799","8412","387"
"2009-11-19","Weisenheimer","8039","7718","321"
"2009-11-20","Weisenheimer","17969","16013","1956"
"2009-11-21","Weisenheimer","10108","9124","984"
"2009-11-23","Weisenheimer","64194","62857","1337"
"2009-11-24","Weisenheimer","8799","8412","387"
"2009-11-25","Weisenheimer","17598","16824","774"
"2009-11-26","Weisenheimer","21658","21155","503"
"2009-11-27","Weisenheimer","12859","12743","116"
"2009-11-29","Weisenheimer","51645","48273","3372"
"2009-11-30","Weisenheimer","22228","21088","1140"
"2009-12-01","Weisenheimer","12839","12829","10"
"2009-12-02","Weisenheimer","12859","12743","116"
"2009-12-03","Weisenheimer","18907","17536","1371"
"2009-12-04","Weisenheimer","16838","16130","708"
"2009-12-05","Weisenheimer","69873","66059","3814"
"2009-12-06","Weisenheimer","12859","12743","116"
"2009-12-07","Weisenheimer","52466","49997","2469"
"2009-12-08","Weisenheimer","8039","7718","321"
"2009-12-09","Weisenheimer","38496","37285","1211"
"2009-12-10","Weisenheimer","65244","61796","3448"
"2009-12-11","Weisenheimer","26008","23731","2277"
"2009-12-12","Weisenheimer","30828","28756","2072"
"2009-12-13","Weisenheimer","25718","25486","232"
"2009-12-14","Weisenheimer","47646","44972","2674"
"2009-12-15","Weisenheimer","38867","36474","2393"
"2009-12-16","Weisenheimer","52776","48156","4620"
"2009-12-17","Weisenheimer","29697","28873","824"
"2009-12-18","Weisenheimer","8039","7718","321"
"2009-12-19","Weisenheimer","34047","31449","2598"
"2009-12-20","Weisenheimer","47376","46641","735"
"2009-12-21","Weisenheimer","20898","20461","437"
"2009-12-22","Weisenheimer","52776","48156","4620"
"2009-12-23","Weisenheimer","57116","54175","2941"
"2009-12-24","Weisenheimer","24117","23154","963"
"2009-12-25","Weisenheimer","46886","44278","2608"
"2009-12-26","Weisenheimer","61656","57512","4144"
"2009-12-27","Weisenheimer","29697","28873","824"
"2009-12-28","Weisenheimer","50555","49506","1049"
"2009-12-29","Weisenheimer","26768","24425","2343"
"2009-12-30","Weisenheimer","16078","15436","642"
"2009-12-31","Weisenheimer","51165","49267","1898"
"2010-01-01","Weisenheimer","60815","55874","4941"
"2010-01-02","Weisenheimer","20898","20461","437"
"2010-01-03","Weisenheimer","55985","54292","1693"
"2010-01-04","Weisenheimer","85402","81477","3925"
"2010-01-05","Weisenheimer","17969","16013","1956"
"2010-01-06","Weisenheimer","47295","45697","1598"
"2010-01-07","Weisenheimer","47666","44886","2780"
"2010-01-08","Weisenheimer","85541","80988","4553"
"2010-01-09","Weisenheimer","30457","29567","890"
"2010-01-10","Weisenheimer","68564","65347","3217"
"2010-01-11","Weisenheimer","24877","23848","1029"
"2010-01-12","Weisenheimer","20898","20461","437"
"2010-01-13","Weisenheimer","46906","44192","2714"
"2010-01-14","Weisenheimer","64504","61016","3488"
"2010-01-15","Weisenheimer","10108","9124","984"
"2010-01-17","Weisenheimer","8039","7718","321"
"2010-01-18","Weisenheimer","38557","38315","242"
"2010-01-19","Weisenheimer","60335","56868","3467"
"2010-01-20","Weisenheimer","64565","62046","2519"
"2010-01-21","Weisenheimer","26288","25419","869"
"2010-01-22","Weisenheimer","59745","57021","2724"
"2010-01-23","Weisenheimer","81713","76335","5378"
"2010-01-24","Weisenheimer","42536","41702","834"
"2010-01-25","Weisenheimer","42556","41616","940"
"2010-01-26","Weisenheimer","52776","48156","4620"
"2010-01-27","Weisenheimer","8039","7718","321"
"2010-01-28","Weisenheimer","90873","87379","3494"
"2010-01-29","Weisenheimer","50475","47072","3403"
"2010-01-30","Weisenheimer","59765","56935","2830"
"2010-01-31","Weisenheimer","20898","20461","437"
"2010-02-01","Weisenheimer","46616","45947","669"
"2010-02-02","Weisenheimer","55415","54359","1056"
"2010-02-03","Weisenheimer","29697","28873","824"
"2010-02-04","Weisenheimer","65635","60899","4736"
"2010-02-06","Weisenheimer","24117","23154","963"
"2010-02-07","Weisenheimer","26768","24425","2343"
"2010-02-08","Weisenheimer","51925","49961","1964"
"2010-02-09","Weisenheimer","63744","60322","3422"
"2010-02-10","Weisenheimer","41796","40922","874"
"2010-02-11","Weisenheimer","60055","55180","4875"
"2010-02-12","Weisenheimer","20898","20461","437"
"2010-02-13","Weisenheimer","16838","16130","708"
"2010-02-14","Weisenheimer","12839","12829","10"
"2010-02-15","Weisenheimer","38867","36474","2393"
"2010-02-16","Weisenheimer","27706","25948","1758"
"2010-02-17","Weisenheimer","20898","20461","437"
"2010-02-18","Weisenheimer","82423","80644","1779"
"2010-02-19","Weisenheimer","29697","28873","824"
"2010-02-20","Weisenheimer","39627","37168","2459"
"2010-02-22","Weisenheimer","42556","41616","940"
"2010-02-23","Weisenheimer","60815","55874","4941"
"2010-02-24","Weisenheimer","34517","33898","619"
"2010-02-25","Weisenheimer","55685","52690","2995"
"2010-02-26","Weisenheimer","64565","62046","2519"
"2010-02-27","Weisenheimer","29697","28873","824"
"2010-02-28","Weisenheimer","95332","89772","5560"
"2010-03-01","Weisenheimer","122668","115619","7049"
"2010-03-02","Weisenheimer","8039","7718","321"
"2010-03-03","Weisenheimer","14928","14149","779"
"2010-03-04","Weisenheimer","26768","24425","2343"
"2010-03-05","Weisenheimer","55705","52604","3101"
"2010-03-06","Weisenheimer","38577","38229","348"
"2010-03-07","Weisenheimer","43316","42310","1006"
"2010-03-08","Weisenheimer","47105","44936","2169"
"2010-03-09","Weisenheimer","59455","58776","679"
"2010-03-10","Weisenheimer","29697","28873","824"
"2010-03-12","Weisenheimer","12859","12743","116"
"2010-03-13","Weisenheimer","44257","41432","2825"
"2010-03-14","Weisenheimer","8799","8412","387"
"2010-03-15","Weisenheimer","56465","53298","3167"
"2010-03-16","Weisenheimer","63434","62163","1271"
"2010-03-17","Weisenheimer","43977","39744","4233"
"2010-03-18","Weisenheimer","79915","71770","8145"
"2010-03-19","Weisenheimer","48994","47002","1992"
"2010-03-20","Weisenheimer","47646","44972","2674"
"2010-03-21","Weisenheimer","8039","7718","321"
"2010-03-22","Weisenheimer","21658","21155","503"
"2010-03-23","Weisenheimer","8039","7718","321"
"2010-03-24","Weisenheimer","54945","51910","3035"
"2010-03-25","Weisenheimer","29697","28873","824"
"2010-03-26","Weisenheimer","16838","16130","708"
"2010-03-27","Weisenheimer","48426","45580","2846"
"2010-03-28","Weisenheimer","38847","36560","2287"
"2010-03-29","Weisenheimer","25718","25486","232"
"2010-03-30","Weisenheimer","30267","28806","1461"
"2010-03-31","Weisenheimer","20038","17419","2619"
"2010-04-01","Weisenheimer","26008","23731","2277"
"2010-04-03","Weisenheimer","44257","41432","2825"
"2010-04-04","Weisenheimer","47666","44886","2780"
"2010-04-05","Weisenheimer","33676","32260","1416"
"2010-04-06","Weisenheimer","73174","69697","3477"
"2010-04-07","Weisenheimer","16838","16130","708"
"2010-04-08","Weisenheimer","57596","53181","4415"
"2010-04-09","Weisenheimer","34047","31449","2598"
"2010-04-10","Weisenheimer","34807","32143","2664"
"2010-04-11","Weisenheimer","55415","54359","1056"
"2010-04-12","Weisenheimer","86162","82171","3991"
"2010-04-13","Weisenheimer","30267","28806","1461"
"2010-04-14","Weisenheimer","29697","28873","824"
"2010-04-15","Weisenheimer","12859","12743","116"
"2010-04-16","Weisenheimer","28077","25137","2940"
"2010-04-17","Weisenheimer","28937","28179","758"
"2010-04-18","Weisenheimer","71473","69881","1592"
"2010-04-19","Weisenheimer","48797","44769","4028"
"2010-04-20","Weisenheimer","50125","46885","3240"
"2010-04-21","Weisenheimer","50595","49334","1261"
"2010-04-22","Weisenheimer","20038","17419","2619"
"2010-04-23","Weisenheimer","8039","7718","321"
"2010-04-24","Weisenheimer","26008","23731","2277"
"2010-04-25","Weisenheimer","64024","62010","2014"
"2010-04-26","Weisenheimer","44737","40438","4299"
"2010-04-27","Weisenheimer","24877","23848","1029"
"2010-04-28","Weisenheimer","10868","9818","1050"
"2010-04-29","Weisenheimer","73954","70305","3649"
"2010-04-30","Weisenheimer","29697","28873","824"
"2010-05-01","Weisenheimer","41776","41008","768"
"2010-05-02","Weisenheimer","69985","63475","6510"
"2010-05-03","Weisenheimer","69604","67729","1875"
"2010-05-04","Weisenheimer","65135","61979","3156"
"2010-05-05","Weisenheimer","42556","41616","940"
"2010-05-06","Weisenheimer","46906","44192","2714"
"2010-05-07","Weisenheimer","44366","41249","3117"
"2010-05-08","Weisenheimer","8039","7718","321"
"2010-05-09","Weisenheimer","81423","78090","3333"
"2010-05-10","Weisenheimer","37736","36591","1145"
"2010-05-11","Weisenheimer","38867","36474","2393"
"2010-05-12","Weisenheimer","38867","36474","2393"
"2010-05-13","Weisenheimer","56816","52573","4243"
"2010-05-14","Weisenheimer","72353","67973","4380"
"2010-05-15","Weisenheimer","74805","68500","6305"
"2010-05-16","Weisenheimer","16078","15436","642"
"2010-05-17","Weisenheimer","8039","7718","321"
"2010-05-18","Weisenheimer","59765","56935","2830"
"2010-05-19","Weisenheimer","49735","46292","3443"
"2010-05-20","Weisenheimer","10868","9818","1050"
"2010-05-21","Weisenheimer","68844","67035","1809"
"2010-05-22","Weisenheimer","12859","12743","116"
"2010-05-23","Weisenheimer","39607","37254","2353"
"2010-05-24","Weisenheimer","12859","12743","116"
"2010-05-25","Weisenheimer","58905","53893","5012"
"2010-05-26","Weisenheimer","37736","36591","1145"
"2010-05-27","Weisenheimer","24877","23848","1029"
"2010-05-28","Weisenheimer","43977","39744","4233"
"2010-05-29","Weisenheimer","117361","110116","7245"
"2010-05-30","Weisenheimer","12859","12743","116"
"2010-05-31","Weisenheimer","73674","68617","5057"
"2010-06-01","Weisenheimer","25698","25572","126"
"2010-06-02","Weisenheimer","105893","99030","6863"
"2010-06-03","Weisenheimer","114502","106681","7821"
"2010-06-04","Weisenheimer","64875","60205","4670"
"2010-06-05","Weisenheimer","73384","70372","3012"
"2010-06-06","Weisenheimer","66205","60832","5373"
"2010-06-07","Weisenheimer","98592","93581","5011"
"2010-06-08","Weisenheimer","138239","130663","7576"
"2010-06-09","Weisenheimer","54655","53665","990"
"2010-06-10","Weisenheimer","37736","36591","1145"
"2010-06-11","Weisenheimer","73674","68617","5057"
"2010-06-12","Weisenheimer","68173","66244","1929"
"2010-06-13","Weisenheimer","108001","101754","6247"
"2010-06-14","Weisenheimer","132878","125602","7276"
"2010-06-15","Weisenheimer","114909","109589","5320"
"2010-06-16","Weisenheimer","26008","23731","2277"
"2010-06-17","Weisenheimer","116970","111013","5957"
"2010-06-18","Weisenheimer","49995","48066","1929"
"2010-06-19","Weisenheimer","78184","75483","2701"
"2010-06-20","Weisenheimer","143137","134169","8968"
"2010-06-21","Weisenheimer","133129","127393","5736"
"2010-06-22","Weisenheimer","51925","49961","1964"
"2010-06-23","Weisenheimer","36976","35897","1079"
"2010-06-24","Weisenheimer","95142","89011","6131"
"2010-06-25","Weisenheimer","87293","82054","5239"
"2010-06-26","Weisenheimer","97513","88594","8919"
"2010-06-27","Weisenheimer","120969","114314","6655"
"2010-06-28","Weisenheimer","93792","88470","5322"
"2010-06-29","Weisenheimer","109612","100643","8969"
"2010-06-30","Weisenheimer","93441","89195","4246"
"2010-07-01","Weisenheimer","59394","57746","1648"
"2010-07-02","Weisenheimer","103742","96679","7063"
"2010-07-03","Weisenheimer","79062","75064","3998"
"2010-07-04","Weisenheimer","42556","41616","940"
"2010-07-05","Weisenheimer","63434","62163","1271"
"2010-07-06","Weisenheimer","29697","28873","824"
"2010-07-07","Weisenheimer","55334","53415","1919"
"2010-07-08","Weisenheimer","56836","52487","4349"
"2010-07-09","Weisenheimer","73674","68617","5057"
"2010-07-10","Weisenheimer","60525","57629","2896"
"2010-07-11","Weisenheimer","144048","133597","10451"
"2010-07-12","Weisenheimer","64214","62771","1443"
"2010-07-13","Weisenheimer","112801","106865","5936"
"2010-07-14","Weisenheimer","87644","81329","6315"
"2010-07-15","Weisenheimer","72624","69678","2946"
"2010-07-16","Weisenheimer","47166","45966","1200"
"2010-07-17","Weisenheimer","39805","37997","1808"
"2010-07-18","Weisenheimer","69675","65316","4359"
"2010-07-19","Weisenheimer","34047","31449","2598"
"2010-07-20","Weisenheimer","70064","66821","3243"
"2010-07-21","Weisenheimer","59745","57021","2724"
"2010-07-22","Weisenheimer","182996","171015","11981"
"2010-07-23","Weisenheimer","59745","57021","2724"
"2010-07-24","Weisenheimer","81993","78023","3970"
"2010-07-25","Weisenheimer","65615","60985","4630"
"2010-07-26","Weisenheimer","135358","128225","7133"
"2010-07-27","Weisenheimer","54655","53665","990"
"2010-07-28","Weisenheimer","39437","36407","3030"
"2010-07-29","Weisenheimer","77734","72948","4786"
"2010-07-30","Weisenheimer","134289","127173","7116"
"2010-07-31","Weisenheimer","63414","62249","1165"
"2010-08-01","Weisenheimer","38496","37285","1211"
"2010-08-02","Weisenheimer","85773","80666","5107"
"2010-08-03","Weisenheimer","91530","88704","2826"
"2010-08-04","Weisenheimer","84452","80022","4430"
"2010-08-05","Weisenheimer","71473","69881","1592"
"2010-08-06","Weisenheimer","112150","105988","6162"
"2010-08-07","Weisenheimer","85112","83232","1880"
"2010-08-08","Weisenheimer","81133","79845","1288"
"2010-08-09","Weisenheimer","29677","28959","718"
"2010-08-10","Weisenheimer","51335","50114","1221"
"2010-08-11","Weisenheimer","74144","71066","3078"
"2010-08-12","Weisenheimer","118279","111725","6554"
"2010-08-13","Weisenheimer","149229","141254","7975"
"2010-08-14","Weisenheimer","130320","120343","9977"
"2010-08-15","Weisenheimer","59684","55991","3693"
"2010-08-16","Weisenheimer","156968","147370","9598"
"2010-08-17","Weisenheimer","59765","56935","2830"
"2010-08-18","Weisenheimer","70832","67497","3335"
"2010-08-19","Weisenheimer","73364","70458","2906"
"2010-08-20","Weisenheimer","158119","147167","10952"
"2010-08-21","Weisenheimer","32526","30973","1553"
"2010-08-22","Weisenheimer","92493","86251","6242"
"2010-08-23","Weisenheimer","123191","114252","8939"
"2010-08-24","Weisenheimer","133149","127307","5842"
"2010-08-25","Weisenheimer","73303","69428","3875"
"2010-08-26","Weisenheimer","80582","76452","4130"
"2010-08-27","Weisenheimer","90982","87196","3786"
"2010-08-28","Weisenheimer","58924","55297","3627"
"2010-08-29","Weisenheimer","55395","54445","950"
"2010-08-30","Weisenheimer","82943","79478","3465"
"2010-08-31","Weisenheimer","70262","67564","2698"
"2010-09-01","Weisenheimer","35826","34610","1216"
"2010-09-02","Weisenheimer","78014","74636","3378"
"2010-09-03","Weisenheimer","16838","16130","708"
"2010-09-04","Weisenheimer","75723","70109","5614"
"2010-09-05","Weisenheimer","88122","83760","4362"
"2010-09-06","Weisenheimer","88992","83359","5633"
"2010-09-07","Weisenheimer","78204","75397","2807"
"2010-09-08","Weisenheimer","84642","80783","3859"
"2010-09-09","Weisenheimer","70772","66264","4508"
"2010-09-10","Weisenheimer","83604","76912","6692"
"2010-09-11","Weisenheimer","124540","114792","9748"
"2010-09-12","Weisenheimer","107721","100066","7655"
"2010-09-13","Weisenheimer","55705","52604","3101"
"2010-09-14","Weisenheimer","54555","51317","3238"
"2010-09-15","Weisenheimer","90012","85827","4185"
"2010-09-16","Weisenheimer","157426","149887","7539"
"2010-09-17","Weisenheimer","116990","110927","6063"
"2010-09-18","Weisenheimer","129648","122978","6670"
"2010-09-19","Weisenheimer","117811","112651","5160"
"2010-09-20","Weisenheimer","111080","107135","3945"
"2010-09-21","Weisenheimer","107711","103509","4202"
"2010-09-22","Weisenheimer","115430","109711","5719"
"2010-09-23","Weisenheimer","60525","57629","2896"
"2010-09-24","Weisenheimer","113559","109048","4511"
"2010-09-25","Weisenheimer","129298","120277","9021"
"2010-09-26","Weisenheimer","115740","107870","7870"
"2010-09-27","Weisenheimer","24117","23154","963"
"2010-09-28","Weisenheimer","162388","148799","13589"
"2010-09-29","Weisenheimer","151587","142395","9192"
"2010-09-30","Weisenheimer","31027","29500","1527"
"2010-10-01","Weisenheimer","71592","68191","3401"
"2010-10-02","Weisenheimer","105072","97306","7766"
"2010-10-03","Weisenheimer","83973","78503","5470"
"2010-10-04","Weisenheimer","104782","99061","5721"
"2010-10-05","Weisenheimer","60045","58623","1422"
"2010-10-06","Weisenheimer","112251","106846","5405"
"2010-10-07","Weisenheimer","108761","102448","6313"
"2010-10-08","Weisenheimer","76854","69992","6862"
"2010-10-09","Weisenheimer","71493","69795","1698"
"2010-10-10","Weisenheimer","41796","40922","874"
"2010-10-11","Weisenheimer","86050","79891","6159"
"2010-10-12","Weisenheimer","107330","100963","6367"
"2010-10-13","Weisenheimer","116970","111013","5957"
"2010-10-14","Weisenheimer","133389","129167","4222"
"2010-10-15","Weisenheimer","77714","73034","4680"
"2010-10-16","Weisenheimer","141638","132696","8942"
"2010-10-17","Weisenheimer","70455","65924","4531"
"2010-10-18","Weisenheimer","77033","75686","1347"
"2010-10-19","Weisenheimer","77734","72948","4786"
"2010-10-20","Weisenheimer","39805","37997","1808"
"2010-10-21","Weisenheimer","134850","127123","7727"
"2010-10-22","Weisenheimer","67433","65464","1969"
"2010-10-23","Weisenheimer","42846","39861","2985"
"2010-10-24","Weisenheimer","46906","44192","2714"
"2010-10-25","Weisenheimer","64875","60205","4670"
"2010-10-26","Weisenheimer","80562","76538","4024"
"2010-10-27","Weisenheimer","72803","70508","2295"
"2010-10-28","Weisenheimer","65635","60899","4736"
"2010-10-29","Weisenheimer","81403","78176","3227"
"2010-10-30","Weisenheimer","47376","46641","735"
"2010-10-31","Weisenheimer","70652","68157","2495"
"2010-11-01","Weisenheimer","60055","55180","4875"
"2010-11-02","Weisenheimer","32916","31566","1350"
"2010-11-03","Weisenheimer","116190","110405","5785"
"2010-11-04","Weisenheimer","99322","97804","1518"
"2010-11-05","Weisenheimer","144109","134627","9482"
"2010-11-06","Weisenheimer","59204","56985","2219"
"2010-11-07","Weisenheimer","50595","49334","1261"
"2010-11-08","Weisenheimer","182105","172992","9113"
"2010-11-09","Weisenheimer","90573","85777","4796"
"2010-11-10","Weisenheimer","62335","57262","5073"
"2010-11-11","Weisenheimer","56486","54500","1986"
"2010-11-12","Weisenheimer","162636","155505","7131"
"2010-11-13","Weisenheimer","88621","84170","4451"
"2010-11-14","Weisenheimer","60724","58373","2351"
"2010-11-15","Weisenheimer","86203","83287","2916"
"2010-11-16","Weisenheimer","60154","58440","1714"
"2010-11-17","Weisenheimer","107431","101821","5610"
"2010-11-18","Weisenheimer","91063","88140","2923"
"2010-11-19","Weisenheimer","55904","53348","2556"
"2010-11-20","Weisenheimer","79044","73661","5383"
"2010-11-21","Weisenheimer","92464","86354","6110"
"2010-11-22","Weisenheimer","99962","94036","5926"
"2010-11-23","Weisenheimer","89562","83292","6270"
"2010-11-24","Weisenheimer","93402","87877","5525"
"2010-11-25","Weisenheimer","48426","45580","2846"
"2010-11-26","Weisenheimer","90573","85777","4796"
"2010-11-27","Weisenheimer","111120","106963","4157"
"2010-11-28","Weisenheimer","28937","28179","758"
"2010-11-29","Weisenheimer","108562","101704","6858"
"2010-11-30","Weisenheimer","116780","110252","6528"
"2010-12-01","Weisenheimer","43977","39744","4233"
"2010-12-02","Weisenheimer","90300","84983","5317"
"2010-12-03","Weisenheimer","156956","152302","4654"
"2010-12-04","Weisenheimer","98632","93409","5223"
"2010-12-05","Weisenheimer","44257","41432","2825"
"2010-12-06","Weisenheimer","73384","70372","3012"
"2010-12-07","Weisenheimer","34497","33984","513"
"2010-12-08","Weisenheimer","90593","85691","4902"
"2010-12-09","Weisenheimer","113672","104974","8698"
"2010-12-10","Weisenheimer","51706","49303","2403"
"2010-12-11","Weisenheimer","45775","44309","1466"
"2010-12-12","Weisenheimer","55705","52604","3101"
"2010-12-13","Weisenheimer","78784","71887","6897"
"2010-12-14","Weisenheimer","33757","33204","553"
"2010-12-15","Weisenheimer","28077","25137","2940"
"2010-12-16","Weisenheimer","98531","92551","5980"
"2010-12-17","Weisenheimer","63454","62077","1377"
"2010-12-18","Weisenheimer","66962","63927","3035"
"2010-12-19","Weisenheimer","114700","112288","2412"
"2010-12-20","Weisenheimer","116230","110233","5997"
"2010-12-21","Weisenheimer","98831","94153","4678"
"2010-12-22","Weisenheimer","121971","114466","7505"
"2010-12-23","Weisenheimer","127291","118411","8880"
"2010-12-24","Weisenheimer","116861","111196","5665"
"2010-12-25","Weisenheimer","81602","78920","2682"
"2010-12-26","Weisenheimer","42086","39167","2919"
"2010-12-27","Weisenheimer","111880","107657","4223"
"2010-12-28","Weisenheimer","69614","64286","5328"
"2010-12-29","Weisenheimer","88621","84170","4451"
"2010-12-30","Weisenheimer","134479","127934","6545"
"2010-12-31","Weisenheimer","102050","96846","5204"
"2011-01-01","Weisenheimer","153588","143813","9775"
"2011-01-02","Weisenheimer","114041","106565","7476"
"2011-01-03","Weisenheimer","81423","78090","3333"
"2011-01-04","Weisenheimer","104960","99890","5070"
"2011-01-05","Weisenheimer","87293","82054","5239"
"2011-01-06","Weisenheimer","28937","28179","758"
"2011-01-07","Weisenheimer","99021","94914","4107"
"2011-01-08","Weisenheimer","63264","61316","1948"
"2011-01-09","Weisenheimer","25637","24542","1095"
"2011-01-10","Weisenheimer","142708","136413","6295"
"2011-01-11","Weisenheimer","140327","133473","6854"
"2011-01-12","Weisenheimer","79254","74336","4918"
"2011-01-13","Weisenheimer","96660","91888","4772"
"2011-01-14","Weisenheimer","81993","78023","3970"
"2011-01-15","Weisenheimer","69894","65974","3920"
"2011-01-16","Weisenheimer","24877","23848","1029"
"2011-01-17","Weisenheimer","99202","93342","5860"
"2011-01-18","Weisenheimer","121630","111748","9882"
"2011-01-19","Weisenheimer","90032","85741","4291"
"2011-01-20","Weisenheimer","112150","105988","6162"
"2011-01-21","Weisenheimer","98551","92465","6086"
"2011-01-22","Weisenheimer","77714","73034","4680"
"2011-01-23","Weisenheimer","85661","83250","2411"
"2011-01-24","Weisenheimer","110340","106355","3985"
"2011-01-25","Weisenheimer","69304","66127","3177"
"2011-01-26","Weisenheimer","126730","118461","8269"
"2011-01-27","Weisenheimer","96273","88894","7379"
"2011-01-28","Weisenheimer","95612","91460","4152"
"2011-01-29","Weisenheimer","68193","66158","2035"
"2011-01-30","Weisenheimer","122358","117460","4898"
"2011-01-31","Weisenheimer","69385","67071","2314"
"2011-02-01","Weisenheimer","34047","31449","2598"
"2011-02-02","Weisenheimer","95591","86681","8910"
"2011-02-03","Weisenheimer","50595","49334","1261"
"2011-02-04","Weisenheimer","60525","57629","2896"
"2011-02-05","Weisenheimer","55515","51843","3672"
"2011-02-06","Weisenheimer","130510","121104","9406"
"2011-02-07","Weisenheimer","106022","98761","7261"
"2011-02-08","Weisenheimer","69134","65280","3854"
"2011-02-09","Weisenheimer","64875","60205","4670"
"2011-02-10","Weisenheimer","49835","48640","1195"
"2011-02-11","Weisenheimer","72624","69678","2946"
"2011-02-12","Weisenheimer","103181","96729","6452"
"2011-02-13","Weisenheimer","77424","74789","2635"
"2011-02-14","Weisenheimer","122378","117374","5004"
"2011-02-15","Weisenheimer","55334","53415","1919"
"2011-02-16","Weisenheimer","52296","49150","3146"
"2011-02-17","Weisenheimer","124079","117190","6889"
"2011-02-18","Weisenheimer","85773","80666","5107"
"2011-02-19","Weisenheimer","67514","66408","1106"
"2011-02-20","Weisenheimer","44155","40573","3582"
"2011-02-21","Weisenheimer","190435","182329","8106"
"2011-02-22","Weisenheimer","213064","199077","13987"
"2011-02-23","Weisenheimer","123879","117358","6521"
"2011-02-24","Weisenheimer","90202","86588","3614"
"2011-02-25","Weisenheimer","147359","141879","5480"
"2011-02-26","Weisenheimer","111860","107743","4117"
"2011-02-27","Weisenheimer","126531","117717","8814"
"2011-02-28","Weisenheimer","76135","69127","7008"
"2011-03-01","Weisenheimer","107721","100066","7655"
"2011-03-02","Weisenheimer","96741","92832","3909"
"2011-03-03","Weisenheimer","89010","85675","3335"
"2011-03-04","Weisenheimer","150648","140871","9777"
"2011-03-05","Weisenheimer","125850","120369","5481"
"2011-03-06","Weisenheimer","51165","49267","1898"
"2011-03-07","Weisenheimer","97420","92582","4838"
"2011-03-08","Weisenheimer","123489","117343","6146"
"2011-03-09","Weisenheimer","66573","62422","4151"
"2011-03-10","Weisenheimer","124839","117884","6955"
"2011-03-11","Weisenheimer","50125","46885","3240"
"2011-03-12","Weisenheimer","124459","113848","10611"
"2011-03-13","Weisenheimer","50975","48506","2469"
"2011-03-14","Weisenheimer","112710","109364","3346"
"2011-03-15","Weisenheimer","63724","60408","3316"
"2011-03-16","Weisenheimer","94572","89078","5494"
"2011-03-17","Weisenheimer","112260","106829","5431"
"2011-03-18","Weisenheimer","90222","86502","3720"
"2011-03-19","Weisenheimer","113989","111669","2320"
"2011-03-20","Weisenheimer","119261","110676","8585"
"2011-03-21","Weisenheimer","73674","68617","5057"
"2011-03-22","Weisenheimer","163574","157028","6546"
"2011-03-23","Weisenheimer","72063","69728","2335"
"2011-03-24","Weisenheimer","125098","119657","5441"
"2011-03-25","Weisenheimer","60335","56868","3467"
"2011-03-26","Weisenheimer","111880","107657","4223"
"2011-03-27","Weisenheimer","32156","30872","1284"
"2011-03-28","Weisenheimer","89462","85808","3654"
"2011-03-29","Weisenheimer","79062","75064","3998"
"2011-03-30","Weisenheimer","77653","72004","5649"
"2011-03-31","Weisenheimer","87293","82054","5239"
"2011-04-01","Weisenheimer","38306","36524","1782"
"2011-04-02","Weisenheimer","75065","70274","4791"
"2011-04-03","Weisenheimer","90032","85741","4291"
"2011-04-04","Weisenheimer","83803","77656","6147"
"2011-04-05","Weisenheimer","88991","84271","4720"
"2011-04-06","Weisenheimer","99372","94189","5183"
"2011-04-07","Weisenheimer","181385","172126","9259"
"2011-04-08","Weisenheimer","142609","133153","9456"
"2011-04-09","Weisenheimer","52486","49911","2575"
"2011-04-10","Weisenheimer","117928","112450","5478"
"2011-04-11","Weisenheimer","108741","102534","6207"
"2011-04-12","Weisenheimer","97773","90368","7405"
"2011-04-13","Weisenheimer","116619","111738","4881"
"2011-04-14","Weisenheimer","61265","58409","2856"
"2011-04-15","Weisenheimer","149967","143523","6444"
"2011-04-16","Weisenheimer","104192","99214","4978"
"2011-04-17","Weisenheimer","79064","73575","5489"
"2011-04-18","Weisenheimer","121430","114430","7000"
"2011-04-19","Weisenheimer","140327","133473","6854"
"2011-04-20","Weisenheimer","67764","64825","2939"
"2011-04-21","Weisenheimer","103750","97574","6176"
"2011-04-22","Weisenheimer","156988","147284","9704"
"2011-04-23","Weisenheimer","125029","118645","6384"
"2011-04-24","Weisenheimer","76603","73065","3538"
"2011-04-25","Weisenheimer","60724","58373","2351"
"2011-04-26","Weisenheimer","110830","108718","2112"
"2011-04-27","Weisenheimer","121701","116135","5566"
"2011-04-28","Weisenheimer","164896","157673","7223"
"2011-04-29","Weisenheimer","46906","44192","2714"
"2011-04-30","Weisenheimer","69284","66213","3071"
"2011-05-01","Weisenheimer","112930","106596","6334"
"2011-05-02","Weisenheimer","116781","108762","8019"
"2011-05-03","Weisenheimer","221813","211104","10709"
"2011-05-04","Weisenheimer","87532","83913","3619"
"2011-05-05","Weisenheimer","26946","25254","1692"
"2011-05-06","Weisenheimer","83233","77723","5510"
"2011-05-07","Weisenheimer","50303","47714","2589"
"2011-05-08","Weisenheimer","80582","76452","4130"
"2011-05-09","Weisenheimer","75823","72457","3366"
"2011-05-10","Weisenheimer","70052","66889","3163"
"2011-05-11","Weisenheimer","174196","166029","8167"
"2011-05-12","Weisenheimer","144307","135370","8937"
"2011-05-13","Weisenheimer","77933","73692","4241"
"2011-05-14","Weisenheimer","67804","64653","3151"
"2011-05-15","Weisenheimer","164335","156232","8103"
"2011-05-16","Weisenheimer","74063","70122","3941"
"2011-05-17","Weisenheimer","82473","77029","5444"
"2011-05-18","Weisenheimer","109521","103142","6379"
"2011-05-19","Weisenheimer","111491","106152","5339"
"2011-05-20","Weisenheimer","67433","65464","1969"
"2011-05-21","Weisenheimer","108191","102515","5676"
"2011-05-22","Weisenheimer","71783","68040","3743"
"2011-05-23","Weisenheimer","56465","53298","3167"
"2011-05-24","Weisenheimer","121519","114333","7186"
"2011-05-25","Weisenheimer","195095","183064","12031"
"2011-05-26","Weisenheimer","77714","73034","4680"
"2011-05-27","Weisenheimer","38306","36524","1782"
"2011-05-28","Weisenheimer","34807","32143","2664"
"2011-05-29","Weisenheimer","111278","107878","3400"
"2011-05-30","Weisenheimer","93701","90969","2732"
"2011-05-31","Weisenheimer","73945","65458","8487"
"2011-06-01","Weisenheimer","141188","135025","6163"
"2011-06-02","Weisenheimer","124230","116633","7597"
"2011-06-03","Weisenheimer","34517","33898","619"
"2011-06-04","Weisenheimer","155077","146793","8284"
"2011-06-05","Weisenheimer","152355","143071","9284"
"2011-06-06","Weisenheimer","119139","114767","4372"
"2011-06-07","Weisenheimer","31766","30279","1487"
"2011-06-08","Weisenheimer","154039","142922","11117"
"2011-06-09","Weisenheimer","128058","120577","7481"
"2011-06-10","Weisenheimer","135040","127884","7156"
"2011-06-11","Weisenheimer","91252","85527","5725"
"2011-06-12","Weisenheimer","85402","81477","3925"
"2011-06-13","Weisenheimer","103941","97423","6518"
"2011-06-14","Weisenheimer","65074","60949","4125"
"2011-06-15","Weisenheimer","168986","158475","10511"
"2011-06-16","Weisenheimer","153486","147818","5668"
"2011-06-17","Weisenheimer","152738","142192","10546"
"2011-06-18","Weisenheimer","55395","54445","950"
"2011-06-19","Weisenheimer","74983","69329","5654"
"2011-06-20","Weisenheimer","133149","127307","5842"
"2011-06-21","Weisenheimer","114619","111344","3275"
"2011-06-22","Weisenheimer","88141","85164","2977"
"2011-06-23","Weisenheimer","140069","130210","9859"
"2011-06-24","Weisenheimer","73481","70257","3224"
"2011-06-25","Weisenheimer","135590","127903","7687"
"2011-06-26","Weisenheimer","147438","138161","9277"
"2011-06-27","Weisenheimer","110631","103110","7521"
"2011-06-28","Weisenheimer","61575","56568","5007"
"2011-06-29","Weisenheimer","119139","114767","4372"
"2011-06-30","Weisenheimer","86533","81360","5173"
"2011-07-01","Weisenheimer","159836","150788","9048"
"2011-07-02","Weisenheimer","142398","138254","4144"
"2011-07-03","Weisenheimer","146536","141066","5470"
"2011-07-04","Weisenheimer","102500","99381","3119"
"2011-07-05","Weisenheimer","47666","44886","2780"
"2011-07-06","Weisenheimer","123689","116597","7092"
"2011-07-07","Weisenheimer","196344","182747","13597"
"2011-07-08","Weisenheimer","140328","131983","8345"
"2011-07-09","Weisenheimer","118040","109866","8174"
"2011-07-10","Weisenheimer","107411","101907","5504"
"2011-07-11","Weisenheimer","95703","88961","6742"
"2011-07-12","Weisenheimer","72894","68009","4885"
"2011-07-13","Weisenheimer","122749","116563","6186"
"2011-07-14","Weisenheimer","92861","87841","5020"
"2011-07-15","Weisenheimer","124638","119542","5096"
"2011-07-16","Weisenheimer","46984","42673","4311"
"2011-07-17","Weisenheimer","113281","105871","7410"
"2011-07-18","Weisenheimer","67804","64653","3151"
"2011-07-19","Weisenheimer","101480","96913","4567"
"2011-07-20","Weisenheimer","107391","101993","5398"
"2011-07-21","Weisenheimer","136567","130744","5823"
"2011-07-22","Weisenheimer","128329","122282","6047"
"2011-07-23","Weisenheimer","135977","130897","5080"
"2011-07-24","Weisenheimer","115778","110100","5678"
"2011-07-25","Weisenheimer","111961","108601","3360"
"2011-07-26","Weisenheimer","92113","87079","5034"
"2011-07-27","Weisenheimer","115760","107784","7976"
"2011-07-28","Weisenheimer","42846","39861","2985"
"2011-07-29","Weisenheimer","56465","53298","3167"
"2011-07-30","Weisenheimer","152077","144758","7319"
"2011-07-31","Weisenheimer","67704","62305","5399"
"2011-08-01","Weisenheimer","96920","93662","3258"
"2011-08-02","Weisenheimer","71023","67346","3677"
"2011-08-03","Weisenheimer","94542","92607","1935"
"2011-08-04","Weisenheimer","72543","68734","3809"
"2011-08-05","Weisenheimer","98831","94153","4678"
"2011-08-06","Weisenheimer","76133","70616","5517"
"2011-08-07","Weisenheimer","70455","65924","4531"
"2011-08-08","Weisenheimer","65653","63215","2438"
"2011-08-09","Weisenheimer","69034","67796","1238"
"2011-08-10","Weisenheimer","123708","118001","5707"
"2011-08-11","Weisenheimer","49835","48640","1195"
"2011-08-12","Weisenheimer","72624","69678","2946"
"2011-08-13","Weisenheimer","133267","127107","6160"
"2011-08-14","Weisenheimer","106590","100183","6407"
"2011-08-15","Weisenheimer","100392","96657","3735"
"2011-08-16","Weisenheimer","71412","68851","2561"
"2011-08-17","Weisenheimer","146787","137284","9503"
"2011-08-18","Weisenheimer","103432","98520","4912"
"2011-08-19","Weisenheimer","89252","85133","4119"
"2011-08-20","Weisenheimer","69324","66041","3283"
"2011-08-21","Weisenheimer","108349","103430","4919"
"2011-08-22","Weisenheimer","184695","172320","12375"
"2011-08-23","Weisenheimer","78474","73728","4746"
"2011-08-24","Weisenheimer","138516","134752","3764"
"2011-08-25","Weisenheimer","64314","60255","4059"
"2011-08-26","Weisenheimer","140700","131173","9527"
"2011-08-27","Weisenheimer","96721","92918","3803"
"2011-08-28","Weisenheimer","119159","114681","4478"
"2011-08-29","Weisenheimer","59765","56935","2830"
"2011-08-30","Weisenheimer","88621","84170","4451"
"2011-08-31","Weisenheimer","98221","94392","3829"
"2011-09-01","Weisenheimer","193174","186016","7158"
"2011-09-02","Weisenheimer","141087","134167","6920"
"2011-09-03","Weisenheimer","73753","71963","1790"
"2011-09-04","Weisenheimer","125479","121180","4299"
"2011-09-05","Weisenheimer","100831","94547","6284"
"2011-09-06","Weisenheimer","73954","70305","3649"
"2011-09-07","Weisenheimer","139279","133045","6234"
"2011-09-08","Weisenheimer","168584","162814","5770"
"2011-09-09","Weisenheimer","34517","33898","619"
"2011-09-10","Weisenheimer","73562","71201","2361"
"2011-09-11","Weisenheimer","125660","119608","6052"
"2011-09-12","Weisenheimer","136097","128295","7802"
"2011-09-13","Weisenheimer","173346","164408","8938"
"2011-09-14","Weisenheimer","64855","60291","4564"
"2011-09-15","Weisenheimer","114142","107423","6719"
"2011-09-16","Weisenheimer","70374","64980","5394"
"2011-09-17","Weisenheimer","185905","175549","10356"
"2011-09-18","Weisenheimer","75375","68433","6942"
"2011-09-19","Weisenheimer","68564","65347","3217"
"2011-09-20","Weisenheimer","130139","121915","8224"
"2011-09-21","Weisenheimer","135237","130117","5120"
"2011-09-22","Weisenheimer","123959","119792","4167"
"2011-09-23","Weisenheimer","157329","150002","7327"
"2011-09-24","Weisenheimer","202841","190074","12767"
"2011-09-25","Weisenheimer","168165","156751","11414"
"2011-09-26","Weisenheimer","69134","65280","3854"
"2011-09-27","Weisenheimer","77714","73034","4680"
"2011-09-28","Weisenheimer","103661","95735","7926"
"2011-09-29","Weisenheimer","76313","74820","1493"
"2011-09-30","Weisenheimer","89442","85894","3548"
"2011-10-01","Weisenheimer","124269","117951","6318"
"2011-10-02","Weisenheimer","82554","77973","4581"
"2011-10-03","Weisenheimer","98160","93362","4798"
"2011-10-04","Weisenheimer","63744","60322","3422"
"2011-10-05","Weisenheimer","46535","45003","1532"
"2011-10-06","Weisenheimer","109241","101454","7787"
"2011-10-07","Weisenheimer","85872","83926","1946"
"2011-10-08","Weisenheimer","178266","166917","11349"
"2011-10-09","Weisenheimer","122471","113386","9085"
"2011-10-10","Weisenheimer","117738","111689","6049"
"2011-10-11","Weisenheimer","116291","111263","5028"
"2011-10-12","Weisenheimer","166258","152369","13889"
"2011-10-13","Weisenheimer","156228","146590","9638"
"2011-10-14","Weisenheimer","117820","112634","5186"
"2011-10-15","Weisenheimer","127198","122399","4799"
"2011-10-16","Weisenheimer","48426","45580","2846"
"2011-10-17","Weisenheimer","69304","66127","3177"
"2011-10-18","Weisenheimer","29697","28873","824"
"2011-10-19","Weisenheimer","78413","72698","5715"
"2011-10-20","Weisenheimer","78123","74453","3670"
"2011-10-21","Weisenheimer","134280","127190","7090"
"2011-10-22","Weisenheimer","149619","136983","12636"
"2011-10-23","Weisenheimer","182876","168753","14123"
"2011-10-24","Weisenheimer","96741","92832","3909"
"2011-10-25","Weisenheimer","110279","105325","4954"
"2011-10-26","Weisenheimer","134160","124928","9232"
"2011-10-27","Weisenheimer","100152","94797","5355"
"2011-10-28","Weisenheimer","167597","155329","12268"
"2011-10-29","Weisenheimer","114909","109589","5320"
"2011-10-30","Weisenheimer","126160","118528","7632"
"2011-10-31","Weisenheimer","115160","111380","3780"
"2011-11-01","Weisenheimer","127768","122332","5436"
"2011-11-02","Weisenheimer","136070","126909","9161"
"2011-11-03","Weisenheimer","71763","68126","3637"
"2011-11-04","Weisenheimer","112821","106779","6042"
"2011-11-05","Weisenheimer","84312","82710","1602"
"2011-11-06","Weisenheimer","126420","120302","6118"
"2011-11-07","Weisenheimer","65155","61893","3262"
"2011-11-08","Weisenheimer","42846","39861","2985"
"2011-11-09","Weisenheimer","226279","214969","11310"
"2011-11-10","Weisenheimer","71473","69881","1592"
"2011-11-11","Weisenheimer","145550","132669","12881"
"2011-11-12","Weisenheimer","113011","107540","5471"
"2011-11-13","Weisenheimer","88331","85925","2406"
"2011-11-14","Weisenheimer","157187","148028","9159"
"2011-11-15","Weisenheimer","113642","108503","5139"
"2011-11-16","Weisenheimer","79824","74269","5555"
"2011-11-17","Weisenheimer","177376","165468","11908"
"2011-11-18","Weisenheimer","133599","129842","3757"
"2011-11-19","Weisenheimer","118279","111725","6554"
"2011-11-20","Weisenheimer","186414","174452","11962"
"2011-11-21","Weisenheimer","132018","127424","4594"
"2011-11-22","Weisenheimer","78413","72698","5715"
"2011-11-23","Weisenheimer","160253","153476","6777"
"2011-11-24","Weisenheimer","70832","67497","3335"
"2011-11-25","Weisenheimer","163337","153680","9657"
"2011-11-26","Weisenheimer","94850","92255","2595"
"2011-11-27","Weisenheimer","112521","105177","7344"
"2011-11-28","Weisenheimer","155507","149414","6093"
"2011-11-29","Weisenheimer","130190","121524","8666"
"2011-11-30","Weisenheimer","72233","70575","1658"
"2011-12-01","Weisenheimer","108171","102601","5570"
"2011-12-02","Weisenheimer","110340","106355","3985"
"2011-12-03","Weisenheimer","95393","90802","4591"
"2011-12-04","Weisenheimer","100152","94797","5355"
"2011-12-05","Weisenheimer","119820","112115","7705"
"2011-12-06","Weisenheimer","120639","116241","4398"
"2011-12-07","Weisenheimer","101480","96913","4567"
"2011-12-08","Weisenheimer","51726","49217","2509"
"2011-12-09","Weisenheimer","167215","155296","11919"
"2011-12-10","Weisenheimer","109600","105575","4025"
"2011-12-11","Weisenheimer","140627","135075","5552"
"2011-12-12","Weisenheimer","52664","50740","1924"
"2011-12-13","Weisenheimer","75082","72589","2493"
"2011-12-14","Weisenheimer","82651","77858","4793"
"2011-12-15","Weisenheimer","102561","100411","2150"
"2011-12-16","Weisenheimer","171187","157211","13976"
"2011-12-17","Weisenheimer","75472","73182","2290"
"2011-12-18","Weisenheimer","133989","125571","8418"
"2011-12-19","Weisenheimer","129659","122909","6750"
"2011-12-20","Weisenheimer","68544","65433","3111"
"2011-12-21","Weisenheimer","111132","102031","9101"
"2011-12-22","Weisenheimer","106979","101688","5291"
"2011-12-23","Weisenheimer","85092","83318","1774"
"2011-12-24","Weisenheimer","146017","140033","5984"
"2011-12-25","Weisenheimer","91333","86471","4862"
"2011-12-26","Weisenheimer","92291","87908","4383"
"2011-12-27","Weisenheimer","180718","167444","13274"
"2011-12-28","Weisenheimer","125188","118070","7118"
"2011-12-29","Weisenheimer","159936","148272","11664"
"2011-12-30","Weisenheimer","113111","105024","8087"
"2011-12-31","Weisenheimer","198584","184088","14496"
"2012-01-01","Weisenheimer","220402","209533","10869"
"2012-01-02","Weisenheimer","105633","97256","8377"
"2012-01-03","Weisenheimer","94552","89164","5388"
"2012-01-04","Weisenheimer","154337","141149","13188"
"2012-01-05","Weisenheimer","174717","166151","8566"
"2012-01-06","Weisenheimer","67433","65464","1969"
"2012-01-07","Weisenheimer","135156","129173","5983"
"2012-01-08","Weisenheimer","103371","97490","5881"
"2012-01-09","Weisenheimer","200523","186675","13848"
"2012-01-10","Weisenheimer","127449","119326","8123"
"2012-01-11","Weisenheimer","116990","110927","6063"
"2012-01-12","Weisenheimer","280644","270389","10255"
"2012-01-13","Weisenheimer","158006","151241","6765"
"2012-01-14","Weisenheimer","202413","193606","8807"
"2012-01-15","Weisenheimer","69583","67814","1769"
"2012-01-16","Weisenheimer","199054","186537","12517"
"2012-01-17","Weisenheimer","138807","132085","6722"
"2012-01-18","Weisenheimer","146588","136540","10048"
"2012-01-19","Weisenheimer","156897","149783","7114"
"2012-01-20","Weisenheimer","155197","144191","11006"
"2012-01-21","Weisenheimer","130758","127810","2948"
"2012-01-22","Weisenheimer","197923","186654","11269"
"2012-01-23","Weisenheimer","181845","171218","10627"
"2012-01-24","Weisenheimer","137676","132202","5474"
"2012-01-25","Weisenheimer","210901","197707","13194"
"2012-01-26","Weisenheimer","165034","157183","7851"
"2012-01-27","Weisenheimer","132288","125755","6533"
"2012-01-28","Weisenheimer","185763","173575","12188"
"2012-01-29","Weisenheimer","149696","141818","7878"
"2012-01-30","Weisenheimer","237902","221607","16295"
"2012-01-31","Weisenheimer","69583","67814","1769"
"2012-02-01","Weisenheimer","155077","146793","8284"
"2012-02-02","Weisenheimer","202573","190832","11741"
"2012-02-03","Weisenheimer","172985","161776","11209"
"2012-02-04","Weisenheimer","153496","144375","9121"
"2012-02-05","Weisenheimer","127687","121388","6299"
"2012-02-06","Weisenheimer","139019","131271","7748"
"2012-02-07","Weisenheimer","170987","159893","11094"
"2012-02-08","Weisenheimer","112930","106596","6334"
"2012-02-09","Weisenheimer","121050","115258","5792"
"2012-02-10","Weisenheimer","155936","150747","5189"
"2012-02-11","Weisenheimer","143276","137835","5441"
"2012-02-12","Weisenheimer","212429","206719","5710"
"2012-02-13","Weisenheimer","187642","179084","8558"
"2012-02-14","Weisenheimer","165875","158112","7763"
"2012-02-15","Weisenheimer","144687","139406","5281"
"2012-02-16","Weisenheimer","228639","217994","10645"
"2012-02-17","Weisenheimer","207083","192834","14249"
"2012-02-18","Weisenheimer","174093","166660","7433"
"2012-02-19","Weisenheimer","94491","88134","6357"
"2012-02-20","Weisenheimer","210770","199465","11305"
"2012-02-21","Weisenheimer","110340","106355","3985"
"2012-02-22","Weisenheimer","216204","199337","16867"
"2012-02-23","Weisenheimer","143079","135602","7477"
"2012-02-24","Weisenheimer","207934","195893","12041"
"2012-02-25","Weisenheimer","211542","200091","11451"
"2012-02-26","Weisenheimer","205131","197378","7753"
"2012-02-27","Weisenheimer","88801","83510","5291"
"2012-02-28","Weisenheimer","174387","158500","15887"
"2012-02-29","Weisenheimer","134927","131958","2969"
"2012-03-01","Weisenheimer","199354","188139","11215"
"2012-03-02","Weisenheimer","209951","201116","8835"
"2012-03-03","Weisenheimer","199254","185791","13463"
"2012-03-04","Weisenheimer","138628","132168","6460"
"2012-03-05","Weisenheimer","264028","250002","14026"
"2012-03-06","Weisenheimer","173265","163464","9801"
"2012-03-07","Weisenheimer","156127","145732","10395"
"2012-03-08","Weisenheimer","256557","243706","12851"
"2012-03-09","Weisenheimer","64875","60205","4670"
"2012-03-10","Weisenheimer","112119","109516","2603"
"2012-03-11","Weisenheimer","191473","181336","10137"
"2012-03-12","Weisenheimer","128759","124903","3856"
"2012-03-13","Weisenheimer","156536","147151","9385"
"2012-03-14","Weisenheimer","127488","120644","6844"
"2012-03-15","Weisenheimer","192484","183821","8663"
"2012-03-16","Weisenheimer","193944","183267","10677"
"2012-03-17","Weisenheimer","91842","85374","6468"
"2012-03-18","Weisenheimer","182433","172554","9879"
"2012-03-19","Weisenheimer","81912","77079","4833"
"2012-03-20","Weisenheimer","151197","146666","4531"
"2012-03-21","Weisenheimer","145427","140186","5241"
"2012-03-22","Weisenheimer","198223","188256","9967"
"2012-03-23","Weisenheimer","141399","130837","10562"
"2012-03-24","Weisenheimer","206823","195924","10899"
"2012-03-25","Weisenheimer","214761","202784","11977"
"2012-03-26","Weisenheimer","172405","165286","7119"
"2012-03-27","Weisenheimer","157886","148979","8907"
"2012-03-28","Weisenheimer","128198","124953","3245"
"2012-03-29","Weisenheimer","152998","143966","9032"
"2012-03-30","Weisenheimer","239739","222626","17113"
"2012-03-31","Weisenheimer","132268","125841","6427"
"2012-04-01","Weisenheimer","198304","184336","13968"
"2012-04-02","Weisenheimer","139477","133788","5689"
"2012-04-03","Weisenheimer","77343","73845","3498"
"2012-04-04","Weisenheimer","145437","136743","8694"
"2012-04-05","Weisenheimer","79532","77513","2019"
"2012-04-06","Weisenheimer","137408","132382","5026"
"2012-04-07","Weisenheimer","174394","164836","9558"
"2012-04-08","Weisenheimer","309984","292739","17245"
"2012-04-09","Weisenheimer","142238","133964","8274"
"2012-04-10","Weisenheimer","223181","208184","14997"
"2012-04-11","Weisenheimer","110749","107774","2975"
"2012-04-12","Weisenheimer","156096","149260","6836"
"2012-04-13","Weisenheimer","185934","175446","10488"
"2012-04-14","Weisenheimer","204342","190636","13706"
"2012-04-15","Weisenheimer","185054","177354","7700"
"2012-04-16","Weisenheimer","212920","199505","13415"
"2012-04-17","Weisenheimer","244700","231115","13585"
"2012-04-18","Weisenheimer","163507","153614","9893"
"2012-04-19","Weisenheimer","184937","172691","12246"
"2012-04-20","Weisenheimer","190551","183618","6933"
"2012-04-21","Weisenheimer","149227","142743","6484"
"2012-04-22","Weisenheimer","142668","136585","6083"
"2012-04-23","Weisenheimer","136898","130105","6793"
"2012-04-24","Weisenheimer","222520","210750","11770"
"2012-04-25","Weisenheimer","246172","229915","16257"
"2012-04-26","Weisenheimer","156147","145646","10501"
"2012-04-27","Weisenheimer","167386","154653","12733"
"2012-04-28","Weisenheimer","233600","220332","13268"
"2012-04-29","Weisenheimer","205301","192074","13227"
"2012-04-30","Weisenheimer","153477","142971","10506"
"2012-05-01","Weisenheimer","132369","126699","5670"
"2012-05-02","Weisenheimer","209161","197151","12010"
"2012-05-03","Weisenheimer","191702","183415","8287"
"2012-05-04","Weisenheimer","148826","142219","6607"
"2012-05-05","Weisenheimer","189262","177956","11306"
"2012-05-06","Weisenheimer","58634","57052","1582"
"2012-05-07","Weisenheimer","204529","196312","8217"
"2012-05-08","Weisenheimer","163525","155930","7595"
"2012-05-09","Weisenheimer","205952","192951","13001"
"2012-05-10","Weisenheimer","214941","206988","7953"
"2012-05-11","Weisenheimer","146687","139800","6887"
"2012-05-12","Weisenheimer","174773","164920","9853"
"2012-05-13","Weisenheimer","155938","148345","7593"
"2012-05-14","Weisenheimer","157166","148113","9053"
"2012-05-15","Weisenheimer","194605","180701","13904"
"2012-05-16","Weisenheimer","145237","139425","5812"
"2012-05-17","Weisenheimer","134199","126246","7953"
"2012-05-18","Weisenheimer","202374","190088","12286"
"2012-05-19","Weisenheimer","289355","276385","12970"
"2012-05-20","Weisenheimer","167423","158373","9050"
"2012-05-21","Weisenheimer","166815","158146","8669"
"2012-05-22","Weisenheimer","154146","146164","7982"
"2012-05-23","Weisenheimer","240402","223435","16967"
"2012-05-24","Weisenheimer","122068","119215","2853"
"2012-05-25","Weisenheimer","157076","149700","7376"
"2012-05-26","Weisenheimer","105230","103085","2145"
"2012-05-27","Weisenheimer","207863","198306","9557"
"2012-05-28","Weisenheimer","159716","148526","11190"
"2012-05-29","Weisenheimer","243588","232058","11530"
"2012-05-30","Weisenheimer","201774","193684","8090"
"2012-05-31","Weisenheimer","104701","98117","6584"
"2012-06-01","Weisenheimer","50885","47579","3306"
"2012-06-02","Weisenheimer","98922","91654","7268"
"2012-06-03","Weisenheimer","20898","20461","437"
"2012-06-04","Weisenheimer","34807","32143","2664"
"2012-06-05","Weisenheimer","57116","54175","2941"
"2012-06-06","Weisenheimer","39627","37168","2459"
"2012-06-07","Weisenheimer","65893","64162","1731"
"2012-06-08","Weisenheimer","96153","91496","4657"
"2012-06-09","Weisenheimer","117989","113480","4509"
"2012-06-10","Weisenheimer","46906","44192","2714"
"2012-06-11","Weisenheimer","57774","54010","3764"
"2012-06-12","Weisenheimer","22947","21953","994"
"2012-06-13","Weisenheimer","105242","98153","7089"
"2012-06-14","Weisenheimer","61575","56568","5007"
"2012-06-15","Weisenheimer","88992","83359","5633"
"2012-06-16","Weisenheimer","71412","68851","2561"
"2012-06-17","Weisenheimer","101739","98686","3053"
"2012-06-18","Weisenheimer","77714","73034","4680"
"2012-06-19","Weisenheimer","102479","99466","3013"
"2012-06-20","Weisenheimer","135958","129493","6465"
"2012-06-21","Weisenheimer","83604","76912","6692"
"2012-06-22","Weisenheimer","117361","110116","7245"
"2012-06-23","Weisenheimer","37736","36591","1145"
"2012-06-24","Weisenheimer","63434","62163","1271"
"2012-06-25","Weisenheimer","84162","81777","2385"
"2012-06-26","Weisenheimer","55395","54445","950"
"2012-06-27","Weisenheimer","26946","25254","1692"
"2012-06-28","Weisenheimer","54655","53665","990"
"2012-06-29","Weisenheimer","95983","90649","5334"
"2012-06-30","Weisenheimer","73194","69611","3583"
"2012-07-01","Weisenheimer","98261","94220","4041"
"2012-07-02","Weisenheimer","58166","53114","5052"
"2012-07-03","Weisenheimer","123789","118945","4844"
"2012-07-04","Weisenheimer","76854","69992","6862"
"2012-07-05","Weisenheimer","52016","47462","4554"
"2012-07-06","Weisenheimer","99001","95000","4001"
"2012-07-07","Weisenheimer","102980","98387","4593"
"2012-07-08","Weisenheimer","67514","66408","1106"
"2012-07-09","Weisenheimer","34807","32143","2664"
"2012-07-10","Weisenheimer","80392","75691","4701"
"2012-07-11","Weisenheimer","24877","23848","1029"
"2012-07-12","Weisenheimer","72624","69678","2946"
"2012-07-13","Weisenheimer","85483","82421","3062"
"2012-07-14","Weisenheimer","78494","73642","4852"
"2012-07-15","Weisenheimer","86343","80599","5744"
"2012-07-16","Weisenheimer","108481","100760","7721"
"2012-07-17","Weisenheimer","79822","75758","4064"
"2012-07-18","Weisenheimer","113560","107558","6002"
"2012-07-19","Weisenheimer","54365","50556","3809"
"2012-07-20","Weisenheimer","87843","82073","5770"
"2012-07-21","Weisenheimer","23727","22561","1166"
"2012-07-22","Weisenheimer","56465","53298","3167"
"2012-07-23","Weisenheimer","94572","89078","5494"
"2012-07-24","Weisenheimer","111868","107725","4143"
"2012-07-25","Weisenheimer","119899","115461","4438"
"2012-07-26","Weisenheimer","112471","108792","3679"
"2012-07-27","Weisenheimer","59745","57021","2724"
"2012-07-28","Weisenheimer","81052","78901","2151"
"2012-07-29","Weisenheimer","121600","115277","6323"
"2012-07-30","Weisenheimer","94282","90833","3449"
"2012-07-31","Weisenheimer","173536","165169","8367"
"2012-08-01","Weisenheimer","107820","103326","4494"
"2012-08-02","Weisenheimer","60874","59306","1568"
"2012-08-03","Weisenheimer","36976","35897","1079"
"2012-08-04","Weisenheimer","97071","93105","3966"
"2012-08-05","Weisenheimer","24877","23848","1029"
"2012-08-06","Weisenheimer","65053","61034","4019"
"2012-08-07","Weisenheimer","78123","74453","3670"
"2012-08-08","Weisenheimer","65915","62587","3328"
"2012-08-09","Weisenheimer","60525","57629","2896"
"2012-08-10","Weisenheimer","49754","47696","2058"
"2012-08-11","Weisenheimer","78192","75465","2727"
"2012-08-12","Weisenheimer","60525","57629","2896"
"2012-08-13","Weisenheimer","87571","85231","2340"
"2012-08-14","Weisenheimer","112073","101153","10920"
"2012-08-15","Weisenheimer","55985","54292","1693"
"2012-08-16","Weisenheimer","89381","84864","4517"
"2012-08-17","Weisenheimer","39607","37254","2353"
"2012-08-18","Weisenheimer","96451","94587","1864"
"2012-08-19","Weisenheimer","26397","25236","1161"
"2012-08-20","Weisenheimer","113011","107540","5471"
"2012-08-21","Weisenheimer","80760","77281","3479"
"2012-08-22","Weisenheimer","134199","126246","7953"
"2012-08-23","Weisenheimer","69894","65974","3920"
"2012-08-24","Weisenheimer","66395","61593","4802"
"2012-08-25","Weisenheimer","107630","102565","5065"
"2012-08-26","Weisenheimer","78494","73642","4852"
"2012-08-27","Weisenheimer","66944","61611","5333"
"2012-08-28","Weisenheimer","94961","90583","4378"
"2012-08-29","Weisenheimer","77643","75447","2196"
"2012-08-30","Weisenheimer","76603","73065","3538"
"2012-08-31","Weisenheimer","79544","72581","6963"
"2012-09-01","Weisenheimer","99111","95841","3270"
"2012-09-02","Weisenheimer","41796","40922","874"
"2012-09-03","Weisenheimer","137027","129836","7191"
"2012-09-04","Weisenheimer","76603","73065","3538"
"2012-09-05","Weisenheimer","32916","31566","1350"
"2012-09-06","Weisenheimer","64024","62010","2014"
"2012-09-07","Weisenheimer","77363","73759","3604"
"2012-09-08","Weisenheimer","36976","35897","1079"
"2012-09-09","Weisenheimer","105250","98135","7115"
"2012-09-10","Weisenheimer","78494","73642","4852"
"2012-09-11","Weisenheimer","114909","109589","5320"
"2012-09-12","Weisenheimer","32916","31566","1350"
"2012-09-13","Weisenheimer","51706","49303","2403"
"2012-09-14","Weisenheimer","99121","92398","6723"
"2012-09-15","Weisenheimer","99392","94103","5289"
"2012-09-16","Weisenheimer","118669","112318","6351"
"2012-09-18","Weisenheimer","63725","58918","4807"
"2012-09-19","Weisenheimer","191035","178733","12302"
"2012-09-20","Weisenheimer","130200","122945","7255"
"2012-09-21","Weisenheimer","139858","129534","10324"
"2012-09-22","Weisenheimer","118189","113312","4877"
"2012-09-23","Weisenheimer","36976","35897","1079"
"2012-09-24","Weisenheimer","78494","73642","4852"
"2012-09-25","Weisenheimer","68824","67121","1703"
"2012-09-26","Weisenheimer","148479","137117","11362"
"2012-09-27","Weisenheimer","96621","90570","6051"
"2012-09-28","Weisenheimer","78494","73642","4852"
"2012-09-29","Weisenheimer","88231","83577","4654"
"2012-09-30","Weisenheimer","168894","160973","7921"
"2012-10-01","Weisenheimer","102330","98534","3796"
"2012-10-02","Weisenheimer","100610","97314","3296"
"2012-10-03","Weisenheimer","64504","61016","3488"
"2012-10-04","Weisenheimer","127160","121082","6078"
"2012-10-05","Weisenheimer","76132","71528","4604"
"2012-10-06","Weisenheimer","87293","82054","5239"
"2012-10-07","Weisenheimer","138318","134009","4309"
"2012-10-08","Weisenheimer","60505","57715","2790"
"2012-10-09","Weisenheimer","59394","57746","1648"
"2012-10-10","Weisenheimer","96562","90565","5997"
"2012-10-11","Weisenheimer","51645","48273","3372"
"2012-10-12","Weisenheimer","68844","67035","1809"
"2012-10-13","Weisenheimer","133409","129081","4328"
"2012-10-14","Weisenheimer","64875","60205","4670"
"2012-10-15","Weisenheimer","139309","129516","9793"
"2012-10-16","Weisenheimer","140150","131154","8996"
"2012-10-17","Weisenheimer","26008","23731","2277"
"2012-10-18","Weisenheimer","63434","62163","1271"
"2012-10-19","Weisenheimer","166986","158081","8905"
"2012-10-20","Weisenheimer","37736","36591","1145"
"2012-10-21","Weisenheimer","77153","73084","4069"
"2012-10-22","Weisenheimer","80582","76452","4130"
"2012-10-23","Weisenheimer","133788","127229","6559"
"2012-10-24","Weisenheimer","59765","56935","2830"
"2012-10-25","Weisenheimer","115080","108946","6134"
"2012-10-26","Weisenheimer","38496","37285","1211"
"2012-10-27","Weisenheimer","172566","163800","8766"
"2012-10-28","Weisenheimer","69975","66918","3057"
"2012-10-29","Weisenheimer","87354","83084","4270"
"2012-10-30","Weisenheimer","91023","88312","2711"
"2012-10-31","Weisenheimer","166357","155629","10728"
"2012-11-01","Weisenheimer","51645","48273","3372"
"2012-11-02","Weisenheimer","118671","110829","7842"
"2012-11-03","Weisenheimer","59394","57746","1648"
"2012-11-04","Weisenheimer","94491","88134","6357"
"2012-11-05","Weisenheimer","71022","68258","2764"
"2012-11-06","Weisenheimer","81683","79864","1819"
"2012-11-07","Weisenheimer","89381","84864","4517"
"2012-11-08","Weisenheimer","136918","130019","6899"
"2012-11-09","Weisenheimer","115940","111988","3952"
"2012-11-10","Weisenheimer","138669","133284","5385"
"2012-11-11","Weisenheimer","90573","85777","4796"
"2012-11-12","Weisenheimer","148929","139652","9277"
"2012-11-13","Weisenheimer","84583","79551","5032"
"2012-11-14","Weisenheimer","94572","89078","5494"
"2012-11-15","Weisenheimer","50405","48573","1832"
"2012-11-16","Weisenheimer","83022","77047","5975"
"2012-11-17","Weisenheimer","115730","111313","4417"
"2012-11-18","Weisenheimer","67804","64653","3151"
"2012-11-19","Weisenheimer","102421","96035","6386"
"2012-11-20","Weisenheimer","101283","94680","6603"
"2012-11-21","Weisenheimer","54263","49697","4566"
"2012-11-22","Weisenheimer","153926","146996","6930"
"2012-11-23","Weisenheimer","95142","89011","6131"
"2012-11-24","Weisenheimer","100770","97318","3452"
"2012-11-25","Weisenheimer","50514","48390","2124"
"2012-11-26","Weisenheimer","102143","92858","9285"
"2012-11-27","Weisenheimer","45775","44309","1466"
"2012-11-28","Weisenheimer","123509","117257","6252"
"2012-11-29","Weisenheimer","130419","123603","6816"
"2012-11-30","Weisenheimer","94092","90072","4020"
"2012-12-01","Weisenheimer","81423","78090","3333"
"2012-12-02","Weisenheimer","74144","71066","3078"
"2012-12-03","Weisenheimer","108461","100846","7615"
"2012-12-04","Weisenheimer","107060","102632","4428"
"2012-12-05","Weisenheimer","89272","85047","4225"
"2012-12-06","Weisenheimer","66573","62422","4151"
"2012-12-07","Weisenheimer","72624","69678","2946"
"2012-12-08","Weisenheimer","104312","96612","7700"
"2012-12-09","Weisenheimer","60444","56685","3759"
"2012-12-10","Weisenheimer","85753","80752","5001"
"2012-12-11","Weisenheimer","119171","109749","9422"
"2012-12-12","Weisenheimer","99962","94036","5926"
"2012-12-13","Weisenheimer","139849","132978","6871"
"2012-12-14","Weisenheimer","110650","104514","6136"
"2012-12-15","Weisenheimer","127780","117400","10380"
"2012-12-16","Weisenheimer","40195","38590","1605"
"2012-12-17","Weisenheimer","98551","92465","6086"
"2012-12-18","Weisenheimer","29697","28873","824"
"2012-12-19","Weisenheimer","80543","75134","5409"
"2012-12-20","Weisenheimer","37736","36591","1145"
"2012-12-21","Weisenheimer","33676","32260","1416"
"2012-12-22","Weisenheimer","88053","82748","5305"
"2012-12-23","Weisenheimer","117341","110202","7139"
"2012-12-24","Weisenheimer","70283","68766","1517"
"2012-12-25","Weisenheimer","63373","61133","2240"
"2012-12-26","Weisenheimer","95393","90802","4591"
"2012-12-27","Weisenheimer","74063","70122","3941"
"2012-12-28","Weisenheimer","64214","62771","1443"
"2012-12-29","Weisenheimer","42475","40672","1803"
"2012-12-30","Weisenheimer","71783","68040","3743"
"2012-12-31","Weisenheimer","64893","62521","2372"
"2013-01-01","Weisenheimer","49835","48640","1195"
"2013-01-02","Weisenheimer","187723","180028","7695"
"2013-01-03","Weisenheimer","216409","208616","7793"
"2013-01-04","Weisenheimer","129379","121221","8158"
"2013-01-05","Weisenheimer","294137","273029","21108"
"2013-01-06","Weisenheimer","227140","216521","10619"
"2013-01-07","Weisenheimer","141288","132509","8779"
"2013-01-08","Weisenheimer","218981","211405","7576"
"2013-01-09","Weisenheimer","242960","223830","19130"
"2013-01-10","Weisenheimer","248907","237493","11414"
"2013-01-11","Weisenheimer","241178","227934","13244"
"2013-01-12","Weisenheimer","105169","102055","3114"
"2013-01-13","Weisenheimer","368810","349063","19747"
"2013-01-14","Weisenheimer","200202","191249","8953"
"2013-01-15","Weisenheimer","234718","219259","15459"
"2013-01-16","Weisenheimer","195661","186888","8773"
"2013-01-17","Weisenheimer","238671","227148","11523"
"2013-01-18","Weisenheimer","210119","198588","11531"
"2013-01-19","Weisenheimer","287765","271634","16131"
"2013-01-20","Weisenheimer","387767","372562","15205"
"2013-01-21","Weisenheimer","214591","201937","12654"
"2013-01-22","Weisenheimer","327582","309563","18019"
"2013-01-23","Weisenheimer","226781","212400","14381"
"2013-01-24","Weisenheimer","283357","263113","20244"
"2013-01-25","Weisenheimer","333301","319657","13644"
"2013-01-26","Weisenheimer","226550","216674","9876"
"2013-01-27","Weisenheimer","276667","265513","11154"
"2013-01-28","Weisenheimer","292177","279527","12650"
"2013-01-29","Weisenheimer","124620","117226","7394"
"2013-01-30","Weisenheimer","248130","232993","15137"
"2013-01-31","Weisenheimer","315371","300098","15273"
"2013-02-01","Weisenheimer","195971","185047","10924"
"2013-02-02","Weisenheimer","296463","282561","13902"
"2013-02-03","Weisenheimer","266006","253907","12099"
"2013-02-04","Weisenheimer","185435","173100","12335"
"2013-02-05","Weisenheimer","242928","233712","9216"
"2013-02-06","Weisenheimer","259217","244960","14257"
"2013-02-07","Weisenheimer","202860","191478","11382"
"2013-02-08","Weisenheimer","314640","297365","17275"
"2013-02-09","Weisenheimer","280594","264426","16168"
"2013-02-10","Weisenheimer","359699","339117","20582"
"2013-02-11","Weisenheimer","277456","262677","14779"
"2013-02-12","Weisenheimer","306201","292497","13704"
"2013-02-13","Weisenheimer","246694","237334","9360"
"2013-02-14","Weisenheimer","261166","248055","13111"
"2013-02-15","Weisenheimer","274026","260799","13227"
"2013-02-16","Weisenheimer","230298","218184","12114"
"2013-02-17","Weisenheimer","293545","274671","18874"
"2013-02-18","Weisenheimer","295034","279587","15447"
"2013-02-19","Weisenheimer","282085","268431","13654"
"2013-02-20","Weisenheimer","229531","216018","13513"
"2013-02-21","Weisenheimer","254607","240610","13997"
"2013-02-22","Weisenheimer","362969","344996","17973"
"2013-02-23","Weisenheimer","243779","227043","16736"
"2013-02-24","Weisenheimer","197560","192311","5249"
"2013-02-25","Weisenheimer","253448","241854","11594"
"2013-02-26","Weisenheimer","292051","275581","16470"
"2013-02-27","Weisenheimer","262236","247821","14415"
"2013-02-28","Weisenheimer","208542","198056","10486"
"2013-03-01","Weisenheimer","86243","83115","3128"
"2013-03-02","Weisenheimer","120860","114497","6363"
"2013-03-03","Weisenheimer","192252","183434","8818"
"2013-03-04","Weisenheimer","296942","283970","12972"
"2013-03-05","Weisenheimer","221617","215723","5894"
"2013-03-06","Weisenheimer","372479","354291","18188"
"2013-03-07","Weisenheimer","369421","350112","19309"
"2013-03-08","Weisenheimer","285634","276261","9373"
"2013-03-09","Weisenheimer","395817","375347","20470"
"2013-03-10","Weisenheimer","228380","216221","12159"
"2013-03-11","Weisenheimer","330712","312353","18359"
"2013-03-12","Weisenheimer","255137","239224","15913"
"2013-03-13","Weisenheimer","271305","259428","11877"
"2013-03-14","Weisenheimer","219300","209547","9753"
"2013-03-15","Weisenheimer","367100","346914","20186"
"2013-03-16","Weisenheimer","253086","244998","8088"
"2013-03-17","Weisenheimer","325252","307295","17957"
"2013-03-18","Weisenheimer","269219","254216","15003"
"2013-03-19","Weisenheimer","278414","265605","12809"
"2013-03-20","Weisenheimer","255726","245425","10301"
"2013-03-21","Weisenheimer","255178","245204","9974"
"2013-03-22","Weisenheimer","255096","245750","9346"
"2013-03-23","Weisenheimer","252888","238478","14410"
"2013-03-24","Weisenheimer","228151","214142","14009"
"2013-03-25","Weisenheimer","315862","301549","14313"
"2013-03-26","Weisenheimer","375236","354517","20719"
"2013-03-27","Weisenheimer","275788","257844","17944"
"2013-03-28","Weisenheimer","289904","276403","13501"
"2013-03-29","Weisenheimer","367926","349998","17928"
"2013-03-30","Weisenheimer","358043","335239","22804"
"2013-03-31","Weisenheimer","359541","338202","21339"
"2013-04-01","Weisenheimer","442034","415145","26889"
"2013-04-02","Weisenheimer","414515","387495","27020"
"2013-04-03","Weisenheimer","268656","255755","12901"
"2013-04-04","Weisenheimer","211920","200174","11746"
"2013-04-05","Weisenheimer","266165","258774","7391"
"2013-04-06","Weisenheimer","273207","257586","15621"
"2013-04-07","Weisenheimer","268416","258609","9807"
"2013-04-08","Weisenheimer","335141","318275","16866"
"2013-04-09","Weisenheimer","342028","327108","14920"
"2013-04-10","Weisenheimer","223109","209573","13536"
"2013-04-11","Weisenheimer","265360","248227","17133"
"2013-04-12","Weisenheimer","363062","341008","22054"
"2013-04-13","Weisenheimer","208739","200289","8450"
"2013-04-14","Weisenheimer","295477","276364","19113"
"2013-04-15","Weisenheimer","358017","340705","17312"
"2013-04-16","Weisenheimer","259309","245835","13474"
"2013-04-17","Weisenheimer","310934","294194","16740"
"2013-04-18","Weisenheimer","207941","196787","11154"
"2013-04-19","Weisenheimer","296774","280721","16053"
"2013-04-20","Weisenheimer","267637","255224","12413"
"2013-04-21","Weisenheimer","227040","219037","8003"
"2013-04-22","Weisenheimer","304132","291091","13041"
"2013-04-23","Weisenheimer","351039","333793","17246"
"2013-04-24","Weisenheimer","362158","345980","16178"
"2013-04-25","Weisenheimer","373718","350617","23101"
"2013-04-26","Weisenheimer","281924","265053","16871"
"2013-04-27","Weisenheimer","267647","251781","15866"
"2013-04-28","Weisenheimer","230298","218184","12114"
"2013-04-29","Weisenheimer","319725","303647","16078"
"2013-04-30","Weisenheimer","344571","325136","19435"
"2013-05-01","Weisenheimer","88682","85200","3482"
"2013-05-02","Weisenheimer","210811","199294","11517"
"2013-05-03","Weisenheimer","274883","266242","8641"
"2013-05-04","Weisenheimer","236608","228126","8482"
"2013-05-05","Weisenheimer","261865","247719","14146"
"2013-05-06","Weisenheimer","272025","261317","10708"
"2013-05-07","Weisenheimer","355610","331252","24358"
"2013-05-08","Weisenheimer","337750","321207","16543"
"2013-05-09","Weisenheimer","320204","299279","20925"
"2013-05-10","Weisenheimer","240126","225620","14506"
"2013-05-11","Weisenheimer","198554","187617","10937"
"2013-05-12","Weisenheimer","327202","308041","19161"
"2013-05-13","Weisenheimer","276875","262813","14062"
"2013-05-14","Weisenheimer","207373","195943","11430"
"2013-05-15","Weisenheimer","366318","347795","18523"
"2013-05-16","Weisenheimer","183473","174936","8537"
"2013-05-17","Weisenheimer","240988","227173","13815"
"2013-05-18","Weisenheimer","341930","327222","14708"
"2013-05-19","Weisenheimer","271077","256437","14640"
"2013-05-20","Weisenheimer","291257","274543","16714"
"2013-05-21","Weisenheimer","304712","287581","17131"
"2013-05-22","Weisenheimer","223361","207524","15837"
"2013-05-23","Weisenheimer","254739","241163","13576"
"2013-05-24","Weisenheimer","308373","293850","14523"
"2013-05-25","Weisenheimer","204401","194068","10333"
"2013-05-26","Weisenheimer","417503","396976","20527"
"2013-05-27","Weisenheimer","211573","198499","13074"
"2013-05-28","Weisenheimer","258745","248286","10459"
"2013-05-29","Weisenheimer","213151","207269","5882"
"2013-05-30","Weisenheimer","302922","287862","15060"
"2013-05-31","Weisenheimer","198902","188006","10896"
"2008-06-01","Wernham","13189","10892","2297"
"2008-06-02","Wernham","13189","10892","2297"
"2008-06-04","Wernham","85586","76142","9444"
"2008-06-05","Wernham","39287","33302","5985"
"2008-06-07","Wernham","13189","10892","2297"
"2008-06-09","Wernham","56358","47631","8727"
"2008-06-11","Wernham","13049","11205","1844"
"2008-06-12","Wernham","62068","54426","7642"
"2008-06-13","Wernham","47508","39773","7735"
"2008-06-14","Wernham","13049","11205","1844"
"2008-06-16","Wernham","47566","42552","5014"
"2008-06-17","Wernham","21558","19033","2525"
"2008-06-19","Wernham","21418","19346","2072"
"2008-06-21","Wernham","43309","36426","6883"
"2008-06-22","Wernham","78497","68192","10305"
"2008-06-24","Wernham","16738","16282","456"
"2008-06-25","Wernham","39057","34724","4333"
"2008-06-28","Wernham","26098","22410","3688"
"2008-06-30","Wernham","43309","36426","6883"
"2008-07-03","Wernham","26098","22410","3688"
"2008-07-05","Wernham","40087","38455","1632"
"2008-07-06","Wernham","13049","11205","1844"
"2008-07-07","Wernham","8369","8141","228"
"2008-07-09","Wernham","31808","29205","2603"
"2008-07-10","Wernham","8369","8141","228"
"2008-07-11","Wernham","82596","69728","12868"
"2008-07-12","Wernham","40008","34517","5491"
"2008-07-13","Wernham","34467","30551","3916"
"2008-07-14","Wernham","8369","8141","228"
"2008-07-16","Wernham","26378","21784","4594"
"2008-07-20","Wernham","13049","11205","1844"
"2008-07-21","Wernham","48237","42971","5266"
"2008-07-22","Wernham","8369","8141","228"
"2008-07-23","Wernham","105377","90852","14525"
"2008-07-24","Wernham","64337","59625","4712"
"2008-07-25","Wernham","99667","84057","15610"
"2008-07-27","Wernham","43309","36426","6883"
"2008-07-28","Wernham","13189","10892","2297"
"2008-07-29","Wernham","26819","23625","3194"
"2008-08-02","Wernham","26819","23625","3194"
"2008-08-04","Wernham","75257","65318","9939"
"2008-08-05","Wernham","34467","30551","3916"
"2008-08-06","Wernham","73606","62183","11423"
"2008-08-07","Wernham","26098","22410","3688"
"2008-08-08","Wernham","66016","58036","7980"
"2008-08-11","Wernham","66386","56301","10085"
"2008-08-13","Wernham","60557","50978","9579"
"2008-08-14","Wernham","26378","21784","4594"
"2008-08-15","Wernham","35188","31766","3422"
"2008-08-16","Wernham","8369","8141","228"
"2008-08-17","Wernham","8369","8141","228"
"2008-08-18","Wernham","26238","22097","4141"
"2008-08-19","Wernham","43309","36426","6883"
"2008-08-20","Wernham","26819","23625","3194"
"2008-08-21","Wernham","21558","19033","2525"
"2008-08-22","Wernham","58685","51543","7142"
"2008-08-23","Wernham","18759","18000","759"
"2008-08-25","Wernham","26819","23625","3194"
"2008-08-26","Wernham","8369","8141","228"
"2008-08-27","Wernham","13049","11205","1844"
"2008-08-28","Wernham","56498","47318","9180"
"2008-08-29","Wernham","8369","8141","228"
"2008-08-31","Wernham","12959","12314","645"
"2008-09-01","Wernham","17248","14552","2696"
"2008-09-02","Wernham","53506","47925","5581"
"2008-09-04","Wernham","16738","16282","456"
"2008-09-05","Wernham","13189","10892","2297"
"2008-09-06","Wernham","56358","47631","8727"
"2008-09-07","Wernham","18759","18000","759"
"2008-09-10","Wernham","21558","19033","2525"
"2008-09-11","Wernham","62068","54426","7642"
"2008-09-13","Wernham","12959","12314","645"
"2008-09-14","Wernham","17158","15661","1497"
"2008-09-15","Wernham","21418","19346","2072"
"2008-09-16","Wernham","4199","3347","852"
"2008-09-17","Wernham","56498","47318","9180"
"2008-09-18","Wernham","40008","34517","5491"
"2008-09-19","Wernham","56498","47318","9180"
"2008-09-20","Wernham","4199","3347","852"
"2008-09-21","Wernham","13049","11205","1844"
"2008-09-22","Wernham","13189","10892","2297"
"2008-09-23","Wernham","13189","10892","2297"
"2008-09-24","Wernham","21558","19033","2525"
"2008-09-25","Wernham","47656","41443","6213"
"2008-09-27","Wernham","8369","8141","228"
"2008-09-29","Wernham","12959","12314","645"
"2008-10-01","Wernham","13189","10892","2297"
"2008-10-02","Wernham","8369","8141","228"
"2008-10-03","Wernham","43309","36426","6883"
"2008-10-04","Wernham","61566","53550","8016"
"2008-10-06","Wernham","43309","36426","6883"
"2008-10-07","Wernham","8369","8141","228"
"2008-10-08","Wernham","39197","34411","4786"
"2008-10-09","Wernham","87825","76806","11019"
"2008-10-11","Wernham","56498","47318","9180"
"2008-10-12","Wernham","12959","12314","645"
"2008-10-13","Wernham","18759","18000","759"
"2008-10-14","Wernham","26378","21784","4594"
"2008-10-15","Wernham","13049","11205","1844"
"2008-10-17","Wernham","13189","10892","2297"
"2008-10-18","Wernham","13189","10892","2297"
"2008-10-19","Wernham","37518","36000","1518"
"2008-10-20","Wernham","13189","10892","2297"
"2008-10-22","Wernham","21328","20455","873"
"2008-10-23","Wernham","13189","10892","2297"
"2008-10-24","Wernham","13189","10892","2297"
"2008-10-26","Wernham","34377","31660","2717"
"2008-10-28","Wernham","26378","21784","4594"
"2008-10-29","Wernham","56358","47631","8727"
"2008-10-30","Wernham","13049","11205","1844"
"2008-10-31","Wernham","121806","104618","17188"
"2008-11-01","Wernham","13189","10892","2297"
"2008-11-02","Wernham","73656","62979","10677"
"2008-11-04","Wernham","17388","14239","3149"
"2008-11-05","Wernham","56746","50799","5947"
"2008-11-06","Wernham","41717","39347","2370"
"2008-11-07","Wernham","8369","8141","228"
"2008-11-08","Wernham","4199","3347","852"
"2008-11-09","Wernham","13189","10892","2297"
"2008-11-10","Wernham","35188","31766","3422"
"2008-11-11","Wernham","16738","16282","456"
"2008-11-12","Wernham","64727","55772","8955"
"2008-11-13","Wernham","13189","10892","2297"
"2008-11-14","Wernham","21558","19033","2525"
"2008-11-16","Wernham","26098","22410","3688"
"2008-11-17","Wernham","13049","11205","1844"
"2008-11-18","Wernham","68926","59119","9807"
"2008-11-20","Wernham","43309","36426","6883"
"2008-11-21","Wernham","94987","80993","13994"
"2008-11-22","Wernham","25107","24423","684"
"2008-11-23","Wernham","39427","32989","6438"
"2008-11-24","Wernham","18759","18000","759"
"2008-11-25","Wernham","8369","8141","228"
"2008-11-26","Wernham","8369","8141","228"
"2008-11-27","Wernham","4199","3347","852"
"2008-11-29","Wernham","13049","11205","1844"
"2008-11-30","Wernham","52336","44507","7829"
"2008-12-02","Wernham","52526","44990","7536"
"2008-12-03","Wernham","26238","22097","4141"
"2008-12-05","Wernham","8369","8141","228"
"2008-12-10","Wernham","8369","8141","228"
"2008-12-12","Wernham","26238","22097","4141"
"2008-12-13","Wernham","62068","54426","7642"
"2008-12-14","Wernham","13049","11205","1844"
"2008-12-17","Wernham","13189","10892","2297"
"2008-12-19","Wernham","96947","83676","13271"
"2008-12-20","Wernham","13189","10892","2297"
"2008-12-21","Wernham","13049","11205","1844"
"2008-12-23","Wernham","12959","12314","645"
"2008-12-25","Wernham","56358","47631","8727"
"2008-12-26","Wernham","34517","31347","3170"
"2008-12-27","Wernham","4199","3347","852"
"2008-12-28","Wernham","51678","44567","7111"
"2008-12-30","Wernham","13189","10892","2297"
"2008-12-31","Wernham","51678","44567","7111"
"2009-01-01","Wernham","110445","97084","13361"
"2009-01-02","Wernham","65665","55086","10579"
"2009-01-03","Wernham","81605","71741","9864"
"2009-01-04","Wernham","26238","22097","4141"
"2009-01-05","Wernham","60815","49509","11306"
"2009-01-06","Wernham","13189","10892","2297"
"2009-01-07","Wernham","47796","41130","6666"
"2009-01-08","Wernham","47426","42865","4561"
"2009-01-09","Wernham","82596","69728","12868"
"2009-01-10","Wernham","53366","48238","5128"
"2009-01-11","Wernham","13049","11205","1844"
"2009-01-12","Wernham","49777","44972","4805"
"2009-01-13","Wernham","34747","29925","4822"
"2009-01-14","Wernham","26238","22097","4141"
"2009-01-15","Wernham","21418","19346","2072"
"2009-01-16","Wernham","4199","3347","852"
"2009-01-17","Wernham","83396","74881","8515"
"2009-01-18","Wernham","21418","19346","2072"
"2009-01-19","Wernham","62385","54336","8049"
"2009-01-20","Wernham","13049","11205","1844"
"2009-01-21","Wernham","21418","19346","2072"
"2009-01-22","Wernham","105377","90852","14525"
"2009-01-23","Wernham","77695","73346","4349"
"2009-01-24","Wernham","53057","45722","7335"
"2009-01-25","Wernham","56675","47541","9134"
"2009-01-26","Wernham","60047","52708","7339"
"2009-01-27","Wernham","21418","19346","2072"
"2009-01-28","Wernham","73236","63600","9636"
"2009-01-29","Wernham","56358","47631","8727"
"2009-01-30","Wernham","112626","96371","16255"
"2009-01-31","Wernham","13049","11205","1844"
"2009-02-01","Wernham","43309","36426","6883"
"2009-02-02","Wernham","57256","49069","8187"
"2009-02-03","Wernham","8369","8141","228"
"2009-02-04","Wernham","139194","118857","20337"
"2009-02-05","Wernham","13189","10892","2297"
"2009-02-06","Wernham","56498","47318","9180"
"2009-02-07","Wernham","13189","10892","2297"
"2009-02-08","Wernham","18759","18000","759"
"2009-02-09","Wernham","70128","60051","10077"
"2009-02-10","Wernham","13189","10892","2297"
"2009-02-11","Wernham","91105","77556","13549"
"2009-02-12","Wernham","21558","19033","2525"
"2009-02-13","Wernham","26098","22410","3688"
"2009-02-14","Wernham","8369","8141","228"
"2009-02-15","Wernham","8369","8141","228"
"2009-02-16","Wernham","13189","10892","2297"
"2009-02-17","Wernham","13189","10892","2297"
"2009-02-18","Wernham","13189","10892","2297"
"2009-02-19","Wernham","56165","49271","6894"
"2009-02-20","Wernham","13189","10892","2297"
"2009-02-21","Wernham","56025","49584","6441"
"2009-02-22","Wernham","83234","69444","13790"
"2009-02-23","Wernham","37518","36000","1518"
"2009-02-24","Wernham","56498","47318","9180"
"2009-02-25","Wernham","69687","58210","11477"
"2009-02-26","Wernham","26098","22410","3688"
"2009-02-27","Wernham","21558","19033","2525"
"2009-02-28","Wernham","47656","41443","6213"
"2009-03-01","Wernham","27128","26141","987"
"2009-03-02","Wernham","4199","3347","852"
"2009-03-04","Wernham","31948","28892","3056"
"2009-03-05","Wernham","69687","58210","11477"
"2009-03-06","Wernham","40008","34517","5491"
"2009-03-07","Wernham","17248","14552","2696"
"2009-03-08","Wernham","69687","58210","11477"
"2009-03-09","Wernham","26238","22097","4141"
"2009-03-10","Wernham","12959","12314","645"
"2009-03-11","Wernham","99667","84057","15610"
"2009-03-12","Wernham","13189","10892","2297"
"2009-03-15","Wernham","8369","8141","228"
"2009-03-16","Wernham","100055","87225","12830"
"2009-03-17","Wernham","51678","44567","7111"
"2009-03-18","Wernham","13049","11205","1844"
"2009-03-19","Wernham","55877","47914","7963"
"2009-03-20","Wernham","53197","45409","7788"
"2009-03-21","Wernham","43309","36426","6883"
"2009-03-22","Wernham","80185","71863","8322"
"2009-03-23","Wernham","13049","11205","1844"
"2009-03-25","Wernham","73096","63913","9183"
"2009-03-26","Wernham","21418","19346","2072"
"2009-03-27","Wernham","4199","3347","852"
"2009-03-28","Wernham","48377","42658","5719"
"2009-03-30","Wernham","13049","11205","1844"
"2009-04-01","Wernham","56498","47318","9180"
"2009-04-02","Wernham","69547","58523","11024"
"2009-04-03","Wernham","75196","66283","8913"
"2009-04-04","Wernham","56498","47318","9180"
"2009-04-05","Wernham","56358","47631","8727"
"2009-04-06","Wernham","34607","30238","4369"
"2009-04-07","Wernham","27128","26141","987"
"2009-04-08","Wernham","48237","42971","5266"
"2009-04-09","Wernham","30577","25131","5446"
"2009-04-10","Wernham","21418","19346","2072"
"2009-04-11","Wernham","56498","47318","9180"
"2009-04-12","Wernham","69317","59945","9372"
"2009-04-13","Wernham","71676","64035","7641"
"2009-04-14","Wernham","56268","48740","7528"
"2009-04-15","Wernham","21418","19346","2072"
"2009-04-16","Wernham","34747","29925","4822"
"2009-04-17","Wernham","29787","27487","2300"
"2009-04-18","Wernham","13049","11205","1844"
"2009-04-20","Wernham","13189","10892","2297"
"2009-04-22","Wernham","44997","40097","4900"
"2009-04-23","Wernham","8369","8141","228"
"2009-04-24","Wernham","70437","62567","7870"
"2009-04-25","Wernham","94987","80993","13994"
"2009-04-26","Wernham","8369","8141","228"
"2009-04-27","Wernham","61286","54176","7110"
"2009-04-28","Wernham","21418","19346","2072"
"2009-04-29","Wernham","13049","11205","1844"
"2009-04-30","Wernham","53197","45409","7788"
"2009-05-01","Wernham","13049","11205","1844"
"2009-05-02","Wernham","13049","11205","1844"
"2009-05-03","Wernham","82115","70011","12104"
"2009-05-04","Wernham","45047","38448","6599"
"2009-05-05","Wernham","60565","52961","7604"
"2009-05-06","Wernham","34607","30238","4369"
"2009-05-07","Wernham","34747","29925","4822"
"2009-05-08","Wernham","69634","59855","9779"
"2009-05-09","Wernham","45578","41625","3953"
"2009-05-10","Wernham","43309","36426","6883"
"2009-05-11","Wernham","17158","15661","1497"
"2009-05-12","Wernham","78835","69261","9574"
"2009-05-13","Wernham","51678","44567","7111"
"2009-05-14","Wernham","125955","106950","19005"
"2009-05-15","Wernham","4199","3347","852"
"2009-05-16","Wernham","62068","54426","7642"
"2009-05-18","Wernham","31327","29488","1839"
"2009-05-19","Wernham","79295","67819","11476"
"2009-05-20","Wernham","12568","11488","1080"
"2009-05-21","Wernham","40008","34517","5491"
"2009-05-22","Wernham","134855","115823","19032"
"2009-05-23","Wernham","26148","23206","2942"
"2009-05-24","Wernham","118566","101744","16822"
"2009-05-25","Wernham","26819","23625","3194"
"2009-05-26","Wernham","56498","47318","9180"
"2009-05-28","Wernham","39287","33302","5985"
"2009-05-29","Wernham","13189","10892","2297"
"2009-05-30","Wernham","8369","8141","228"
"2009-05-31","Wernham","65665","55086","10579"
"2009-06-02","Wernham","141273","120909","20364"
"2009-06-03","Wernham","39868","34830","5038"
"2009-06-05","Wernham","74155","67599","6556"
"2009-06-06","Wernham","21558","19033","2525"
"2009-06-07","Wernham","34607","30238","4369"
"2009-06-08","Wernham","34517","31347","3170"
"2009-06-09","Wernham","30437","25444","4993"
"2009-06-10","Wernham","13189","10892","2297"
"2009-06-11","Wernham","88446","76210","12236"
"2009-06-12","Wernham","45887","44141","1746"
"2009-06-13","Wernham","43309","36426","6883"
"2009-06-15","Wernham","130244","109188","21056"
"2009-06-17","Wernham","43557","39907","3650"
"2009-06-18","Wernham","29787","27487","2300"
"2009-06-19","Wernham","62068","54426","7642"
"2009-06-20","Wernham","52336","44507","7829"
"2009-06-21","Wernham","66415","59443","6972"
"2009-06-22","Wernham","18759","18000","759"
"2009-06-23","Wernham","45578","41625","3953"
"2009-06-24","Wernham","34607","30238","4369"
"2009-06-25","Wernham","65844","60835","5009"
"2009-06-26","Wernham","21418","19346","2072"
"2009-06-27","Wernham","12959","12314","645"
"2009-06-28","Wernham","21328","20455","873"
"2009-06-29","Wernham","74615","64755","9860"
"2009-06-30","Wernham","118566","101744","16822"
"2009-07-03","Wernham","60047","52708","7339"
"2009-07-04","Wernham","109415","93353","16062"
"2009-07-05","Wernham","39427","32989","6438"
"2009-07-06","Wernham","96585","85773","10812"
"2009-07-07","Wernham","49196","43444","5752"
"2009-07-08","Wernham","13189","10892","2297"
"2009-07-09","Wernham","13189","10892","2297"
"2009-07-10","Wernham","52576","46005","6571"
"2009-07-11","Wernham","84144","73712","10432"
"2009-07-13","Wernham","70104","64520","5584"
"2009-07-14","Wernham","51678","44567","7111"
"2009-07-15","Wernham","70437","62567","7870"
"2009-07-16","Wernham","48686","45174","3512"
"2009-07-17","Wernham","83317","70943","12374"
"2009-07-18","Wernham","22958","21347","1611"
"2009-07-19","Wernham","8369","8141","228"
"2009-07-20","Wernham","122765","105091","17674"
"2009-07-21","Wernham","60557","50978","9579"
"2009-07-22","Wernham","134184","115404","18780"
"2009-07-23","Wernham","13049","11205","1844"
"2009-07-24","Wernham","31018","26972","4046"
"2009-07-25","Wernham","114544","98620","15924"
"2009-07-26","Wernham","47516","41756","5760"
"2009-07-27","Wernham","21418","19346","2072"
"2009-07-28","Wernham","29787","27487","2300"
"2009-07-29","Wernham","13189","10892","2297"
"2009-07-30","Wernham","26238","22097","4141"
"2009-07-31","Wernham","144051","122144","21907"
"2009-08-01","Wernham","103874","89387","14487"
"2009-08-02","Wernham","13049","11205","1844"
"2009-08-03","Wernham","30577","25131","5446"
"2009-08-04","Wernham","78056","66351","11705"
"2009-08-05","Wernham","34857","26786","8071"
"2009-08-06","Wernham","44767","41519","3248"
"2009-08-07","Wernham","81605","71741","9864"
"2009-08-08","Wernham","47796","41130","6666"
"2009-08-09","Wernham","120514","104795","15719"
"2009-08-10","Wernham","47508","39773","7735"
"2009-08-11","Wernham","13049","11205","1844"
"2009-08-12","Wernham","146201","129899","16302"
"2009-08-13","Wernham","48686","45174","3512"
"2009-08-14","Wernham","142553","123545","19008"
"2009-08-15","Wernham","31948","28892","3056"
"2009-08-16","Wernham","51678","44567","7111"
"2009-08-17","Wernham","59076","55033","4043"
"2009-08-18","Wernham","86618","72852","13766"
"2009-08-19","Wernham","53226","48551","4675"
"2009-08-20","Wernham","39197","34411","4786"
"2009-08-21","Wernham","97256","86192","11064"
"2009-08-22","Wernham","109334","99722","9612"
"2009-08-23","Wernham","8369","8141","228"
"2009-08-24","Wernham","69795","62004","7791"
"2009-08-25","Wernham","34607","30238","4369"
"2009-08-26","Wernham","83013","71449","11564"
"2009-08-27","Wernham","75064","66958","8106"
"2009-08-29","Wernham","86425","74492","11933"
"2009-08-30","Wernham","58046","51302","6744"
"2009-08-31","Wernham","69547","58523","11024"
"2009-09-01","Wernham","21558","19033","2525"
"2009-09-02","Wernham","34636","28791","5845"
"2009-09-03","Wernham","82736","69415","13321"
"2009-09-04","Wernham","47508","39773","7735"
"2009-09-05","Wernham","4199","3347","852"
"2009-09-06","Wernham","38806","33585","5221"
"2009-09-07","Wernham","87516","74290","13226"
"2009-09-08","Wernham","13049","11205","1844"
"2009-09-09","Wernham","85005","74614","10391"
"2009-09-10","Wernham","96366","82148","14218"
"2009-09-11","Wernham","63436","60628","2808"
"2009-09-12","Wernham","50567","47205","3362"
"2009-09-13","Wernham","114824","97994","16830"
"2009-09-14","Wernham","79295","67819","11476"
"2009-09-15","Wernham","53057","45722","7335"
"2009-09-16","Wernham","44997","40097","4900"
"2009-09-17","Wernham","26238","22097","4141"
"2009-09-18","Wernham","86866","76333","10533"
"2009-09-19","Wernham","40177","37346","2831"
"2009-09-20","Wernham","69407","58836","10571"
"2009-09-21","Wernham","91995","81600","10395"
"2009-09-22","Wernham","67305","63487","3818"
"2009-09-23","Wernham","55877","47914","7963"
"2009-09-24","Wernham","8369","8141","228"
"2009-09-25","Wernham","48147","44080","4067"
"2009-09-26","Wernham","56268","48740","7528"
"2009-09-27","Wernham","27128","26141","987"
"2009-09-28","Wernham","39868","34830","5038"
"2009-09-29","Wernham","56606","51112","5494"
"2009-09-30","Wernham","121225","103090","18135"
"2009-10-02","Wernham","61595","56692","4903"
"2009-10-03","Wernham","83177","71256","11921"
"2009-10-04","Wernham","69214","60476","8738"
"2009-10-05","Wernham","87376","74603","12773"
"2009-10-06","Wernham","12568","11488","1080"
"2009-10-07","Wernham","56358","47631","8727"
"2009-10-08","Wernham","25107","24423","684"
"2009-10-09","Wernham","53057","45722","7335"
"2009-10-10","Wernham","26238","22097","4141"
"2009-10-11","Wernham","39287","33302","5985"
"2009-10-12","Wernham","45137","39784","5353"
"2009-10-13","Wernham","21328","20455","873"
"2009-10-14","Wernham","126626","107369","19257"
"2009-10-15","Wernham","21558","19033","2525"
"2009-10-17","Wernham","25617","22693","2924"
"2009-10-18","Wernham","29787","27487","2300"
"2009-10-19","Wernham","31018","26972","4046"
"2009-10-20","Wernham","66415","59443","6972"
"2009-10-21","Wernham","101495","87415","14080"
"2009-10-22","Wernham","34607","30238","4369"
"2009-10-23","Wernham","13049","11205","1844"
"2009-10-24","Wernham","53197","45409","7788"
"2009-10-25","Wernham","61426","53863","7563"
"2009-10-26","Wernham","26238","22097","4141"
"2009-10-27","Wernham","21558","19033","2525"
"2009-10-28","Wernham","64867","55459","9408"
"2009-10-29","Wernham","34377","31660","2717"
"2009-10-30","Wernham","109724","95869","13855"
"2009-10-31","Wernham","56498","47318","9180"
"2009-11-01","Wernham","21418","19346","2072"
"2009-11-02","Wernham","40177","37346","2831"
"2009-11-03","Wernham","39287","33302","5985"
"2009-11-04","Wernham","31417","25715","5702"
"2009-11-05","Wernham","77916","66664","11252"
"2009-11-07","Wernham","68926","59119","9807"
"2009-11-08","Wernham","56358","47631","8727"
"2009-11-09","Wernham","74327","63398","10929"
"2009-11-10","Wernham","95785","80620","15165"
"2009-11-11","Wernham","49336","43131","6205"
"2009-11-12","Wernham","13189","10892","2297"
"2009-11-13","Wernham","40177","37346","2831"
"2009-11-14","Wernham","75117","65631","9486"
"2009-11-15","Wernham","8369","8141","228"
"2009-11-16","Wernham","5179","3618","1561"
"2009-11-17","Wernham","127873","109199","18674"
"2009-11-18","Wernham","91604","78110","13494"
"2009-11-19","Wernham","53226","48551","4675"
"2009-11-20","Wernham","129504","112340","17164"
"2009-11-21","Wernham","31808","29205","2603"
"2009-11-22","Wernham","8369","8141","228"
"2009-11-23","Wernham","60697","50665","10032"
"2009-11-24","Wernham","108694","92138","16556"
"2009-11-25","Wernham","55935","50693","5242"
"2009-11-26","Wernham","71235","62194","9041"
"2009-11-27","Wernham","53057","45722","7335"
"2009-11-28","Wernham","56305","48958","7347"
"2009-11-29","Wernham","74327","63398","10929"
"2009-11-30","Wernham","62068","54426","7642"
"2009-12-01","Wernham","64867","55459","9408"
"2009-12-02","Wernham","71026","61489","9537"
"2009-12-03","Wernham","95803","85523","10280"
"2009-12-04","Wernham","56498","47318","9180"
"2009-12-05","Wernham","39287","33302","5985"
"2009-12-06","Wernham","26238","22097","4141"
"2009-12-07","Wernham","68926","59119","9807"
"2009-12-08","Wernham","99915","87538","12377"
"2009-12-09","Wernham","87075","72449","14626"
"2009-12-10","Wernham","27128","26141","987"
"2009-12-11","Wernham","77826","67773","10053"
"2009-12-12","Wernham","13049","11205","1844"
"2009-12-13","Wernham","96947","83676","13271"
"2009-12-14","Wernham","56498","47318","9180"
"2009-12-15","Wernham","133793","114578","19215"
"2009-12-16","Wernham","21418","19346","2072"
"2009-12-17","Wernham","66275","59756","6519"
"2009-12-18","Wernham","69687","58210","11477"
"2009-12-19","Wernham","108036","92198","15838"
"2009-12-20","Wernham","90735","79291","11444"
"2009-12-21","Wernham","26378","21784","4594"
"2009-12-22","Wernham","137963","119372","18591"
"2009-12-23","Wernham","39567","32676","6891"
"2009-12-24","Wernham","62068","54426","7642"
"2009-12-25","Wernham","13189","10892","2297"
"2009-12-26","Wernham","26238","22097","4141"
"2009-12-27","Wernham","86618","72852","13766"
"2009-12-28","Wernham","78983","70931","8052"
"2009-12-30","Wernham","51678","44567","7111"
"2009-12-31","Wernham","60274","53727","6547"
"2010-01-01","Wernham","51678","44567","7111"
"2010-01-02","Wernham","126713","108701","18012"
"2010-01-03","Wernham","90825","78182","12643"
"2010-01-04","Wernham","169142","148592","20550"
"2010-01-05","Wernham","106642","97585","9057"
"2010-01-06","Wernham","60047","52708","7339"
"2010-01-07","Wernham","100124","83654","16470"
"2010-01-08","Wernham","110141","97590","12551"
"2010-01-09","Wernham","26238","22097","4141"
"2010-01-10","Wernham","113754","96387","17367"
"2010-01-11","Wernham","43116","38066","5050"
"2010-01-12","Wernham","21558","19033","2525"
"2010-01-13","Wernham","191123","164563","26560"
"2010-01-14","Wernham","128665","113990","14675"
"2010-01-15","Wernham","39287","33302","5985"
"2010-01-16","Wernham","100055","87225","12830"
"2010-01-17","Wernham","87175","78849","8326"
"2010-01-18","Wernham","222508","196830","25678"
"2010-01-19","Wernham","75257","65318","9939"
"2010-01-20","Wernham","30577","25131","5446"
"2010-01-21","Wernham","47656","41443","6213"
"2010-01-22","Wernham","16738","16282","456"
"2010-01-23","Wernham","112042","97185","14857"
"2010-01-24","Wernham","99844","84280","15564"
"2010-01-25","Wernham","172923","145627","27296"
"2010-01-26","Wernham","13189","10892","2297"
"2010-01-27","Wernham","66246","56614","9632"
"2010-01-28","Wernham","60565","52961","7604"
"2010-01-29","Wernham","169372","147170","22202"
"2010-01-30","Wernham","87685","77119","10566"
"2010-01-31","Wernham","51678","44567","7111"
"2010-02-01","Wernham","43557","39907","3650"
"2010-02-02","Wernham","26238","22097","4141"
"2010-02-03","Wernham","129927","109278","20649"
"2010-02-04","Wernham","34467","30551","3916"
"2010-02-05","Wernham","13049","11205","1844"
"2010-02-06","Wernham","113453","94233","19220"
"2010-02-07","Wernham","117372","98206","19166"
"2010-02-08","Wernham","151802","128221","23581"
"2010-02-09","Wernham","127833","111323","16510"
"2010-02-10","Wernham","90344","78465","11879"
"2010-02-11","Wernham","156582","137685","18897"
"2010-02-12","Wernham","43309","36426","6883"
"2010-02-13","Wernham","60557","50978","9579"
"2010-02-14","Wernham","34377","31660","2717"
"2010-02-15","Wernham","117380","100189","17191"
"2010-02-16","Wernham","26238","22097","4141"
"2010-02-17","Wernham","38946","33272","5674"
"2010-02-18","Wernham","21418","19346","2072"
"2010-02-19","Wernham","51855","44790","7065"
"2010-02-20","Wernham","96366","82148","14218"
"2010-02-21","Wernham","29787","27487","2300"
"2010-02-22","Wernham","47315","41413","5902"
"2010-02-23","Wernham","12959","12314","645"
"2010-02-24","Wernham","47508","39773","7735"
"2010-02-25","Wernham","104006","87091","16915"
"2010-02-26","Wernham","138243","119064","19179"
"2010-02-27","Wernham","52917","46035","6882"
"2010-02-28","Wernham","198471","174233","24238"
"2010-03-01","Wernham","193960","169409","24551"
"2010-03-02","Wernham","100002","88870","11132"
"2010-03-03","Wernham","21558","19033","2525"
"2010-03-04","Wernham","21558","19033","2525"
"2010-03-05","Wernham","205501","176127","29374"
"2010-03-06","Wernham","63896","57784","6112"
"2010-03-07","Wernham","99915","87538","12377"
"2010-03-08","Wernham","130175","112759","17416"
"2010-03-09","Wernham","118991","105448","13543"
"2010-03-10","Wernham","155832","133328","22504"
"2010-03-11","Wernham","169811","141864","27947"
"2010-03-12","Wernham","212697","181352","31345"
"2010-03-13","Wernham","157792","136011","21781"
"2010-03-14","Wernham","53226","48551","4675"
"2010-03-15","Wernham","98104","86615","11489"
"2010-03-16","Wernham","101405","88524","12881"
"2010-03-17","Wernham","107555","92481","15074"
"2010-03-18","Wernham","70437","62567","7870"
"2010-03-19","Wernham","69547","58523","11024"
"2010-03-20","Wernham","47175","41726","5449"
"2010-03-21","Wernham","168223","144593","23630"
"2010-03-22","Wernham","51485","46207","5278"
"2010-03-23","Wernham","27128","26141","987"
"2010-03-24","Wernham","133884","118148","15736"
"2010-03-25","Wernham","132196","114477","17719"
"2010-03-26","Wernham","148321","128749","19572"
"2010-03-27","Wernham","178732","153298","25434"
"2010-03-28","Wernham","43309","36426","6883"
"2010-03-29","Wernham","60047","52708","7339"
"2010-03-30","Wernham","53366","48238","5128"
"2010-03-31","Wernham","71726","64831","6895"
"2010-04-01","Wernham","73894","63540","10354"
"2010-04-02","Wernham","72125","66238","5887"
"2010-04-03","Wernham","139234","116733","22501"
"2010-04-04","Wernham","148184","126402","21782"
"2010-04-05","Wernham","47936","40817","7119"
"2010-04-06","Wernham","61283","55215","6068"
"2010-04-07","Wernham","134831","115703","19128"
"2010-04-08","Wernham","95304","80903","14401"
"2010-04-09","Wernham","74644","67897","6747"
"2010-04-10","Wernham","200303","172810","27493"
"2010-04-11","Wernham","43116","38066","5050"
"2010-04-12","Wernham","61566","53550","8016"
"2010-04-13","Wernham","49196","43444","5752"
"2010-04-14","Wernham","56746","50799","5947"
"2010-04-15","Wernham","31417","25715","5702"
"2010-04-16","Wernham","90484","78152","12332"
"2010-04-17","Wernham","66415","59443","6972"
"2010-04-18","Wernham","182503","155283","27220"
"2010-04-19","Wernham","148300","130876","17424"
"2010-04-20","Wernham","91105","77556","13549"
"2010-04-21","Wernham","64867","55459","9408"
"2010-04-22","Wernham","13189","10892","2297"
"2010-04-23","Wernham","83317","70943","12374"
"2010-04-24","Wernham","106135","92603","13532"
"2010-04-25","Wernham","109465","94149","15316"
"2010-04-26","Wernham","51678","44567","7111"
"2010-04-27","Wernham","66267","57773","8494"
"2010-04-28","Wernham","31948","28892","3056"
"2010-04-29","Wernham","84923","73640","11283"
"2010-04-30","Wernham","44997","40097","4900"
"2010-05-01","Wernham","47796","41130","6666"
"2010-05-02","Wernham","65805","54773","11032"
"2010-05-03","Wernham","71816","63722","8094"
"2010-05-04","Wernham","104505","91711","12794"
"2010-05-05","Wernham","85005","74614","10391"
"2010-05-06","Wernham","64867","55459","9408"
"2010-05-08","Wernham","26378","21784","4594"
"2010-05-09","Wernham","65665","55086","10579"
"2010-05-10","Wernham","62385","54336","8049"
"2010-05-11","Wernham","38156","35628","2528"
"2010-05-12","Wernham","73236","63600","9636"
"2010-05-13","Wernham","50567","47205","3362"
"2010-05-14","Wernham","31808","29205","2603"
"2010-05-15","Wernham","88887","78051","10836"
"2010-05-16","Wernham","121225","103090","18135"
"2010-05-17","Wernham","201262","170619","30643"
"2010-05-18","Wernham","62385","54336","8049"
"2010-05-19","Wernham","174451","151641","22810"
"2010-05-20","Wernham","133303","116620","16683"
"2010-05-21","Wernham","45137","39784","5353"
"2010-05-22","Wernham","66246","56614","9632"
"2010-05-23","Wernham","88495","74036","14459"
"2010-05-24","Wernham","47175","41726","5449"
"2010-05-25","Wernham","12959","12314","645"
"2010-05-26","Wernham","82876","69102","13774"
"2010-05-27","Wernham","52246","45616","6630"
"2010-05-28","Wernham","113413","100946","12467"
"2010-05-29","Wernham","195861","169004","26857"
"2010-05-30","Wernham","138383","118751","19632"
"2010-05-31","Wernham","71095","62507","8588"
"2010-06-01","Wernham","104043","87627","16416"
"2010-06-02","Wernham","104241","90093","14148"
"2010-06-03","Wernham","99754","85389","14365"
"2010-06-04","Wernham","147550","126201","21349"
"2010-06-05","Wernham","103533","89357","14176"
"2010-06-06","Wernham","103764","92614","11150"
"2010-06-07","Wernham","153141","136089","17052"
"2010-06-08","Wernham","60364","52618","7746"
"2010-06-09","Wernham","108036","92198","15838"
"2010-06-10","Wernham","147904","127028","20876"
"2010-06-11","Wernham","166668","148050","18618"
"2010-06-12","Wernham","148950","130136","18814"
"2010-06-13","Wernham","99474","85697","13777"
"2010-06-14","Wernham","144521","126908","17613"
"2010-06-15","Wernham","118072","99103","18969"
"2010-06-16","Wernham","83063","76834","6229"
"2010-06-17","Wernham","147373","126296","21077"
"2010-06-18","Wernham","247621","211881","35740"
"2010-06-19","Wernham","333075","288698","44377"
"2010-06-20","Wernham","204729","181765","22964"
"2010-06-21","Wernham","77382","68592","8790"
"2010-06-22","Wernham","104571","95071","9500"
"2010-06-23","Wernham","225432","190524","34908"
"2010-06-24","Wernham","199809","172614","27195"
"2010-06-25","Wernham","31327","29488","1839"
"2010-06-26","Wernham","176970","153300","23670"
"2010-06-27","Wernham","43256","38071","5185"
"2010-06-28","Wernham","188760","161968","26792"
"2010-06-29","Wernham","121365","102777","18588"
"2010-06-30","Wernham","118513","103389","15124"
"2010-07-01","Wernham","142310","124389","17921"
"2010-07-02","Wernham","34747","29925","4822"
"2010-07-03","Wernham","97383","85400","11983"
"2010-07-04","Wernham","139202","120840","18362"
"2010-07-05","Wernham","160670","140982","19688"
"2010-07-06","Wernham","120744","103373","17371"
"2010-07-07","Wernham","252787","217366","35421"
"2010-07-08","Wernham","173381","149815","23566"
"2010-07-09","Wernham","126462","112151","14311"
"2010-07-10","Wernham","194638","166913","27725"
"2010-07-11","Wernham","118233","103697","14536"
"2010-07-12","Wernham","188871","162018","26853"
"2010-07-13","Wernham","178578","148223","30355"
"2010-07-14","Wernham","131863","116430","15433"
"2010-07-15","Wernham","187611","159391","28220"
"2010-07-16","Wernham","303004","259599","43405"
"2010-07-17","Wernham","30437","25444","4993"
"2010-07-18","Wernham","173451","150824","22627"
"2010-07-19","Wernham","27128","26141","987"
"2010-07-20","Wernham","121650","106794","14856"
"2010-07-21","Wernham","65786","59458","6328"
"2010-07-22","Wernham","204069","176299","27770"
"2010-07-23","Wernham","86866","76333","10533"
"2010-07-24","Wernham","104954","93914","11040"
"2010-07-25","Wernham","141503","121932","19571"
"2010-07-26","Wernham","182960","159469","23491"
"2010-07-27","Wernham","199582","171595","27987"
"2010-07-28","Wernham","261650","226021","35629"
"2010-07-29","Wernham","177350","154485","22865"
"2010-07-30","Wernham","134134","114608","19526"
"2010-07-31","Wernham","161983","141964","20019"
"2010-08-01","Wernham","78983","68267","10716"
"2010-08-02","Wernham","107532","101629","5903"
"2010-08-03","Wernham","236907","206267","30640"
"2010-08-05","Wernham","66325","60552","5773"
"2010-08-06","Wernham","186990","159987","27003"
"2010-08-07","Wernham","324565","276191","48374"
"2010-08-08","Wernham","123494","108289","15205"
"2010-08-09","Wernham","152042","134308","17734"
"2010-08-10","Wernham","307326","263712","43614"
"2010-08-11","Wernham","99104","87432","11672"
"2010-08-12","Wernham","165292","141267","24025"
"2010-08-13","Wernham","132061","115148","16913"
"2010-08-14","Wernham","269166","230654","38512"
"2010-08-15","Wernham","160752","137890","22862"
"2010-08-16","Wernham","191897","168659","23238"
"2010-08-17","Wernham","105321","94839","10482"
"2010-08-18","Wernham","160171","136362","23809"
"2010-08-19","Wernham","243969","207022","36947"
"2010-08-20","Wernham","107563","94464","13099"
"2010-08-21","Wernham","104595","90602","13993"
"2010-08-22","Wernham","89064","78274","10790"
"2010-08-23","Wernham","138528","122763","15765"
"2010-08-24","Wernham","117343","99653","17690"
"2010-08-25","Wernham","86462","75028","11434"
"2010-08-26","Wernham","86195","75914","10281"
"2010-08-27","Wernham","77805","65530","12275"
"2010-08-28","Wernham","130701","113462","17239"
"2010-08-29","Wernham","87294","77695","9599"
"2010-08-30","Wernham","92933","80914","12019"
"2010-08-31","Wernham","193791","171169","22622"
"2010-09-01","Wernham","48686","45174","3512"
"2010-09-02","Wernham","109441","96173","13268"
"2010-09-03","Wernham","51514","44760","6754"
"2010-09-04","Wernham","190719","162940","27779"
"2010-09-05","Wernham","234398","197949","36449"
"2010-09-06","Wernham","168741","144846","23895"
"2010-09-07","Wernham","131422","114589","16833"
"2010-09-08","Wernham","262247","225305","36942"
"2010-09-09","Wernham","78003","67996","10007"
"2010-09-10","Wernham","148213","129544","18669"
"2010-09-11","Wernham","212657","188065","24592"
"2010-09-12","Wernham","168733","142863","25870"
"2010-09-13","Wernham","95925","80307","15618"
"2010-09-14","Wernham","138473","117642","20831"
"2010-09-15","Wernham","82062","71338","10724"
"2010-09-16","Wernham","81465","72054","9411"
"2010-09-17","Wernham","143723","124518","19205"
"2010-09-18","Wernham","178750","156799","21951"
"2010-09-19","Wernham","265519","228979","36540"
"2010-09-20","Wernham","52616","43881","8735"
"2010-09-21","Wernham","181680","159278","22402"
"2010-09-22","Wernham","137433","123538","13895"
"2010-09-23","Wernham","147323","125500","21823"
"2010-09-24","Wernham","118769","104787","13982"
"2010-09-25","Wernham","129521","114994","14527"
"2010-09-26","Wernham","139675","118574","21101"
"2010-09-27","Wernham","216789","190392","26397"
"2010-09-28","Wernham","229771","193558","36213"
"2010-09-29","Wernham","211269","184080","27189"
"2010-09-30","Wernham","193699","166752","26947"
"2010-10-01","Wernham","145052","127322","17730"
"2010-10-02","Wernham","121983","104841","17142"
"2010-10-03","Wernham","171483","147779","23704"
"2010-10-04","Wernham","248918","214726","34192"
"2010-10-05","Wernham","132180","116340","15840"
"2010-10-06","Wernham","135032","116046","18986"
"2010-10-07","Wernham","173451","150824","22627"
"2010-10-08","Wernham","214567","189952","24615"
"2010-10-09","Wernham","87363","73806","13557"
"2010-10-10","Wernham","197140","168348","28792"
"2010-10-11","Wernham","160332","138610","21722"
"2010-10-12","Wernham","170104","146624","23480"
"2010-10-13","Wernham","230831","201824","29007"
"2010-10-14","Wernham","178621","151846","26775"
"2010-10-15","Wernham","39287","33302","5985"
"2010-10-16","Wernham","101133","86226","14907"
"2010-10-17","Wernham","113281","98434","14847"
"2010-10-18","Wernham","81984","72920","9064"
"2010-10-19","Wernham","236157","204878","31279"
"2010-10-20","Wernham","182677","162218","20459"
"2010-10-21","Wernham","101022","89681","11341"
"2010-10-22","Wernham","130352","112982","17370"
"2010-10-23","Wernham","199582","171595","27987"
"2010-10-24","Wernham","108834","91825","17009"
"2010-10-25","Wernham","114404","98933","15471"
"2010-10-26","Wernham","160863","139342","21521"
"2010-10-27","Wernham","118320","105029","13291"
"2010-10-28","Wernham","96172","79515","16657"
"2010-10-29","Wernham","66275","59756","6519"
"2010-10-30","Wernham","231747","198586","33161"
"2010-10-31","Wernham","167252","146918","20334"
"2010-11-01","Wernham","96342","86617","9725"
"2010-11-02","Wernham","121970","104044","17926"
"2010-11-03","Wernham","138651","122226","16425"
"2010-11-04","Wernham","95502","83369","12133"
"2010-11-05","Wernham","178428","153486","24942"
"2010-11-06","Wernham","78983","70931","8052"
"2010-11-07","Wernham","264922","224788","40134"
"2010-11-08","Wernham","65525","55399","10126"
"2010-11-09","Wernham","183301","154910","28391"
"2010-11-10","Wernham","197190","169144","28046"
"2010-11-11","Wernham","322583","282965","39618"
"2010-11-12","Wernham","144804","123841","20963"
"2010-11-13","Wernham","232497","202943","29554"
"2010-11-14","Wernham","249478","215095","34383"
"2010-11-15","Wernham","136012","118762","17250"
"2010-11-16","Wernham","201682","173965","27717"
"2010-11-17","Wernham","352747","301594","51153"
"2010-11-18","Wernham","69066","58806","10260"
"2010-11-19","Wernham","96683","82058","14625"
"2010-11-20","Wernham","116722","100249","16473"
"2010-11-21","Wernham","170841","147216","23625"
"2010-11-22","Wernham","78166","63212","14954"
"2010-11-23","Wernham","215698","187626","28072"
"2010-11-24","Wernham","235066","205398","29668"
"2010-11-25","Wernham","73746","61870","11876"
"2010-11-26","Wernham","122381","103059","19322"
"2010-11-27","Wernham","139729","119422","20307"
"2010-11-28","Wernham","308556","263107","45449"
"2010-11-29","Wernham","272570","231714","40856"
"2010-11-30","Wernham","182651","156953","25698"
"2010-12-01","Wernham","189407","167174","22233"
"2010-12-02","Wernham","78003","67996","10007"
"2010-12-03","Wernham","143301","122376","20925"
"2010-12-04","Wernham","144241","127216","17025"
"2010-12-05","Wernham","74755","64442","10313"
"2010-12-06","Wernham","214429","183332","31097"
"2010-12-07","Wernham","201410","174953","26457"
"2010-12-08","Wernham","156165","131375","24790"
"2010-12-09","Wernham","166222","143187","23035"
"2010-12-10","Wernham","246740","213097","33643"
"2010-12-11","Wernham","158743","139090","19653"
"2010-12-12","Wernham","134871","113579","21292"
"2010-12-13","Wernham","125651","107456","18195"
"2010-12-14","Wernham","164700","142023","22677"
"2010-12-15","Wernham","78994","65665","13329"
"2010-12-16","Wernham","130392","110858","19534"
"2010-12-17","Wernham","110215","98506","11709"
"2010-12-18","Wernham","88166","76836","11330"
"2010-12-19","Wernham","217538","186883","30655"
"2010-12-20","Wernham","276915","243851","33064"
"2010-12-21","Wernham","80325","71550","8775"
"2010-12-22","Wernham","160562","137188","23374"
"2010-12-23","Wernham","153112","132947","20165"
"2010-12-24","Wernham","339537","289543","49994"
"2010-12-25","Wernham","188789","165110","23679"
"2010-12-26","Wernham","217420","190271","27149"
"2010-12-27","Wernham","203673","171148","32525"
"2010-12-28","Wernham","131422","114589","16833"
"2010-12-29","Wernham","252478","214850","37628"
"2010-12-30","Wernham","76094","71007","5087"
"2010-12-31","Wernham","100742","85718","15024"
"2011-01-01","Wernham","173701","147284","26417"
"2011-01-02","Wernham","109074","93323","15751"
"2011-01-03","Wernham","129842","114712","15130"
"2011-01-04","Wernham","210112","181141","28971"
"2011-01-05","Wernham","220577","194003","26574"
"2011-01-06","Wernham","117063","100279","16784"
"2011-01-07","Wernham","128928","115137","13791"
"2011-01-08","Wernham","133531","119789","13742"
"2011-01-09","Wernham","153730","137979","15751"
"2011-01-10","Wernham","140071","122422","17649"
"2011-01-11","Wernham","75365","69112","6253"
"2011-01-12","Wernham","209805","184088","25717"
"2011-01-13","Wernham","244859","211066","33793"
"2011-01-14","Wernham","86202","73306","12896"
"2011-01-15","Wernham","51765","45899","5866"
"2011-01-16","Wernham","147492","123740","23752"
"2011-01-17","Wernham","136313","120916","15397"
"2011-01-18","Wernham","104402","92242","12160"
"2011-01-19","Wernham","383504","325909","57595"
"2011-01-20","Wernham","179070","155670","23400"
"2011-01-21","Wernham","217250","185208","32042"
"2011-01-22","Wernham","179062","153687","25375"
"2011-01-23","Wernham","168881","144533","24348"
"2011-01-24","Wernham","116241","100532","15709"
"2011-01-25","Wernham","161819","143559","18260"
"2011-01-26","Wernham","179519","157873","21646"
"2011-01-27","Wernham","66906","62080","4826"
"2011-01-28","Wernham","290066","249528","40538"
"2011-01-29","Wernham","190049","162830","27219"
"2011-01-30","Wernham","90965","77869","13096"
"2011-01-31","Wernham","170529","150328","20201"
"2011-02-01","Wernham","77583","68617","8966"
"2011-02-02","Wernham","282804","243749","39055"
"2011-02-03","Wernham","38806","33585","5221"
"2011-02-04","Wernham","153310","134329","18981"
"2011-02-05","Wernham","271934","231599","40335"
"2011-02-06","Wernham","153210","132518","20692"
"2011-02-07","Wernham","253405","219430","33975"
"2011-02-08","Wernham","204338","180939","23399"
"2011-02-09","Wernham","233207","209205","24002"
"2011-02-10","Wernham","161560","145026","16534"
"2011-02-11","Wernham","265939","228040","37899"
"2011-02-12","Wernham","129113","111514","17599"
"2011-02-13","Wernham","196854","173757","23097"
"2011-02-14","Wernham","217908","185148","32760"
"2011-02-15","Wernham","169058","144756","24302"
"2011-02-16","Wernham","110524","101022","9502"
"2011-02-17","Wernham","173841","146971","26870"
"2011-02-18","Wernham","201851","176794","25057"
"2011-02-19","Wernham","121563","105561","16002"
"2011-02-20","Wernham","186710","160613","26097"
"2011-02-21","Wernham","157262","140177","17085"
"2011-02-22","Wernham","296537","255633","40904"
"2011-02-23","Wernham","208588","176896","31692"
"2011-02-24","Wernham","194108","171079","23029"
"2011-02-25","Wernham","79374","71757","7617"
"2011-02-26","Wernham","234258","198262","35996"
"2011-02-27","Wernham","298105","257587","40518"
"2011-02-28","Wernham","166082","143500","22582"
"2011-03-01","Wernham","167549","148225","19324"
"2011-03-02","Wernham","169961","149378","20583"
"2011-03-03","Wernham","118891","103637","15254"
"2011-03-04","Wernham","140092","124884","15208"
"2011-03-05","Wernham","153281","135776","17505"
"2011-03-06","Wernham","104735","90289","14446"
"2011-03-07","Wernham","281487","243022","38465"
"2011-03-08","Wernham","177778","155847","21931"
"2011-03-09","Wernham","100364","89741","10623"
"2011-03-10","Wernham","240306","207210","33096"
"2011-03-11","Wernham","244508","208434","36074"
"2011-03-12","Wernham","221497","188414","33083"
"2011-03-13","Wernham","129113","111514","17599"
"2011-03-14","Wernham","278874","240453","38421"
"2011-03-15","Wernham","231810","199861","31949"
"2011-03-16","Wernham","219329","187260","32069"
"2011-03-17","Wernham","83042","71609","11433"
"2011-03-18","Wernham","165469","141490","23979"
"2011-03-19","Wernham","311686","269526","42160"
"2011-03-20","Wernham","248196","210322","37874"
"2011-03-21","Wernham","79155","68132","11023"
"2011-03-22","Wernham","46554","42322","4232"
"2011-03-23","Wernham","154692","132824","21868"
"2011-03-24","Wernham","211467","186765","24702"
"2011-03-25","Wernham","205757","179970","25787"
"2011-03-26","Wernham","205200","173973","31227"
"2011-03-27","Wernham","127252","109795","17457"
"2011-03-28","Wernham","185678","163903","21775"
"2011-03-29","Wernham","159381","138718","20663"
"2011-03-30","Wernham","153033","132295","20738"
"2011-03-31","Wernham","138523","118438","20085"
"2011-04-01","Wernham","107309","95766","11543"
"2011-04-02","Wernham","112243","97528","14715"
"2011-04-03","Wernham","105432","95973","9459"
"2011-04-04","Wernham","199598","169351","30247"
"2011-04-05","Wernham","236059","205625","30434"
"2011-04-06","Wernham","191189","163334","27855"
"2011-04-07","Wernham","217247","192238","25009"
"2011-04-08","Wernham","263618","229066","34552"
"2011-04-09","Wernham","79744","70022","9722"
"2011-04-10","Wernham","203258","176193","27065"
"2011-04-11","Wernham","162781","141591","21190"
"2011-04-12","Wernham","295417","253011","42406"
"2011-04-13","Wernham","188028","165701","22327"
"2011-04-14","Wernham","144191","126420","17771"
"2011-04-15","Wernham","142310","124389","17921"
"2011-04-16","Wernham","91105","77556","13549"
"2011-04-17","Wernham","219139","189222","29917"
"2011-04-18","Wernham","211709","181242","30467"
"2011-04-19","Wernham","208799","180159","28640"
"2011-04-20","Wernham","181782","154068","27714"
"2011-04-21","Wernham","154071","133420","20651"
"2011-04-22","Wernham","51066","47759","3307"
"2011-04-23","Wernham","243108","206120","36988"
"2011-04-24","Wernham","154269","134802","19467"
"2011-04-25","Wernham","87804","75647","12157"
"2011-04-26","Wernham","191979","165567","26412"
"2011-04-27","Wernham","115661","103683","11978"
"2011-04-28","Wernham","275444","238180","37264"
"2011-04-29","Wernham","267006","232307","34699"
"2011-04-30","Wernham","268306","229524","38782"
"2011-05-01","Wernham","96173","83788","12385"
"2011-05-02","Wernham","128623","113556","15067"
"2011-05-03","Wernham","237466","203622","33844"
"2011-05-04","Wernham","282759","242851","39908"
"2011-05-05","Wernham","186047","162177","23870"
"2011-05-06","Wernham","144751","125168","19583"
"2011-05-07","Wernham","288028","247805","40223"
"2011-05-08","Wernham","205509","176489","29020"
"2011-05-09","Wernham","159550","136958","22592"
"2011-05-10","Wernham","203781","174942","28839"
"2011-05-11","Wernham","270476","233759","36717"
"2011-05-12","Wernham","274778","237878","36900"
"2011-05-13","Wernham","179411","154079","25332"
"2011-05-14","Wernham","157351","134170","23181"
"2011-05-15","Wernham","85952","76758","9194"
"2011-05-16","Wernham","132122","114963","17159"
"2011-05-17","Wernham","166251","141740","24511"
"2011-05-18","Wernham","135460","117090","18370"
"2011-05-19","Wernham","82894","74005","8889"
"2011-05-20","Wernham","91633","80729","10904"
"2011-05-21","Wernham","199221","174001","25220"
"2011-05-22","Wernham","199458","169664","29794"
"2011-05-23","Wernham","142810","132286","10524"
"2011-05-24","Wernham","222149","191897","30252"
"2011-05-25","Wernham","114454","99729","14725"
"2011-05-26","Wernham","129179","110603","18576"
"2011-05-27","Wernham","279466","241304","38162"
"2011-05-28","Wernham","143364","123651","19713"
"2011-05-29","Wernham","143541","123874","19667"
"2011-05-30","Wernham","122023","102717","19306"
"2011-05-31","Wernham","87492","78759","8733"
"2011-06-01","Wernham","134329","119416","14913"
"2011-06-02","Wernham","218927","191481","27446"
"2011-06-03","Wernham","339294","289084","50210"
"2011-06-04","Wernham","257937","225413","32524"
"2011-06-05","Wernham","78024","70458","7566"
"2011-06-06","Wernham","253965","223085","30880"
"2011-06-07","Wernham","183401","161310","22091"
"2011-06-08","Wernham","117924","101181","16743"
"2011-06-09","Wernham","91802","83558","8244"
"2011-06-10","Wernham","223515","192792","30723"
"2011-06-11","Wernham","325994","278142","47852"
"2011-06-12","Wernham","212208","185862","26346"
"2011-06-13","Wernham","39107","35520","3587"
"2011-06-14","Wernham","315016","274259","40757"
"2011-06-15","Wernham","235148","202306","32842"
"2011-06-16","Wernham","97742","88931","8811"
"2011-06-17","Wernham","159381","138718","20663"
"2011-06-18","Wernham","244397","204318","40079"
"2011-06-19","Wernham","120662","106465","14197"
"2011-06-20","Wernham","248845","218489","30356"
"2011-06-21","Wernham","124601","110432","14169"
"2011-06-22","Wernham","109742","96706","13036"
"2011-06-23","Wernham","199159","174657","24502"
"2011-06-24","Wernham","219355","195189","24166"
"2011-06-25","Wernham","170762","146564","24198"
"2011-06-26","Wernham","177020","154096","22924"
"2011-06-27","Wernham","291678","247138","44540"
"2011-06-28","Wernham","283216","242448","40768"
"2011-06-29","Wernham","231926","204335","27591"
"2011-06-30","Wernham","323385","277811","45574"
"2011-07-01","Wernham","195479","174840","20639"
"2011-07-02","Wernham","141022","122215","18807"
"2011-07-03","Wernham","174609","156231","18378"
"2011-07-04","Wernham","276437","241693","34744"
"2011-07-05","Wernham","240697","208255","32442"
"2011-07-06","Wernham","317142","269347","47795"
"2011-07-07","Wernham","245136","217689","27447"
"2011-07-08","Wernham","166919","145903","21016"
"2011-07-09","Wernham","152948","137729","15219"
"2011-07-10","Wernham","287186","252419","34767"
"2011-07-11","Wernham","184952","158045","26907"
"2011-07-12","Wernham","157530","139919","17611"
"2011-07-13","Wernham","254896","222566","32330"
"2011-07-14","Wernham","283277","241483","41794"
"2011-07-15","Wernham","220000","190124","29876"
"2011-07-16","Wernham","91181","83836","7345"
"2011-07-17","Wernham","204542","174033","30509"
"2011-07-18","Wernham","197689","173983","23706"
"2011-07-19","Wernham","167767","146849","20918"
"2011-07-20","Wernham","181767","160610","21157"
"2011-07-21","Wernham","249639","215941","33698"
"2011-07-22","Wernham","182820","159782","23038"
"2011-07-23","Wernham","223919","194097","29822"
"2011-07-24","Wernham","206359","182657","23702"
"2011-07-25","Wernham","173080","147880","25200"
"2011-07-26","Wernham","299196","256979","42217"
"2011-07-27","Wernham","77776","66977","10799"
"2011-07-28","Wernham","209957","187996","21961"
"2011-07-29","Wernham","209106","177149","31957"
"2011-07-30","Wernham","170740","153273","17467"
"2011-07-31","Wernham","130191","110515","19676"
"2011-08-01","Wernham","164851","139426","25425"
"2011-08-02","Wernham","215682","188249","27433"
"2011-08-03","Wernham","440897","380074","60823"
"2011-08-04","Wernham","179828","157202","22626"
"2011-08-05","Wernham","132670","118887","13783"
"2011-08-06","Wernham","131900","116966","14934"
"2011-08-07","Wernham","186200","162343","23857"
"2011-08-08","Wernham","152980","133622","19358"
"2011-08-09","Wernham","146612","127205","19407"
"2011-08-10","Wernham","207317","179535","27782"
"2011-08-11","Wernham","125622","108903","16719"
"2011-08-12","Wernham","169438","150530","18908"
"2011-08-13","Wernham","252306","217649","34657"
"2011-08-14","Wernham","170841","147216","23625"
"2011-08-15","Wernham","114932","101788","13144"
"2011-08-16","Wernham","308038","262854","45184"
"2011-08-17","Wernham","367510","319290","48220"
"2011-08-18","Wernham","199466","171647","27819"
"2011-08-19","Wernham","186517","162253","24264"
"2011-08-20","Wernham","148121","125127","22994"
"2011-08-21","Wernham","103562","87910","15652"
"2011-08-22","Wernham","183470","157739","25731"
"2011-08-23","Wernham","112243","97528","14715"
"2011-08-24","Wernham","273368","231341","42027"
"2011-08-25","Wernham","205186","181362","23824"
"2011-08-26","Wernham","116862","99936","16926"
"2011-08-27","Wernham","162147","141390","20757"
"2011-08-28","Wernham","124170","111511","12659"
"2011-08-29","Wernham","300736","259298","41438"
"2011-08-30","Wernham","235267","200834","34433"
"2011-08-31","Wernham","301576","262009","39567"
"2011-09-01","Wernham","103784","90496","13288"
"2011-09-02","Wernham","110141","102179","7962"
"2011-09-03","Wernham","303173","259665","43508"
"2011-09-04","Wernham","216558","182546","34012"
"2011-09-05","Wernham","187920","162225","25695"
"2011-09-06","Wernham","112692","95142","17550"
"2011-09-07","Wernham","260369","220932","39437"
"2011-09-08","Wernham","131113","112073","19040"
"2011-09-09","Wernham","208717","181849","26868"
"2011-09-10","Wernham","104154","88761","15393"
"2011-09-11","Wernham","183758","159096","24662"
"2011-09-12","Wernham","166042","145405","20637"
"2011-09-13","Wernham","179379","158186","21193"
"2011-09-14","Wernham","156342","131598","24744"
"2011-09-15","Wernham","99614","85384","14230"
"2011-09-16","Wernham","105221","93028","12193"
"2011-09-17","Wernham","214636","186381","28255"
"2011-09-18","Wernham","226496","196914","29582"
"2011-09-19","Wernham","86742","74402","12340"
"2011-09-20","Wernham","323784","278999","44785"
"2011-09-21","Wernham","179051","145957","33094"
"2011-09-22","Wernham","239096","205598","33498"
"2011-09-23","Wernham","262255","227288","34967"
"2011-09-24","Wernham","205271","175928","29343"
"2011-09-25","Wernham","233165","205485","27680"
"2011-09-26","Wernham","227896","200531","27365"
"2011-09-27","Wernham","162250","140859","21391"
"2011-09-28","Wernham","239968","205057","34911"
"2011-09-29","Wernham","218637","188346","30291"
"2011-09-30","Wernham","163618","147280","16338"
"2011-10-01","Wernham","214018","184317","29701"
"2011-10-02","Wernham","327043","277506","49537"
"2011-10-03","Wernham","279487","242463","37024"
"2011-10-04","Wernham","205099","180030","25069"
"2011-10-05","Wernham","193194","171504","21690"
"2011-10-06","Wernham","168881","144533","24348"
"2011-10-07","Wernham","161571","138676","22895"
"2011-10-08","Wernham","262247","225623","36624"
"2011-10-09","Wernham","69964","60244","9720"
"2011-10-10","Wernham","101883","90583","11300"
"2011-10-11","Wernham","140063","121742","18321"
"2011-10-12","Wernham","238637","213340","25297"
"2011-10-13","Wernham","243789","209240","34549"
"2011-10-14","Wernham","164201","141469","22732"
"2011-10-15","Wernham","175669","150329","25340"
"2011-10-16","Wernham","186687","169761","16926"
"2011-10-17","Wernham","265458","225878","39580"
"2011-10-18","Wernham","114594","99416","15178"
"2011-10-19","Wernham","277787","243211","34576"
"2011-10-20","Wernham","324874","280328","44546"
"2011-10-21","Wernham","131664","110775","20889"
"2011-10-22","Wernham","120835","106943","13892"
"2011-10-23","Wernham","379574","327202","52372"
"2011-10-24","Wernham","211532","181019","30513"
"2011-10-25","Wernham","252956","217227","35729"
"2011-10-26","Wernham","123700","108990","14710"
"2011-10-27","Wernham","340673","294828","45845"
"2011-10-28","Wernham","132320","116027","16293"
"2011-10-29","Wernham","239627","206429","33198"
"2011-10-30","Wernham","111124","98183","12941"
"2011-10-31","Wernham","200010","168891","31119"
"2011-11-01","Wernham","218608","188490","30118"
"2011-11-02","Wernham","264095","226545","37550"
"2011-11-03","Wernham","234839","199790","35049"
"2011-11-04","Wernham","148601","132712","15889"
"2011-11-05","Wernham","264146","232239","31907"
"2011-11-06","Wernham","125141","109186","15955"
"2011-11-07","Wernham","122480","102314","20166"
"2011-11-08","Wernham","106642","97585","9057"
"2011-11-09","Wernham","152700","134248","18452"
"2011-11-10","Wernham","218357","187351","31006"
"2011-11-11","Wernham","204991","176236","28755"
"2011-11-12","Wernham","257538","224006","33532"
"2011-11-13","Wernham","78434","66917","11517"
"2011-11-14","Wernham","226680","190321","36359"
"2011-11-15","Wernham","278885","239776","39109"
"2011-11-16","Wernham","231361","197658","33703"
"2011-11-17","Wernham","236297","204883","31414"
"2011-11-18","Wernham","265318","228636","36682"
"2011-11-19","Wernham","300456","259606","40850"
"2011-11-20","Wernham","167750","146859","20891"
"2011-11-21","Wernham","262477","221219","41258"
"2011-11-22","Wernham","132431","113413","19018"
"2011-11-23","Wernham","103874","89387","14487"
"2011-11-24","Wernham","198578","173129","25449"
"2011-11-25","Wernham","245818","211539","34279"
"2011-11-26","Wernham","169301","143912","25389"
"2011-11-27","Wernham","247936","219335","28601"
"2011-11-28","Wernham","87833","78789","9044"
"2011-11-29","Wernham","306248","264711","41537"
"2011-11-30","Wernham","66074","59413","6661"
"2011-12-01","Wernham","279925","248048","31877"
"2011-12-02","Wernham","202179","171438","30741"
"2011-12-03","Wernham","85364","75481","9883"
"2011-12-04","Wernham","236286","202578","33708"
"2011-12-05","Wernham","208556","181003","27553"
"2011-12-06","Wernham","109732","93263","16469"
"2011-12-07","Wernham","310970","268351","42619"
"2011-12-08","Wernham","130941","114872","16069"
"2011-12-09","Wernham","121021","105407","15614"
"2011-12-10","Wernham","246306","218139","28167"
"2011-12-11","Wernham","163600","142377","21223"
"2011-12-12","Wernham","277765","237154","40611"
"2011-12-13","Wernham","188113","160267","27846"
"2011-12-14","Wernham","271876","237475","34401"
"2011-12-15","Wernham","239117","206757","32360"
"2011-12-16","Wernham","283905","247770","36135"
"2011-12-17","Wernham","161983","141964","20019"
"2011-12-18","Wernham","233250","200051","33199"
"2011-12-19","Wernham","275106","235808","39298"
"2011-12-20","Wernham","128031","113789","14242"
"2011-12-21","Wernham","317194","275888","41306"
"2011-12-22","Wernham","90151","80105","10046"
"2011-12-23","Wernham","103110","92419","10691"
"2011-12-24","Wernham","239606","203868","35738"
"2011-12-25","Wernham","148670","129141","19529"
"2011-12-26","Wernham","138482","120238","18244"
"2011-12-27","Wernham","274398","235072","39326"
"2011-12-28","Wernham","195980","167532","28448"
"2011-12-29","Wernham","114311","102384","11927"
"2011-12-30","Wernham","222355","191976","30379"
"2011-12-31","Wernham","129911","111141","18770"
"2012-01-01","Wernham","385431","331394","54037"
"2012-01-02","Wernham","220466","192551","27915"
"2012-01-03","Wernham","201573","182565","19008"
"2012-01-04","Wernham","391283","341572","49711"
"2012-01-05","Wernham","314181","274033","40148"
"2012-01-06","Wernham","125109","113293","11816"
"2012-01-07","Wernham","312299","271155","41144"
"2012-01-08","Wernham","322764","279809","42955"
"2012-01-09","Wernham","188678","160994","27684"
"2012-01-10","Wernham","315650","274079","41571"
"2012-01-11","Wernham","365360","315382","49978"
"2012-01-12","Wernham","263317","223944","39373"
"2012-01-13","Wernham","186677","162252","24425"
"2012-01-14","Wernham","284756","249038","35718"
"2012-01-15","Wernham","434244","371162","63082"
"2012-01-16","Wernham","440311","375743","64568"
"2012-01-17","Wernham","252145","216803","35342"
"2012-01-18","Wernham","351191","301456","49735"
"2012-01-19","Wernham","332090","282579","49511"
"2012-01-20","Wernham","351995","306339","45656"
"2012-01-21","Wernham","414807","359965","54842"
"2012-01-22","Wernham","199806","174956","24850"
"2012-01-23","Wernham","191020","165094","25926"
"2012-01-24","Wernham","432618","382547","50071"
"2012-01-25","Wernham","321632","280508","41124"
"2012-01-26","Wernham","330547","287827","42720"
"2012-01-27","Wernham","300321","264025","36296"
"2012-01-28","Wernham","330079","288370","41709"
"2012-01-29","Wernham","302581","267151","35430"
"2012-01-30","Wernham","264666","225153","39513"
"2012-01-31","Wernham","326504","281001","45503"
"2012-02-01","Wernham","200710","171392","29318"
"2012-02-02","Wernham","336830","294789","42041"
"2012-02-03","Wernham","275275","235351","39924"
"2012-02-04","Wernham","361480","314185","47295"
"2012-02-05","Wernham","379299","327868","51431"
"2012-02-06","Wernham","327270","276080","51190"
"2012-02-07","Wernham","277780","240333","37447"
"2012-02-08","Wernham","286634","250224","36410"
"2012-02-09","Wernham","202226","175417","26809"
"2012-02-10","Wernham","422016","367509","54507"
"2012-02-11","Wernham","361734","311799","49935"
"2012-02-12","Wernham","282784","243203","39581"
"2012-02-13","Wernham","384774","332759","52015"
"2012-02-14","Wernham","491636","424699","66937"
"2012-02-15","Wernham","240316","211751","28565"
"2012-02-16","Wernham","223425","193583","29842"
"2012-02-17","Wernham","430845","372905","57940"
"2012-02-18","Wernham","379109","325241","53868"
"2012-02-19","Wernham","327291","280987","46304"
"2012-02-20","Wernham","128940","113466","15474"
"2012-02-21","Wernham","349383","298410","50973"
"2012-02-22","Wernham","361700","310772","50928"
"2012-02-23","Wernham","267896","233383","34513"
"2012-02-24","Wernham","249295","220277","29018"
"2012-02-25","Wernham","251071","219977","31094"
"2012-02-26","Wernham","270286","230612","39674"
"2012-02-27","Wernham","309760","269184","40576"
"2012-02-28","Wernham","318022","279270","38752"
"2012-02-29","Wernham","306615","268604","38011"
"2012-03-01","Wernham","222232","195247","26985"
"2012-03-02","Wernham","265606","227548","38058"
"2012-03-03","Wernham","325085","281652","43433"
"2012-03-04","Wernham","391759","339628","52131"
"2012-03-05","Wernham","236534","208723","27811"
"2012-03-06","Wernham","358344","302813","55531"
"2012-03-07","Wernham","202876","177963","24913"
"2012-03-08","Wernham","235717","206632","29085"
"2012-03-09","Wernham","252723","224277","28446"
"2012-03-10","Wernham","351549","302837","48712"
"2012-03-11","Wernham","216777","187474","29303"
"2012-03-12","Wernham","182067","157548","24519"
"2012-03-13","Wernham","432129","375334","56795"
"2012-03-14","Wernham","418000","355013","62987"
"2012-03-15","Wernham","390672","337797","52875"
"2012-03-16","Wernham","376196","328121","48075"
"2012-03-17","Wernham","202638","181468","21170"
"2012-03-18","Wernham","700852","592792","108060"
"2012-03-19","Wernham","347817","307899","39918"
"2012-03-20","Wernham","230764","197993","32771"
"2012-03-21","Wernham","287555","250071","37484"
"2012-03-22","Wernham","252871","225947","26924"
"2012-03-23","Wernham","252248","216272","35976"
"2012-03-24","Wernham","281203","241410","39793"
"2012-03-25","Wernham","385502","332943","52559"
"2012-03-26","Wernham","205556","179627","25929"
"2012-03-27","Wernham","255085","221118","33967"
"2012-03-28","Wernham","289655","252441","37214"
"2012-03-29","Wernham","195677","172717","22960"
"2012-03-30","Wernham","264524","232487","32037"
"2012-03-31","Wernham","296014","252295","43719"
"2012-04-01","Wernham","526037","454858","71179"
"2012-04-02","Wernham","314104","282640","31464"
"2012-04-03","Wernham","207807","184830","22977"
"2012-04-04","Wernham","160262","139932","20330"
"2012-04-05","Wernham","299621","260683","38938"
"2012-04-06","Wernham","407067","364356","42711"
"2012-04-07","Wernham","574048","494308","79740"
"2012-04-08","Wernham","349491","302204","47287"
"2012-04-09","Wernham","342880","296094","46786"
"2012-04-10","Wernham","583326","499101","84225"
"2012-04-11","Wernham","306232","266574","39658"
"2012-04-12","Wernham","438740","379823","58917"
"2012-04-13","Wernham","538119","463607","74512"
"2012-04-14","Wernham","358499","313031","45468"
"2012-04-15","Wernham","341130","294425","46705"
"2012-04-16","Wernham","315785","270744","45041"
"2012-04-17","Wernham","255128","214529","40599"
"2012-04-18","Wernham","474404","409524","64880"
"2012-04-19","Wernham","300673","257705","42968"
"2012-04-20","Wernham","222659","191470","31189"
"2012-04-21","Wernham","191307","162178","29129"
"2012-04-22","Wernham","390697","338383","52314"
"2012-04-23","Wernham","423982","363788","60194"
"2012-04-24","Wernham","266163","233022","33141"
"2012-04-25","Wernham","220256","193967","26289"
"2012-04-26","Wernham","205028","176772","28256"
"2012-04-27","Wernham","189428","168015","21413"
"2012-04-28","Wernham","306906","264651","42255"
"2012-04-29","Wernham","359596","308046","51550"
"2012-04-30","Wernham","256455","217536","38919"
"2012-05-01","Wernham","285122","245065","40057"
"2012-05-02","Wernham","199373","175098","24275"
"2012-05-03","Wernham","290860","266702","24158"
"2012-05-04","Wernham","289919","254519","35400"
"2012-05-05","Wernham","281246","246424","34822"
"2012-05-06","Wernham","477746","418213","59533"
"2012-05-07","Wernham","440522","379006","61516"
"2012-05-08","Wernham","342970","294985","47985"
"2012-05-09","Wernham","272401","245958","26443"
"2012-05-10","Wernham","413988","359398","54590"
"2012-05-11","Wernham","291363","252373","38990"
"2012-05-12","Wernham","171858","150468","21390"
"2012-05-13","Wernham","357021","311776","45245"
"2012-05-14","Wernham","400234","340208","60026"
"2012-05-15","Wernham","261943","230400","31543"
"2012-05-16","Wernham","252525","222895","29630"
"2012-05-17","Wernham","366857","327741","39116"
"2012-05-18","Wernham","384365","331337","53028"
"2012-05-19","Wernham","287234","250353","36881"
"2012-05-20","Wernham","282157","238861","43296"
"2012-05-21","Wernham","458240","398223","60017"
"2012-05-22","Wernham","642492","557833","84659"
"2012-05-23","Wernham","316732","272888","43844"
"2012-05-24","Wernham","362093","320940","41153"
"2012-05-25","Wernham","362627","314423","48204"
"2012-05-26","Wernham","518393","444914","73479"
"2012-05-27","Wernham","335639","292876","42763"
"2012-05-28","Wernham","178028","152395","25633"
"2012-05-29","Wernham","264325","225123","39202"
"2012-05-30","Wernham","268349","235013","33336"
"2012-05-31","Wernham","208408","179333","29075"
"2012-06-01","Wernham","43626","36336","7290"
"2012-06-02","Wernham","99281","87337","11944"
"2012-06-03","Wernham","105332","89573","15759"
"2012-06-04","Wernham","87442","75299","12143"
"2012-06-05","Wernham","144513","126228","18285"
"2012-06-06","Wernham","161021","143932","17089"
"2012-06-07","Wernham","158101","138527","19574"
"2012-06-08","Wernham","84434","73561","10873"
"2012-06-09","Wernham","143301","122376","20925"
"2012-06-10","Wernham","95614","88098","7516"
"2012-06-11","Wernham","118566","101744","16822"
"2012-06-12","Wernham","131171","113768","17403"
"2012-06-13","Wernham","178381","150348","28033"
"2012-06-14","Wernham","112874","99852","13022"
"2012-06-15","Wernham","86602","74715","11887"
"2012-06-16","Wernham","197882","170722","27160"
"2012-06-17","Wernham","151181","128817","22364"
"2012-06-18","Wernham","108036","92198","15838"
"2012-06-19","Wernham","92703","82336","10367"
"2012-06-20","Wernham","147040","128249","18791"
"2012-06-21","Wernham","136102","117653","18449"
"2012-06-22","Wernham","186797","161945","24852"
"2012-06-23","Wernham","98993","85980","13013"
"2012-06-24","Wernham","217609","190141","27468"
"2012-06-25","Wernham","47508","39773","7735"
"2012-06-26","Wernham","64534","57412","7122"
"2012-06-27","Wernham","126462","112151","14311"
"2012-06-28","Wernham","95943","85210","10733"
"2012-06-29","Wernham","162472","139075","23397"
"2012-06-30","Wernham","92624","78398","14226"
"2012-07-01","Wernham","103866","87404","16462"
"2012-07-02","Wernham","153500","139401","14099"
"2012-07-03","Wernham","305276","262357","42919"
"2012-07-04","Wernham","203238","178311","24927"
"2012-07-05","Wernham","194461","166690","27771"
"2012-07-06","Wernham","126005","107965","18040"
"2012-07-07","Wernham","165461","144096","21365"
"2012-07-08","Wernham","69214","60476","8738"
"2012-07-09","Wernham","216867","186146","30721"
"2012-07-10","Wernham","169161","143907","25254"
"2012-07-11","Wernham","166449","144206","22243"
"2012-07-12","Wernham","233337","201383","31954"
"2012-07-13","Wernham","209750","179952","29798"
"2012-07-14","Wernham","96366","82148","14218"
"2012-07-15","Wernham","235796","211873","23923"
"2012-07-16","Wernham","264338","225701","38637"
"2012-07-17","Wernham","187337","167718","19619"
"2012-07-18","Wernham","84564","72773","11791"
"2012-07-19","Wernham","158999","139965","19034"
"2012-07-20","Wernham","112856","94949","17907"
"2012-07-21","Wernham","167680","148280","19400"
"2012-07-22","Wernham","81975","70324","11651"
"2012-07-23","Wernham","274316","233575","40741"
"2012-07-24","Wernham","92354","81944","10410"
"2012-07-25","Wernham","62316","57907","4409"
"2012-07-26","Wernham","124914","108167","16747"
"2012-07-27","Wernham","113413","100946","12467"
"2012-07-28","Wernham","179791","156885","22906"
"2012-07-29","Wernham","42355","38975","3380"
"2012-07-30","Wernham","160172","141041","19131"
"2012-07-31","Wernham","109774","96665","13109"
"2012-08-01","Wernham","120193","106380","13813"
"2012-08-02","Wernham","120003","101612","18391"
"2012-08-03","Wernham","87083","74432","12651"
"2012-08-04","Wernham","175629","152453","23176"
"2012-08-05","Wernham","151802","128221","23581"
"2012-08-06","Wernham","119440","104987","14453"
"2012-08-07","Wernham","112383","97215","15168"
"2012-08-08","Wernham","107473","95573","11900"
"2012-08-09","Wernham","304457","261571","42886"
"2012-08-10","Wernham","125482","109216","16266"
"2012-08-11","Wernham","88694","79691","9003"
"2012-08-12","Wernham","145409","125108","20301"
"2012-08-13","Wernham","109864","95556","14308"
"2012-08-14","Wernham","223417","193221","30196"
"2012-08-15","Wernham","122604","104245","18359"
"2012-08-16","Wernham","139503","121373","18130"
"2012-08-17","Wernham","262057","224603","37454"
"2012-08-18","Wernham","242643","204540","38103"
"2012-08-19","Wernham","120291","105951","14340"
"2012-08-20","Wernham","175542","151439","24103"
"2012-08-21","Wernham","210289","181364","28925"
"2012-08-22","Wernham","68926","59119","9807"
"2012-08-23","Wernham","153540","134309","19231"
"2012-08-24","Wernham","149673","124418","25255"
"2012-08-25","Wernham","173296","155249","18047"
"2012-08-26","Wernham","155832","133328","22504"
"2012-08-27","Wernham","100874","88011","12863"
"2012-08-28","Wernham","127112","110108","17004"
"2012-08-29","Wernham","64246","56055","8191"
"2012-08-30","Wernham","171650","157629","14021"
"2012-08-31","Wernham","218233","185801","32432"
"2012-09-01","Wernham","216352","183770","32582"
"2012-09-02","Wernham","66555","59130","7425"
"2012-09-03","Wernham","222580","190818","31762"
"2012-09-04","Wernham","131142","115215","15927"
"2012-09-05","Wernham","183208","162950","20258"
"2012-09-06","Wernham","42836","38692","4144"
"2012-09-07","Wernham","149201","129654","19547"
"2012-09-08","Wernham","203588","176582","27006"
"2012-09-09","Wernham","97473","84291","13182"
"2012-09-10","Wernham","130632","112356","18276"
"2012-09-11","Wernham","252391","213836","38555"
"2012-09-12","Wernham","153421","135463","17958"
"2012-09-13","Wernham","227220","196006","31214"
"2012-09-14","Wernham","244603","211431","33172"
"2012-09-15","Wernham","181149","158546","22603"
"2012-09-16","Wernham","117163","102090","15073"
"2012-09-17","Wernham","186090","165888","20202"
"2012-09-18","Wernham","124342","108712","15630"
"2012-09-19","Wernham","134081","115935","18146"
"2012-09-20","Wernham","268105","233770","34335"
"2012-09-21","Wernham","73133","64449","8684"
"2012-09-22","Wernham","181589","155708","25881"
"2012-09-23","Wernham","120921","103596","17325"
"2012-09-24","Wernham","270624","235429","35195"
"2012-09-25","Wernham","195507","169798","25709"
"2012-09-26","Wernham","131900","116966","14934"
"2012-09-27","Wernham","304666","257687","46979"
"2012-09-28","Wernham","197002","170901","26101"
"2012-09-29","Wernham","186468","166136","20332"
"2012-09-30","Wernham","184191","158954","25237"
"2012-10-01","Wernham","216645","189770","26875"
"2012-10-02","Wernham","268097","233408","34689"
"2012-10-03","Wernham","221849","194641","27208"
"2012-10-04","Wernham","84244","75523","8721"
"2012-10-05","Wernham","151662","128534","23128"
"2012-10-06","Wernham","130392","110858","19534"
"2012-10-07","Wernham","186640","161716","24924"
"2012-10-08","Wernham","230995","201250","29745"
"2012-10-09","Wernham","124951","108703","16248"
"2012-10-10","Wernham","92513","81853","10660"
"2012-10-11","Wernham","260599","219510","41089"
"2012-10-12","Wernham","169639","146065","23574"
"2012-10-13","Wernham","150374","130949","19425"
"2012-10-14","Wernham","164534","139516","25018"
"2012-10-15","Wernham","144273","120664","23609"
"2012-10-16","Wernham","259521","220509","39012"
"2012-10-17","Wernham","200599","174847","25752"
"2012-10-18","Wernham","234448","198745","35703"
"2012-10-19","Wernham","297586","255315","42271"
"2012-10-20","Wernham","122921","104155","18766"
"2012-10-21","Wernham","213088","182397","30691"
"2012-10-22","Wernham","60615","53757","6858"
"2012-10-23","Wernham","109972","99350","10622"
"2012-10-24","Wernham","194490","165243","29247"
"2012-10-25","Wernham","320524","277434","43090"
"2012-10-26","Wernham","108694","92138","16556"
"2012-10-27","Wernham","202477","179220","23257"
"2012-10-28","Wernham","227360","195693","31667"
"2012-10-29","Wernham","141422","125871","15551"
"2012-10-30","Wernham","199912","172083","27829"
"2012-10-31","Wernham","72673","66975","5698"
"2012-11-01","Wernham","155582","136868","18714"
"2012-11-02","Wernham","106224","88305","17919"
"2012-11-03","Wernham","266594","230322","36272"
"2012-11-04","Wernham","230468","199242","31226"
"2012-11-05","Wernham","147711","128668","19043"
"2012-11-06","Wernham","181680","159278","22402"
"2012-11-07","Wernham","240015","212784","27231"
"2012-11-08","Wernham","192560","167095","25465"
"2012-11-09","Wernham","113902","98057","15845"
"2012-11-10","Wernham","204851","176549","28302"
"2012-11-11","Wernham","126972","110421","16551"
"2012-11-12","Wernham","104582","90123","14459"
"2012-11-13","Wernham","235621","200040","35581"
"2012-11-14","Wernham","109114","91199","17915"
"2012-11-15","Wernham","178872","152985","25887"
"2012-11-16","Wernham","226010","194175","31835"
"2012-11-17","Wernham","197488","173640","23848"
"2012-11-18","Wernham","125905","106154","19751"
"2012-11-19","Wernham","97824","87241","10583"
"2012-11-20","Wernham","40317","37033","3284"
"2012-11-21","Wernham","165251","145512","19739"
"2012-11-22","Wernham","121119","106062","15057"
"2012-11-23","Wernham","110862","103394","7468"
"2012-11-24","Wernham","278425","238250","40175"
"2012-11-25","Wernham","296854","250954","45900"
"2012-11-26","Wernham","119440","107651","11789"
"2012-11-27","Wernham","191089","161523","29566"
"2012-11-28","Wernham","157940","136060","21880"
"2012-11-29","Wernham","142162","122719","19443"
"2012-11-30","Wernham","157372","135329","22043"
"2012-12-01","Wernham","186837","159503","27334"
"2012-12-02","Wernham","155269","136703","18566"
"2012-12-03","Wernham","104064","89870","14194"
"2012-12-04","Wernham","174422","148499","25923"
"2012-12-05","Wernham","248387","215615","32772"
"2012-12-06","Wernham","140782","120717","20065"
"2012-12-07","Wernham","196458","169909","26549"
"2012-12-08","Wernham","155832","133328","22504"
"2012-12-09","Wernham","125141","109186","15955"
"2012-12-10","Wernham","92444","80835","11609"
"2012-12-11","Wernham","157948","133454","24494"
"2012-12-12","Wernham","200208","174021","26187"
"2012-12-13","Wernham","99614","85384","14230"
"2012-12-14","Wernham","118722","100808","17914"
"2012-12-15","Wernham","184666","168043","16623"
"2012-12-16","Wernham","154092","134579","19513"
"2012-12-17","Wernham","144212","124074","20138"
"2012-12-18","Wernham","193228","162085","31143"
"2012-12-19","Wernham","153027","134414","18613"
"2012-12-20","Wernham","204629","175365","29264"
"2012-12-21","Wernham","128314","111040","17274"
"2012-12-22","Wernham","202110","175327","26783"
"2012-12-23","Wernham","284608","247368","37240"
"2012-12-24","Wernham","126261","112126","14135"
"2012-12-25","Wernham","293655","253013","40642"
"2012-12-26","Wernham","139482","120214","19268"
"2012-12-27","Wernham","112523","96902","15621"
"2012-12-28","Wernham","241278","209783","31495"
"2012-12-29","Wernham","149790","133483","16307"
"2012-12-30","Wernham","174332","149608","24724"
"2012-12-31","Wernham","38156","35628","2528"
"2013-01-01","Wernham","117784","101494","16290"
"2013-01-02","Wernham","504204","440776","63428"
"2013-01-03","Wernham","598019","525372","72647"
"2013-01-04","Wernham","373874","327535","46339"
"2013-01-05","Wernham","248818","212915","35903"
"2013-01-06","Wernham","393106","339521","53585"
"2013-01-07","Wernham","525987","451094","74893"
"2013-01-08","Wernham","347220","302723","44497"
"2013-01-09","Wernham","549267","476139","73128"
"2013-01-10","Wernham","541866","472703","69163"
"2013-01-11","Wernham","470536","407194","63342"
"2013-01-12","Wernham","487398","422581","64817"
"2013-01-13","Wernham","423958","365070","58888"
"2013-01-14","Wernham","382871","332790","50081"
"2013-01-15","Wernham","333678","281013","52665"
"2013-01-16","Wernham","565564","488234","77330"
"2013-01-17","Wernham","434133","374236","59897"
"2013-01-18","Wernham","634510","543515","90995"
"2013-01-19","Wernham","735422","636281","99141"
"2013-01-20","Wernham","485838","425461","60377"
"2013-01-21","Wernham","492399","426285","66114"
"2013-01-22","Wernham","477912","412140","65772"
"2013-01-23","Wernham","498121","434553","63568"
"2013-01-24","Wernham","499903","431554","68349"
"2013-01-25","Wernham","529115","452207","76908"
"2013-01-26","Wernham","571249","493056","78193"
"2013-01-27","Wernham","516895","461306","55589"
"2013-01-28","Wernham","394855","343007","51848"
"2013-01-29","Wernham","593256","514829","78427"
"2013-01-30","Wernham","430887","373339","57548"
"2013-01-31","Wernham","339883","292595","47288"
"2013-02-01","Wernham","562175","483077","79098"
"2013-02-02","Wernham","418187","362427","55760"
"2013-02-03","Wernham","572672","492114","80558"
"2013-02-04","Wernham","328962","282004","46958"
"2013-02-05","Wernham","592628","502274","90354"
"2013-02-06","Wernham","618337","535071","83266"
"2013-02-07","Wernham","595797","517942","77855"
"2013-02-08","Wernham","603224","516596","86628"
"2013-02-09","Wernham","537931","457343","80588"
"2013-02-10","Wernham","368479","313884","54595"
"2013-02-11","Wernham","231371","203702","27669"
"2013-02-12","Wernham","500959","434499","66460"
"2013-02-13","Wernham","724327","623344","100983"
"2013-02-14","Wernham","743297","644289","99008"
"2013-02-15","Wernham","482013","418884","63129"
"2013-02-16","Wernham","474381","414621","59760"
"2013-02-17","Wernham","420031","363859","56172"
"2013-02-18","Wernham","316913","274046","42867"
"2013-02-19","Wernham","401988","344052","57936"
"2013-02-20","Wernham","430133","373664","56469"
"2013-02-21","Wernham","544718","471106","73612"
"2013-02-22","Wernham","483892","433062","50830"
"2013-02-23","Wernham","635125","551065","84060"
"2013-02-24","Wernham","461838","399496","62342"
"2013-02-25","Wernham","375216","328472","46744"
"2013-02-26","Wernham","604407","525082","79325"
"2013-02-27","Wernham","399008","343745","55263"
"2013-02-28","Wernham","357733","306789","50944"
"2013-03-01","Wernham","189428","168015","21413"
"2013-03-02","Wernham","219693","190626","29067"
"2013-03-03","Wernham","386253","343000","43253"
"2013-03-04","Wernham","662891","578847","84044"
"2013-03-05","Wernham","533531","462134","71397"
"2013-03-06","Wernham","323097","282064","41033"
"2013-03-07","Wernham","579449","502957","76492"
"2013-03-08","Wernham","566367","493610","72757"
"2013-03-09","Wernham","362717","318221","44496"
"2013-03-10","Wernham","531160","462463","68697"
"2013-03-11","Wernham","590609","510367","80242"
"2013-03-12","Wernham","656616","567025","89591"
"2013-03-13","Wernham","621453","535477","85976"
"2013-03-14","Wernham","496361","425997","70364"
"2013-03-15","Wernham","645842","564838","81004"
"2013-03-16","Wernham","502892","437454","65438"
"2013-03-17","Wernham","597770","513707","84063"
"2013-03-18","Wernham","511934","441105","70829"
"2013-03-19","Wernham","459814","395849","63965"
"2013-03-20","Wernham","401178","348526","52652"
"2013-03-21","Wernham","636932","553264","83668"
"2013-03-22","Wernham","591407","511396","80011"
"2013-03-23","Wernham","477456","415820","61636"
"2013-03-24","Wernham","582824","501412","81412"
"2013-03-25","Wernham","359243","309624","49619"
"2013-03-26","Wernham","563483","495347","68136"
"2013-03-27","Wernham","494493","424445","70048"
"2013-03-28","Wernham","340591","293331","47260"
"2013-03-29","Wernham","379489","331333","48156"
"2013-03-30","Wernham","768856","668729","100127"
"2013-03-31","Wernham","454641","393058","61583"
"2013-04-01","Wernham","309430","264425","45005"
"2013-04-02","Wernham","587374","511917","75457"
"2013-04-03","Wernham","462643","399190","63453"
"2013-04-04","Wernham","513610","450134","63476"
"2013-04-05","Wernham","656439","570257","86182"
"2013-04-06","Wernham","539117","467316","71801"
"2013-04-07","Wernham","446302","384317","61985"
"2013-04-08","Wernham","612953","532206","80747"
"2013-04-09","Wernham","534769","458400","76369"
"2013-04-10","Wernham","625937","545652","80285"
"2013-04-11","Wernham","498358","441679","56679"
"2013-04-12","Wernham","665418","578161","87257"
"2013-04-13","Wernham","660424","572683","87741"
"2013-04-14","Wernham","574254","497761","76493"
"2013-04-15","Wernham","495692","430482","65210"
"2013-04-16","Wernham","542780","475465","67315"
"2013-04-17","Wernham","371448","319980","51468"
"2013-04-18","Wernham","615459","533386","82073"
"2013-04-19","Wernham","470460","413617","56843"
"2013-04-20","Wernham","528083","453876","74207"
"2013-04-21","Wernham","391986","340965","51021"
"2013-04-22","Wernham","445213","393877","51336"
"2013-04-23","Wernham","466990","409720","57270"
"2013-04-24","Wernham","669784","574222","95562"
"2013-04-25","Wernham","525334","452815","72519"
"2013-04-26","Wernham","463883","398523","65360"
"2013-04-27","Wernham","393785","344368","49417"
"2013-04-28","Wernham","777620","679934","97686"
"2013-04-29","Wernham","373218","318415","54803"
"2013-04-30","Wernham","551505","473614","77891"
"2013-05-01","Wernham","127582","110502","17080"
"2013-05-02","Wernham","448534","389298","59236"
"2013-05-03","Wernham","550375","480531","69844"
"2013-05-04","Wernham","642577","552018","90559"
"2013-05-05","Wernham","493296","426075","67221"
"2013-05-06","Wernham","533500","462439","71061"
"2013-05-07","Wernham","512492","435808","76684"
"2013-05-08","Wernham","612861","526168","86693"
"2013-05-09","Wernham","418852","369130","49722"
"2013-05-10","Wernham","627837","539265","88572"
"2013-05-11","Wernham","377927","326242","51685"
"2013-05-12","Wernham","410136","359398","50738"
"2013-05-13","Wernham","512372","443985","68387"
"2013-05-14","Wernham","645448","556081","89367"
"2013-05-15","Wernham","641456","561535","79921"
"2013-05-16","Wernham","435295","377073","58222"
"2013-05-17","Wernham","481621","416445","65176"
"2013-05-18","Wernham","515393","447604","67789"
"2013-05-19","Wernham","465867","399182","66685"
"2013-05-20","Wernham","403633","355475","48158"
"2013-05-21","Wernham","380578","330194","50384"
"2013-05-22","Wernham","293920","253574","40346"
"2013-05-23","Wernham","417734","365005","52729"
"2013-05-24","Wernham","628673","544107","84566"
"2013-05-25","Wernham","800601","688385","112216"
"2013-05-26","Wernham","452620","402803","49817"
"2013-05-27","Wernham","408205","356366","51839"
"2013-05-28","Wernham","501420","446769","54651"
"2013-05-29","Wernham","626716","549100","77616"
"2013-05-30","Wernham","628213","556969","71244"
"2013-05-31","Wernham","317303","271814","45489"
"2008-06-02","Whiteacre","8469","6547","1922"
"2008-06-07","Whiteacre","12729","7156","5573"
"2008-06-09","Whiteacre","8469","6547","1922"
"2008-06-10","Whiteacre","8469","6547","1922"
"2008-06-12","Whiteacre","16938","13094","3844"
"2008-06-13","Whiteacre","14368","11498","2870"
"2008-06-14","Whiteacre","14368","11498","2870"
"2008-06-16","Whiteacre","8469","6547","1922"
"2008-06-17","Whiteacre","5899","4951","948"
"2008-06-22","Whiteacre","31306","24592","6714"
"2008-06-24","Whiteacre","5899","4951","948"
"2008-06-25","Whiteacre","8469","6547","1922"
"2008-06-27","Whiteacre","5899","4951","948"
"2008-07-01","Whiteacre","8469","6547","1922"
"2008-07-03","Whiteacre","5899","4951","948"
"2008-07-07","Whiteacre","8469","6547","1922"
"2008-07-13","Whiteacre","8469","6547","1922"
"2008-07-17","Whiteacre","8469","6547","1922"
"2008-07-21","Whiteacre","8469","6547","1922"
"2008-07-24","Whiteacre","8469","6547","1922"
"2008-07-30","Whiteacre","8469","6547","1922"
"2008-07-31","Whiteacre","14368","11498","2870"
"2008-08-02","Whiteacre","8469","6547","1922"
"2008-08-03","Whiteacre","5899","4951","948"
"2008-08-10","Whiteacre","5899","4951","948"
"2008-08-12","Whiteacre","5899","4951","948"
"2008-08-13","Whiteacre","5899","4951","948"
"2008-08-16","Whiteacre","14368","11498","2870"
"2008-08-17","Whiteacre","8469","6547","1922"
"2008-08-19","Whiteacre","16938","13094","3844"
"2008-08-22","Whiteacre","5899","4951","948"
"2008-08-23","Whiteacre","14368","11498","2870"
"2008-08-26","Whiteacre","11798","9902","1896"
"2008-09-03","Whiteacre","8469","6547","1922"
"2008-09-07","Whiteacre","8469","6547","1922"
"2008-09-14","Whiteacre","12729","7156","5573"
"2008-09-17","Whiteacre","8469","6547","1922"
"2008-09-19","Whiteacre","8469","6547","1922"
"2008-09-25","Whiteacre","8469","6547","1922"
"2008-09-26","Whiteacre","8469","6547","1922"
"2008-09-30","Whiteacre","5899","4951","948"
"2008-10-02","Whiteacre","12729","7156","5573"
"2008-10-03","Whiteacre","8469","6547","1922"
"2008-10-07","Whiteacre","8469","6547","1922"
"2008-10-08","Whiteacre","5899","4951","948"
"2008-10-09","Whiteacre","8469","6547","1922"
"2008-10-11","Whiteacre","5899","4951","948"
"2008-10-12","Whiteacre","8469","6547","1922"
"2008-10-19","Whiteacre","8469","6547","1922"
"2008-10-20","Whiteacre","16938","13094","3844"
"2008-10-26","Whiteacre","14368","11498","2870"
"2008-10-27","Whiteacre","8469","6547","1922"
"2008-10-30","Whiteacre","16938","13094","3844"
"2008-11-03","Whiteacre","8469","6547","1922"
"2008-11-10","Whiteacre","5899","4951","948"
"2008-11-15","Whiteacre","5899","4951","948"
"2008-11-19","Whiteacre","8469","6547","1922"
"2008-12-02","Whiteacre","12729","7156","5573"
"2008-12-03","Whiteacre","22837","18045","4792"
"2008-12-04","Whiteacre","14368","11498","2870"
"2008-12-06","Whiteacre","5899","4951","948"
"2008-12-08","Whiteacre","8469","6547","1922"
"2008-12-11","Whiteacre","16938","13094","3844"
"2008-12-12","Whiteacre","8469","6547","1922"
"2008-12-13","Whiteacre","22837","18045","4792"
"2008-12-14","Whiteacre","12729","7156","5573"
"2008-12-29","Whiteacre","8469","6547","1922"
"2009-01-03","Whiteacre","14368","11498","2870"
"2009-01-04","Whiteacre","16938","13094","3844"
"2009-01-06","Whiteacre","8469","6547","1922"
"2009-01-10","Whiteacre","5899","4951","948"
"2009-01-15","Whiteacre","8469","6547","1922"
"2009-01-17","Whiteacre","8469","6547","1922"
"2009-01-19","Whiteacre","5899","4951","948"
"2009-01-20","Whiteacre","16938","13094","3844"
"2009-01-21","Whiteacre","16938","13094","3844"
"2009-01-22","Whiteacre","11798","9902","1896"
"2009-01-23","Whiteacre","8469","6547","1922"
"2009-01-24","Whiteacre","8469","6547","1922"
"2009-01-25","Whiteacre","5899","4951","948"
"2009-01-26","Whiteacre","8469","6547","1922"
"2009-01-30","Whiteacre","8469","6547","1922"
"2009-01-31","Whiteacre","5899","4951","948"
"2009-02-04","Whiteacre","14368","11498","2870"
"2009-02-05","Whiteacre","5899","4951","948"
"2009-02-06","Whiteacre","22837","18045","4792"
"2009-02-10","Whiteacre","5899","4951","948"
"2009-02-11","Whiteacre","5899","4951","948"
"2009-02-12","Whiteacre","14368","11498","2870"
"2009-02-18","Whiteacre","8469","6547","1922"
"2009-02-20","Whiteacre","8469","6547","1922"
"2009-02-21","Whiteacre","5899","4951","948"
"2009-02-22","Whiteacre","14368","11498","2870"
"2009-02-23","Whiteacre","22837","18045","4792"
"2009-02-24","Whiteacre","5899","4951","948"
"2009-02-26","Whiteacre","5899","4951","948"
"2009-02-27","Whiteacre","20267","16449","3818"
"2009-02-28","Whiteacre","5899","4951","948"
"2009-03-01","Whiteacre","8469","6547","1922"
"2009-03-02","Whiteacre","5899","4951","948"
"2009-03-08","Whiteacre","14368","11498","2870"
"2009-03-10","Whiteacre","8469","6547","1922"
"2009-03-12","Whiteacre","5899","4951","948"
"2009-03-13","Whiteacre","27097","18654","8443"
"2009-03-16","Whiteacre","12729","7156","5573"
"2009-03-18","Whiteacre","16938","13094","3844"
"2009-03-19","Whiteacre","16938","13094","3844"
"2009-03-21","Whiteacre","16938","13094","3844"
"2009-03-22","Whiteacre","14368","11498","2870"
"2009-03-24","Whiteacre","8469","6547","1922"
"2009-03-26","Whiteacre","14368","11498","2870"
"2009-03-27","Whiteacre","8469","6547","1922"
"2009-03-29","Whiteacre","8469","6547","1922"
"2009-03-30","Whiteacre","16938","13094","3844"
"2009-04-01","Whiteacre","14368","11498","2870"
"2009-04-03","Whiteacre","11798","9902","1896"
"2009-04-04","Whiteacre","8469","6547","1922"
"2009-04-05","Whiteacre","14368","11498","2870"
"2009-04-06","Whiteacre","8469","6547","1922"
"2009-04-08","Whiteacre","8469","6547","1922"
"2009-04-09","Whiteacre","5899","4951","948"
"2009-04-12","Whiteacre","5899","4951","948"
"2009-04-13","Whiteacre","20267","16449","3818"
"2009-04-14","Whiteacre","5899","4951","948"
"2009-04-19","Whiteacre","8469","6547","1922"
"2009-04-20","Whiteacre","8469","6547","1922"
"2009-04-23","Whiteacre","16938","13094","3844"
"2009-04-24","Whiteacre","8469","6547","1922"
"2009-04-25","Whiteacre","25407","19641","5766"
"2009-04-27","Whiteacre","8469","6547","1922"
"2009-04-28","Whiteacre","5899","4951","948"
"2009-04-29","Whiteacre","14368","11498","2870"
"2009-05-02","Whiteacre","8469","6547","1922"
"2009-05-03","Whiteacre","5899","4951","948"
"2009-05-05","Whiteacre","14368","11498","2870"
"2009-05-07","Whiteacre","22837","18045","4792"
"2009-05-08","Whiteacre","8469","6547","1922"
"2009-05-10","Whiteacre","5899","4951","948"
"2009-05-11","Whiteacre","22837","18045","4792"
"2009-05-12","Whiteacre","25407","19641","5766"
"2009-05-14","Whiteacre","16938","13094","3844"
"2009-05-16","Whiteacre","5899","4951","948"
"2009-05-18","Whiteacre","8469","6547","1922"
"2009-05-19","Whiteacre","11798","9902","1896"
"2009-05-20","Whiteacre","8469","6547","1922"
"2009-05-22","Whiteacre","16938","13094","3844"
"2009-05-24","Whiteacre","11798","9902","1896"
"2009-05-25","Whiteacre","11798","9902","1896"
"2009-05-26","Whiteacre","8469","6547","1922"
"2009-05-27","Whiteacre","8469","6547","1922"
"2009-05-28","Whiteacre","20267","16449","3818"
"2009-05-29","Whiteacre","14368","11498","2870"
"2009-05-30","Whiteacre","8469","6547","1922"
"2009-06-01","Whiteacre","8469","6547","1922"
"2009-06-02","Whiteacre","21198","13703","7495"
"2009-06-04","Whiteacre","22837","18045","4792"
"2009-06-05","Whiteacre","8469","6547","1922"
"2009-06-06","Whiteacre","8469","6547","1922"
"2009-06-09","Whiteacre","8469","6547","1922"
"2009-06-10","Whiteacre","8469","6547","1922"
"2009-06-11","Whiteacre","5899","4951","948"
"2009-06-13","Whiteacre","14368","11498","2870"
"2009-06-15","Whiteacre","8469","6547","1922"
"2009-06-17","Whiteacre","20267","16449","3818"
"2009-06-19","Whiteacre","5899","4951","948"
"2009-06-21","Whiteacre","8469","6547","1922"
"2009-06-22","Whiteacre","16938","13094","3844"
"2009-06-23","Whiteacre","20267","16449","3818"
"2009-06-24","Whiteacre","8469","6547","1922"
"2009-06-25","Whiteacre","8469","6547","1922"
"2009-06-26","Whiteacre","14368","11498","2870"
"2009-06-28","Whiteacre","8469","6547","1922"
"2009-06-29","Whiteacre","14368","11498","2870"
"2009-06-30","Whiteacre","5899","4951","948"
"2009-07-01","Whiteacre","22837","18045","4792"
"2009-07-04","Whiteacre","5899","4951","948"
"2009-07-05","Whiteacre","8469","6547","1922"
"2009-07-06","Whiteacre","16938","13094","3844"
"2009-07-07","Whiteacre","5899","4951","948"
"2009-07-08","Whiteacre","5899","4951","948"
"2009-07-09","Whiteacre","14368","11498","2870"
"2009-07-11","Whiteacre","14368","11498","2870"
"2009-07-14","Whiteacre","21198","13703","7495"
"2009-07-15","Whiteacre","8469","6547","1922"
"2009-07-16","Whiteacre","5899","4951","948"
"2009-07-17","Whiteacre","5899","4951","948"
"2009-07-19","Whiteacre","16938","13094","3844"
"2009-07-20","Whiteacre","8469","6547","1922"
"2009-07-22","Whiteacre","8469","6547","1922"
"2009-07-23","Whiteacre","8469","6547","1922"
"2009-07-24","Whiteacre","5899","4951","948"
"2009-07-26","Whiteacre","11798","9902","1896"
"2009-07-27","Whiteacre","8469","6547","1922"
"2009-07-29","Whiteacre","14368","11498","2870"
"2009-07-31","Whiteacre","8469","6547","1922"
"2009-08-01","Whiteacre","22837","18045","4792"
"2009-08-03","Whiteacre","8469","6547","1922"
"2009-08-04","Whiteacre","14368","11498","2870"
"2009-08-06","Whiteacre","26166","21400","4766"
"2009-08-07","Whiteacre","8469","6547","1922"
"2009-08-08","Whiteacre","22837","18045","4792"
"2009-08-09","Whiteacre","8469","6547","1922"
"2009-08-10","Whiteacre","16938","13094","3844"
"2009-08-11","Whiteacre","14368","11498","2870"
"2009-08-12","Whiteacre","8469","6547","1922"
"2009-08-13","Whiteacre","5899","4951","948"
"2009-08-14","Whiteacre","14368","11498","2870"
"2009-08-15","Whiteacre","11798","9902","1896"
"2009-08-16","Whiteacre","22837","18045","4792"
"2009-08-18","Whiteacre","5899","4951","948"
"2009-08-20","Whiteacre","8469","6547","1922"
"2009-08-21","Whiteacre","8469","6547","1922"
"2009-08-23","Whiteacre","8469","6547","1922"
"2009-08-25","Whiteacre","8469","6547","1922"
"2009-08-28","Whiteacre","8469","6547","1922"
"2009-08-30","Whiteacre","8469","6547","1922"
"2009-09-03","Whiteacre","16938","13094","3844"
"2009-09-04","Whiteacre","8469","6547","1922"
"2009-09-05","Whiteacre","11798","9902","1896"
"2009-09-06","Whiteacre","5899","4951","948"
"2009-09-09","Whiteacre","25407","19641","5766"
"2009-09-10","Whiteacre","8469","6547","1922"
"2009-09-11","Whiteacre","22837","18045","4792"
"2009-09-13","Whiteacre","5899","4951","948"
"2009-09-15","Whiteacre","8469","6547","1922"
"2009-09-16","Whiteacre","25407","19641","5766"
"2009-09-18","Whiteacre","16938","13094","3844"
"2009-09-19","Whiteacre","8469","6547","1922"
"2009-09-20","Whiteacre","12729","7156","5573"
"2009-09-21","Whiteacre","8469","6547","1922"
"2009-09-25","Whiteacre","5899","4951","948"
"2009-09-26","Whiteacre","8469","6547","1922"
"2009-09-27","Whiteacre","5899","4951","948"
"2009-09-29","Whiteacre","5899","4951","948"
"2009-09-30","Whiteacre","5899","4951","948"
"2009-10-02","Whiteacre","11798","9902","1896"
"2009-10-03","Whiteacre","14368","11498","2870"
"2009-10-04","Whiteacre","8469","6547","1922"
"2009-10-07","Whiteacre","22837","18045","4792"
"2009-10-08","Whiteacre","16938","13094","3844"
"2009-10-10","Whiteacre","14368","11498","2870"
"2009-10-11","Whiteacre","16938","13094","3844"
"2009-10-12","Whiteacre","8469","6547","1922"
"2009-10-13","Whiteacre","8469","6547","1922"
"2009-10-16","Whiteacre","8469","6547","1922"
"2009-10-17","Whiteacre","14368","11498","2870"
"2009-10-18","Whiteacre","8469","6547","1922"
"2009-10-24","Whiteacre","8469","6547","1922"
"2009-10-25","Whiteacre","20267","16449","3818"
"2009-10-26","Whiteacre","8469","6547","1922"
"2009-10-27","Whiteacre","8469","6547","1922"
"2009-10-29","Whiteacre","5899","4951","948"
"2009-10-31","Whiteacre","5899","4951","948"
"2009-11-02","Whiteacre","16938","13094","3844"
"2009-11-03","Whiteacre","8469","6547","1922"
"2009-11-04","Whiteacre","16938","13094","3844"
"2009-11-06","Whiteacre","8469","6547","1922"
"2009-11-07","Whiteacre","11798","9902","1896"
"2009-11-08","Whiteacre","5899","4951","948"
"2009-11-09","Whiteacre","14368","11498","2870"
"2009-11-11","Whiteacre","22837","18045","4792"
"2009-11-12","Whiteacre","29667","20250","9417"
"2009-11-14","Whiteacre","11798","9902","1896"
"2009-11-17","Whiteacre","5899","4951","948"
"2009-11-18","Whiteacre","11798","9902","1896"
"2009-11-21","Whiteacre","8469","6547","1922"
"2009-11-22","Whiteacre","5899","4951","948"
"2009-11-24","Whiteacre","14368","11498","2870"
"2009-11-25","Whiteacre","5899","4951","948"
"2009-11-26","Whiteacre","5899","4951","948"
"2009-11-27","Whiteacre","8469","6547","1922"
"2009-11-28","Whiteacre","8469","6547","1922"
"2009-11-30","Whiteacre","5899","4951","948"
"2009-12-01","Whiteacre","5899","4951","948"
"2009-12-04","Whiteacre","25407","19641","5766"
"2009-12-06","Whiteacre","25407","19641","5766"
"2009-12-07","Whiteacre","8469","6547","1922"
"2009-12-09","Whiteacre","5899","4951","948"
"2009-12-12","Whiteacre","26166","21400","4766"
"2009-12-13","Whiteacre","8469","6547","1922"
"2009-12-14","Whiteacre","8469","6547","1922"
"2009-12-15","Whiteacre","8469","6547","1922"
"2009-12-16","Whiteacre","5899","4951","948"
"2009-12-17","Whiteacre","5899","4951","948"
"2009-12-20","Whiteacre","8469","6547","1922"
"2009-12-21","Whiteacre","14368","11498","2870"
"2009-12-22","Whiteacre","29495","24755","4740"
"2009-12-23","Whiteacre","8469","6547","1922"
"2009-12-24","Whiteacre","8469","6547","1922"
"2009-12-25","Whiteacre","14368","11498","2870"
"2009-12-27","Whiteacre","5899","4951","948"
"2009-12-31","Whiteacre","8469","6547","1922"
"2010-01-01","Whiteacre","8469","6547","1922"
"2010-01-02","Whiteacre","16938","13094","3844"
"2010-01-03","Whiteacre","16938","13094","3844"
"2010-01-04","Whiteacre","8469","6547","1922"
"2010-01-05","Whiteacre","16938","13094","3844"
"2010-01-06","Whiteacre","16938","13094","3844"
"2010-01-07","Whiteacre","5899","4951","948"
"2010-01-08","Whiteacre","22837","18045","4792"
"2010-01-09","Whiteacre","5899","4951","948"
"2010-01-11","Whiteacre","14368","11498","2870"
"2010-01-12","Whiteacre","16938","13094","3844"
"2010-01-13","Whiteacre","49003","39445","9558"
"2010-01-14","Whiteacre","11798","9902","1896"
"2010-01-15","Whiteacre","22837","18045","4792"
"2010-01-18","Whiteacre","31306","24592","6714"
"2010-01-19","Whiteacre","5899","4951","948"
"2010-01-20","Whiteacre","8469","6547","1922"
"2010-01-21","Whiteacre","22837","18045","4792"
"2010-01-22","Whiteacre","31306","24592","6714"
"2010-01-23","Whiteacre","5899","4951","948"
"2010-01-24","Whiteacre","16938","13094","3844"
"2010-01-26","Whiteacre","8469","6547","1922"
"2010-01-27","Whiteacre","14368","11498","2870"
"2010-01-30","Whiteacre","8469","6547","1922"
"2010-02-01","Whiteacre","8469","6547","1922"
"2010-02-02","Whiteacre","5899","4951","948"
"2010-02-03","Whiteacre","8469","6547","1922"
"2010-02-04","Whiteacre","14368","11498","2870"
"2010-02-05","Whiteacre","14368","11498","2870"
"2010-02-06","Whiteacre","5899","4951","948"
"2010-02-07","Whiteacre","16938","13094","3844"
"2010-02-08","Whiteacre","16938","13094","3844"
"2010-02-09","Whiteacre","8469","6547","1922"
"2010-02-10","Whiteacre","29667","20250","9417"
"2010-02-12","Whiteacre","16938","13094","3844"
"2010-02-13","Whiteacre","22837","18045","4792"
"2010-02-14","Whiteacre","8469","6547","1922"
"2010-02-15","Whiteacre","8469","6547","1922"
"2010-02-16","Whiteacre","18628","12107","6521"
"2010-02-17","Whiteacre","14368","11498","2870"
"2010-02-18","Whiteacre","8469","6547","1922"
"2010-02-19","Whiteacre","8469","6547","1922"
"2010-02-21","Whiteacre","20267","16449","3818"
"2010-02-22","Whiteacre","33876","26188","7688"
"2010-02-23","Whiteacre","11798","9902","1896"
"2010-02-24","Whiteacre","20267","16449","3818"
"2010-02-26","Whiteacre","33876","26188","7688"
"2010-02-27","Whiteacre","5899","4951","948"
"2010-02-28","Whiteacre","16938","13094","3844"
"2010-03-02","Whiteacre","14368","11498","2870"
"2010-03-03","Whiteacre","11798","9902","1896"
"2010-03-04","Whiteacre","8469","6547","1922"
"2010-03-07","Whiteacre","14368","11498","2870"
"2010-03-08","Whiteacre","8469","6547","1922"
"2010-03-09","Whiteacre","5899","4951","948"
"2010-03-13","Whiteacre","5899","4951","948"
"2010-03-14","Whiteacre","14368","11498","2870"
"2010-03-15","Whiteacre","14368","11498","2870"
"2010-03-16","Whiteacre","12729","7156","5573"
"2010-03-17","Whiteacre","16938","13094","3844"
"2010-03-18","Whiteacre","8469","6547","1922"
"2010-03-19","Whiteacre","12729","7156","5573"
"2010-03-20","Whiteacre","8469","6547","1922"
"2010-03-21","Whiteacre","16938","13094","3844"
"2010-03-22","Whiteacre","5899","4951","948"
"2010-03-25","Whiteacre","8469","6547","1922"
"2010-03-26","Whiteacre","28736","22996","5740"
"2010-03-28","Whiteacre","14368","11498","2870"
"2010-03-29","Whiteacre","5899","4951","948"
"2010-03-30","Whiteacre","8469","6547","1922"
"2010-03-31","Whiteacre","16938","13094","3844"
"2010-04-01","Whiteacre","16938","13094","3844"
"2010-04-02","Whiteacre","33876","26188","7688"
"2010-04-03","Whiteacre","28736","22996","5740"
"2010-04-04","Whiteacre","8469","6547","1922"
"2010-04-06","Whiteacre","25407","19641","5766"
"2010-04-08","Whiteacre","8469","6547","1922"
"2010-04-09","Whiteacre","14368","11498","2870"
"2010-04-10","Whiteacre","14368","11498","2870"
"2010-04-11","Whiteacre","12729","7156","5573"
"2010-04-12","Whiteacre","29667","20250","9417"
"2010-04-13","Whiteacre","20267","16449","3818"
"2010-04-15","Whiteacre","14368","11498","2870"
"2010-04-16","Whiteacre","28736","22996","5740"
"2010-04-17","Whiteacre","8469","6547","1922"
"2010-04-18","Whiteacre","33876","26188","7688"
"2010-04-20","Whiteacre","14368","11498","2870"
"2010-04-21","Whiteacre","14368","11498","2870"
"2010-04-22","Whiteacre","5899","4951","948"
"2010-04-23","Whiteacre","8469","6547","1922"
"2010-04-24","Whiteacre","5899","4951","948"
"2010-04-26","Whiteacre","43104","34494","8610"
"2010-04-29","Whiteacre","31306","24592","6714"
"2010-04-30","Whiteacre","8469","6547","1922"
"2010-05-01","Whiteacre","27097","18654","8443"
"2010-05-03","Whiteacre","16938","13094","3844"
"2010-05-05","Whiteacre","8469","6547","1922"
"2010-05-06","Whiteacre","8469","6547","1922"
"2010-05-07","Whiteacre","16938","13094","3844"
"2010-05-08","Whiteacre","11798","9902","1896"
"2010-05-10","Whiteacre","8469","6547","1922"
"2010-05-11","Whiteacre","8469","6547","1922"
"2010-05-12","Whiteacre","8469","6547","1922"
"2010-05-13","Whiteacre","8469","6547","1922"
"2010-05-15","Whiteacre","11798","9902","1896"
"2010-05-17","Whiteacre","20267","16449","3818"
"2010-05-18","Whiteacre","14368","11498","2870"
"2010-05-19","Whiteacre","8469","6547","1922"
"2010-05-20","Whiteacre","5899","4951","948"
"2010-05-22","Whiteacre","5899","4951","948"
"2010-05-24","Whiteacre","8469","6547","1922"
"2010-05-25","Whiteacre","14368","11498","2870"
"2010-05-26","Whiteacre","8469","6547","1922"
"2010-05-27","Whiteacre","22837","18045","4792"
"2010-05-28","Whiteacre","20267","16449","3818"
"2010-05-30","Whiteacre","28736","22996","5740"
"2010-06-01","Whiteacre","14368","11498","2870"
"2010-06-02","Whiteacre","22837","18045","4792"
"2010-06-03","Whiteacre","8469","6547","1922"
"2010-06-04","Whiteacre","48244","37686","10558"
"2010-06-05","Whiteacre","60042","47588","12454"
"2010-06-06","Whiteacre","43104","34494","8610"
"2010-06-07","Whiteacre","16938","13094","3844"
"2010-06-08","Whiteacre","16938","13094","3844"
"2010-06-09","Whiteacre","39775","31139","8636"
"2010-06-10","Whiteacre","14368","11498","2870"
"2010-06-11","Whiteacre","16938","13094","3844"
"2010-06-12","Whiteacre","22837","18045","4792"
"2010-06-13","Whiteacre","22837","18045","4792"
"2010-06-14","Whiteacre","22837","18045","4792"
"2010-06-15","Whiteacre","31306","24592","6714"
"2010-06-16","Whiteacre","28736","22996","5740"
"2010-06-17","Whiteacre","23596","19804","3792"
"2010-06-18","Whiteacre","22837","18045","4792"
"2010-06-19","Whiteacre","43104","34494","8610"
"2010-06-20","Whiteacre","5899","4951","948"
"2010-06-21","Whiteacre","34635","27947","6688"
"2010-06-22","Whiteacre","16938","13094","3844"
"2010-06-23","Whiteacre","11798","9902","1896"
"2010-06-24","Whiteacre","11798","9902","1896"
"2010-06-25","Whiteacre","14368","11498","2870"
"2010-06-26","Whiteacre","16938","13094","3844"
"2010-06-27","Whiteacre","23596","19804","3792"
"2010-06-28","Whiteacre","11798","9902","1896"
"2010-06-29","Whiteacre","5899","4951","948"
"2010-06-30","Whiteacre","14368","11498","2870"
"2010-07-01","Whiteacre","21198","13703","7495"
"2010-07-02","Whiteacre","45674","36090","9584"
"2010-07-03","Whiteacre","43104","34494","8610"
"2010-07-04","Whiteacre","8469","6547","1922"
"2010-07-05","Whiteacre","8469","6547","1922"
"2010-07-06","Whiteacre","8469","6547","1922"
"2010-07-07","Whiteacre","48244","37686","10558"
"2010-07-08","Whiteacre","22837","18045","4792"
"2010-07-09","Whiteacre","39775","31139","8636"
"2010-07-11","Whiteacre","14368","11498","2870"
"2010-07-12","Whiteacre","31357","19263","12094"
"2010-07-13","Whiteacre","18628","12107","6521"
"2010-07-14","Whiteacre","31306","24592","6714"
"2010-07-15","Whiteacre","16938","13094","3844"
"2010-07-16","Whiteacre","45674","36090","9584"
"2010-07-17","Whiteacre","25407","19641","5766"
"2010-07-19","Whiteacre","5899","4951","948"
"2010-07-20","Whiteacre","11798","9902","1896"
"2010-07-21","Whiteacre","25407","19641","5766"
"2010-07-22","Whiteacre","31306","24592","6714"
"2010-07-23","Whiteacre","5899","4951","948"
"2010-07-24","Whiteacre","22837","18045","4792"
"2010-07-25","Whiteacre","25407","19641","5766"
"2010-07-26","Whiteacre","8469","6547","1922"
"2010-07-27","Whiteacre","20267","16449","3818"
"2010-07-28","Whiteacre","16938","13094","3844"
"2010-07-29","Whiteacre","5899","4951","948"
"2010-07-30","Whiteacre","8469","6547","1922"
"2010-07-31","Whiteacre","32065","26351","5714"
"2010-08-01","Whiteacre","25407","19641","5766"
"2010-08-02","Whiteacre","12729","7156","5573"
"2010-08-03","Whiteacre","8469","6547","1922"
"2010-08-04","Whiteacre","8469","6547","1922"
"2010-08-05","Whiteacre","22837","18045","4792"
"2010-08-06","Whiteacre","25407","19641","5766"
"2010-08-07","Whiteacre","39775","31139","8636"
"2010-08-09","Whiteacre","14368","11498","2870"
"2010-08-10","Whiteacre","32065","26351","5714"
"2010-08-11","Whiteacre","22837","18045","4792"
"2010-08-12","Whiteacre","5899","4951","948"
"2010-08-13","Whiteacre","20267","16449","3818"
"2010-08-14","Whiteacre","16938","13094","3844"
"2010-08-15","Whiteacre","39775","31139","8636"
"2010-08-16","Whiteacre","20267","16449","3818"
"2010-08-17","Whiteacre","16938","13094","3844"
"2010-08-18","Whiteacre","5899","4951","948"
"2010-08-19","Whiteacre","35566","25201","10365"
"2010-08-20","Whiteacre","16938","13094","3844"
"2010-08-21","Whiteacre","22837","18045","4792"
"2010-08-22","Whiteacre","25407","19641","5766"
"2010-08-23","Whiteacre","28736","22996","5740"
"2010-08-24","Whiteacre","16938","13094","3844"
"2010-08-25","Whiteacre","14368","11498","2870"
"2010-08-26","Whiteacre","14368","11498","2870"
"2010-08-27","Whiteacre","16938","13094","3844"
"2010-08-28","Whiteacre","50814","39282","11532"
"2010-08-29","Whiteacre","8469","6547","1922"
"2010-08-30","Whiteacre","8469","6547","1922"
"2010-08-31","Whiteacre","11798","9902","1896"
"2010-09-01","Whiteacre","31306","24592","6714"
"2010-09-02","Whiteacre","8469","6547","1922"
"2010-09-03","Whiteacre","37205","29543","7662"
"2010-09-04","Whiteacre","8469","6547","1922"
"2010-09-05","Whiteacre","8469","6547","1922"
"2010-09-06","Whiteacre","31306","24592","6714"
"2010-09-08","Whiteacre","20267","16449","3818"
"2010-09-09","Whiteacre","40534","32898","7636"
"2010-09-10","Whiteacre","31306","24592","6714"
"2010-09-11","Whiteacre","16938","13094","3844"
"2010-09-12","Whiteacre","5899","4951","948"
"2010-09-13","Whiteacre","16938","13094","3844"
"2010-09-14","Whiteacre","22837","18045","4792"
"2010-09-15","Whiteacre","52504","38295","14209"
"2010-09-16","Whiteacre","25407","19641","5766"
"2010-09-17","Whiteacre","31306","24592","6714"
"2010-09-18","Whiteacre","16938","13094","3844"
"2010-09-19","Whiteacre","22837","18045","4792"
"2010-09-20","Whiteacre","16938","13094","3844"
"2010-09-21","Whiteacre","14368","11498","2870"
"2010-09-22","Whiteacre","8469","6547","1922"
"2010-09-23","Whiteacre","8469","6547","1922"
"2010-09-24","Whiteacre","16938","13094","3844"
"2010-09-25","Whiteacre","16938","13094","3844"
"2010-09-26","Whiteacre","25407","19641","5766"
"2010-09-27","Whiteacre","22837","18045","4792"
"2010-09-28","Whiteacre","39775","31139","8636"
"2010-09-29","Whiteacre","28736","22996","5740"
"2010-09-30","Whiteacre","20267","16449","3818"
"2010-10-01","Whiteacre","5899","4951","948"
"2010-10-02","Whiteacre","25407","19641","5766"
"2010-10-03","Whiteacre","20267","16449","3818"
"2010-10-04","Whiteacre","16938","13094","3844"
"2010-10-05","Whiteacre","5899","4951","948"
"2010-10-06","Whiteacre","12729","7156","5573"
"2010-10-07","Whiteacre","26166","21400","4766"
"2010-10-08","Whiteacre","8469","6547","1922"
"2010-10-09","Whiteacre","28736","22996","5740"
"2010-10-10","Whiteacre","5899","4951","948"
"2010-10-11","Whiteacre","8469","6547","1922"
"2010-10-12","Whiteacre","14368","11498","2870"
"2010-10-13","Whiteacre","8469","6547","1922"
"2010-10-14","Whiteacre","16938","13094","3844"
"2010-10-15","Whiteacre","48244","37686","10558"
"2010-10-16","Whiteacre","14368","11498","2870"
"2010-10-17","Whiteacre","14368","11498","2870"
"2010-10-18","Whiteacre","28736","22996","5740"
"2010-10-19","Whiteacre","28736","22996","5740"
"2010-10-20","Whiteacre","11798","9902","1896"
"2010-10-21","Whiteacre","31306","24592","6714"
"2010-10-22","Whiteacre","22837","18045","4792"
"2010-10-23","Whiteacre","42345","32735","9610"
"2010-10-25","Whiteacre","28736","22996","5740"
"2010-10-26","Whiteacre","31306","24592","6714"
"2010-10-28","Whiteacre","14368","11498","2870"
"2010-10-29","Whiteacre","20267","16449","3818"
"2010-10-30","Whiteacre","8469","6547","1922"
"2010-10-31","Whiteacre","16938","13094","3844"
"2010-11-01","Whiteacre","17697","14853","2844"
"2010-11-02","Whiteacre","8469","6547","1922"
"2010-11-03","Whiteacre","25407","19641","5766"
"2010-11-04","Whiteacre","20267","16449","3818"
"2010-11-05","Whiteacre","28736","22996","5740"
"2010-11-06","Whiteacre","25407","19641","5766"
"2010-11-08","Whiteacre","37205","29543","7662"
"2010-11-09","Whiteacre","39775","31139","8636"
"2010-11-10","Whiteacre","28736","22996","5740"
"2010-11-11","Whiteacre","48244","37686","10558"
"2010-11-12","Whiteacre","25407","19641","5766"
"2010-11-13","Whiteacre","28736","22996","5740"
"2010-11-14","Whiteacre","5899","4951","948"
"2010-11-15","Whiteacre","31306","24592","6714"
"2010-11-16","Whiteacre","5899","4951","948"
"2010-11-17","Whiteacre","5899","4951","948"
"2010-11-18","Whiteacre","37205","29543","7662"
"2010-11-19","Whiteacre","22837","18045","4792"
"2010-11-20","Whiteacre","42345","32735","9610"
"2010-11-21","Whiteacre","8469","6547","1922"
"2010-11-22","Whiteacre","22837","18045","4792"
"2010-11-23","Whiteacre","16938","13094","3844"
"2010-11-24","Whiteacre","14368","11498","2870"
"2010-11-25","Whiteacre","28736","22996","5740"
"2010-11-26","Whiteacre","24527","17058","7469"
"2010-11-27","Whiteacre","25407","19641","5766"
"2010-11-28","Whiteacre","5899","4951","948"
"2010-11-29","Whiteacre","49003","39445","9558"
"2010-11-30","Whiteacre","11798","9902","1896"
"2010-12-02","Whiteacre","25407","19641","5766"
"2010-12-03","Whiteacre","28736","22996","5740"
"2010-12-04","Whiteacre","11798","9902","1896"
"2010-12-05","Whiteacre","28736","22996","5740"
"2010-12-06","Whiteacre","14368","11498","2870"
"2010-12-07","Whiteacre","35566","25201","10365"
"2010-12-08","Whiteacre","37205","29543","7662"
"2010-12-09","Whiteacre","16938","13094","3844"
"2010-12-10","Whiteacre","16938","13094","3844"
"2010-12-11","Whiteacre","22837","18045","4792"
"2010-12-13","Whiteacre","8469","6547","1922"
"2010-12-14","Whiteacre","16938","13094","3844"
"2010-12-15","Whiteacre","14368","11498","2870"
"2010-12-16","Whiteacre","8469","6547","1922"
"2010-12-17","Whiteacre","8469","6547","1922"
"2010-12-18","Whiteacre","14368","11498","2870"
"2010-12-19","Whiteacre","39775","31139","8636"
"2010-12-21","Whiteacre","5899","4951","948"
"2010-12-22","Whiteacre","8469","6547","1922"
"2010-12-23","Whiteacre","22837","18045","4792"
"2010-12-24","Whiteacre","16938","13094","3844"
"2010-12-25","Whiteacre","22837","18045","4792"
"2010-12-26","Whiteacre","22837","18045","4792"
"2010-12-27","Whiteacre","22837","18045","4792"
"2010-12-28","Whiteacre","21198","13703","7495"
"2010-12-29","Whiteacre","40534","32898","7636"
"2010-12-30","Whiteacre","27097","18654","8443"
"2010-12-31","Whiteacre","22837","18045","4792"
"2011-01-01","Whiteacre","17697","14853","2844"
"2011-01-02","Whiteacre","33876","26188","7688"
"2011-01-03","Whiteacre","50814","39282","11532"
"2011-01-04","Whiteacre","8469","6547","1922"
"2011-01-05","Whiteacre","8469","6547","1922"
"2011-01-06","Whiteacre","5899","4951","948"
"2011-01-07","Whiteacre","8469","6547","1922"
"2011-01-09","Whiteacre","8469","6547","1922"
"2011-01-10","Whiteacre","20267","16449","3818"
"2011-01-11","Whiteacre","48244","37686","10558"
"2011-01-12","Whiteacre","8469","6547","1922"
"2011-01-13","Whiteacre","31306","24592","6714"
"2011-01-14","Whiteacre","31306","24592","6714"
"2011-01-16","Whiteacre","31306","24592","6714"
"2011-01-17","Whiteacre","20267","16449","3818"
"2011-01-18","Whiteacre","22837","18045","4792"
"2011-01-19","Whiteacre","26166","21400","4766"
"2011-01-20","Whiteacre","39775","31139","8636"
"2011-01-21","Whiteacre","40534","32898","7636"
"2011-01-22","Whiteacre","23596","19804","3792"
"2011-01-23","Whiteacre","33876","26188","7688"
"2011-01-24","Whiteacre","14368","11498","2870"
"2011-01-25","Whiteacre","28736","22996","5740"
"2011-01-26","Whiteacre","28736","22996","5740"
"2011-01-27","Whiteacre","22837","18045","4792"
"2011-01-28","Whiteacre","51573","41041","10532"
"2011-01-29","Whiteacre","40534","32898","7636"
"2011-01-30","Whiteacre","26166","21400","4766"
"2011-01-31","Whiteacre","25407","19641","5766"
"2011-02-01","Whiteacre","22837","18045","4792"
"2011-02-02","Whiteacre","14368","11498","2870"
"2011-02-03","Whiteacre","25407","19641","5766"
"2011-02-04","Whiteacre","5899","4951","948"
"2011-02-05","Whiteacre","22837","18045","4792"
"2011-02-06","Whiteacre","14368","11498","2870"
"2011-02-07","Whiteacre","31306","24592","6714"
"2011-02-08","Whiteacre","20267","16449","3818"
"2011-02-09","Whiteacre","23596","19804","3792"
"2011-02-10","Whiteacre","14368","11498","2870"
"2011-02-11","Whiteacre","32065","26351","5714"
"2011-02-12","Whiteacre","14368","11498","2870"
"2011-02-13","Whiteacre","28736","22996","5740"
"2011-02-14","Whiteacre","25407","19641","5766"
"2011-02-15","Whiteacre","14368","11498","2870"
"2011-02-17","Whiteacre","14368","11498","2870"
"2011-02-18","Whiteacre","25407","19641","5766"
"2011-02-20","Whiteacre","71081","55731","15350"
"2011-02-21","Whiteacre","26166","21400","4766"
"2011-02-22","Whiteacre","32996","23605","9391"
"2011-02-23","Whiteacre","45674","36090","9584"
"2011-02-24","Whiteacre","33876","26188","7688"
"2011-02-26","Whiteacre","14368","11498","2870"
"2011-02-27","Whiteacre","32065","26351","5714"
"2011-02-28","Whiteacre","25407","19641","5766"
"2011-03-01","Whiteacre","14368","11498","2870"
"2011-03-02","Whiteacre","38136","26797","11339"
"2011-03-03","Whiteacre","39826","25810","14016"
"2011-03-04","Whiteacre","25407","19641","5766"
"2011-03-05","Whiteacre","32996","23605","9391"
"2011-03-06","Whiteacre","22837","18045","4792"
"2011-03-07","Whiteacre","11798","9902","1896"
"2011-03-08","Whiteacre","31306","24592","6714"
"2011-03-09","Whiteacre","49003","39445","9558"
"2011-03-10","Whiteacre","8469","6547","1922"
"2011-03-11","Whiteacre","16938","13094","3844"
"2011-03-12","Whiteacre","14368","11498","2870"
"2011-03-13","Whiteacre","28736","22996","5740"
"2011-03-14","Whiteacre","22837","18045","4792"
"2011-03-15","Whiteacre","37205","29543","7662"
"2011-03-16","Whiteacre","5899","4951","948"
"2011-03-17","Whiteacre","32065","26351","5714"
"2011-03-18","Whiteacre","20267","16449","3818"
"2011-03-19","Whiteacre","25407","19641","5766"
"2011-03-20","Whiteacre","16938","13094","3844"
"2011-03-21","Whiteacre","14368","11498","2870"
"2011-03-22","Whiteacre","21198","13703","7495"
"2011-03-23","Whiteacre","39775","31139","8636"
"2011-03-24","Whiteacre","29667","20250","9417"
"2011-03-25","Whiteacre","39775","31139","8636"
"2011-03-26","Whiteacre","16938","13094","3844"
"2011-03-27","Whiteacre","39775","31139","8636"
"2011-03-28","Whiteacre","25407","19641","5766"
"2011-03-29","Whiteacre","22837","18045","4792"
"2011-03-30","Whiteacre","28736","22996","5740"
"2011-03-31","Whiteacre","14368","11498","2870"
"2011-04-01","Whiteacre","28736","22996","5740"
"2011-04-02","Whiteacre","28736","22996","5740"
"2011-04-03","Whiteacre","8469","6547","1922"
"2011-04-04","Whiteacre","8469","6547","1922"
"2011-04-05","Whiteacre","8469","6547","1922"
"2011-04-06","Whiteacre","22837","18045","4792"
"2011-04-07","Whiteacre","31306","24592","6714"
"2011-04-08","Whiteacre","20267","16449","3818"
"2011-04-09","Whiteacre","8469","6547","1922"
"2011-04-10","Whiteacre","43104","34494","8610"
"2011-04-11","Whiteacre","20267","16449","3818"
"2011-04-12","Whiteacre","16938","13094","3844"
"2011-04-13","Whiteacre","50814","39282","11532"
"2011-04-14","Whiteacre","11798","9902","1896"
"2011-04-15","Whiteacre","25407","19641","5766"
"2011-04-16","Whiteacre","34635","27947","6688"
"2011-04-17","Whiteacre","16938","13094","3844"
"2011-04-18","Whiteacre","54143","42637","11506"
"2011-04-19","Whiteacre","43104","34494","8610"
"2011-04-20","Whiteacre","14368","11498","2870"
"2011-04-21","Whiteacre","22837","18045","4792"
"2011-04-22","Whiteacre","14368","11498","2870"
"2011-04-23","Whiteacre","22837","18045","4792"
"2011-04-24","Whiteacre","16938","13094","3844"
"2011-04-25","Whiteacre","31306","24592","6714"
"2011-04-26","Whiteacre","22837","18045","4792"
"2011-04-27","Whiteacre","22837","18045","4792"
"2011-04-28","Whiteacre","31306","24592","6714"
"2011-04-29","Whiteacre","54143","42637","11506"
"2011-04-30","Whiteacre","40534","32898","7636"
"2011-05-01","Whiteacre","37205","29543","7662"
"2011-05-02","Whiteacre","16938","13094","3844"
"2011-05-03","Whiteacre","35566","25201","10365"
"2011-05-04","Whiteacre","42345","32735","9610"
"2011-05-05","Whiteacre","22837","18045","4792"
"2011-05-06","Whiteacre","14368","11498","2870"
"2011-05-07","Whiteacre","16938","13094","3844"
"2011-05-08","Whiteacre","33876","26188","7688"
"2011-05-09","Whiteacre","25407","19641","5766"
"2011-05-10","Whiteacre","8469","6547","1922"
"2011-05-11","Whiteacre","32996","23605","9391"
"2011-05-12","Whiteacre","26166","21400","4766"
"2011-05-13","Whiteacre","14368","11498","2870"
"2011-05-14","Whiteacre","16938","13094","3844"
"2011-05-15","Whiteacre","28736","22996","5740"
"2011-05-16","Whiteacre","8469","6547","1922"
"2011-05-17","Whiteacre","8469","6547","1922"
"2011-05-18","Whiteacre","33876","26188","7688"
"2011-05-19","Whiteacre","21198","13703","7495"
"2011-05-20","Whiteacre","25407","19641","5766"
"2011-05-21","Whiteacre","42345","32735","9610"
"2011-05-22","Whiteacre","39775","31139","8636"
"2011-05-23","Whiteacre","16938","13094","3844"
"2011-05-24","Whiteacre","31306","24592","6714"
"2011-05-25","Whiteacre","26166","21400","4766"
"2011-05-27","Whiteacre","5899","4951","948"
"2011-05-28","Whiteacre","14368","11498","2870"
"2011-05-29","Whiteacre","16938","13094","3844"
"2011-05-30","Whiteacre","28736","22996","5740"
"2011-05-31","Whiteacre","14368","11498","2870"
"2011-06-01","Whiteacre","42345","32735","9610"
"2011-06-02","Whiteacre","38136","26797","11339"
"2011-06-03","Whiteacre","51573","41041","10532"
"2011-06-04","Whiteacre","26166","21400","4766"
"2011-06-05","Whiteacre","42345","32735","9610"
"2011-06-06","Whiteacre","31306","24592","6714"
"2011-06-07","Whiteacre","60973","44842","16131"
"2011-06-08","Whiteacre","22837","18045","4792"
"2011-06-09","Whiteacre","33876","26188","7688"
"2011-06-10","Whiteacre","32996","23605","9391"
"2011-06-11","Whiteacre","25407","19641","5766"
"2011-06-12","Whiteacre","25407","19641","5766"
"2011-06-13","Whiteacre","8469","6547","1922"
"2011-06-14","Whiteacre","28736","22996","5740"
"2011-06-15","Whiteacre","12729","7156","5573"
"2011-06-16","Whiteacre","34635","27947","6688"
"2011-06-17","Whiteacre","37205","29543","7662"
"2011-06-18","Whiteacre","22837","18045","4792"
"2011-06-19","Whiteacre","42345","32735","9610"
"2011-06-20","Whiteacre","16938","13094","3844"
"2011-06-21","Whiteacre","5899","4951","948"
"2011-06-22","Whiteacre","31306","24592","6714"
"2011-06-23","Whiteacre","39775","31139","8636"
"2011-06-24","Whiteacre","22837","18045","4792"
"2011-06-25","Whiteacre","43104","34494","8610"
"2011-06-26","Whiteacre","8469","6547","1922"
"2011-06-27","Whiteacre","37205","29543","7662"
"2011-06-28","Whiteacre","22837","18045","4792"
"2011-06-30","Whiteacre","48244","37686","10558"
"2011-07-01","Whiteacre","11798","9902","1896"
"2011-07-02","Whiteacre","65941","52539","13402"
"2011-07-03","Whiteacre","25407","19641","5766"
"2011-07-04","Whiteacre","32065","26351","5714"
"2011-07-05","Whiteacre","16938","13094","3844"
"2011-07-06","Whiteacre","43104","34494","8610"
"2011-07-07","Whiteacre","31306","24592","6714"
"2011-07-08","Whiteacre","22837","18045","4792"
"2011-07-09","Whiteacre","31306","24592","6714"
"2011-07-10","Whiteacre","54143","42637","11506"
"2011-07-11","Whiteacre","20267","16449","3818"
"2011-07-12","Whiteacre","14368","11498","2870"
"2011-07-13","Whiteacre","51573","41041","10532"
"2011-07-14","Whiteacre","25407","19641","5766"
"2011-07-15","Whiteacre","16938","13094","3844"
"2011-07-16","Whiteacre","25407","19641","5766"
"2011-07-17","Whiteacre","42345","32735","9610"
"2011-07-18","Whiteacre","45674","36090","9584"
"2011-07-19","Whiteacre","14368","11498","2870"
"2011-07-20","Whiteacre","25407","19641","5766"
"2011-07-21","Whiteacre","65233","45451","19782"
"2011-07-22","Whiteacre","51624","35712","15912"
"2011-07-23","Whiteacre","52332","42800","9532"
"2011-07-24","Whiteacre","16938","13094","3844"
"2011-07-25","Whiteacre","70201","53148","17053"
"2011-07-26","Whiteacre","34635","27947","6688"
"2011-07-27","Whiteacre","16938","13094","3844"
"2011-07-28","Whiteacre","28736","22996","5740"
"2011-07-29","Whiteacre","28736","22996","5740"
"2011-07-30","Whiteacre","67752","52376","15376"
"2011-07-31","Whiteacre","17697","14853","2844"
"2011-08-01","Whiteacre","14368","11498","2870"
"2011-08-02","Whiteacre","25407","19641","5766"
"2011-08-03","Whiteacre","58403","43246","15157"
"2011-08-04","Whiteacre","16938","13094","3844"
"2011-08-05","Whiteacre","28736","22996","5740"
"2011-08-06","Whiteacre","5899","4951","948"
"2011-08-07","Whiteacre","62612","49184","13428"
"2011-08-08","Whiteacre","20267","16449","3818"
"2011-08-09","Whiteacre","37205","29543","7662"
"2011-08-10","Whiteacre","54022","41813","12209"
"2011-08-11","Whiteacre","39775","31139","8636"
"2011-08-12","Whiteacre","8469","6547","1922"
"2011-08-13","Whiteacre","33876","26188","7688"
"2011-08-14","Whiteacre","28736","22996","5740"
"2011-08-15","Whiteacre","28736","22996","5740"
"2011-08-16","Whiteacre","14368","11498","2870"
"2011-08-17","Whiteacre","28736","22996","5740"
"2011-08-18","Whiteacre","20267","16449","3818"
"2011-08-19","Whiteacre","33876","26188","7688"
"2011-08-20","Whiteacre","21198","13703","7495"
"2011-08-21","Whiteacre","39775","31139","8636"
"2011-08-22","Whiteacre","16938","13094","3844"
"2011-08-23","Whiteacre","14368","11498","2870"
"2011-08-24","Whiteacre","18628","12107","6521"
"2011-08-25","Whiteacre","14368","11498","2870"
"2011-08-27","Whiteacre","14368","11498","2870"
"2011-08-28","Whiteacre","37205","29543","7662"
"2011-08-29","Whiteacre","31306","24592","6714"
"2011-08-30","Whiteacre","22837","18045","4792"
"2011-08-31","Whiteacre","45674","36090","9584"
"2011-09-01","Whiteacre","45674","36090","9584"
"2011-09-02","Whiteacre","16938","13094","3844"
"2011-09-03","Whiteacre","37205","29543","7662"
"2011-09-04","Whiteacre","56713","44233","12480"
"2011-09-05","Whiteacre","20267","16449","3818"
"2011-09-06","Whiteacre","22837","18045","4792"
"2011-09-07","Whiteacre","31306","24592","6714"
"2011-09-08","Whiteacre","37205","29543","7662"
"2011-09-09","Whiteacre","39775","31139","8636"
"2011-09-10","Whiteacre","11798","9902","1896"
"2011-09-11","Whiteacre","20267","16449","3818"
"2011-09-12","Whiteacre","42345","32735","9610"
"2011-09-13","Whiteacre","37205","29543","7662"
"2011-09-14","Whiteacre","25407","19641","5766"
"2011-09-15","Whiteacre","16938","13094","3844"
"2011-09-16","Whiteacre","28736","22996","5740"
"2011-09-17","Whiteacre","22837","18045","4792"
"2011-09-18","Whiteacre","28736","22996","5740"
"2011-09-19","Whiteacre","26166","21400","4766"
"2011-09-20","Whiteacre","44035","31748","12287"
"2011-09-21","Whiteacre","23596","19804","3792"
"2011-09-22","Whiteacre","11798","9902","1896"
"2011-09-23","Whiteacre","39775","31139","8636"
"2011-09-24","Whiteacre","14368","11498","2870"
"2011-09-25","Whiteacre","60973","44842","16131"
"2011-09-26","Whiteacre","34635","27947","6688"
"2011-09-27","Whiteacre","25407","19641","5766"
"2011-09-28","Whiteacre","31306","24592","6714"
"2011-09-29","Whiteacre","31306","24592","6714"
"2011-09-30","Whiteacre","28736","22996","5740"
"2011-10-01","Whiteacre","8469","6547","1922"
"2011-10-02","Whiteacre","14368","11498","2870"
"2011-10-03","Whiteacre","45674","36090","9584"
"2011-10-04","Whiteacre","5899","4951","948"
"2011-10-05","Whiteacre","22837","18045","4792"
"2011-10-06","Whiteacre","16938","13094","3844"
"2011-10-07","Whiteacre","39775","31139","8636"
"2011-10-08","Whiteacre","33876","26188","7688"
"2011-10-09","Whiteacre","22837","18045","4792"
"2011-10-10","Whiteacre","8469","6547","1922"
"2011-10-11","Whiteacre","39775","31139","8636"
"2011-10-12","Whiteacre","8469","6547","1922"
"2011-10-13","Whiteacre","48244","37686","10558"
"2011-10-14","Whiteacre","33876","26188","7688"
"2011-10-15","Whiteacre","60042","47588","12454"
"2011-10-16","Whiteacre","22837","18045","4792"
"2011-10-17","Whiteacre","16938","13094","3844"
"2011-10-18","Whiteacre","33876","26188","7688"
"2011-10-19","Whiteacre","25407","19641","5766"
"2011-10-20","Whiteacre","22837","18045","4792"
"2011-10-21","Whiteacre","31306","24592","6714"
"2011-10-22","Whiteacre","55833","41650","14183"
"2011-10-23","Whiteacre","45674","36090","9584"
"2011-10-24","Whiteacre","8469","6547","1922"
"2011-10-25","Whiteacre","8469","6547","1922"
"2011-10-26","Whiteacre","26166","21400","4766"
"2011-10-27","Whiteacre","8469","6547","1922"
"2011-10-28","Whiteacre","22837","18045","4792"
"2011-10-29","Whiteacre","14368","11498","2870"
"2011-10-30","Whiteacre","14368","11498","2870"
"2011-10-31","Whiteacre","11798","9902","1896"
"2011-11-01","Whiteacre","22837","18045","4792"
"2011-11-02","Whiteacre","31306","24592","6714"
"2011-11-03","Whiteacre","22837","18045","4792"
"2011-11-04","Whiteacre","71081","55731","15350"
"2011-11-05","Whiteacre","45674","36090","9584"
"2011-11-06","Whiteacre","31306","24592","6714"
"2011-11-07","Whiteacre","14368","11498","2870"
"2011-11-08","Whiteacre","39775","31139","8636"
"2011-11-09","Whiteacre","33876","26188","7688"
"2011-11-10","Whiteacre","43104","34494","8610"
"2011-11-11","Whiteacre","28736","22996","5740"
"2011-11-12","Whiteacre","22837","18045","4792"
"2011-11-13","Whiteacre","28736","22996","5740"
"2011-11-14","Whiteacre","28736","22996","5740"
"2011-11-15","Whiteacre","34635","27947","6688"
"2011-11-16","Whiteacre","14368","11498","2870"
"2011-11-17","Whiteacre","25407","19641","5766"
"2011-11-18","Whiteacre","39775","31139","8636"
"2011-11-19","Whiteacre","28736","22996","5740"
"2011-11-20","Whiteacre","43104","34494","8610"
"2011-11-21","Whiteacre","24527","17058","7469"
"2011-11-22","Whiteacre","20267","16449","3818"
"2011-11-23","Whiteacre","33876","26188","7688"
"2011-11-24","Whiteacre","45674","36090","9584"
"2011-11-25","Whiteacre","42345","32735","9610"
"2011-11-26","Whiteacre","42345","32735","9610"
"2011-11-27","Whiteacre","21198","13703","7495"
"2011-11-28","Whiteacre","23596","19804","3792"
"2011-11-29","Whiteacre","8469","6547","1922"
"2011-11-30","Whiteacre","68511","54135","14376"
"2011-12-01","Whiteacre","31306","24592","6714"
"2011-12-02","Whiteacre","22837","18045","4792"
"2011-12-03","Whiteacre","17697","14853","2844"
"2011-12-04","Whiteacre","31306","24592","6714"
"2011-12-05","Whiteacre","31306","24592","6714"
"2011-12-06","Whiteacre","31306","24592","6714"
"2011-12-07","Whiteacre","22837","18045","4792"
"2011-12-08","Whiteacre","20267","16449","3818"
"2011-12-09","Whiteacre","60973","44842","16131"
"2011-12-10","Whiteacre","56713","44233","12480"
"2011-12-12","Whiteacre","8469","6547","1922"
"2011-12-13","Whiteacre","16938","13094","3844"
"2011-12-14","Whiteacre","74410","59086","15324"
"2011-12-15","Whiteacre","37205","29543","7662"
"2011-12-16","Whiteacre","32065","26351","5714"
"2011-12-17","Whiteacre","22837","18045","4792"
"2011-12-18","Whiteacre","31306","24592","6714"
"2011-12-19","Whiteacre","39775","31139","8636"
"2011-12-20","Whiteacre","16938","13094","3844"
"2011-12-21","Whiteacre","33876","26188","7688"
"2011-12-22","Whiteacre","48244","37686","10558"
"2011-12-23","Whiteacre","39775","31139","8636"
"2011-12-24","Whiteacre","14368","11498","2870"
"2011-12-25","Whiteacre","26166","21400","4766"
"2011-12-26","Whiteacre","16938","13094","3844"
"2011-12-27","Whiteacre","34635","27947","6688"
"2011-12-28","Whiteacre","5899","4951","948"
"2011-12-29","Whiteacre","42345","32735","9610"
"2011-12-30","Whiteacre","45674","36090","9584"
"2011-12-31","Whiteacre","39775","31139","8636"
"2012-01-01","Whiteacre","54143","42637","11506"
"2012-01-02","Whiteacre","71081","55731","15350"
"2012-01-03","Whiteacre","45674","36090","9584"
"2012-01-04","Whiteacre","28736","22996","5740"
"2012-01-05","Whiteacre","54902","44396","10506"
"2012-01-06","Whiteacre","16938","13094","3844"
"2012-01-07","Whiteacre","49762","41204","8558"
"2012-01-08","Whiteacre","63371","50943","12428"
"2012-01-09","Whiteacre","37205","29543","7662"
"2012-01-10","Whiteacre","70201","53148","17053"
"2012-01-11","Whiteacre","25407","19641","5766"
"2012-01-12","Whiteacre","22837","18045","4792"
"2012-01-13","Whiteacre","45674","36090","9584"
"2012-01-14","Whiteacre","39775","31139","8636"
"2012-01-15","Whiteacre","33876","26188","7688"
"2012-01-16","Whiteacre","48244","37686","10558"
"2012-01-17","Whiteacre","62612","49184","13428"
"2012-01-18","Whiteacre","49934","36699","13235"
"2012-01-19","Whiteacre","31306","24592","6714"
"2012-01-20","Whiteacre","22837","18045","4792"
"2012-01-21","Whiteacre","40534","32898","7636"
"2012-01-22","Whiteacre","68511","54135","14376"
"2012-01-23","Whiteacre","39775","31139","8636"
"2012-01-24","Whiteacre","28736","22996","5740"
"2012-01-25","Whiteacre","25407","19641","5766"
"2012-01-26","Whiteacre","31306","24592","6714"
"2012-01-27","Whiteacre","49934","36699","13235"
"2012-01-28","Whiteacre","16938","13094","3844"
"2012-01-29","Whiteacre","43104","34494","8610"
"2012-01-30","Whiteacre","39775","31139","8636"
"2012-01-31","Whiteacre","20267","16449","3818"
"2012-02-01","Whiteacre","37205","29543","7662"
"2012-02-02","Whiteacre","37205","29543","7662"
"2012-02-03","Whiteacre","14368","11498","2870"
"2012-02-04","Whiteacre","48244","37686","10558"
"2012-02-05","Whiteacre","25407","19641","5766"
"2012-02-06","Whiteacre","52504","38295","14209"
"2012-02-07","Whiteacre","33876","26188","7688"
"2012-02-08","Whiteacre","14368","11498","2870"
"2012-02-09","Whiteacre","70201","53148","17053"
"2012-02-10","Whiteacre","54143","42637","11506"
"2012-02-11","Whiteacre","48244","37686","10558"
"2012-02-12","Whiteacre","28736","22996","5740"
"2012-02-13","Whiteacre","43104","34494","8610"
"2012-02-14","Whiteacre","22837","18045","4792"
"2012-02-15","Whiteacre","48244","37686","10558"
"2012-02-16","Whiteacre","60042","47588","12454"
"2012-02-17","Whiteacre","42345","32735","9610"
"2012-02-18","Whiteacre","45674","36090","9584"
"2012-02-19","Whiteacre","31306","24592","6714"
"2012-02-20","Whiteacre","20267","16449","3818"
"2012-02-21","Whiteacre","49934","36699","13235"
"2012-02-22","Whiteacre","37205","29543","7662"
"2012-02-23","Whiteacre","45674","36090","9584"
"2012-02-24","Whiteacre","26166","21400","4766"
"2012-02-25","Whiteacre","28736","22996","5740"
"2012-02-26","Whiteacre","28736","22996","5740"
"2012-02-27","Whiteacre","37205","29543","7662"
"2012-02-28","Whiteacre","67752","52376","15376"
"2012-02-29","Whiteacre","14368","11498","2870"
"2012-03-01","Whiteacre","39775","31139","8636"
"2012-03-02","Whiteacre","65941","52539","13402"
"2012-03-03","Whiteacre","25407","19641","5766"
"2012-03-04","Whiteacre","20267","16449","3818"
"2012-03-05","Whiteacre","76980","60682","16298"
"2012-03-06","Whiteacre","49003","39445","9558"
"2012-03-07","Whiteacre","76980","60682","16298"
"2012-03-08","Whiteacre","66872","49793","17079"
"2012-03-09","Whiteacre","26166","21400","4766"
"2012-03-10","Whiteacre","43104","34494","8610"
"2012-03-11","Whiteacre","60042","47588","12454"
"2012-03-12","Whiteacre","16938","13094","3844"
"2012-03-13","Whiteacre","31306","24592","6714"
"2012-03-14","Whiteacre","5899","4951","948"
"2012-03-15","Whiteacre","42345","32735","9610"
"2012-03-16","Whiteacre","53263","40054","13209"
"2012-03-17","Whiteacre","25407","19641","5766"
"2012-03-18","Whiteacre","65941","52539","13402"
"2012-03-19","Whiteacre","22837","18045","4792"
"2012-03-20","Whiteacre","28736","22996","5740"
"2012-03-21","Whiteacre","39775","31139","8636"
"2012-03-22","Whiteacre","54143","42637","11506"
"2012-03-23","Whiteacre","85449","67229","18220"
"2012-03-24","Whiteacre","50814","39282","11532"
"2012-03-25","Whiteacre","34635","27947","6688"
"2012-03-26","Whiteacre","42345","32735","9610"
"2012-03-27","Whiteacre","58403","43246","15157"
"2012-03-28","Whiteacre","34635","27947","6688"
"2012-03-29","Whiteacre","45674","36090","9584"
"2012-03-30","Whiteacre","26166","21400","4766"
"2012-03-31","Whiteacre","8469","6547","1922"
"2012-04-01","Whiteacre","65941","52539","13402"
"2012-04-02","Whiteacre","72012","52985","19027"
"2012-04-03","Whiteacre","28736","22996","5740"
"2012-04-04","Whiteacre","37205","29543","7662"
"2012-04-05","Whiteacre","51573","41041","10532"
"2012-04-06","Whiteacre","82879","65633","17246"
"2012-04-07","Whiteacre","85449","67229","18220"
"2012-04-08","Whiteacre","47364","35103","12261"
"2012-04-09","Whiteacre","60042","47588","12454"
"2012-04-11","Whiteacre","22837","18045","4792"
"2012-04-12","Whiteacre","43104","34494","8610"
"2012-04-13","Whiteacre","14368","11498","2870"
"2012-04-14","Whiteacre","31306","24592","6714"
"2012-04-15","Whiteacre","71081","55731","15350"
"2012-04-16","Whiteacre","54902","44396","10506"
"2012-04-17","Whiteacre","33876","26188","7688"
"2012-04-18","Whiteacre","39775","31139","8636"
"2012-04-19","Whiteacre","37205","29543","7662"
"2012-04-20","Whiteacre","69442","51389","18053"
"2012-04-21","Whiteacre","54902","44396","10506"
"2012-04-22","Whiteacre","62612","49184","13428"
"2012-04-23","Whiteacre","41465","30152","11313"
"2012-04-24","Whiteacre","39775","31139","8636"
"2012-04-25","Whiteacre","44035","31748","12287"
"2012-04-26","Whiteacre","51573","41041","10532"
"2012-04-27","Whiteacre","60973","44842","16131"
"2012-04-28","Whiteacre","45674","36090","9584"
"2012-04-29","Whiteacre","87139","66242","20897"
"2012-04-30","Whiteacre","43104","34494","8610"
"2012-05-01","Whiteacre","22837","18045","4792"
"2012-05-02","Whiteacre","25407","19641","5766"
"2012-05-03","Whiteacre","60042","47588","12454"
"2012-05-04","Whiteacre","61732","46601","15131"
"2012-05-05","Whiteacre","95608","72789","22819"
"2012-05-06","Whiteacre","31306","24592","6714"
"2012-05-07","Whiteacre","48244","37686","10558"
"2012-05-08","Whiteacre","48244","37686","10558"
"2012-05-09","Whiteacre","73651","57327","16324"
"2012-05-10","Whiteacre","48244","37686","10558"
"2012-05-11","Whiteacre","45674","36090","9584"
"2012-05-12","Whiteacre","60042","47588","12454"
"2012-05-13","Whiteacre","22837","18045","4792"
"2012-05-14","Whiteacre","11798","9902","1896"
"2012-05-15","Whiteacre","35566","25201","10365"
"2012-05-16","Whiteacre","54143","42637","11506"
"2012-05-17","Whiteacre","51573","41041","10532"
"2012-05-18","Whiteacre","34635","27947","6688"
"2012-05-19","Whiteacre","49934","36699","13235"
"2012-05-20","Whiteacre","39775","31139","8636"
"2012-05-21","Whiteacre","42345","32735","9610"
"2012-05-22","Whiteacre","54143","42637","11506"
"2012-05-23","Whiteacre","43104","34494","8610"
"2012-05-24","Whiteacre","49003","39445","9558"
"2012-05-25","Whiteacre","71081","55731","15350"
"2012-05-26","Whiteacre","37205","29543","7662"
"2012-05-27","Whiteacre","31306","24592","6714"
"2012-05-28","Whiteacre","40534","32898","7636"
"2012-05-29","Whiteacre","73651","57327","16324"
"2012-05-30","Whiteacre","14368","11498","2870"
"2012-05-31","Whiteacre","22837","18045","4792"
"2012-06-01","Whiteacre","28736","22996","5740"
"2012-06-02","Whiteacre","8469","6547","1922"
"2012-06-03","Whiteacre","5899","4951","948"
"2012-06-04","Whiteacre","28736","22996","5740"
"2012-06-05","Whiteacre","22837","18045","4792"
"2012-06-06","Whiteacre","25407","19641","5766"
"2012-06-07","Whiteacre","25407","19641","5766"
"2012-06-08","Whiteacre","8469","6547","1922"
"2012-06-09","Whiteacre","22837","18045","4792"
"2012-06-10","Whiteacre","8469","6547","1922"
"2012-06-11","Whiteacre","16938","13094","3844"
"2012-06-12","Whiteacre","29667","20250","9417"
"2012-06-13","Whiteacre","16938","13094","3844"
"2012-06-15","Whiteacre","22837","18045","4792"
"2012-06-16","Whiteacre","28736","22996","5740"
"2012-06-17","Whiteacre","14368","11498","2870"
"2012-06-19","Whiteacre","14368","11498","2870"
"2012-06-20","Whiteacre","5899","4951","948"
"2012-06-21","Whiteacre","28736","22996","5740"
"2012-06-22","Whiteacre","16938","13094","3844"
"2012-06-23","Whiteacre","16938","13094","3844"
"2012-06-24","Whiteacre","22837","18045","4792"
"2012-06-25","Whiteacre","22837","18045","4792"
"2012-06-26","Whiteacre","20267","16449","3818"
"2012-06-27","Whiteacre","27097","18654","8443"
"2012-06-28","Whiteacre","8469","6547","1922"
"2012-06-30","Whiteacre","16938","13094","3844"
"2012-07-01","Whiteacre","14368","11498","2870"
"2012-07-02","Whiteacre","25407","19641","5766"
"2012-07-03","Whiteacre","27097","18654","8443"
"2012-07-04","Whiteacre","39775","31139","8636"
"2012-07-06","Whiteacre","46433","37849","8584"
"2012-07-07","Whiteacre","14368","11498","2870"
"2012-07-08","Whiteacre","14368","11498","2870"
"2012-07-09","Whiteacre","25407","19641","5766"
"2012-07-10","Whiteacre","28736","22996","5740"
"2012-07-11","Whiteacre","28736","22996","5740"
"2012-07-12","Whiteacre","39775","31139","8636"
"2012-07-13","Whiteacre","5899","4951","948"
"2012-07-15","Whiteacre","50814","39282","11532"
"2012-07-16","Whiteacre","39775","31139","8636"
"2012-07-17","Whiteacre","16938","13094","3844"
"2012-07-18","Whiteacre","22837","18045","4792"
"2012-07-19","Whiteacre","14368","11498","2870"
"2012-07-21","Whiteacre","31306","24592","6714"
"2012-07-22","Whiteacre","27097","18654","8443"
"2012-07-24","Whiteacre","16938","13094","3844"
"2012-07-25","Whiteacre","16938","13094","3844"
"2012-07-26","Whiteacre","5899","4951","948"
"2012-07-27","Whiteacre","8469","6547","1922"
"2012-07-28","Whiteacre","20267","16449","3818"
"2012-07-29","Whiteacre","16938","13094","3844"
"2012-07-30","Whiteacre","14368","11498","2870"
"2012-07-31","Whiteacre","20267","16449","3818"
"2012-08-01","Whiteacre","25407","19641","5766"
"2012-08-02","Whiteacre","37205","29543","7662"
"2012-08-03","Whiteacre","40534","32898","7636"
"2012-08-04","Whiteacre","16938","13094","3844"
"2012-08-05","Whiteacre","14368","11498","2870"
"2012-08-06","Whiteacre","5899","4951","948"
"2012-08-07","Whiteacre","20267","16449","3818"
"2012-08-08","Whiteacre","34635","27947","6688"
"2012-08-09","Whiteacre","37205","29543","7662"
"2012-08-10","Whiteacre","28736","22996","5740"
"2012-08-11","Whiteacre","43104","34494","8610"
"2012-08-12","Whiteacre","5899","4951","948"
"2012-08-13","Whiteacre","5899","4951","948"
"2012-08-15","Whiteacre","28736","22996","5740"
"2012-08-16","Whiteacre","48244","37686","10558"
"2012-08-17","Whiteacre","14368","11498","2870"
"2012-08-18","Whiteacre","16938","13094","3844"
"2012-08-19","Whiteacre","26166","21400","4766"
"2012-08-20","Whiteacre","32996","23605","9391"
"2012-08-23","Whiteacre","14368","11498","2870"
"2012-08-24","Whiteacre","14368","11498","2870"
"2012-08-25","Whiteacre","25407","19641","5766"
"2012-08-26","Whiteacre","20267","16449","3818"
"2012-08-27","Whiteacre","8469","6547","1922"
"2012-08-28","Whiteacre","25407","19641","5766"
"2012-08-29","Whiteacre","22837","18045","4792"
"2012-08-30","Whiteacre","22837","18045","4792"
"2012-08-31","Whiteacre","25407","19641","5766"
"2012-09-01","Whiteacre","20267","16449","3818"
"2012-09-02","Whiteacre","28736","22996","5740"
"2012-09-03","Whiteacre","11798","9902","1896"
"2012-09-04","Whiteacre","48244","37686","10558"
"2012-09-05","Whiteacre","33876","26188","7688"
"2012-09-06","Whiteacre","22837","18045","4792"
"2012-09-07","Whiteacre","51573","41041","10532"
"2012-09-08","Whiteacre","14368","11498","2870"
"2012-09-09","Whiteacre","14368","11498","2870"
"2012-09-10","Whiteacre","37205","29543","7662"
"2012-09-11","Whiteacre","29667","20250","9417"
"2012-09-13","Whiteacre","5899","4951","948"
"2012-09-14","Whiteacre","26166","21400","4766"
"2012-09-15","Whiteacre","22837","18045","4792"
"2012-09-16","Whiteacre","37205","29543","7662"
"2012-09-17","Whiteacre","16938","13094","3844"
"2012-09-18","Whiteacre","5899","4951","948"
"2012-09-19","Whiteacre","14368","11498","2870"
"2012-09-20","Whiteacre","31306","24592","6714"
"2012-09-21","Whiteacre","22837","18045","4792"
"2012-09-22","Whiteacre","14368","11498","2870"
"2012-09-23","Whiteacre","5899","4951","948"
"2012-09-24","Whiteacre","11798","9902","1896"
"2012-09-25","Whiteacre","39775","31139","8636"
"2012-09-26","Whiteacre","22837","18045","4792"
"2012-09-27","Whiteacre","50814","39282","11532"
"2012-09-28","Whiteacre","16938","13094","3844"
"2012-09-29","Whiteacre","20267","16449","3818"
"2012-09-30","Whiteacre","42345","32735","9610"
"2012-10-01","Whiteacre","22837","18045","4792"
"2012-10-02","Whiteacre","22837","18045","4792"
"2012-10-03","Whiteacre","14368","11498","2870"
"2012-10-04","Whiteacre","8469","6547","1922"
"2012-10-05","Whiteacre","27097","18654","8443"
"2012-10-06","Whiteacre","26166","21400","4766"
"2012-10-07","Whiteacre","14368","11498","2870"
"2012-10-08","Whiteacre","16938","13094","3844"
"2012-10-09","Whiteacre","46605","33344","13261"
"2012-10-10","Whiteacre","8469","6547","1922"
"2012-10-11","Whiteacre","14368","11498","2870"
"2012-10-12","Whiteacre","45674","36090","9584"
"2012-10-13","Whiteacre","28736","22996","5740"
"2012-10-14","Whiteacre","11798","9902","1896"
"2012-10-15","Whiteacre","39775","31139","8636"
"2012-10-16","Whiteacre","14368","11498","2870"
"2012-10-17","Whiteacre","20267","16449","3818"
"2012-10-18","Whiteacre","26166","21400","4766"
"2012-10-19","Whiteacre","8469","6547","1922"
"2012-10-20","Whiteacre","22837","18045","4792"
"2012-10-21","Whiteacre","26166","21400","4766"
"2012-10-22","Whiteacre","28736","22996","5740"
"2012-10-23","Whiteacre","22837","18045","4792"
"2012-10-24","Whiteacre","28736","22996","5740"
"2012-10-25","Whiteacre","42345","32735","9610"
"2012-10-26","Whiteacre","11798","9902","1896"
"2012-10-27","Whiteacre","31306","24592","6714"
"2012-10-28","Whiteacre","20267","16449","3818"
"2012-10-29","Whiteacre","25407","19641","5766"
"2012-10-30","Whiteacre","26166","21400","4766"
"2012-10-31","Whiteacre","37205","29543","7662"
"2012-11-01","Whiteacre","22837","18045","4792"
"2012-11-02","Whiteacre","20267","16449","3818"
"2012-11-03","Whiteacre","14368","11498","2870"
"2012-11-04","Whiteacre","37205","29543","7662"
"2012-11-05","Whiteacre","22837","18045","4792"
"2012-11-06","Whiteacre","31306","24592","6714"
"2012-11-07","Whiteacre","14368","11498","2870"
"2012-11-08","Whiteacre","17697","14853","2844"
"2012-11-09","Whiteacre","32996","23605","9391"
"2012-11-10","Whiteacre","16938","13094","3844"
"2012-11-11","Whiteacre","27097","18654","8443"
"2012-11-12","Whiteacre","22837","18045","4792"
"2012-11-13","Whiteacre","22837","18045","4792"
"2012-11-14","Whiteacre","14368","11498","2870"
"2012-11-15","Whiteacre","14368","11498","2870"
"2012-11-16","Whiteacre","5899","4951","948"
"2012-11-17","Whiteacre","20267","16449","3818"
"2012-11-18","Whiteacre","22837","18045","4792"
"2012-11-20","Whiteacre","31306","24592","6714"
"2012-11-21","Whiteacre","33876","26188","7688"
"2012-11-22","Whiteacre","11798","9902","1896"
"2012-11-23","Whiteacre","16938","13094","3844"
"2012-11-24","Whiteacre","60973","44842","16131"
"2012-11-25","Whiteacre","50814","39282","11532"
"2012-11-26","Whiteacre","44035","31748","12287"
"2012-11-27","Whiteacre","8469","6547","1922"
"2012-11-28","Whiteacre","8469","6547","1922"
"2012-11-29","Whiteacre","22837","18045","4792"
"2012-11-30","Whiteacre","22837","18045","4792"
"2012-12-01","Whiteacre","26166","21400","4766"
"2012-12-02","Whiteacre","49003","39445","9558"
"2012-12-03","Whiteacre","22837","18045","4792"
"2012-12-04","Whiteacre","5899","4951","948"
"2012-12-05","Whiteacre","14368","11498","2870"
"2012-12-06","Whiteacre","32996","23605","9391"
"2012-12-07","Whiteacre","16938","13094","3844"
"2012-12-08","Whiteacre","37205","29543","7662"
"2012-12-09","Whiteacre","22837","18045","4792"
"2012-12-10","Whiteacre","8469","6547","1922"
"2012-12-11","Whiteacre","8469","6547","1922"
"2012-12-12","Whiteacre","20267","16449","3818"
"2012-12-13","Whiteacre","8469","6547","1922"
"2012-12-14","Whiteacre","31306","24592","6714"
"2012-12-15","Whiteacre","44035","31748","12287"
"2012-12-16","Whiteacre","31306","24592","6714"
"2012-12-17","Whiteacre","16938","13094","3844"
"2012-12-18","Whiteacre","20267","16449","3818"
"2012-12-19","Whiteacre","8469","6547","1922"
"2012-12-20","Whiteacre","20267","16449","3818"
"2012-12-21","Whiteacre","14368","11498","2870"
"2012-12-22","Whiteacre","25407","19641","5766"
"2012-12-23","Whiteacre","33876","26188","7688"
"2012-12-24","Whiteacre","8469","6547","1922"
"2012-12-25","Whiteacre","16938","13094","3844"
"2012-12-26","Whiteacre","44035","31748","12287"
"2012-12-27","Whiteacre","16938","13094","3844"
"2012-12-28","Whiteacre","39775","31139","8636"
"2012-12-29","Whiteacre","22837","18045","4792"
"2012-12-30","Whiteacre","39775","31139","8636"
"2012-12-31","Whiteacre","8469","6547","1922"
"2013-01-01","Whiteacre","8469","6547","1922"
"2013-01-02","Whiteacre","71840","57490","14350"
"2013-01-03","Whiteacre","58403","43246","15157"
"2013-01-04","Whiteacre","82120","63874","18246"
"2013-01-05","Whiteacre","39775","31139","8636"
"2013-01-06","Whiteacre","71081","55731","15350"
"2013-01-07","Whiteacre","22837","18045","4792"
"2013-01-08","Whiteacre","60801","49347","11454"
"2013-01-09","Whiteacre","73651","57327","16324"
"2013-01-10","Whiteacre","94677","75535","19142"
"2013-01-11","Whiteacre","45674","36090","9584"
"2013-01-12","Whiteacre","52504","38295","14209"
"2013-01-13","Whiteacre","45674","36090","9584"
"2013-01-14","Whiteacre","80309","64037","16272"
"2013-01-15","Whiteacre","103146","82082","21064"
"2013-01-16","Whiteacre","96488","75372","21116"
"2013-01-17","Whiteacre","76980","60682","16298"
"2013-01-18","Whiteacre","71840","57490","14350"
"2013-01-19","Whiteacre","31306","24592","6714"
"2013-01-20","Whiteacre","54143","42637","11506"
"2013-01-21","Whiteacre","83810","62887","20923"
"2013-01-22","Whiteacre","37205","29543","7662"
"2013-01-23","Whiteacre","48244","37686","10558"
"2013-01-24","Whiteacre","11798","9902","1896"
"2013-01-25","Whiteacre","153080","118781","34299"
"2013-01-26","Whiteacre","93038","71193","21845"
"2013-01-27","Whiteacre","77739","62441","15298"
"2013-01-28","Whiteacre","86208","68988","17220"
"2013-01-29","Whiteacre","26166","21400","4766"
"2013-01-30","Whiteacre","45674","36090","9584"
"2013-01-31","Whiteacre","54143","42637","11506"
"2013-02-01","Whiteacre","77739","62441","15298"
"2013-02-02","Whiteacre","46433","37849","8584"
"2013-02-03","Whiteacre","57472","45992","11480"
"2013-02-04","Whiteacre","88019","68825","19194"
"2013-02-05","Whiteacre","83638","67392","16246"
"2013-02-06","Whiteacre","60042","47588","12454"
"2013-02-07","Whiteacre","101507","77740","23767"
"2013-02-08","Whiteacre","62612","49184","13428"
"2013-02-09","Whiteacre","62612","49184","13428"
"2013-02-10","Whiteacre","86380","64483","21897"
"2013-02-11","Whiteacre","74410","59086","15324"
"2013-02-12","Whiteacre","54143","42637","11506"
"2013-02-13","Whiteacre","74410","59086","15324"
"2013-02-14","Whiteacre","60042","47588","12454"
"2013-02-15","Whiteacre","101507","77740","23767"
"2013-02-16","Whiteacre","65182","50780","14402"
"2013-02-17","Whiteacre","113426","88466","24960"
"2013-02-18","Whiteacre","46433","37849","8584"
"2013-02-19","Whiteacre","76980","60682","16298"
"2013-02-20","Whiteacre","43104","34494","8610"
"2013-02-21","Whiteacre","44035","31748","12287"
"2013-02-22","Whiteacre","46605","33344","13261"
"2013-02-23","Whiteacre","55833","41650","14183"
"2013-02-24","Whiteacre","80309","64037","16272"
"2013-02-25","Whiteacre","88778","70584","18194"
"2013-02-26","Whiteacre","60042","47588","12454"
"2013-02-27","Whiteacre","94677","75535","19142"
"2013-02-28","Whiteacre","51573","41041","10532"
"2013-03-01","Whiteacre","28736","22996","5740"
"2013-03-02","Whiteacre","14368","11498","2870"
"2013-03-03","Whiteacre","120084","95176","24908"
"2013-03-04","Whiteacre","85449","67229","18220"
"2013-03-05","Whiteacre","71081","55731","15350"
"2013-03-06","Whiteacre","109976","84287","25689"
"2013-03-07","Whiteacre","83638","67392","16246"
"2013-03-08","Whiteacre","80309","64037","16272"
"2013-03-09","Whiteacre","71081","55731","15350"
"2013-03-10","Whiteacre","56713","44233","12480"
"2013-03-11","Whiteacre","108286","85274","23012"
"2013-03-12","Whiteacre","60973","44842","16131"
"2013-03-13","Whiteacre","82879","65633","17246"
"2013-03-14","Whiteacre","111615","88629","22986"
"2013-03-15","Whiteacre","56713","44233","12480"
"2013-03-16","Whiteacre","60042","47588","12454"
"2013-03-17","Whiteacre","128553","101723","26830"
"2013-03-18","Whiteacre","65941","52539","13402"
"2013-03-19","Whiteacre","65941","52539","13402"
"2013-03-20","Whiteacre","74410","59086","15324"
"2013-03-21","Whiteacre","33876","26188","7688"
"2013-03-22","Whiteacre","77739","62441","15298"
"2013-03-23","Whiteacre","49003","39445","9558"
"2013-03-24","Whiteacre","60042","47588","12454"
"2013-03-25","Whiteacre","85449","67229","18220"
"2013-03-26","Whiteacre","57472","45992","11480"
"2013-03-27","Whiteacre","90589","70421","20168"
"2013-03-28","Whiteacre","42345","32735","9610"
"2013-03-29","Whiteacre","62612","49184","13428"
"2013-03-30","Whiteacre","82879","65633","17246"
"2013-03-31","Whiteacre","62612","49184","13428"
"2013-04-01","Whiteacre","50814","39282","11532"
"2013-04-02","Whiteacre","62612","49184","13428"
"2013-04-03","Whiteacre","60042","47588","12454"
"2013-04-04","Whiteacre","65941","52539","13402"
"2013-04-05","Whiteacre","86208","68988","17220"
"2013-04-06","Whiteacre","74410","59086","15324"
"2013-04-07","Whiteacre","54143","42637","11506"
"2013-04-08","Whiteacre","54143","42637","11506"
"2013-04-09","Whiteacre","83638","67392","16246"
"2013-04-10","Whiteacre","39775","31139","8636"
"2013-04-11","Whiteacre","103146","82082","21064"
"2013-04-12","Whiteacre","51573","41041","10532"
"2013-04-13","Whiteacre","72771","54744","18027"
"2013-04-14","Whiteacre","65941","52539","13402"
"2013-04-15","Whiteacre","37205","29543","7662"
"2013-04-16","Whiteacre","106647","80932","25715"
"2013-04-17","Whiteacre","69270","55894","13376"
"2013-04-18","Whiteacre","76980","60682","16298"
"2013-04-19","Whiteacre","114185","90225","23960"
"2013-04-20","Whiteacre","79550","62278","17272"
"2013-04-21","Whiteacre","74410","59086","15324"
"2013-04-22","Whiteacre","49934","36699","13235"
"2013-04-23","Whiteacre","69270","55894","13376"
"2013-04-24","Whiteacre","60042","47588","12454"
"2013-04-25","Whiteacre","45674","36090","9584"
"2013-04-26","Whiteacre","97247","77131","20116"
"2013-04-27","Whiteacre","93038","71193","21845"
"2013-04-28","Whiteacre","95608","72789","22819"
"2013-04-29","Whiteacre","73530","56503","17027"
"2013-04-30","Whiteacre","85449","67229","18220"
"2013-05-01","Whiteacre","73702","51998","21704"
"2013-05-02","Whiteacre","62612","49184","13428"
"2013-05-03","Whiteacre","99109","71639","27470"
"2013-05-04","Whiteacre","79550","62278","17272"
"2013-05-05","Whiteacre","66872","49793","17079"
"2013-05-06","Whiteacre","60042","47588","12454"
"2013-05-07","Whiteacre","106647","80932","25715"
"2013-05-08","Whiteacre","56713","44233","12480"
"2013-05-09","Whiteacre","65941","52539","13402"
"2013-05-10","Whiteacre","56713","44233","12480"
"2013-05-11","Whiteacre","25407","19641","5766"
"2013-05-12","Whiteacre","65182","50780","14402"
"2013-05-13","Whiteacre","110907","81541","29366"
"2013-05-14","Whiteacre","25407","19641","5766"
"2013-05-15","Whiteacre","54143","42637","11506"
"2013-05-16","Whiteacre","65941","52539","13402"
"2013-05-17","Whiteacre","80309","64037","16272"
"2013-05-18","Whiteacre","75169","60845","14324"
"2013-05-19","Whiteacre","71840","57490","14350"
"2013-05-20","Whiteacre","52332","42800","9532"
"2013-05-21","Whiteacre","127794","99964","27830"
"2013-05-22","Whiteacre","65182","50780","14402"
"2013-05-23","Whiteacre","92279","69434","22845"
"2013-05-24","Whiteacre","54902","44396","10506"
"2013-05-25","Whiteacre","60042","47588","12454"
"2013-05-26","Whiteacre","43104","34494","8610"
"2013-05-27","Whiteacre","93918","73776","20142"
"2013-05-28","Whiteacre","60973","44842","16131"
"2013-05-29","Whiteacre","65233","45451","19782"
"2013-05-30","Whiteacre","79550","62278","17272"
"2013-05-31","Whiteacre","71081","55731","15350"
"2008-06-01","Wolfpack","38348","32712","5636"
"2008-06-02","Wolfpack","12929","11978","951"
"2008-06-03","Wolfpack","29267","25476","3791"
"2008-06-04","Wolfpack","24437","24126","311"
"2008-06-05","Wolfpack","6739","6012","727"
"2008-06-06","Wolfpack","39476","33261","6215"
"2008-06-07","Wolfpack","25987","23345","2642"
"2008-06-08","Wolfpack","24167","21568","2599"
"2008-06-09","Wolfpack","14628","13792","836"
"2008-06-10","Wolfpack","20728","19695","1033"
"2008-06-11","Wolfpack","8749","8629","120"
"2008-06-12","Wolfpack","7889","7780","109"
"2008-06-13","Wolfpack","25387","25038","349"
"2008-06-14","Wolfpack","41356","34972","6384"
"2008-06-15","Wolfpack","16638","16409","229"
"2008-06-16","Wolfpack","66016","52231","13785"
"2008-06-17","Wolfpack","27567","26314","1253"
"2008-06-18","Wolfpack","56986","46880","10106"
"2008-06-19","Wolfpack","28039","23650","4389"
"2008-06-20","Wolfpack","52835","40573","12262"
"2008-06-21","Wolfpack","42906","39030","3876"
"2008-06-22","Wolfpack","37907","31554","6353"
"2008-06-23","Wolfpack","30187","25061","5126"
"2008-06-24","Wolfpack","39876","37449","2427"
"2008-06-25","Wolfpack","10309","9062","1247"
"2008-06-26","Wolfpack","79494","67977","11517"
"2008-06-27","Wolfpack","8749","8629","120"
"2008-06-29","Wolfpack","47887","40488","7399"
"2008-06-30","Wolfpack","28407","24627","3780"
"2008-07-01","Wolfpack","48256","41686","6570"
"2008-07-02","Wolfpack","28427","27163","1264"
"2008-07-03","Wolfpack","31357","23298","8059"
"2008-07-04","Wolfpack","40008","30437","9571"
"2008-07-05","Wolfpack","45087","38724","6363"
"2008-07-06","Wolfpack","7889","7780","109"
"2008-07-07","Wolfpack","43395","40540","2855"
"2008-07-08","Wolfpack","28507","25904","2603"
"2008-07-09","Wolfpack","60806","50399","10407"
"2008-07-10","Wolfpack","36296","32407","3889"
"2008-07-11","Wolfpack","25387","25038","349"
"2008-07-12","Wolfpack","23138","19763","3375"
"2008-07-13","Wolfpack","23287","22358","929"
"2008-07-14","Wolfpack","38036","31966","6070"
"2008-07-15","Wolfpack","49315","43948","5367"
"2008-07-16","Wolfpack","9839","9267","572"
"2008-07-17","Wolfpack","34778","29662","5116"
"2008-07-18","Wolfpack","45087","38724","6363"
"2008-07-19","Wolfpack","76796","62716","14080"
"2008-07-20","Wolfpack","35146","30639","4507"
"2008-07-21","Wolfpack","22227","20653","1574"
"2008-07-22","Wolfpack","7889","7780","109"
"2008-07-23","Wolfpack","20048","17052","2996"
"2008-07-24","Wolfpack","35928","31430","4498"
"2008-07-25","Wolfpack","58866","49559","9307"
"2008-07-26","Wolfpack","10209","7785","2424"
"2008-07-28","Wolfpack","18098","15565","2533"
"2008-07-29","Wolfpack","37156","33256","3900"
"2008-07-30","Wolfpack","94853","84299","10554"
"2008-07-31","Wolfpack","14409","9501","4908"
"2008-08-01","Wolfpack","20818","19758","1060"
"2008-08-02","Wolfpack","68093","60736","7357"
"2008-08-03","Wolfpack","66355","60666","5689"
"2008-08-04","Wolfpack","6739","6012","727"
"2008-08-05","Wolfpack","69773","61591","8182"
"2008-08-06","Wolfpack","26847","24194","2653"
"2008-08-07","Wolfpack","78273","71479","6794"
"2008-08-08","Wolfpack","23667","23340","327"
"2008-08-09","Wolfpack","18098","15565","2533"
"2008-08-10","Wolfpack","8749","8629","120"
"2008-08-13","Wolfpack","53834","49812","4022"
"2008-08-14","Wolfpack","9839","9267","572"
"2008-08-15","Wolfpack","54986","49121","5865"
"2008-08-16","Wolfpack","33717","27661","6056"
"2008-08-17","Wolfpack","22298","17281","5017"
"2008-08-18","Wolfpack","46627","41546","5081"
"2008-08-19","Wolfpack","40966","38087","2879"
"2008-08-20","Wolfpack","29799","22652","7147"
"2008-08-21","Wolfpack","52035","48141","3894"
"2008-08-22","Wolfpack","26978","21649","5329"
"2008-08-23","Wolfpack","66387","56362","10025"
"2008-08-24","Wolfpack","7889","7780","109"
"2008-08-25","Wolfpack","26477","25676","801"
"2008-08-26","Wolfpack","121572","93861","27711"
"2008-08-28","Wolfpack","67946","57277","10669"
"2008-08-29","Wolfpack","9839","9267","572"
"2008-08-30","Wolfpack","17498","17258","240"
"2008-08-31","Wolfpack","20818","19758","1060"
"2008-09-01","Wolfpack","31037","28757","2280"
"2008-09-02","Wolfpack","7889","7780","109"
"2008-09-03","Wolfpack","38348","32712","5636"
"2008-09-04","Wolfpack","25297","24975","322"
"2008-09-05","Wolfpack","14409","9501","4908"
"2008-09-06","Wolfpack","10309","9062","1247"
"2008-09-07","Wolfpack","59086","49560","9526"
"2008-09-08","Wolfpack","54886","47844","7042"
"2008-09-09","Wolfpack","29267","25476","3791"
"2008-09-10","Wolfpack","43527","38291","5236"
"2008-09-11","Wolfpack","101545","86506","15039"
"2008-09-12","Wolfpack","36306","34399","1907"
"2008-09-13","Wolfpack","20048","17052","2996"
"2008-09-14","Wolfpack","20418","15570","4848"
"2008-09-15","Wolfpack","19058","17691","1367"
"2008-09-16","Wolfpack","32726","29357","3369"
"2008-09-17","Wolfpack","12929","11978","951"
"2008-09-18","Wolfpack","24837","21577","3260"
"2008-09-19","Wolfpack","24747","21514","3233"
"2008-09-20","Wolfpack","30457","27391","3066"
"2008-09-21","Wolfpack","40776","36747","4029"
"2008-09-22","Wolfpack","70235","61104","9131"
"2008-09-23","Wolfpack","44677","40059","4618"
"2008-09-24","Wolfpack","17048","15074","1974"
"2008-09-25","Wolfpack","49315","43948","5367"
"2008-09-26","Wolfpack","94893","82748","12145"
"2008-09-27","Wolfpack","55834","50715","5119"
"2008-09-28","Wolfpack","83056","68949","14107"
"2008-09-29","Wolfpack","10309","9062","1247"
"2008-09-30","Wolfpack","20818","19758","1060"
"2008-10-01","Wolfpack","10309","9062","1247"
"2008-10-02","Wolfpack","67044","55955","11089"
"2008-10-03","Wolfpack","28538","22082","6456"
"2008-10-04","Wolfpack","39465","35369","4096"
"2008-10-05","Wolfpack","22468","19754","2714"
"2008-10-06","Wolfpack","65295","58183","7112"
"2008-10-08","Wolfpack","46805","41183","5622"
"2008-10-09","Wolfpack","8749","8629","120"
"2008-10-10","Wolfpack","16638","16409","229"
"2008-10-11","Wolfpack","6739","6012","727"
"2008-10-13","Wolfpack","15488","14641","847"
"2008-10-14","Wolfpack","63877","55017","8860"
"2008-10-15","Wolfpack","86243","71142","15101"
"2008-10-16","Wolfpack","86813","76383","10430"
"2008-10-17","Wolfpack","6739","6012","727"
"2008-10-18","Wolfpack","70096","50871","19225"
"2008-10-19","Wolfpack","25897","23282","2615"
"2008-10-20","Wolfpack","57306","49126","8180"
"2008-10-21","Wolfpack","6739","6012","727"
"2008-10-22","Wolfpack","54886","47844","7042"
"2008-10-23","Wolfpack","23377","22421","956"
"2008-10-24","Wolfpack","6739","6012","727"
"2008-10-25","Wolfpack","28407","24627","3780"
"2008-10-26","Wolfpack","42575","39838","2737"
"2008-10-27","Wolfpack","26947","25471","1476"
"2008-10-28","Wolfpack","14409","9501","4908"
"2008-10-29","Wolfpack","50917","36939","13978"
"2008-10-30","Wolfpack","38846","33627","5219"
"2008-10-31","Wolfpack","47097","41341","5756"
"2008-11-01","Wolfpack","56477","44455","12022"
"2008-11-02","Wolfpack","28417","25841","2576"
"2008-11-03","Wolfpack","18588","17896","692"
"2008-11-04","Wolfpack","50824","44922","5902"
"2008-11-05","Wolfpack","10309","9062","1247"
"2008-11-06","Wolfpack","27937","24832","3105"
"2008-11-07","Wolfpack","49356","41840","7516"
"2008-11-08","Wolfpack","15778","15560","218"
"2008-11-09","Wolfpack","35928","31430","4498"
"2008-11-10","Wolfpack","40968","35628","5340"
"2008-11-11","Wolfpack","67815","56757","11058"
"2008-11-12","Wolfpack","32726","29357","3369"
"2008-11-13","Wolfpack","43335","41330","2005"
"2008-11-14","Wolfpack","50845","44806","6039"
"2008-11-15","Wolfpack","24718","18563","6155"
"2008-11-16","Wolfpack","19668","17990","1678"
"2008-11-17","Wolfpack","60775","54221","6554"
"2008-11-18","Wolfpack","18098","15565","2533"
"2008-11-19","Wolfpack","32857","26812","6045"
"2008-11-20","Wolfpack","54654","50514","4140"
"2008-11-21","Wolfpack","68775","61948","6827"
"2008-11-22","Wolfpack","50736","38086","12650"
"2008-11-23","Wolfpack","18229","13020","5209"
"2008-11-24","Wolfpack","107123","94660","12463"
"2008-11-25","Wolfpack","18229","13020","5209"
"2008-11-26","Wolfpack","53427","38284","15143"
"2008-11-27","Wolfpack","83025","72771","10254"
"2008-11-28","Wolfpack","28707","27538","1169"
"2008-11-29","Wolfpack","115154","99707","15447"
"2008-11-30","Wolfpack","30316","29289","1027"
"2008-12-01","Wolfpack","14409","9501","4908"
"2008-12-02","Wolfpack","38876","32560","6316"
"2008-12-03","Wolfpack","26247","25887","360"
"2008-12-04","Wolfpack","72324","63972","8352"
"2008-12-05","Wolfpack","58966","50836","8130"
"2008-12-06","Wolfpack","16638","16409","229"
"2008-12-07","Wolfpack","45377","39143","6234"
"2008-12-08","Wolfpack","42466","36290","6176"
"2008-12-10","Wolfpack","13478","12024","1454"
"2008-12-11","Wolfpack","28039","23650","4389"
"2008-12-12","Wolfpack","44677","40059","4618"
"2008-12-13","Wolfpack","7799","7717","82"
"2008-12-14","Wolfpack","37878","32917","4961"
"2008-12-15","Wolfpack","63877","55017","8860"
"2008-12-16","Wolfpack","28317","24564","3753"
"2008-12-18","Wolfpack","39876","37449","2427"
"2008-12-19","Wolfpack","30357","26114","4243"
"2008-12-20","Wolfpack","7889","7780","109"
"2008-12-21","Wolfpack","73806","64347","9459"
"2008-12-22","Wolfpack","43727","39147","4580"
"2008-12-23","Wolfpack","45005","42442","2563"
"2008-12-24","Wolfpack","71766","62797","8969"
"2008-12-25","Wolfpack","12929","11978","951"
"2008-12-26","Wolfpack","80606","67547","13059"
"2008-12-28","Wolfpack","10209","7785","2424"
"2008-12-29","Wolfpack","8749","8629","120"
"2008-12-30","Wolfpack","8749","8629","120"
"2008-12-31","Wolfpack","28039","23650","4389"
"2009-01-01","Wolfpack","48657","41774","6883"
"2009-01-02","Wolfpack","45045","40536","4509"
"2009-01-03","Wolfpack","43835","38138","5697"
"2009-01-04","Wolfpack","97611","88875","8736"
"2009-01-05","Wolfpack","72522","67287","5235"
"2009-01-06","Wolfpack","107493","91888","15605"
"2009-01-07","Wolfpack","80023","71554","8469"
"2009-01-08","Wolfpack","77163","68160","9003"
"2009-01-09","Wolfpack","57335","47763","9572"
"2009-01-10","Wolfpack","98552","85668","12884"
"2009-01-11","Wolfpack","51384","49597","1787"
"2009-01-12","Wolfpack","46627","41546","5081"
"2009-01-13","Wolfpack","81015","70154","10861"
"2009-01-14","Wolfpack","93042","83373","9669"
"2009-01-15","Wolfpack","63575","55343","8232"
"2009-01-16","Wolfpack","55264","50035","5229"
"2009-01-17","Wolfpack","26407","24002","2405"
"2009-01-18","Wolfpack","90042","79697","10345"
"2009-01-19","Wolfpack","49245","42752","6493"
"2009-01-20","Wolfpack","26247","25887","360"
"2009-01-21","Wolfpack","45455","39701","5754"
"2009-01-22","Wolfpack","59773","56105","3668"
"2009-01-23","Wolfpack","62086","46850","15236"
"2009-01-24","Wolfpack","93764","75166","18598"
"2009-01-25","Wolfpack","55986","49696","6290"
"2009-01-26","Wolfpack","97624","83688","13936"
"2009-01-27","Wolfpack","68214","57897","10317"
"2009-01-28","Wolfpack","75841","71442","4399"
"2009-01-29","Wolfpack","53005","45141","7864"
"2009-01-30","Wolfpack","18008","15502","2506"
"2009-01-31","Wolfpack","78875","63013","15862"
"2009-02-01","Wolfpack","78274","61853","16421"
"2009-02-02","Wolfpack","142719","123169","19550"
"2009-02-03","Wolfpack","132591","106790","25801"
"2009-02-04","Wolfpack","66845","56902","9943"
"2009-02-05","Wolfpack","40625","38351","2274"
"2009-02-06","Wolfpack","99401","87847","11554"
"2009-02-07","Wolfpack","87271","76645","10626"
"2009-02-08","Wolfpack","70993","63702","7291"
"2009-02-09","Wolfpack","36788","32279","4509"
"2009-02-10","Wolfpack","79663","64647","15016"
"2009-02-11","Wolfpack","76794","65175","11619"
"2009-02-12","Wolfpack","73094","65900","7194"
"2009-02-13","Wolfpack","71883","57050","14833"
"2009-02-14","Wolfpack","94792","83448","11344"
"2009-02-15","Wolfpack","105716","78243","27473"
"2009-02-16","Wolfpack","112703","92622","20081"
"2009-02-17","Wolfpack","82682","76272","6410"
"2009-02-18","Wolfpack","50434","48685","1749"
"2009-02-19","Wolfpack","82354","71824","10530"
"2009-02-20","Wolfpack","26757","24131","2626"
"2009-02-21","Wolfpack","80465","56852","23613"
"2009-02-22","Wolfpack","75305","59963","15342"
"2009-02-23","Wolfpack","39576","34538","5038"
"2009-02-24","Wolfpack","8749","8629","120"
"2009-02-25","Wolfpack","60163","57159","3004"
"2009-02-26","Wolfpack","94461","86482","7979"
"2009-02-27","Wolfpack","30927","27186","3741"
"2009-02-28","Wolfpack","8749","8629","120"
"2009-03-01","Wolfpack","60395","54489","5906"
"2009-03-02","Wolfpack","37566","31921","5645"
"2009-03-03","Wolfpack","65805","54140","11665"
"2009-03-04","Wolfpack","25797","23703","2094"
"2009-03-05","Wolfpack","66555","51038","15517"
"2009-03-06","Wolfpack","69824","59024","10800"
"2009-03-07","Wolfpack","85245","71499","13746"
"2009-03-08","Wolfpack","23787","21086","2701"
"2009-03-09","Wolfpack","18008","15502","2506"
"2009-03-10","Wolfpack","37476","32608","4868"
"2009-03-11","Wolfpack","107192","94339","12853"
"2009-03-12","Wolfpack","54926","47991","6935"
"2009-03-13","Wolfpack","113400","104772","8628"
"2009-03-14","Wolfpack","62054","55086","6968"
"2009-03-15","Wolfpack","72772","68507","4265"
"2009-03-16","Wolfpack","32986","31899","1087"
"2009-03-17","Wolfpack","66763","60092","6671"
"2009-03-18","Wolfpack","30057","24623","5434"
"2009-03-19","Wolfpack","32997","27397","5600"
"2009-03-20","Wolfpack","109289","99210","10079"
"2009-03-21","Wolfpack","115622","86897","28725"
"2009-03-22","Wolfpack","93752","79832","13920"
"2009-03-23","Wolfpack","54355","48146","6209"
"2009-03-24","Wolfpack","69193","58527","10666"
"2009-03-25","Wolfpack","104113","87154","16959"
"2009-03-26","Wolfpack","119622","96543","23079"
"2009-03-27","Wolfpack","30727","24632","6095"
"2009-03-28","Wolfpack","96889","88961","7928"
"2009-03-29","Wolfpack","42435","40112","2323"
"2009-03-30","Wolfpack","31457","24575","6882"
"2009-03-31","Wolfpack","74774","65057","9717"
"2009-04-01","Wolfpack","53025","41913","11112"
"2009-04-02","Wolfpack","54067","44387","9680"
"2009-04-03","Wolfpack","123999","107794","16205"
"2009-04-04","Wolfpack","107171","86335","20836"
"2009-04-05","Wolfpack","73025","60801","12224"
"2009-04-06","Wolfpack","85493","73562","11931"
"2009-04-07","Wolfpack","60846","48562","12284"
"2009-04-08","Wolfpack","25697","22426","3271"
"2009-04-09","Wolfpack","38716","33689","5027"
"2009-04-10","Wolfpack","15688","15497","191"
"2009-04-11","Wolfpack","143861","116576","27285"
"2009-04-12","Wolfpack","46005","43162","2843"
"2009-04-13","Wolfpack","59144","51251","7893"
"2009-04-14","Wolfpack","20728","19695","1033"
"2009-04-15","Wolfpack","48767","43345","5422"
"2009-04-16","Wolfpack","40335","37432","2903"
"2009-04-17","Wolfpack","81342","68175","13167"
"2009-04-18","Wolfpack","29367","26753","2614"
"2009-04-19","Wolfpack","67815","59822","7993"
"2009-04-20","Wolfpack","98421","89808","8613"
"2009-04-21","Wolfpack","116673","82157","34516"
"2009-04-22","Wolfpack","53615","45521","8094"
"2009-04-23","Wolfpack","63945","53861","10084"
"2009-04-24","Wolfpack","19058","17691","1367"
"2009-04-25","Wolfpack","53366","47558","5808"
"2009-04-26","Wolfpack","117589","101188","16401"
"2009-04-27","Wolfpack","83393","73748","9645"
"2009-04-28","Wolfpack","122991","108363","14628"
"2009-04-29","Wolfpack","96330","90177","6153"
"2009-04-30","Wolfpack","96552","80204","16348"
"2009-05-01","Wolfpack","92932","75540","17392"
"2009-05-02","Wolfpack","87522","78836","8686"
"2009-05-03","Wolfpack","43395","40540","2855"
"2009-05-04","Wolfpack","83241","75014","8227"
"2009-05-05","Wolfpack","117640","103712","13928"
"2009-05-06","Wolfpack","47475","44310","3165"
"2009-05-07","Wolfpack","45845","41397","4448"
"2009-05-08","Wolfpack","109790","95758","14032"
"2009-05-09","Wolfpack","61504","53301","8203"
"2009-05-10","Wolfpack","54564","48057","6507"
"2009-05-11","Wolfpack","31266","30201","1065"
"2009-05-12","Wolfpack","29167","24199","4968"
"2009-05-13","Wolfpack","93932","82877","11055"
"2009-05-14","Wolfpack","43755","40039","3716"
"2009-05-15","Wolfpack","36616","31787","4829"
"2009-05-16","Wolfpack","60954","54051","6903"
"2009-05-17","Wolfpack","52476","47776","4700"
"2009-05-18","Wolfpack","51765","48452","3313"
"2009-05-19","Wolfpack","82071","72244","9827"
"2009-05-20","Wolfpack","41968","27454","14514"
"2009-05-21","Wolfpack","22427","21509","918"
"2009-05-22","Wolfpack","74074","62402","11672"
"2009-05-23","Wolfpack","46715","43040","3675"
"2009-05-24","Wolfpack","39776","36172","3604"
"2009-05-25","Wolfpack","71825","56760","15065"
"2009-05-26","Wolfpack","27337","26525","812"
"2009-05-27","Wolfpack","38005","36213","1792"
"2009-05-28","Wolfpack","29166","27521","1645"
"2009-05-29","Wolfpack","74542","66301","8241"
"2009-05-30","Wolfpack","51177","43413","7764"
"2009-05-31","Wolfpack","92344","74459","17885"
"2009-06-01","Wolfpack","122490","107826","14664"
"2009-06-02","Wolfpack","110610","90712","19898"
"2009-06-03","Wolfpack","151448","129262","22186"
"2009-06-04","Wolfpack","88433","77946","10487"
"2009-06-05","Wolfpack","102030","94382","7648"
"2009-06-06","Wolfpack","76363","64127","12236"
"2009-06-07","Wolfpack","142682","113183","29499"
"2009-06-08","Wolfpack","59926","52042","7884"
"2009-06-09","Wolfpack","71845","53229","18616"
"2009-06-10","Wolfpack","151330","128829","22501"
"2009-06-11","Wolfpack","147700","126575","21125"
"2009-06-12","Wolfpack","142771","121465","21306"
"2009-06-13","Wolfpack","126434","93659","32775"
"2009-06-14","Wolfpack","65195","56906","8289"
"2009-06-15","Wolfpack","72962","68927","4035"
"2009-06-16","Wolfpack","86192","78192","8000"
"2009-06-17","Wolfpack","98561","84142","14419"
"2009-06-18","Wolfpack","79222","69804","9418"
"2009-06-19","Wolfpack","82441","76073","6368"
"2009-06-20","Wolfpack","71074","62069","9005"
"2009-06-21","Wolfpack","126439","106523","19916"
"2009-06-22","Wolfpack","50917","36939","13978"
"2009-06-23","Wolfpack","89351","72753","16598"
"2009-06-24","Wolfpack","62623","56890","5733"
"2009-06-25","Wolfpack","86983","74584","12399"
"2009-06-26","Wolfpack","58216","49271","8945"
"2009-06-27","Wolfpack","93880","83225","10655"
"2009-06-28","Wolfpack","163370","133867","29503"
"2009-06-29","Wolfpack","71934","62918","9016"
"2009-06-30","Wolfpack","99331","80917","18414"
"2009-07-01","Wolfpack","67604","60296","7308"
"2009-07-02","Wolfpack","221793","188715","33078"
"2009-07-03","Wolfpack","57354","47857","9497"
"2009-07-04","Wolfpack","63735","57750","5985"
"2009-07-05","Wolfpack","129002","109579","19423"
"2009-07-06","Wolfpack","100361","91223","9138"
"2009-07-07","Wolfpack","36996","30849","6147"
"2009-07-08","Wolfpack","125110","109778","15332"
"2009-07-09","Wolfpack","92930","83233","9697"
"2009-07-10","Wolfpack","55354","50098","5256"
"2009-07-11","Wolfpack","95773","76786","18987"
"2009-07-12","Wolfpack","76104","69870","6234"
"2009-07-13","Wolfpack","38936","33690","5246"
"2009-07-14","Wolfpack","37056","31979","5077"
"2009-07-15","Wolfpack","47955","44649","3306"
"2009-07-16","Wolfpack","67515","56911","10604"
"2009-07-17","Wolfpack","116212","95900","20312"
"2009-07-18","Wolfpack","25997","24559","1438"
"2009-07-19","Wolfpack","42535","39691","2844"
"2009-07-20","Wolfpack","18098","15565","2533"
"2009-07-21","Wolfpack","178529","148286","30243"
"2009-07-22","Wolfpack","122271","103849","18422"
"2009-07-23","Wolfpack","61854","53452","8402"
"2009-07-24","Wolfpack","62494","54110","8384"
"2009-07-25","Wolfpack","52074","47967","4107"
"2009-07-26","Wolfpack","95422","82114","13308"
"2009-07-27","Wolfpack","101632","87982","13650"
"2009-07-28","Wolfpack","120200","99806","20394"
"2009-07-29","Wolfpack","114511","100297","14214"
"2009-07-30","Wolfpack","62463","60223","2240"
"2009-07-31","Wolfpack","79084","63305","15779"
"2009-08-01","Wolfpack","51384","49597","1787"
"2009-08-02","Wolfpack","69192","64243","4949"
"2009-08-03","Wolfpack","140579","120342","20237"
"2009-08-04","Wolfpack","98183","81173","17010"
"2009-08-05","Wolfpack","161109","133284","27825"
"2009-08-06","Wolfpack","90154","79837","10317"
"2009-08-07","Wolfpack","62414","53207","9207"
"2009-08-08","Wolfpack","161269","139373","21896"
"2009-08-09","Wolfpack","78295","56039","22256"
"2009-08-10","Wolfpack","85445","74053","11392"
"2009-08-11","Wolfpack","55684","50022","5662"
"2009-08-12","Wolfpack","30827","25909","4918"
"2009-08-13","Wolfpack","67195","57689","9506"
"2009-08-14","Wolfpack","114382","86147","28235"
"2009-08-15","Wolfpack","47375","43033","4342"
"2009-08-16","Wolfpack","69464","61720","7744"
"2009-08-17","Wolfpack","53335","46038","7297"
"2009-08-18","Wolfpack","82443","73614","8829"
"2009-08-19","Wolfpack","124081","104751","19330"
"2009-08-20","Wolfpack","108355","83816","24539"
"2009-08-21","Wolfpack","76784","67446","9338"
"2009-08-22","Wolfpack","35526","31121","4405"
"2009-08-23","Wolfpack","73692","62972","10720"
"2009-08-24","Wolfpack","92282","79816","12466"
"2009-08-25","Wolfpack","55053","51287","3766"
"2009-08-26","Wolfpack","92630","86139","6491"
"2009-08-27","Wolfpack","45195","42754","2441"
"2009-08-28","Wolfpack","94094","81405","12689"
"2009-08-29","Wolfpack","74993","69348","5645"
"2009-08-30","Wolfpack","114674","95633","19041"
"2009-08-31","Wolfpack","65402","63868","1534"
"2009-09-01","Wolfpack","59995","46657","13338"
"2009-09-02","Wolfpack","116061","99516","16545"
"2009-09-03","Wolfpack","85523","68666","16857"
"2009-09-04","Wolfpack","126880","114337","12543"
"2009-09-05","Wolfpack","103075","87364","15711"
"2009-09-06","Wolfpack","94692","82171","12521"
"2009-09-07","Wolfpack","100901","92220","8681"
"2009-09-08","Wolfpack","64274","54734","9540"
"2009-09-09","Wolfpack","69643","61550","8093"
"2009-09-10","Wolfpack","119280","95944","23336"
"2009-09-11","Wolfpack","114301","103894","10407"
"2009-09-12","Wolfpack","84873","75440","9433"
"2009-09-13","Wolfpack","113522","100059","13463"
"2009-09-14","Wolfpack","150399","125368","25031"
"2009-09-15","Wolfpack","82933","75945","6988"
"2009-09-16","Wolfpack","94961","80814","14147"
"2009-09-17","Wolfpack","62223","59439","2784"
"2009-09-18","Wolfpack","71695","60260","11435"
"2009-09-19","Wolfpack","16548","16346","202"
"2009-09-20","Wolfpack","48835","42189","6646"
"2009-09-21","Wolfpack","43727","39147","4580"
"2009-09-22","Wolfpack","83382","75356","8026"
"2009-09-23","Wolfpack","121990","109412","12578"
"2009-09-24","Wolfpack","110482","97264","13218"
"2009-09-25","Wolfpack","72692","64949","7743"
"2009-09-26","Wolfpack","48625","46078","2547"
"2009-09-27","Wolfpack","97453","75007","22446"
"2009-09-28","Wolfpack","79823","70698","9125"
"2009-09-29","Wolfpack","52476","47776","4700"
"2009-09-30","Wolfpack","124862","105246","19616"
"2009-10-01","Wolfpack","144276","131527","12749"
"2009-10-02","Wolfpack","114324","82342","31982"
"2009-10-03","Wolfpack","44445","42729","1716"
"2009-10-04","Wolfpack","22298","17281","5017"
"2009-10-05","Wolfpack","100840","83942","16898"
"2009-10-06","Wolfpack","91942","79823","12119"
"2009-10-07","Wolfpack","108753","91375","17378"
"2009-10-08","Wolfpack","73002","69074","3928"
"2009-10-09","Wolfpack","169639","136196","33443"
"2009-10-10","Wolfpack","73525","59529","13996"
"2009-10-11","Wolfpack","89613","78147","11466"
"2009-10-12","Wolfpack","101513","89390","12123"
"2009-10-13","Wolfpack","44355","42666","1689"
"2009-10-14","Wolfpack","98512","84825","13687"
"2009-10-15","Wolfpack","102849","91916","10933"
"2009-10-16","Wolfpack","87791","74246","13545"
"2009-10-17","Wolfpack","118252","96672","21580"
"2009-10-18","Wolfpack","30906","27580","3326"
"2009-10-19","Wolfpack","130379","115920","14459"
"2009-10-20","Wolfpack","133367","119319","14048"
"2009-10-21","Wolfpack","109051","96745","12306"
"2009-10-22","Wolfpack","85723","74967","10756"
"2009-10-23","Wolfpack","168348","148747","19601"
"2009-10-24","Wolfpack","91233","79635","11598"
"2009-10-25","Wolfpack","69892","64605","5287"
"2009-10-26","Wolfpack","104841","95563","9278"
"2009-10-27","Wolfpack","61303","56463","4840"
"2009-10-28","Wolfpack","99431","86508","12923"
"2009-10-29","Wolfpack","133581","117493","16088"
"2009-10-30","Wolfpack","56814","48754","8060"
"2009-10-31","Wolfpack","63753","57820","5933"
"2009-11-01","Wolfpack","49074","44847","4227"
"2009-11-02","Wolfpack","74422","69781","4641"
"2009-11-03","Wolfpack","147929","130382","17547"
"2009-11-04","Wolfpack","55845","47383","8462"
"2009-11-05","Wolfpack","113910","102547","11363"
"2009-11-06","Wolfpack","184219","152683","31536"
"2009-11-07","Wolfpack","75053","64266","10787"
"2009-11-08","Wolfpack","32857","26812","6045"
"2009-11-09","Wolfpack","118124","99530","18594"
"2009-11-10","Wolfpack","82531","75636","6895"
"2009-11-11","Wolfpack","58155","52083","6072"
"2009-11-12","Wolfpack","77223","69290","7933"
"2009-11-13","Wolfpack","181626","160507","21119"
"2009-11-14","Wolfpack","43035","38419","4616"
"2009-11-15","Wolfpack","48325","43167","5158"
"2009-11-16","Wolfpack","163660","137851","25809"
"2009-11-17","Wolfpack","52976","46504","6472"
"2009-11-18","Wolfpack","100054","79830","20224"
"2009-11-19","Wolfpack","94633","78286","16347"
"2009-11-20","Wolfpack","105292","90728","14564"
"2009-11-21","Wolfpack","63875","55189","8686"
"2009-11-22","Wolfpack","144851","117857","26994"
"2009-11-23","Wolfpack","140069","120672","19397"
"2009-11-24","Wolfpack","77134","65209","11925"
"2009-11-25","Wolfpack","70113","59647","10466"
"2009-11-26","Wolfpack","91731","79227","12504"
"2009-11-27","Wolfpack","101211","90386","10825"
"2009-11-28","Wolfpack","97532","73663","23869"
"2009-11-29","Wolfpack","53266","46923","6343"
"2009-11-30","Wolfpack","161158","135836","25322"
"2009-12-01","Wolfpack","89352","82077","7275"
"2009-12-02","Wolfpack","147859","130640","17219"
"2009-12-03","Wolfpack","55846","49970","5876"
"2009-12-04","Wolfpack","6739","6012","727"
"2009-12-05","Wolfpack","121951","109308","12643"
"2009-12-06","Wolfpack","51416","46071","5345"
"2009-12-07","Wolfpack","18588","17896","692"
"2009-12-08","Wolfpack","65694","55338","10356"
"2009-12-09","Wolfpack","95690","86025","9665"
"2009-12-10","Wolfpack","52744","47476","5268"
"2009-12-11","Wolfpack","97930","87959","9971"
"2009-12-12","Wolfpack","111039","100983","10056"
"2009-12-13","Wolfpack","119881","96812","23069"
"2009-12-14","Wolfpack","87403","74124","13279"
"2009-12-15","Wolfpack","89983","77062","12921"
"2009-12-16","Wolfpack","30316","29289","1027"
"2009-12-17","Wolfpack","90124","75834","14290"
"2009-12-18","Wolfpack","62352","60276","2076"
"2009-12-19","Wolfpack","92302","78469","13833"
"2009-12-20","Wolfpack","103252","86009","17243"
"2009-12-21","Wolfpack","61043","53921","7122"
"2009-12-22","Wolfpack","49125","43108","6017"
"2009-12-23","Wolfpack","60183","54770","5413"
"2009-12-24","Wolfpack","102859","92841","10018"
"2009-12-25","Wolfpack","52494","48624","3870"
"2009-12-26","Wolfpack","93293","77957","15336"
"2009-12-27","Wolfpack","108932","98045","10887"
"2009-12-28","Wolfpack","67663","56919","10744"
"2009-12-29","Wolfpack","154718","135490","19228"
"2009-12-30","Wolfpack","94064","80078","13986"
"2009-12-31","Wolfpack","60525","51751","8774"
"2010-01-01","Wolfpack","87832","74526","13306"
"2010-01-02","Wolfpack","147948","129503","18445"
"2010-01-03","Wolfpack","168236","144938","23298"
"2010-01-04","Wolfpack","70294","64886","5408"
"2010-01-05","Wolfpack","84802","79682","5120"
"2010-01-06","Wolfpack","120997","106255","14742"
"2010-01-07","Wolfpack","77822","69852","7970"
"2010-01-08","Wolfpack","132112","106719","25393"
"2010-01-09","Wolfpack","126528","113722","12806"
"2010-01-10","Wolfpack","108598","102539","6059"
"2010-01-11","Wolfpack","95832","81475","14357"
"2010-01-12","Wolfpack","159850","137189","22661"
"2010-01-13","Wolfpack","110364","96837","13527"
"2010-01-14","Wolfpack","91480","80310","11170"
"2010-01-15","Wolfpack","136939","125221","11718"
"2010-01-16","Wolfpack","138446","123893","14553"
"2010-01-17","Wolfpack","137578","118915","18663"
"2010-01-18","Wolfpack","184915","161265","23650"
"2010-01-19","Wolfpack","97412","77115","20297"
"2010-01-20","Wolfpack","144509","117221","27288"
"2010-01-21","Wolfpack","207622","186179","21443"
"2010-01-22","Wolfpack","89262","82514","6748"
"2010-01-23","Wolfpack","151677","130453","21224"
"2010-01-24","Wolfpack","133288","125157","8131"
"2010-01-25","Wolfpack","108490","97867","10623"
"2010-01-26","Wolfpack","138897","125564","13333"
"2010-01-27","Wolfpack","80872","72591","8281"
"2010-01-28","Wolfpack","138919","125641","13278"
"2010-01-29","Wolfpack","169659","143312","26347"
"2010-01-30","Wolfpack","93103","83626","9477"
"2010-01-31","Wolfpack","248433","211617","36816"
"2010-02-01","Wolfpack","99803","88906","10897"
"2010-02-02","Wolfpack","60443","55614","4829"
"2010-02-03","Wolfpack","96284","80504","15780"
"2010-02-04","Wolfpack","108610","97005","11605"
"2010-02-05","Wolfpack","85020","76625","8395"
"2010-02-06","Wolfpack","110988","95682","15306"
"2010-02-07","Wolfpack","143989","125299","18690"
"2010-02-08","Wolfpack","210702","190163","20539"
"2010-02-09","Wolfpack","207634","165631","42003"
"2010-02-10","Wolfpack","95880","87493","8387"
"2010-02-11","Wolfpack","123848","112150","11698"
"2010-02-12","Wolfpack","130460","114540","15920"
"2010-02-13","Wolfpack","117467","107716","9751"
"2010-02-14","Wolfpack","244912","199146","45766"
"2010-02-15","Wolfpack","171918","144984","26934"
"2010-02-16","Wolfpack","98109","89590","8519"
"2010-02-17","Wolfpack","74402","67100","7302"
"2010-02-18","Wolfpack","129480","108483","20997"
"2010-02-19","Wolfpack","151869","123056","28813"
"2010-02-20","Wolfpack","25697","22426","3271"
"2010-02-21","Wolfpack","179976","155338","24638"
"2010-02-22","Wolfpack","143408","125557","17851"
"2010-02-23","Wolfpack","113728","93251","20477"
"2010-02-24","Wolfpack","79365","69658","9707"
"2010-02-25","Wolfpack","96481","76699","19782"
"2010-02-26","Wolfpack","312141","263877","48264"
"2010-02-27","Wolfpack","81973","70754","11219"
"2010-02-28","Wolfpack","75125","60690","14435"
"2010-03-01","Wolfpack","188276","163612","24664"
"2010-03-02","Wolfpack","82325","73187","9138"
"2010-03-03","Wolfpack","228024","195042","32982"
"2010-03-04","Wolfpack","114138","104823","9315"
"2010-03-05","Wolfpack","181138","153677","27461"
"2010-03-06","Wolfpack","203654","171826","31828"
"2010-03-07","Wolfpack","195425","171404","24021"
"2010-03-08","Wolfpack","125800","114243","11557"
"2010-03-09","Wolfpack","134929","111553","23376"
"2010-03-10","Wolfpack","212901","189835","23066"
"2010-03-11","Wolfpack","130829","118104","12725"
"2010-03-12","Wolfpack","120190","104604","15586"
"2010-03-13","Wolfpack","126288","111916","14372"
"2010-03-14","Wolfpack","167998","142501","25497"
"2010-03-15","Wolfpack","126879","108163","18716"
"2010-03-16","Wolfpack","108751","93834","14917"
"2010-03-17","Wolfpack","127158","116279","10879"
"2010-03-18","Wolfpack","71312","61640","9672"
"2010-03-19","Wolfpack","167657","150530","17127"
"2010-03-20","Wolfpack","192415","160872","31543"
"2010-03-21","Wolfpack","209924","173437","36487"
"2010-03-22","Wolfpack","137110","121156","15954"
"2010-03-23","Wolfpack","120280","99637","20643"
"2010-03-24","Wolfpack","121880","106668","15212"
"2010-03-25","Wolfpack","173106","153569","19537"
"2010-03-26","Wolfpack","129338","115780","13558"
"2010-03-27","Wolfpack","122410","110069","12341"
"2010-03-28","Wolfpack","164248","137785","26463"
"2010-03-29","Wolfpack","168107","146366","21741"
"2010-03-30","Wolfpack","102079","88393","13686"
"2010-03-31","Wolfpack","242302","205601","36701"
"2010-04-01","Wolfpack","139287","118464","20823"
"2010-04-02","Wolfpack","83612","69242","14370"
"2010-04-03","Wolfpack","115988","102762","13226"
"2010-04-04","Wolfpack","127858","111248","16610"
"2010-04-05","Wolfpack","149469","125928","23541"
"2010-04-06","Wolfpack","123638","110669","12969"
"2010-04-07","Wolfpack","135328","109943","25385"
"2010-04-08","Wolfpack","70563","59318","11245"
"2010-04-09","Wolfpack","146379","125254","21125"
"2010-04-10","Wolfpack","102161","88822","13339"
"2010-04-11","Wolfpack","44316","37642","6674"
"2010-04-12","Wolfpack","101184","77920","23264"
"2010-04-13","Wolfpack","65373","58241","7132"
"2010-04-14","Wolfpack","110869","96312","14557"
"2010-04-15","Wolfpack","32726","29357","3369"
"2010-04-16","Wolfpack","137858","114891","22967"
"2010-04-17","Wolfpack","157558","138721","18837"
"2010-04-18","Wolfpack","156775","139332","17443"
"2010-04-19","Wolfpack","145930","122121","23809"
"2010-04-20","Wolfpack","189253","168087","21166"
"2010-04-21","Wolfpack","133898","114300","19598"
"2010-04-22","Wolfpack","48855","45867","2988"
"2010-04-23","Wolfpack","203306","165022","38284"
"2010-04-24","Wolfpack","75771","72109","3662"
"2010-04-25","Wolfpack","148244","133859","14385"
"2010-04-26","Wolfpack","148542","113585","34957"
"2010-04-27","Wolfpack","106371","92530","13841"
"2010-04-28","Wolfpack","163957","145422","18535"
"2010-04-29","Wolfpack","99510","88637","10873"
"2010-04-30","Wolfpack","122799","105232","17567"
"2010-05-01","Wolfpack","137486","122909","14577"
"2010-05-02","Wolfpack","108033","91111","16922"
"2010-05-03","Wolfpack","157575","137039","20536"
"2010-05-04","Wolfpack","111299","102969","8330"
"2010-05-05","Wolfpack","136577","123639","12938"
"2010-05-06","Wolfpack","96830","87855","8975"
"2010-05-07","Wolfpack","201385","170082","31303"
"2010-05-08","Wolfpack","107280","94413","12867"
"2010-05-09","Wolfpack","133429","115868","17561"
"2010-05-10","Wolfpack","113360","99086","14274"
"2010-05-11","Wolfpack","130149","114958","15191"
"2010-05-12","Wolfpack","126379","104365","22014"
"2010-05-13","Wolfpack","98062","85710","12352"
"2010-05-14","Wolfpack","190293","161080","29213"
"2010-05-15","Wolfpack","131369","110798","20571"
"2010-05-16","Wolfpack","194674","164428","30246"
"2010-05-17","Wolfpack","74422","69781","4641"
"2010-05-18","Wolfpack","83313","75677","7636"
"2010-05-19","Wolfpack","164486","141850","22636"
"2010-05-20","Wolfpack","113200","97827","15373"
"2010-05-21","Wolfpack","194042","167193","26849"
"2010-05-22","Wolfpack","88402","81665","6737"
"2010-05-23","Wolfpack","184086","163884","20202"
"2010-05-24","Wolfpack","183677","149476","34201"
"2010-05-25","Wolfpack","72092","67784","4308"
"2010-05-26","Wolfpack","154446","127448","26998"
"2010-05-27","Wolfpack","117950","105747","12203"
"2010-05-28","Wolfpack","108081","88798","19283"
"2010-05-29","Wolfpack","112912","98062","14850"
"2010-05-30","Wolfpack","116009","105431","10578"
"2010-05-31","Wolfpack","20518","16847","3671"
"2010-06-01","Wolfpack","224352","199164","25188"
"2010-06-02","Wolfpack","105049","91390","13659"
"2010-06-03","Wolfpack","209920","187174","22746"
"2010-06-04","Wolfpack","209800","183297","26503"
"2010-06-05","Wolfpack","220925","177743","43182"
"2010-06-06","Wolfpack","298515","260890","37625"
"2010-06-07","Wolfpack","190651","166024","24627"
"2010-06-08","Wolfpack","309799","261586","48213"
"2010-06-09","Wolfpack","402265","334018","68247"
"2010-06-10","Wolfpack","196722","172051","24671"
"2010-06-11","Wolfpack","270358","228744","41614"
"2010-06-12","Wolfpack","243351","207916","35435"
"2010-06-13","Wolfpack","297450","238380","59070"
"2010-06-14","Wolfpack","283537","239654","43883"
"2010-06-15","Wolfpack","247478","222659","24819"
"2010-06-16","Wolfpack","306138","259558","46580"
"2010-06-17","Wolfpack","276638","236005","40633"
"2010-06-18","Wolfpack","211867","190927","20940"
"2010-06-19","Wolfpack","196182","177010","19172"
"2010-06-20","Wolfpack","271199","231203","39996"
"2010-06-21","Wolfpack","329644","284836","44808"
"2010-06-22","Wolfpack","271868","238194","33674"
"2010-06-23","Wolfpack","229217","181412","47805"
"2010-06-24","Wolfpack","116962","103927","13035"
"2010-06-25","Wolfpack","146268","130149","16119"
"2010-06-26","Wolfpack","323686","270781","52905"
"2010-06-27","Wolfpack","184605","162479","22126"
"2010-06-28","Wolfpack","220702","186594","34108"
"2010-06-29","Wolfpack","253948","223119","30829"
"2010-06-30","Wolfpack","333609","285927","47682"
"2010-07-01","Wolfpack","210343","182806","27537"
"2010-07-02","Wolfpack","239341","201425","37916"
"2010-07-03","Wolfpack","277299","232817","44482"
"2010-07-04","Wolfpack","212030","184403","27627"
"2010-07-05","Wolfpack","300649","250924","49725"
"2010-07-06","Wolfpack","287775","255995","31780"
"2010-07-07","Wolfpack","233110","211089","22021"
"2010-07-08","Wolfpack","196874","168325","28549"
"2010-07-09","Wolfpack","300565","249492","51073"
"2010-07-10","Wolfpack","288209","249926","38283"
"2010-07-11","Wolfpack","279119","232456","46663"
"2010-07-12","Wolfpack","295755","265451","30304"
"2010-07-13","Wolfpack","220244","181383","38861"
"2010-07-14","Wolfpack","245960","214228","31732"
"2010-07-15","Wolfpack","221287","202428","18859"
"2010-07-16","Wolfpack","246701","216070","30631"
"2010-07-17","Wolfpack","269610","234067","35543"
"2010-07-18","Wolfpack","259939","215109","44830"
"2010-07-19","Wolfpack","373021","318370","54651"
"2010-07-20","Wolfpack","271898","233798","38100"
"2010-07-21","Wolfpack","191723","169177","22546"
"2010-07-22","Wolfpack","250295","222385","27910"
"2010-07-23","Wolfpack","283098","238768","44330"
"2010-07-24","Wolfpack","228478","203018","25460"
"2010-07-25","Wolfpack","227300","197370","29930"
"2010-07-26","Wolfpack","161836","143386","18450"
"2010-07-27","Wolfpack","260174","234770","25404"
"2010-07-28","Wolfpack","190232","163612","26620"
"2010-07-29","Wolfpack","130946","114024","16922"
"2010-07-30","Wolfpack","424502","350807","73695"
"2010-07-31","Wolfpack","183545","159571","23974"
"2010-08-01","Wolfpack","323545","264576","58969"
"2010-08-02","Wolfpack","237628","212045","25583"
"2010-08-03","Wolfpack","218920","197896","21024"
"2010-08-04","Wolfpack","252846","224343","28503"
"2010-08-05","Wolfpack","246918","213176","33742"
"2010-08-06","Wolfpack","347264","291829","55435"
"2010-08-07","Wolfpack","310766","257380","53386"
"2010-08-08","Wolfpack","313938","248057","65881"
"2010-08-09","Wolfpack","239262","191436","47826"
"2010-08-10","Wolfpack","209527","192090","17437"
"2010-08-11","Wolfpack","123556","111444","12112"
"2010-08-12","Wolfpack","338202","266288","71914"
"2010-08-13","Wolfpack","239649","209769","29880"
"2010-08-14","Wolfpack","291654","257192","34462"
"2010-08-15","Wolfpack","215892","185070","30822"
"2010-08-16","Wolfpack","350563","288826","61737"
"2010-08-17","Wolfpack","384159","334654","49505"
"2010-08-18","Wolfpack","401389","337843","63546"
"2010-08-19","Wolfpack","174872","152560","22312"
"2010-08-20","Wolfpack","212699","190296","22403"
"2010-08-21","Wolfpack","264149","215510","48639"
"2010-08-22","Wolfpack","274191","240705","33486"
"2010-08-23","Wolfpack","145327","126394","18933"
"2010-08-24","Wolfpack","211931","184942","26989"
"2010-08-25","Wolfpack","472945","394702","78243"
"2010-08-26","Wolfpack","261648","228332","33316"
"2010-08-27","Wolfpack","310035","273535","36500"
"2010-08-28","Wolfpack","336993","292006","44987"
"2010-08-29","Wolfpack","189185","169166","20019"
"2010-08-30","Wolfpack","212331","188433","23898"
"2010-08-31","Wolfpack","261105","233618","27487"
"2010-09-01","Wolfpack","188425","166754","21671"
"2010-09-02","Wolfpack","236024","204586","31438"
"2010-09-03","Wolfpack","207633","188114","19519"
"2010-09-04","Wolfpack","186321","166460","19861"
"2010-09-05","Wolfpack","227722","188183","39539"
"2010-09-06","Wolfpack","271508","223706","47802"
"2010-09-07","Wolfpack","233760","205276","28484"
"2010-09-08","Wolfpack","269173","238557","30616"
"2010-09-09","Wolfpack","296919","256025","40894"
"2010-09-10","Wolfpack","302775","260359","42416"
"2010-09-11","Wolfpack","266440","234902","31538"
"2010-09-12","Wolfpack","209588","185945","23643"
"2010-09-13","Wolfpack","151907","133311","18596"
"2010-09-14","Wolfpack","322017","271496","50521"
"2010-09-15","Wolfpack","295939","273926","22013"
"2010-09-16","Wolfpack","318942","282147","36795"
"2010-09-17","Wolfpack","134537","124787","9750"
"2010-09-18","Wolfpack","144096","129510","14586"
"2010-09-19","Wolfpack","359870","312289","47581"
"2010-09-20","Wolfpack","234444","198563","35881"
"2010-09-21","Wolfpack","253388","217869","35519"
"2010-09-22","Wolfpack","248867","219595","29272"
"2010-09-23","Wolfpack","197243","176232","21011"
"2010-09-24","Wolfpack","466325","408930","57395"
"2010-09-25","Wolfpack","244245","209053","35192"
"2010-09-26","Wolfpack","230341","203504","26837"
"2010-09-27","Wolfpack","314734","270287","44447"
"2010-09-28","Wolfpack","186383","160926","25457"
"2010-09-29","Wolfpack","353683","301222","52461"
"2010-09-30","Wolfpack","260578","228874","31704"
"2010-10-01","Wolfpack","410122","358332","51790"
"2010-10-02","Wolfpack","184823","152891","31932"
"2010-10-03","Wolfpack","303866","260254","43612"
"2010-10-04","Wolfpack","349184","302954","46230"
"2010-10-05","Wolfpack","222249","188828","33421"
"2010-10-06","Wolfpack","168786","141795","26991"
"2010-10-07","Wolfpack","262407","233424","28983"
"2010-10-08","Wolfpack","215449","191616","23833"
"2010-10-09","Wolfpack","254489","216296","38193"
"2010-10-10","Wolfpack","205010","184042","20968"
"2010-10-11","Wolfpack","248021","216848","31173"
"2010-10-12","Wolfpack","216922","180046","36876"
"2010-10-13","Wolfpack","351615","295544","56071"
"2010-10-14","Wolfpack","272324","240443","31881"
"2010-10-15","Wolfpack","271898","228456","43442"
"2010-10-16","Wolfpack","258958","222030","36928"
"2010-10-17","Wolfpack","260739","223773","36966"
"2010-10-18","Wolfpack","285904","249266","36638"
"2010-10-19","Wolfpack","171715","142450","29265"
"2010-10-20","Wolfpack","251429","217438","33991"
"2010-10-21","Wolfpack","192640","170509","22131"
"2010-10-22","Wolfpack","301647","258888","42759"
"2010-10-23","Wolfpack","197714","161259","36455"
"2010-10-24","Wolfpack","143999","128330","15669"
"2010-10-25","Wolfpack","386841","324076","62765"
"2010-10-26","Wolfpack","253433","207922","45511"
"2010-10-27","Wolfpack","245979","213665","32314"
"2010-10-28","Wolfpack","171143","150860","20283"
"2010-10-29","Wolfpack","175744","155558","20186"
"2010-10-30","Wolfpack","271639","231923","39716"
"2010-10-31","Wolfpack","216003","189489","26514"
"2010-11-01","Wolfpack","279587","237098","42489"
"2010-11-02","Wolfpack","148476","129372","19104"
"2010-11-03","Wolfpack","281186","250683","30503"
"2010-11-04","Wolfpack","197316","157133","40183"
"2010-11-05","Wolfpack","260380","226659","33721"
"2010-11-06","Wolfpack","215602","194835","20767"
"2010-11-07","Wolfpack","243764","205277","38487"
"2010-11-08","Wolfpack","285832","237180","48652"
"2010-11-09","Wolfpack","265105","229484","35621"
"2010-11-10","Wolfpack","275400","215622","59778"
"2010-11-11","Wolfpack","253200","223230","29970"
"2010-11-12","Wolfpack","154957","137006","17951"
"2010-11-13","Wolfpack","173763","153754","20009"
"2010-11-14","Wolfpack","202072","169390","32682"
"2010-11-15","Wolfpack","227192","198157","29035"
"2010-11-16","Wolfpack","403905","356192","47713"
"2010-11-17","Wolfpack","238394","199971","38423"
"2010-11-18","Wolfpack","296456","257847","38609"
"2010-11-19","Wolfpack","369811","317269","52542"
"2010-11-20","Wolfpack","272955","241629","31326"
"2010-11-21","Wolfpack","379541","328354","51187"
"2010-11-22","Wolfpack","266368","241257","25111"
"2010-11-23","Wolfpack","295656","253615","42041"
"2010-11-24","Wolfpack","273769","236337","37432"
"2010-11-25","Wolfpack","349144","299843","49301"
"2010-11-26","Wolfpack","215755","183026","32729"
"2010-11-27","Wolfpack","356615","305236","51379"
"2010-11-28","Wolfpack","198173","174544","23629"
"2010-11-29","Wolfpack","347351","293514","53837"
"2010-11-30","Wolfpack","208431","180831","27600"
"2010-12-01","Wolfpack","209383","183939","25444"
"2010-12-02","Wolfpack","298156","258638","39518"
"2010-12-03","Wolfpack","298684","256857","41827"
"2010-12-04","Wolfpack","266429","229128","37301"
"2010-12-05","Wolfpack","296503","251205","45298"
"2010-12-06","Wolfpack","162865","144021","18844"
"2010-12-07","Wolfpack","306323","254651","51672"
"2010-12-08","Wolfpack","227399","197205","30194"
"2010-12-09","Wolfpack","305576","263592","41984"
"2010-12-10","Wolfpack","247634","208181","39453"
"2010-12-11","Wolfpack","322627","269366","53261"
"2010-12-12","Wolfpack","320161","279845","40316"
"2010-12-13","Wolfpack","126719","110887","15832"
"2010-12-14","Wolfpack","234891","206295","28596"
"2010-12-15","Wolfpack","310677","264110","46567"
"2010-12-16","Wolfpack","213500","182016","31484"
"2010-12-17","Wolfpack","112547","107331","5216"
"2010-12-18","Wolfpack","123336","111443","11893"
"2010-12-19","Wolfpack","308186","274600","33586"
"2010-12-20","Wolfpack","238610","210842","27768"
"2010-12-21","Wolfpack","286103","256698","29405"
"2010-12-22","Wolfpack","239744","208850","30894"
"2010-12-23","Wolfpack","231090","203264","27826"
"2010-12-24","Wolfpack","361244","307385","53859"
"2010-12-25","Wolfpack","196740","177401","19339"
"2010-12-26","Wolfpack","234098","198624","35474"
"2010-12-27","Wolfpack","270652","209006","61646"
"2010-12-28","Wolfpack","188253","161668","26585"
"2010-12-29","Wolfpack","228521","201003","27518"
"2010-12-30","Wolfpack","233085","206204","26881"
"2010-12-31","Wolfpack","187533","170879","16654"
"2011-01-01","Wolfpack","239792","209036","30756"
"2011-01-02","Wolfpack","286819","247755","39064"
"2011-01-03","Wolfpack","250824","211513","39311"
"2011-01-04","Wolfpack","283817","243765","40052"
"2011-01-05","Wolfpack","343412","302807","40605"
"2011-01-06","Wolfpack","224586","203075","21511"
"2011-01-07","Wolfpack","334662","290491","44171"
"2011-01-08","Wolfpack","199212","173233","25979"
"2011-01-09","Wolfpack","355380","314956","40424"
"2011-01-10","Wolfpack","160962","143520","17442"
"2011-01-11","Wolfpack","305043","259296","45747"
"2011-01-12","Wolfpack","268136","238810","29326"
"2011-01-13","Wolfpack","374120","312558","61562"
"2011-01-14","Wolfpack","256515","224535","31980"
"2011-01-15","Wolfpack","315386","268052","47334"
"2011-01-16","Wolfpack","358622","305128","53494"
"2011-01-17","Wolfpack","258167","225652","32515"
"2011-01-18","Wolfpack","394531","336334","58197"
"2011-01-19","Wolfpack","177509","164940","12569"
"2011-01-20","Wolfpack","278564","243709","34855"
"2011-01-21","Wolfpack","229310","203658","25652"
"2011-01-22","Wolfpack","375094","329688","45406"
"2011-01-23","Wolfpack","293406","257371","36035"
"2011-01-24","Wolfpack","139516","128062","11454"
"2011-01-25","Wolfpack","359642","296982","62660"
"2011-01-26","Wolfpack","337944","288628","49316"
"2011-01-27","Wolfpack","213648","190198","23450"
"2011-01-28","Wolfpack","330312","299742","30570"
"2011-01-29","Wolfpack","188531","172246","16285"
"2011-01-30","Wolfpack","293508","261712","31796"
"2011-01-31","Wolfpack","172454","150040","22414"
"2011-02-01","Wolfpack","292036","252322","39714"
"2011-02-02","Wolfpack","320255","279320","40935"
"2011-02-03","Wolfpack","303064","264473","38591"
"2011-02-04","Wolfpack","213559","186388","27171"
"2011-02-05","Wolfpack","320356","275012","45344"
"2011-02-06","Wolfpack","302145","268660","33485"
"2011-02-07","Wolfpack","364912","308557","56355"
"2011-02-08","Wolfpack","362232","303942","58290"
"2011-02-09","Wolfpack","312903","257097","55806"
"2011-02-10","Wolfpack","331591","276323","55268"
"2011-02-11","Wolfpack","372224","314981","57243"
"2011-02-12","Wolfpack","238490","207637","30853"
"2011-02-13","Wolfpack","305996","259486","46510"
"2011-02-14","Wolfpack","242945","225272","17673"
"2011-02-15","Wolfpack","313763","271957","41806"
"2011-02-16","Wolfpack","314447","271694","42753"
"2011-02-17","Wolfpack","225512","190742","34770"
"2011-02-18","Wolfpack","426612","373291","53321"
"2011-02-19","Wolfpack","282427","249726","32701"
"2011-02-20","Wolfpack","271469","232882","38587"
"2011-02-21","Wolfpack","259328","220840","38488"
"2011-02-22","Wolfpack","233421","197511","35910"
"2011-02-23","Wolfpack","242049","214610","27439"
"2011-02-24","Wolfpack","314513","266693","47820"
"2011-02-25","Wolfpack","395487","334389","61098"
"2011-02-26","Wolfpack","150805","133098","17707"
"2011-02-27","Wolfpack","263986","226225","37761"
"2011-02-28","Wolfpack","180015","149614","30401"
"2011-03-01","Wolfpack","313634","270895","42739"
"2011-03-02","Wolfpack","278194","242623","35571"
"2011-03-03","Wolfpack","306831","278385","28446"
"2011-03-04","Wolfpack","368203","318329","49874"
"2011-03-05","Wolfpack","281447","248841","32606"
"2011-03-06","Wolfpack","269860","224745","45115"
"2011-03-07","Wolfpack","312333","271993","40340"
"2011-03-08","Wolfpack","304333","272413","31920"
"2011-03-09","Wolfpack","322262","282293","39969"
"2011-03-10","Wolfpack","227520","205128","22392"
"2011-03-11","Wolfpack","202319","177533","24786"
"2011-03-12","Wolfpack","306248","259443","46805"
"2011-03-13","Wolfpack","378167","323952","54215"
"2011-03-14","Wolfpack","282796","252226","30570"
"2011-03-15","Wolfpack","305593","263291","42302"
"2011-03-16","Wolfpack","265157","226459","38698"
"2011-03-17","Wolfpack","232927","209766","23161"
"2011-03-18","Wolfpack","197730","177438","20292"
"2011-03-19","Wolfpack","311341","272656","38685"
"2011-03-20","Wolfpack","264672","219343","45329"
"2011-03-21","Wolfpack","310092","277366","32726"
"2011-03-22","Wolfpack","390842","331700","59142"
"2011-03-23","Wolfpack","253137","227507","25630"
"2011-03-24","Wolfpack","378841","321225","57616"
"2011-03-25","Wolfpack","213244","179022","34222"
"2011-03-26","Wolfpack","298694","262490","36204"
"2011-03-27","Wolfpack","177451","154744","22707"
"2011-03-28","Wolfpack","259589","226323","33266"
"2011-03-29","Wolfpack","248300","221899","26401"
"2011-03-30","Wolfpack","301285","256706","44579"
"2011-03-31","Wolfpack","194620","175690","18930"
"2011-04-01","Wolfpack","200346","174348","25998"
"2011-04-02","Wolfpack","155893","139566","16327"
"2011-04-03","Wolfpack","263937","223279","40658"
"2011-04-04","Wolfpack","277879","243182","34697"
"2011-04-05","Wolfpack","271748","238828","32920"
"2011-04-06","Wolfpack","291258","243898","47360"
"2011-04-07","Wolfpack","370836","319702","51134"
"2011-04-08","Wolfpack","319096","266223","52873"
"2011-04-09","Wolfpack","315413","285269","30144"
"2011-04-10","Wolfpack","266535","233945","32590"
"2011-04-11","Wolfpack","323774","279081","44693"
"2011-04-12","Wolfpack","304243","262168","42075"
"2011-04-13","Wolfpack","311173","278300","32873"
"2011-04-14","Wolfpack","301165","255575","45590"
"2011-04-15","Wolfpack","258217","215897","42320"
"2011-04-16","Wolfpack","180685","157394","23291"
"2011-04-17","Wolfpack","265919","225040","40879"
"2011-04-18","Wolfpack","212014","174128","37886"
"2011-04-19","Wolfpack","302767","260174","42593"
"2011-04-20","Wolfpack","194292","166898","27394"
"2011-04-21","Wolfpack","252320","220056","32264"
"2011-04-22","Wolfpack","253589","219799","33790"
"2011-04-23","Wolfpack","176925","144188","32737"
"2011-04-24","Wolfpack","174672","154626","20046"
"2011-04-25","Wolfpack","180703","157403","23300"
"2011-04-26","Wolfpack","334263","283923","50340"
"2011-04-27","Wolfpack","224160","192800","31360"
"2011-04-28","Wolfpack","244400","208856","35544"
"2011-04-29","Wolfpack","239642","198816","40826"
"2011-04-30","Wolfpack","348245","295802","52443"
"2011-05-01","Wolfpack","337201","290187","47014"
"2011-05-02","Wolfpack","379986","334997","44989"
"2011-05-03","Wolfpack","276521","227811","48710"
"2011-05-04","Wolfpack","283095","252641","30454"
"2011-05-05","Wolfpack","226751","186907","39844"
"2011-05-06","Wolfpack","277061","230352","46709"
"2011-05-07","Wolfpack","306656","245021","61635"
"2011-05-08","Wolfpack","242103","210383","31720"
"2011-05-09","Wolfpack","217403","191051","26352"
"2011-05-10","Wolfpack","175127","146777","28350"
"2011-05-11","Wolfpack","397141","334887","62254"
"2011-05-12","Wolfpack","275435","235135","40300"
"2011-05-13","Wolfpack","367941","324637","43304"
"2011-05-14","Wolfpack","284416","248471","35945"
"2011-05-15","Wolfpack","341925","300161","41764"
"2011-05-16","Wolfpack","241139","211016","30123"
"2011-05-17","Wolfpack","417521","353249","64272"
"2011-05-18","Wolfpack","317396","274730","42666"
"2011-05-19","Wolfpack","437090","376243","60847"
"2011-05-20","Wolfpack","288968","243947","45021"
"2011-05-21","Wolfpack","385409","331805","53604"
"2011-05-22","Wolfpack","199112","170127","28985"
"2011-05-23","Wolfpack","306844","271696","35148"
"2011-05-24","Wolfpack","317645","257857","59788"
"2011-05-25","Wolfpack","275557","242369","33188"
"2011-05-26","Wolfpack","344513","301840","42673"
"2011-05-27","Wolfpack","261036","230520","30516"
"2011-05-28","Wolfpack","314741","283177","31564"
"2011-05-29","Wolfpack","296573","254905","41668"
"2011-05-30","Wolfpack","240938","213027","27911"
"2011-05-31","Wolfpack","328105","281531","46574"
"2011-06-01","Wolfpack","251198","215666","35532"
"2011-06-02","Wolfpack","243150","206633","36517"
"2011-06-03","Wolfpack","344716","299596","45120"
"2011-06-04","Wolfpack","314159","280380","33779"
"2011-06-05","Wolfpack","314373","266378","47995"
"2011-06-06","Wolfpack","203668","182868","20800"
"2011-06-07","Wolfpack","450145","391156","58989"
"2011-06-08","Wolfpack","361485","298841","62644"
"2011-06-09","Wolfpack","488342","399917","88425"
"2011-06-10","Wolfpack","286600","264529","22071"
"2011-06-11","Wolfpack","339649","283344","56305"
"2011-06-12","Wolfpack","371774","304594","67180"
"2011-06-13","Wolfpack","311674","263433","48241"
"2011-06-14","Wolfpack","264630","233522","31108"
"2011-06-15","Wolfpack","424545","350721","73824"
"2011-06-16","Wolfpack","329097","284810","44287"
"2011-06-17","Wolfpack","233577","211604","21973"
"2011-06-18","Wolfpack","311337","276237","35100"
"2011-06-19","Wolfpack","239619","202545","37074"
"2011-06-20","Wolfpack","269469","236549","32920"
"2011-06-21","Wolfpack","349501","288290","61211"
"2011-06-22","Wolfpack","237587","212528","25059"
"2011-06-23","Wolfpack","208831","177188","31643"
"2011-06-24","Wolfpack","355727","304318","51409"
"2011-06-25","Wolfpack","309532","267011","42521"
"2011-06-26","Wolfpack","335350","293097","42253"
"2011-06-27","Wolfpack","234085","204637","29448"
"2011-06-28","Wolfpack","348827","310605","38222"
"2011-06-29","Wolfpack","273537","233151","40386"
"2011-06-30","Wolfpack","419405","373625","45780"
"2011-07-01","Wolfpack","387829","327462","60367"
"2011-07-02","Wolfpack","334677","275382","59295"
"2011-07-03","Wolfpack","465583","400824","64759"
"2011-07-04","Wolfpack","300193","273407","26786"
"2011-07-05","Wolfpack","284558","237345","47213"
"2011-07-06","Wolfpack","348576","304006","44570"
"2011-07-07","Wolfpack","370008","327328","42680"
"2011-07-08","Wolfpack","422797","361490","61307"
"2011-07-09","Wolfpack","397214","345635","51579"
"2011-07-10","Wolfpack","423356","357995","65361"
"2011-07-11","Wolfpack","421688","381545","40143"
"2011-07-12","Wolfpack","413057","352332","60725"
"2011-07-13","Wolfpack","345792","301553","44239"
"2011-07-14","Wolfpack","336753","285035","51718"
"2011-07-15","Wolfpack","408999","353021","55978"
"2011-07-16","Wolfpack","399445","351850","47595"
"2011-07-17","Wolfpack","249075","218949","30126"
"2011-07-18","Wolfpack","139474","129124","10350"
"2011-07-19","Wolfpack","437863","379381","58482"
"2011-07-20","Wolfpack","252145","229685","22460"
"2011-07-21","Wolfpack","272546","241901","30645"
"2011-07-22","Wolfpack","330374","283292","47082"
"2011-07-23","Wolfpack","247360","208618","38742"
"2011-07-24","Wolfpack","379526","333039","46487"
"2011-07-25","Wolfpack","360171","316158","44013"
"2011-07-26","Wolfpack","236558","210989","25569"
"2011-07-27","Wolfpack","324526","264084","60442"
"2011-07-28","Wolfpack","300701","270574","30127"
"2011-07-29","Wolfpack","251619","220762","30857"
"2011-07-30","Wolfpack","327152","276201","50951"
"2011-07-31","Wolfpack","355653","307643","48010"
"2011-08-01","Wolfpack","326250","283068","43182"
"2011-08-02","Wolfpack","220528","198258","22270"
"2011-08-03","Wolfpack","399139","332790","66349"
"2011-08-04","Wolfpack","199443","165228","34215"
"2011-08-05","Wolfpack","332828","289773","43055"
"2011-08-06","Wolfpack","304920","263695","41225"
"2011-08-07","Wolfpack","417276","361707","55569"
"2011-08-08","Wolfpack","399265","350122","49143"
"2011-08-09","Wolfpack","473903","397488","76415"
"2011-08-10","Wolfpack","423540","359154","64386"
"2011-08-11","Wolfpack","233317","203973","29344"
"2011-08-12","Wolfpack","354157","308774","45383"
"2011-08-13","Wolfpack","401151","339896","61255"
"2011-08-14","Wolfpack","481853","418520","63333"
"2011-08-15","Wolfpack","432098","358820","73278"
"2011-08-16","Wolfpack","268095","235781","32314"
"2011-08-17","Wolfpack","368224","317900","50324"
"2011-08-18","Wolfpack","334705","271675","63030"
"2011-08-19","Wolfpack","440950","387784","53166"
"2011-08-20","Wolfpack","284327","248129","36198"
"2011-08-21","Wolfpack","301505","263792","37713"
"2011-08-22","Wolfpack","540375","476023","64352"
"2011-08-23","Wolfpack","380386","331876","48510"
"2011-08-24","Wolfpack","381800","326866","54934"
"2011-08-25","Wolfpack","263423","240348","23075"
"2011-08-26","Wolfpack","390801","334675","56126"
"2011-08-27","Wolfpack","349978","319941","30037"
"2011-08-28","Wolfpack","287636","251748","35888"
"2011-08-29","Wolfpack","383687","332992","50695"
"2011-08-30","Wolfpack","232269","205610","26659"
"2011-08-31","Wolfpack","389099","333418","55681"
"2011-09-01","Wolfpack","296074","252882","43192"
"2011-09-02","Wolfpack","483872","405121","78751"
"2011-09-03","Wolfpack","391558","340649","50909"
"2011-09-04","Wolfpack","367535","313283","54252"
"2011-09-05","Wolfpack","289453","252046","37407"
"2011-09-06","Wolfpack","309101","262267","46834"
"2011-09-07","Wolfpack","237648","198690","38958"
"2011-09-08","Wolfpack","335774","284333","51441"
"2011-09-09","Wolfpack","486691","415842","70849"
"2011-09-10","Wolfpack","330983","289557","41426"
"2011-09-11","Wolfpack","362350","312371","49979"
"2011-09-12","Wolfpack","313500","280989","32511"
"2011-09-13","Wolfpack","326461","291529","34932"
"2011-09-14","Wolfpack","199714","163571","36143"
"2011-09-15","Wolfpack","361656","320778","40878"
"2011-09-16","Wolfpack","452576","394763","57813"
"2011-09-17","Wolfpack","363531","305742","57789"
"2011-09-18","Wolfpack","361133","303120","58013"
"2011-09-19","Wolfpack","490648","418040","72608"
"2011-09-20","Wolfpack","274767","231373","43394"
"2011-09-21","Wolfpack","194153","171926","22227"
"2011-09-22","Wolfpack","538624","457626","80998"
"2011-09-23","Wolfpack","195993","171570","24423"
"2011-09-24","Wolfpack","336321","299520","36801"
"2011-09-25","Wolfpack","287429","235622","51807"
"2011-09-26","Wolfpack","381095","333292","47803"
"2011-09-27","Wolfpack","354676","292317","62359"
"2011-09-28","Wolfpack","365850","324050","41800"
"2011-09-29","Wolfpack","447861","389795","58066"
"2011-09-30","Wolfpack","249227","220731","28496"
"2011-10-01","Wolfpack","339920","300121","39799"
"2011-10-02","Wolfpack","315332","278371","36961"
"2011-10-03","Wolfpack","319262","272728","46534"
"2011-10-04","Wolfpack","370706","325753","44953"
"2011-10-05","Wolfpack","301099","258213","42886"
"2011-10-06","Wolfpack","272227","242814","29413"
"2011-10-07","Wolfpack","329668","284768","44900"
"2011-10-08","Wolfpack","297365","250395","46970"
"2011-10-09","Wolfpack","478881","417338","61543"
"2011-10-10","Wolfpack","345876","291041","54835"
"2011-10-11","Wolfpack","346218","305177","41041"
"2011-10-12","Wolfpack","191202","171446","19756"
"2011-10-13","Wolfpack","393813","326283","67530"
"2011-10-14","Wolfpack","232875","203570","29305"
"2011-10-15","Wolfpack","276376","240953","35423"
"2011-10-16","Wolfpack","255664","220952","34712"
"2011-10-17","Wolfpack","217699","192541","25158"
"2011-10-18","Wolfpack","311159","276232","34927"
"2011-10-19","Wolfpack","230219","205294","24925"
"2011-10-20","Wolfpack","388754","342713","46041"
"2011-10-21","Wolfpack","476827","401614","75213"
"2011-10-22","Wolfpack","254995","227143","27852"
"2011-10-23","Wolfpack","323282","290218","33064"
"2011-10-24","Wolfpack","367240","317891","49349"
"2011-10-25","Wolfpack","344331","293769","50562"
"2011-10-26","Wolfpack","352860","313031","39829"
"2011-10-27","Wolfpack","422715","363422","59293"
"2011-10-28","Wolfpack","395859","346532","49327"
"2011-10-29","Wolfpack","387325","327032","60293"
"2011-10-30","Wolfpack","373152","326671","46481"
"2011-10-31","Wolfpack","491685","417617","74068"
"2011-11-01","Wolfpack","342511","302120","40391"
"2011-11-02","Wolfpack","395408","345008","50400"
"2011-11-03","Wolfpack","343762","299028","44734"
"2011-11-04","Wolfpack","279275","239241","40034"
"2011-11-05","Wolfpack","367825","301472","66353"
"2011-11-06","Wolfpack","248500","203798","44702"
"2011-11-07","Wolfpack","430712","372261","58451"
"2011-11-08","Wolfpack","322102","278818","43284"
"2011-11-09","Wolfpack","477424","410811","66613"
"2011-11-10","Wolfpack","390503","325281","65222"
"2011-11-11","Wolfpack","235109","198377","36732"
"2011-11-12","Wolfpack","235228","208703","26525"
"2011-11-13","Wolfpack","181492","162649","18843"
"2011-11-14","Wolfpack","238690","207086","31604"
"2011-11-15","Wolfpack","387301","340962","46339"
"2011-11-16","Wolfpack","213409","183307","30102"
"2011-11-17","Wolfpack","418774","363086","55688"
"2011-11-18","Wolfpack","553796","447536","106260"
"2011-11-19","Wolfpack","317822","273776","44046"
"2011-11-20","Wolfpack","302407","255266","47141"
"2011-11-21","Wolfpack","394359","348879","45480"
"2011-11-22","Wolfpack","346639","306028","40611"
"2011-11-23","Wolfpack","340300","301153","39147"
"2011-11-24","Wolfpack","626494","534589","91905"
"2011-11-25","Wolfpack","319820","277816","42004"
"2011-11-26","Wolfpack","353412","293859","59553"
"2011-11-27","Wolfpack","330437","294062","36375"
"2011-11-28","Wolfpack","436407","355258","81149"
"2011-11-29","Wolfpack","316643","275780","40863"
"2011-11-30","Wolfpack","282967","238597","44370"
"2011-12-01","Wolfpack","439647","380089","59558"
"2011-12-02","Wolfpack","436967","381271","55696"
"2011-12-03","Wolfpack","445605","376829","68776"
"2011-12-04","Wolfpack","293943","253679","40264"
"2011-12-05","Wolfpack","279904","248791","31113"
"2011-12-06","Wolfpack","385849","321696","64153"
"2011-12-07","Wolfpack","307924","268731","39193"
"2011-12-08","Wolfpack","234810","203438","31372"
"2011-12-09","Wolfpack","290506","260598","29908"
"2011-12-10","Wolfpack","327089","287009","40080"
"2011-12-11","Wolfpack","365732","315429","50303"
"2011-12-12","Wolfpack","345722","296795","48927"
"2011-12-13","Wolfpack","426273","367511","58762"
"2011-12-14","Wolfpack","257387","223836","33551"
"2011-12-15","Wolfpack","259427","231759","27668"
"2011-12-16","Wolfpack","256885","230647","26238"
"2011-12-17","Wolfpack","386857","326555","60302"
"2011-12-18","Wolfpack","394358","331992","62366"
"2011-12-19","Wolfpack","285533","248219","37314"
"2011-12-20","Wolfpack","371129","315450","55679"
"2011-12-21","Wolfpack","297515","251887","45628"
"2011-12-22","Wolfpack","325653","280045","45608"
"2011-12-23","Wolfpack","399490","339884","59606"
"2011-12-24","Wolfpack","357791","313472","44319"
"2011-12-25","Wolfpack","351293","297414","53879"
"2011-12-26","Wolfpack","456402","400207","56195"
"2011-12-27","Wolfpack","209092","168894","40198"
"2011-12-28","Wolfpack","404376","336102","68274"
"2011-12-29","Wolfpack","366950","319185","47765"
"2011-12-30","Wolfpack","357726","317261","40465"
"2011-12-31","Wolfpack","392518","329259","63259"
"2012-01-01","Wolfpack","548818","493111","55707"
"2012-01-02","Wolfpack","577613","496796","80817"
"2012-01-03","Wolfpack","307732","266820","40912"
"2012-01-04","Wolfpack","353426","308949","44477"
"2012-01-05","Wolfpack","644436","570885","73551"
"2012-01-06","Wolfpack","395917","344812","51105"
"2012-01-07","Wolfpack","498689","434093","64596"
"2012-01-08","Wolfpack","389446","333374","56072"
"2012-01-09","Wolfpack","336632","292733","43899"
"2012-01-10","Wolfpack","507211","454893","52318"
"2012-01-11","Wolfpack","480520","397371","83149"
"2012-01-12","Wolfpack","516562","437045","79517"
"2012-01-13","Wolfpack","565443","495734","69709"
"2012-01-14","Wolfpack","587653","498780","88873"
"2012-01-15","Wolfpack","405251","349248","56003"
"2012-01-16","Wolfpack","457605","400527","57078"
"2012-01-17","Wolfpack","420775","367398","53377"
"2012-01-18","Wolfpack","446453","385139","61314"
"2012-01-19","Wolfpack","426692","365721","60971"
"2012-01-20","Wolfpack","302176","262918","39258"
"2012-01-21","Wolfpack","357611","303459","54152"
"2012-01-22","Wolfpack","475792","400382","75410"
"2012-01-23","Wolfpack","629888","547655","82233"
"2012-01-24","Wolfpack","606502","512472","94030"
"2012-01-25","Wolfpack","272083","248604","23479"
"2012-01-26","Wolfpack","363322","291348","71974"
"2012-01-27","Wolfpack","491206","431112","60094"
"2012-01-28","Wolfpack","451557","390642","60915"
"2012-01-29","Wolfpack","391853","352856","38997"
"2012-01-30","Wolfpack","298459","262648","35811"
"2012-01-31","Wolfpack","503336","433480","69856"
"2012-02-01","Wolfpack","400790","334069","66721"
"2012-02-02","Wolfpack","373136","320451","52685"
"2012-02-03","Wolfpack","473233","409406","63827"
"2012-02-04","Wolfpack","369831","317287","52544"
"2012-02-05","Wolfpack","544492","458588","85904"
"2012-02-06","Wolfpack","468177","406114","62063"
"2012-02-07","Wolfpack","468952","410698","58254"
"2012-02-08","Wolfpack","508859","427016","81843"
"2012-02-09","Wolfpack","533157","465546","67611"
"2012-02-10","Wolfpack","455380","398723","56657"
"2012-02-11","Wolfpack","615957","538055","77902"
"2012-02-12","Wolfpack","501075","431106","69969"
"2012-02-13","Wolfpack","468540","410504","58036"
"2012-02-14","Wolfpack","421545","370985","50560"
"2012-02-15","Wolfpack","532698","467104","65594"
"2012-02-16","Wolfpack","593379","509149","84230"
"2012-02-17","Wolfpack","444158","385600","58558"
"2012-02-18","Wolfpack","588246","510408","77838"
"2012-02-19","Wolfpack","573281","482356","90925"
"2012-02-20","Wolfpack","478769","429555","49214"
"2012-02-21","Wolfpack","511974","456531","55443"
"2012-02-22","Wolfpack","439123","389018","50105"
"2012-02-23","Wolfpack","488491","420931","67560"
"2012-02-24","Wolfpack","465252","403633","61619"
"2012-02-25","Wolfpack","519509","453465","66044"
"2012-02-26","Wolfpack","419281","371011","48270"
"2012-02-27","Wolfpack","433134","389025","44109"
"2012-02-28","Wolfpack","541707","467777","73930"
"2012-02-29","Wolfpack","262295","226586","35709"
"2012-03-01","Wolfpack","301372","262834","38538"
"2012-03-02","Wolfpack","581524","504479","77045"
"2012-03-03","Wolfpack","482728","424676","58052"
"2012-03-04","Wolfpack","430061","371321","58740"
"2012-03-05","Wolfpack","358777","307726","51051"
"2012-03-06","Wolfpack","486772","443989","42783"
"2012-03-07","Wolfpack","733260","614568","118692"
"2012-03-08","Wolfpack","546725","459155","87570"
"2012-03-09","Wolfpack","353076","314031","39045"
"2012-03-10","Wolfpack","723372","642996","80376"
"2012-03-11","Wolfpack","458048","402007","56041"
"2012-03-12","Wolfpack","423020","353493","69527"
"2012-03-13","Wolfpack","563541","479384","84157"
"2012-03-14","Wolfpack","576628","472371","104257"
"2012-03-15","Wolfpack","449458","383507","65951"
"2012-03-16","Wolfpack","563402","459621","103781"
"2012-03-17","Wolfpack","534495","468362","66133"
"2012-03-18","Wolfpack","405115","364836","40279"
"2012-03-19","Wolfpack","386672","336746","49926"
"2012-03-20","Wolfpack","546899","486458","60441"
"2012-03-21","Wolfpack","233557","206700","26857"
"2012-03-22","Wolfpack","480549","400379","80170"
"2012-03-23","Wolfpack","656753","583257","73496"
"2012-03-24","Wolfpack","494627","428635","65992"
"2012-03-25","Wolfpack","466983","400831","66152"
"2012-03-26","Wolfpack","538015","467374","70641"
"2012-03-27","Wolfpack","525976","453667","72309"
"2012-03-28","Wolfpack","387791","342971","44820"
"2012-03-29","Wolfpack","576135","499631","76504"
"2012-03-30","Wolfpack","437832","368371","69461"
"2012-03-31","Wolfpack","545855","461314","84541"
"2012-04-01","Wolfpack","505781","434286","71495"
"2012-04-02","Wolfpack","513324","454002","59322"
"2012-04-03","Wolfpack","602770","524559","78211"
"2012-04-04","Wolfpack","517038","454981","62057"
"2012-04-05","Wolfpack","688783","606034","82749"
"2012-04-06","Wolfpack","583403","507651","75752"
"2012-04-07","Wolfpack","630481","508653","121828"
"2012-04-08","Wolfpack","402653","351581","51072"
"2012-04-09","Wolfpack","600464","505699","94765"
"2012-04-10","Wolfpack","595023","524778","70245"
"2012-04-11","Wolfpack","635305","523112","112193"
"2012-04-12","Wolfpack","434111","383223","50888"
"2012-04-13","Wolfpack","470012","405260","64752"
"2012-04-14","Wolfpack","691447","587992","103455"
"2012-04-15","Wolfpack","555525","487456","68069"
"2012-04-16","Wolfpack","594364","521915","72449"
"2012-04-17","Wolfpack","573137","502201","70936"
"2012-04-18","Wolfpack","569305","473724","95581"
"2012-04-19","Wolfpack","419807","376843","42964"
"2012-04-20","Wolfpack","501151","440579","60572"
"2012-04-21","Wolfpack","627332","549412","77920"
"2012-04-22","Wolfpack","546344","487333","59011"
"2012-04-23","Wolfpack","521822","461921","59901"
"2012-04-24","Wolfpack","559945","492973","66972"
"2012-04-25","Wolfpack","484360","423272","61088"
"2012-04-26","Wolfpack","451398","396382","55016"
"2012-04-27","Wolfpack","470401","397879","72522"
"2012-04-28","Wolfpack","410426","337469","72957"
"2012-04-29","Wolfpack","473969","424534","49435"
"2012-04-30","Wolfpack","464149","407353","56796"
"2012-05-01","Wolfpack","519134","459247","59887"
"2012-05-02","Wolfpack","478682","417178","61504"
"2012-05-03","Wolfpack","480001","408685","71316"
"2012-05-04","Wolfpack","643847","563615","80232"
"2012-05-05","Wolfpack","474499","407279","67220"
"2012-05-06","Wolfpack","591609","506162","85447"
"2012-05-07","Wolfpack","478896","428445","50451"
"2012-05-08","Wolfpack","582761","479746","103015"
"2012-05-09","Wolfpack","578797","489182","89615"
"2012-05-10","Wolfpack","486577","421453","65124"
"2012-05-11","Wolfpack","517338","446256","71082"
"2012-05-12","Wolfpack","378112","335623","42489"
"2012-05-13","Wolfpack","531169","453418","77751"
"2012-05-14","Wolfpack","410985","360238","50747"
"2012-05-15","Wolfpack","546234","464107","82127"
"2012-05-16","Wolfpack","485709","424224","61485"
"2012-05-17","Wolfpack","709478","605218","104260"
"2012-05-18","Wolfpack","354696","323316","31380"
"2012-05-19","Wolfpack","493247","436401","56846"
"2012-05-20","Wolfpack","575269","505676","69593"
"2012-05-21","Wolfpack","504868","443951","60917"
"2012-05-22","Wolfpack","614776","534605","80171"
"2012-05-23","Wolfpack","776173","671791","104382"
"2012-05-24","Wolfpack","394164","339612","54552"
"2012-05-25","Wolfpack","484987","435674","49313"
"2012-05-26","Wolfpack","733637","632433","101204"
"2012-05-27","Wolfpack","716833","632135","84698"
"2012-05-28","Wolfpack","314870","274698","40172"
"2012-05-29","Wolfpack","458134","393274","64860"
"2012-05-30","Wolfpack","535457","486870","48587"
"2012-05-31","Wolfpack","414286","361494","52792"
"2012-06-01","Wolfpack","180867","149889","30978"
"2012-06-02","Wolfpack","172983","155140","17843"
"2012-06-03","Wolfpack","226399","191353","35046"
"2012-06-04","Wolfpack","203859","186795","17064"
"2012-06-05","Wolfpack","373586","316998","56588"
"2012-06-06","Wolfpack","230430","199680","30750"
"2012-06-07","Wolfpack","202173","175626","26547"
"2012-06-08","Wolfpack","278743","249442","29301"
"2012-06-09","Wolfpack","300682","263955","36727"
"2012-06-10","Wolfpack","278619","237631","40988"
"2012-06-11","Wolfpack","148556","134855","13701"
"2012-06-12","Wolfpack","317647","260524","57123"
"2012-06-13","Wolfpack","258761","228261","30500"
"2012-06-14","Wolfpack","341789","307328","34461"
"2012-06-15","Wolfpack","227861","203486","24375"
"2012-06-16","Wolfpack","254853","209694","45159"
"2012-06-17","Wolfpack","181911","163627","18284"
"2012-06-18","Wolfpack","252328","223965","28363"
"2012-06-19","Wolfpack","189962","172662","17300"
"2012-06-20","Wolfpack","312606","270572","42034"
"2012-06-21","Wolfpack","235377","200464","34913"
"2012-06-22","Wolfpack","247058","211961","35097"
"2012-06-23","Wolfpack","177582","153936","23646"
"2012-06-24","Wolfpack","381088","333750","47338"
"2012-06-25","Wolfpack","188102","166696","21406"
"2012-06-26","Wolfpack","396231","344469","51762"
"2012-06-27","Wolfpack","212300","184495","27805"
"2012-06-28","Wolfpack","305662","271262","34400"
"2012-06-29","Wolfpack","121756","114541","7215"
"2012-06-30","Wolfpack","188232","167237","20995"
"2012-07-01","Wolfpack","194612","166750","27862"
"2012-07-02","Wolfpack","264245","226114","38131"
"2012-07-03","Wolfpack","320674","268350","52324"
"2012-07-04","Wolfpack","215383","189485","25898"
"2012-07-05","Wolfpack","212133","179940","32193"
"2012-07-06","Wolfpack","271375","237851","33524"
"2012-07-07","Wolfpack","171556","149061","22495"
"2012-07-08","Wolfpack","292919","252052","40867"
"2012-07-09","Wolfpack","264200","211854","52346"
"2012-07-10","Wolfpack","189195","160015","29180"
"2012-07-11","Wolfpack","189796","158814","30982"
"2012-07-12","Wolfpack","309115","257585","51530"
"2012-07-13","Wolfpack","143007","125469","17538"
"2012-07-14","Wolfpack","277960","246044","31916"
"2012-07-15","Wolfpack","242847","223056","19791"
"2012-07-16","Wolfpack","188981","167639","21342"
"2012-07-17","Wolfpack","158332","145485","12847"
"2012-07-18","Wolfpack","173254","150154","23100"
"2012-07-19","Wolfpack","182785","156439","26346"
"2012-07-20","Wolfpack","209550","194354","15196"
"2012-07-21","Wolfpack","268457","238386","30071"
"2012-07-22","Wolfpack","278955","241082","37873"
"2012-07-23","Wolfpack","176502","154298","22204"
"2012-07-24","Wolfpack","248479","220940","27539"
"2012-07-25","Wolfpack","224006","186646","37360"
"2012-07-26","Wolfpack","410543","352737","57806"
"2012-07-27","Wolfpack","266713","225375","41338"
"2012-07-28","Wolfpack","211431","185647","25784"
"2012-07-29","Wolfpack","173912","157395","16517"
"2012-07-30","Wolfpack","252149","217821","34328"
"2012-07-31","Wolfpack","354891","306662","48229"
"2012-08-01","Wolfpack","201660","182381","19279"
"2012-08-02","Wolfpack","185343","155070","30273"
"2012-08-03","Wolfpack","386633","334186","52447"
"2012-08-04","Wolfpack","218204","183954","34250"
"2012-08-05","Wolfpack","345931","299759","46172"
"2012-08-06","Wolfpack","335474","288756","46718"
"2012-08-07","Wolfpack","306826","266415","40411"
"2012-08-08","Wolfpack","286898","242860","44038"
"2012-08-09","Wolfpack","333727","288027","45700"
"2012-08-10","Wolfpack","194782","171849","22933"
"2012-08-11","Wolfpack","163984","147969","16015"
"2012-08-12","Wolfpack","204480","175997","28483"
"2012-08-13","Wolfpack","324086","274757","49329"
"2012-08-14","Wolfpack","200501","172327","28174"
"2012-08-15","Wolfpack","116990","98952","18038"
"2012-08-16","Wolfpack","176496","153102","23394"
"2012-08-17","Wolfpack","223671","193581","30090"
"2012-08-18","Wolfpack","253450","223707","29743"
"2012-08-19","Wolfpack","284044","247457","36587"
"2012-08-20","Wolfpack","368433","317672","50761"
"2012-08-21","Wolfpack","431389","378899","52490"
"2012-08-22","Wolfpack","164364","148979","15385"
"2012-08-23","Wolfpack","222093","201187","20906"
"2012-08-24","Wolfpack","260181","222345","37836"
"2012-08-25","Wolfpack","203374","184736","18638"
"2012-08-26","Wolfpack","231190","201837","29353"
"2012-08-27","Wolfpack","227380","203101","24279"
"2012-08-28","Wolfpack","255678","224505","31173"
"2012-08-29","Wolfpack","256499","229479","27020"
"2012-08-30","Wolfpack","253419","222833","30586"
"2012-08-31","Wolfpack","257189","224073","33116"
"2012-09-01","Wolfpack","239543","199453","40090"
"2012-09-02","Wolfpack","249732","210372","39360"
"2012-09-03","Wolfpack","243247","214739","28508"
"2012-09-04","Wolfpack","256168","222016","34152"
"2012-09-05","Wolfpack","184924","162288","22636"
"2012-09-06","Wolfpack","196933","163310","33623"
"2012-09-07","Wolfpack","171238","148126","23112"
"2012-09-08","Wolfpack","236966","208892","28074"
"2012-09-09","Wolfpack","310216","262457","47759"
"2012-09-10","Wolfpack","190634","165947","24687"
"2012-09-11","Wolfpack","261545","224078","37467"
"2012-09-12","Wolfpack","243569","209412","34157"
"2012-09-13","Wolfpack","229808","204387","25421"
"2012-09-14","Wolfpack","196113","170335","25778"
"2012-09-15","Wolfpack","304159","251948","52211"
"2012-09-16","Wolfpack","246697","218103","28594"
"2012-09-17","Wolfpack","287499","243870","43629"
"2012-09-18","Wolfpack","259088","233583","25505"
"2012-09-19","Wolfpack","317380","277508","39872"
"2012-09-20","Wolfpack","353975","305107","48868"
"2012-09-21","Wolfpack","285924","248520","37404"
"2012-09-22","Wolfpack","313005","251966","61039"
"2012-09-23","Wolfpack","186655","153000","33655"
"2012-09-24","Wolfpack","278500","234522","43978"
"2012-09-25","Wolfpack","311136","255067","56069"
"2012-09-26","Wolfpack","198843","175973","22870"
"2012-09-27","Wolfpack","191372","163256","28116"
"2012-09-28","Wolfpack","355407","306650","48757"
"2012-09-29","Wolfpack","376336","315683","60653"
"2012-09-30","Wolfpack","233589","199292","34297"
"2012-10-01","Wolfpack","248300","224375","23925"
"2012-10-02","Wolfpack","189793","169201","20592"
"2012-10-03","Wolfpack","204075","176423","27652"
"2012-10-04","Wolfpack","261067","227840","33227"
"2012-10-05","Wolfpack","289953","251591","38362"
"2012-10-06","Wolfpack","266102","239312","26790"
"2012-10-07","Wolfpack","206110","185288","20822"
"2012-10-08","Wolfpack","162285","139707","22578"
"2012-10-09","Wolfpack","342093","291355","50738"
"2012-10-10","Wolfpack","296896","253578","43318"
"2012-10-11","Wolfpack","263230","226476","36754"
"2012-10-12","Wolfpack","221170","185850","35320"
"2012-10-13","Wolfpack","482146","410277","71869"
"2012-10-14","Wolfpack","322408","271818","50590"
"2012-10-15","Wolfpack","208543","183673","24870"
"2012-10-16","Wolfpack","360560","307752","52808"
"2012-10-17","Wolfpack","286503","254968","31535"
"2012-10-18","Wolfpack","249106","218912","30194"
"2012-10-19","Wolfpack","335641","294429","41212"
"2012-10-20","Wolfpack","321253","278949","42304"
"2012-10-21","Wolfpack","205062","178678","26384"
"2012-10-22","Wolfpack","333801","289503","44298"
"2012-10-23","Wolfpack","197534","170660","26874"
"2012-10-24","Wolfpack","172864","153408","19456"
"2012-10-25","Wolfpack","302565","277250","25315"
"2012-10-26","Wolfpack","273658","238127","35531"
"2012-10-27","Wolfpack","173155","149926","23229"
"2012-10-28","Wolfpack","319079","287146","31933"
"2012-10-29","Wolfpack","191162","169281","21881"
"2012-10-30","Wolfpack","299269","262459","36810"
"2012-10-31","Wolfpack","289930","256167","33763"
"2012-11-01","Wolfpack","306346","255523","50823"
"2012-11-02","Wolfpack","347091","300005","47086"
"2012-11-03","Wolfpack","304064","262985","41079"
"2012-11-04","Wolfpack","255880","217204","38676"
"2012-11-05","Wolfpack","210363","179491","30872"
"2012-11-06","Wolfpack","212751","179421","33330"
"2012-11-07","Wolfpack","268493","238983","29510"
"2012-11-08","Wolfpack","256472","230746","25726"
"2012-11-09","Wolfpack","181075","158948","22127"
"2012-11-10","Wolfpack","342750","304740","38010"
"2012-11-11","Wolfpack","300093","257502","42591"
"2012-11-12","Wolfpack","319624","262003","57621"
"2012-11-13","Wolfpack","232740","197273","35467"
"2012-11-14","Wolfpack","256540","222539","34001"
"2012-11-15","Wolfpack","374558","312395","62163"
"2012-11-16","Wolfpack","286666","247689","38977"
"2012-11-17","Wolfpack","279947","237773","42174"
"2012-11-18","Wolfpack","204672","176131","28541"
"2012-11-19","Wolfpack","273341","230898","42443"
"2012-11-20","Wolfpack","336493","294306","42187"
"2012-11-21","Wolfpack","354291","302210","52081"
"2012-11-22","Wolfpack","343454","301112","42342"
"2012-11-23","Wolfpack","260279","219324","40955"
"2012-11-24","Wolfpack","380550","322701","57849"
"2012-11-25","Wolfpack","347066","289065","58001"
"2012-11-26","Wolfpack","213112","177518","35594"
"2012-11-27","Wolfpack","394638","336079","58559"
"2012-11-28","Wolfpack","384885","329176","55709"
"2012-11-29","Wolfpack","396468","343910","52558"
"2012-11-30","Wolfpack","231042","205675","25367"
"2012-12-01","Wolfpack","324817","275575","49242"
"2012-12-02","Wolfpack","278533","245088","33445"
"2012-12-03","Wolfpack","307467","265040","42427"
"2012-12-04","Wolfpack","281235","251298","29937"
"2012-12-05","Wolfpack","409874","366981","42893"
"2012-12-06","Wolfpack","260655","236365","24290"
"2012-12-07","Wolfpack","143293","132007","11286"
"2012-12-08","Wolfpack","208532","182941","25591"
"2012-12-09","Wolfpack","182883","158496","24387"
"2012-12-10","Wolfpack","248676","213434","35242"
"2012-12-11","Wolfpack","302885","247298","55587"
"2012-12-12","Wolfpack","146754","128965","17789"
"2012-12-13","Wolfpack","363519","320272","43247"
"2012-12-14","Wolfpack","308464","255738","52726"
"2012-12-15","Wolfpack","237788","213469","24319"
"2012-12-16","Wolfpack","226500","191595","34905"
"2012-12-17","Wolfpack","251716","222888","28828"
"2012-12-18","Wolfpack","261320","225790","35530"
"2012-12-19","Wolfpack","214803","177358","37445"
"2012-12-20","Wolfpack","232811","193024","39787"
"2012-12-21","Wolfpack","229519","200048","29471"
"2012-12-22","Wolfpack","328844","291128","37716"
"2012-12-23","Wolfpack","233301","205277","28024"
"2012-12-24","Wolfpack","251490","217694","33796"
"2012-12-25","Wolfpack","221509","198400","23109"
"2012-12-26","Wolfpack","261548","222263","39285"
"2012-12-27","Wolfpack","293964","261718","32246"
"2012-12-28","Wolfpack","257051","226702","30349"
"2012-12-29","Wolfpack","295367","250216","45151"
"2012-12-30","Wolfpack","412619","347610","65009"
"2012-12-31","Wolfpack","381140","323115","58025"
"2013-01-01","Wolfpack","249361","218367","30994"
"2013-01-02","Wolfpack","735563","653806","81757"
"2013-01-03","Wolfpack","798932","709183","89749"
"2013-01-04","Wolfpack","490959","428616","62343"
"2013-01-05","Wolfpack","817535","698468","119067"
"2013-01-06","Wolfpack","865661","759747","105914"
"2013-01-07","Wolfpack","815502","701045","114457"
"2013-01-08","Wolfpack","803099","696019","107080"
"2013-01-09","Wolfpack","792582","692373","100209"
"2013-01-10","Wolfpack","759663","663980","95683"
"2013-01-11","Wolfpack","525417","454437","70980"
"2013-01-12","Wolfpack","530141","458756","71385"
"2013-01-13","Wolfpack","732150","652427","79723"
"2013-01-14","Wolfpack","619784","543078","76706"
"2013-01-15","Wolfpack","747284","645867","101417"
"2013-01-16","Wolfpack","745624","644219","101405"
"2013-01-17","Wolfpack","660246","568310","91936"
"2013-01-18","Wolfpack","726027","623494","102533"
"2013-01-19","Wolfpack","702151","590811","111340"
"2013-01-20","Wolfpack","805746","711644","94102"
"2013-01-21","Wolfpack","736460","621689","114771"
"2013-01-22","Wolfpack","780748","677348","103400"
"2013-01-23","Wolfpack","746676","627760","118916"
"2013-01-24","Wolfpack","803801","697061","106740"
"2013-01-25","Wolfpack","649009","565307","83702"
"2013-01-26","Wolfpack","791133","682864","108269"
"2013-01-27","Wolfpack","730084","623570","106514"
"2013-01-28","Wolfpack","787820","695628","92192"
"2013-01-29","Wolfpack","711401","630055","81346"
"2013-01-30","Wolfpack","789746","689690","100056"
"2013-01-31","Wolfpack","824643","715988","108655"
"2013-02-01","Wolfpack","995962","867679","128283"
"2013-02-02","Wolfpack","868408","751627","116781"
"2013-02-03","Wolfpack","913258","790313","122945"
"2013-02-04","Wolfpack","927995","808437","119558"
"2013-02-05","Wolfpack","897407","784318","113089"
"2013-02-06","Wolfpack","718404","626283","92121"
"2013-02-07","Wolfpack","837374","720950","116424"
"2013-02-08","Wolfpack","982782","859969","122813"
"2013-02-09","Wolfpack","953100","820813","132287"
"2013-02-10","Wolfpack","806929","688715","118214"
"2013-02-11","Wolfpack","966851","836361","130490"
"2013-02-12","Wolfpack","1150503","993354","157149"
"2013-02-13","Wolfpack","858573","748297","110276"
"2013-02-14","Wolfpack","965631","830334","135297"
"2013-02-15","Wolfpack","842997","738336","104661"
"2013-02-16","Wolfpack","811583","687773","123810"
"2013-02-17","Wolfpack","873864","743330","130534"
"2013-02-18","Wolfpack","887012","773812","113200"
"2013-02-19","Wolfpack","860246","761458","98788"
"2013-02-20","Wolfpack","650176","553864","96312"
"2013-02-21","Wolfpack","596850","528180","68670"
"2013-02-22","Wolfpack","749048","652017","97031"
"2013-02-23","Wolfpack","886145","770182","115963"
"2013-02-24","Wolfpack","753342","652103","101239"
"2013-02-25","Wolfpack","790205","688619","101586"
"2013-02-26","Wolfpack","703954","613484","90470"
"2013-02-27","Wolfpack","876705","766430","110275"
"2013-02-28","Wolfpack","1078549","910395","168154"
"2013-03-01","Wolfpack","267306","235674","31632"
"2013-03-02","Wolfpack","412416","356646","55770"
"2013-03-03","Wolfpack","865651","758923","106728"
"2013-03-04","Wolfpack","923077","808123","114954"
"2013-03-05","Wolfpack","830118","710962","119156"
"2013-03-06","Wolfpack","998188","870517","127671"
"2013-03-07","Wolfpack","1114351","942217","172134"
"2013-03-08","Wolfpack","758735","661760","96975"
"2013-03-09","Wolfpack","735231","648298","86933"
"2013-03-10","Wolfpack","968938","853936","115002"
"2013-03-11","Wolfpack","911297","782136","129161"
"2013-03-12","Wolfpack","1002234","854194","148040"
"2013-03-13","Wolfpack","938034","833288","104746"
"2013-03-14","Wolfpack","671120","591123","79997"
"2013-03-15","Wolfpack","910426","774734","135692"
"2013-03-16","Wolfpack","727835","631352","96483"
"2013-03-17","Wolfpack","1021948","874324","147624"
"2013-03-18","Wolfpack","674396","599277","75119"
"2013-03-19","Wolfpack","886463","753709","132754"
"2013-03-20","Wolfpack","905966","785535","120431"
"2013-03-21","Wolfpack","1047685","922880","124805"
"2013-03-22","Wolfpack","850359","751057","99302"
"2013-03-23","Wolfpack","672475","581408","91067"
"2013-03-24","Wolfpack","753912","659822","94090"
"2013-03-25","Wolfpack","959773","818028","141745"
"2013-03-26","Wolfpack","751404","668996","82408"
"2013-03-27","Wolfpack","809741","681609","128132"
"2013-03-28","Wolfpack","773741","662238","111503"
"2013-03-29","Wolfpack","810338","716688","93650"
"2013-03-30","Wolfpack","912633","787291","125342"
"2013-03-31","Wolfpack","991770","872241","119529"
"2013-04-01","Wolfpack","1028592","875168","153424"
"2013-04-02","Wolfpack","920192","797476","122716"
"2013-04-03","Wolfpack","1021802","899908","121894"
"2013-04-04","Wolfpack","756989","647583","109406"
"2013-04-05","Wolfpack","944699","823423","121276"
"2013-04-06","Wolfpack","806081","687930","118151"
"2013-04-07","Wolfpack","893966","778354","115612"
"2013-04-08","Wolfpack","1005214","876504","128710"
"2013-04-09","Wolfpack","666053","552098","113955"
"2013-04-10","Wolfpack","1011137","881613","129524"
"2013-04-11","Wolfpack","869925","754032","115893"
"2013-04-12","Wolfpack","947879","816848","131031"
"2013-04-13","Wolfpack","947411","829458","117953"
"2013-04-14","Wolfpack","1067833","920083","147750"
"2013-04-15","Wolfpack","1052544","899581","152963"
"2013-04-16","Wolfpack","920726","799677","121049"
"2013-04-17","Wolfpack","950559","840581","109978"
"2013-04-18","Wolfpack","852992","738959","114033"
"2013-04-19","Wolfpack","875613","771195","104418"
"2013-04-20","Wolfpack","958010","833091","124919"
"2013-04-21","Wolfpack","971838","845231","126607"
"2013-04-22","Wolfpack","1027887","892684","135203"
"2013-04-23","Wolfpack","792916","674335","118581"
"2013-04-24","Wolfpack","883634","768770","114864"
"2013-04-25","Wolfpack","1084219","938706","145513"
"2013-04-26","Wolfpack","1113597","968496","145101"
"2013-04-27","Wolfpack","793962","694408","99554"
"2013-04-28","Wolfpack","807513","707876","99637"
"2013-04-29","Wolfpack","1017288","889661","127627"
"2013-04-30","Wolfpack","834911","711668","123243"
"2013-05-01","Wolfpack","257257","228876","28381"
"2013-05-02","Wolfpack","831655","706052","125603"
"2013-05-03","Wolfpack","778696","668808","109888"
"2013-05-04","Wolfpack","689457","601252","88205"
"2013-05-05","Wolfpack","615549","542756","72793"
"2013-05-06","Wolfpack","746880","632289","114591"
"2013-05-07","Wolfpack","709659","619213","90446"
"2013-05-08","Wolfpack","904093","781479","122614"
"2013-05-09","Wolfpack","663482","589871","73611"
"2013-05-10","Wolfpack","759411","650695","108716"
"2013-05-11","Wolfpack","693741","583361","110380"
"2013-05-12","Wolfpack","861451","744429","117022"
"2013-05-13","Wolfpack","634268","549797","84471"
"2013-05-14","Wolfpack","847653","730618","117035"
"2013-05-15","Wolfpack","920605","775339","145266"
"2013-05-16","Wolfpack","610473","516192","94281"
"2013-05-17","Wolfpack","769921","682981","86940"
"2013-05-18","Wolfpack","594471","517139","77332"
"2013-05-19","Wolfpack","1028226","864609","163617"
"2013-05-20","Wolfpack","765661","652718","112943"
"2013-05-21","Wolfpack","923413","782393","141020"
"2013-05-22","Wolfpack","947749","807902","139847"
"2013-05-23","Wolfpack","886675","773849","112826"
"2013-05-24","Wolfpack","809637","718012","91625"
"2013-05-25","Wolfpack","863936","743849","120087"
"2013-05-26","Wolfpack","783414","679051","104363"
"2013-05-27","Wolfpack","1080986","914069","166917"
"2013-05-28","Wolfpack","805661","697426","108235"
"2013-05-29","Wolfpack","851037","740508","110529"
"2013-05-30","Wolfpack","847780","714233","133547"
"2013-05-31","Wolfpack","609268","532921","76347"
"2008-06-01","XYZ","36913","34766","2147"
"2008-06-02","XYZ","78944","70356","8588"
"2008-06-03","XYZ","49287","44311","4976"
"2008-06-04","XYZ","53270","47337","5933"
"2008-06-05","XYZ","43369","37052","6317"
"2008-06-06","XYZ","24134","19982","4152"
"2008-06-07","XYZ","40661","33677","6984"
"2008-06-08","XYZ","79496","73755","5741"
"2008-06-09","XYZ","27357","18676","8681"
"2008-06-10","XYZ","21233","16616","4617"
"2008-06-11","XYZ","81021","75854","5167"
"2008-06-12","XYZ","68029","60063","7966"
"2008-06-13","XYZ","84948","78858","6090"
"2008-06-14","XYZ","36922","34083","2839"
"2008-06-15","XYZ","78280","66762","11518"
"2008-06-16","XYZ","56277","45706","10571"
"2008-06-17","XYZ","50392","40607","9785"
"2008-06-18","XYZ","55436","48719","6717"
"2008-06-19","XYZ","79953","66382","13571"
"2008-06-20","XYZ","64583","57828","6755"
"2008-06-21","XYZ","82785","72637","10148"
"2008-06-22","XYZ","32462","30405","2057"
"2008-06-23","XYZ","72560","62366","10194"
"2008-06-24","XYZ","76246","67269","8977"
"2008-06-25","XYZ","72491","68089","4402"
"2008-06-26","XYZ","97231","81638","15593"
"2008-06-27","XYZ","77159","69293","7866"
"2008-06-28","XYZ","55562","45675","9887"
"2008-06-29","XYZ","37014","30407","6607"
"2008-06-30","XYZ","57030","52754","4276"
"2008-07-01","XYZ","40371","37686","2685"
"2008-07-02","XYZ","73050","69620","3430"
"2008-07-03","XYZ","98887","89917","8970"
"2008-07-04","XYZ","47341","43352","3989"
"2008-07-05","XYZ","76598","63982","12616"
"2008-07-06","XYZ","77728","66158","11570"
"2008-07-07","XYZ","69084","60569","8515"
"2008-07-08","XYZ","82779","73625","9154"
"2008-07-09","XYZ","76230","68366","7864"
"2008-07-10","XYZ","67927","61760","6167"
"2008-07-11","XYZ","35467","28289","7178"
"2008-07-12","XYZ","91434","77909","13525"
"2008-07-13","XYZ","36053","31089","4964"
"2008-07-14","XYZ","29214","21509","7705"
"2008-07-15","XYZ","58099","49479","8620"
"2008-07-16","XYZ","57919","48325","9594"
"2008-07-17","XYZ","38913","30736","8177"
"2008-07-18","XYZ","31752","27990","3762"
"2008-07-19","XYZ","20716","15841","4875"
"2008-07-20","XYZ","72531","69829","2702"
"2008-07-21","XYZ","51408","37437","13971"
"2008-07-22","XYZ","75608","67618","7990"
"2008-07-23","XYZ","70625","63910","6715"
"2008-07-24","XYZ","91482","80463","11019"
"2008-07-25","XYZ","65530","57064","8466"
"2008-07-26","XYZ","39509","36852","2657"
"2008-07-27","XYZ","64258","58909","5349"
"2008-07-28","XYZ","19544","17450","2094"
"2008-07-29","XYZ","31654","28747","2907"
"2008-07-30","XYZ","38481","35141","3340"
"2008-07-31","XYZ","62904","46818","16086"
"2008-08-01","XYZ","29294","26265","3029"
"2008-08-02","XYZ","21681","17706","3975"
"2008-08-03","XYZ","87688","79099","8589"
"2008-08-04","XYZ","84277","74998","9279"
"2008-08-05","XYZ","35295","32591","2704"
"2008-08-06","XYZ","59207","52702","6505"
"2008-08-07","XYZ","88110","84061","4049"
"2008-08-08","XYZ","75589","62221","13368"
"2008-08-09","XYZ","44257","34989","9268"
"2008-08-10","XYZ","32582","27630","4952"
"2008-08-11","XYZ","35698","30360","5338"
"2008-08-12","XYZ","59681","51461","8220"
"2008-08-13","XYZ","58854","54411","4443"
"2008-08-14","XYZ","46807","39333","7474"
"2008-08-15","XYZ","69775","62592","7183"
"2008-08-16","XYZ","39570","35388","4182"
"2008-08-17","XYZ","52873","47580","5293"
"2008-08-18","XYZ","66686","56671","10015"
"2008-08-19","XYZ","59941","53342","6599"
"2008-08-20","XYZ","27383","23959","3424"
"2008-08-21","XYZ","33670","29783","3887"
"2008-08-22","XYZ","76890","64380","12510"
"2008-08-23","XYZ","71955","54908","17047"
"2008-08-24","XYZ","46490","40781","5709"
"2008-08-25","XYZ","41814","37078","4736"
"2008-08-26","XYZ","61867","52457","9410"
"2008-08-27","XYZ","87788","74454","13334"
"2008-08-28","XYZ","55097","44256","10841"
"2008-08-29","XYZ","19203","13822","5381"
"2008-08-30","XYZ","94688","82991","11697"
"2008-08-31","XYZ","78115","68876","9239"
"2008-09-01","XYZ","71171","66447","4724"
"2008-09-02","XYZ","55760","50793","4967"
"2008-09-03","XYZ","61794","56047","5747"
"2008-09-04","XYZ","64420","55683","8737"
"2008-09-05","XYZ","42241","37975","4266"
"2008-09-06","XYZ","52778","48195","4583"
"2008-09-07","XYZ","47170","42942","4228"
"2008-09-08","XYZ","47268","39644","7624"
"2008-09-09","XYZ","39534","37576","1958"
"2008-09-10","XYZ","81747","72266","9481"
"2008-09-11","XYZ","48550","42336","6214"
"2008-09-12","XYZ","102924","92881","10043"
"2008-09-13","XYZ","93666","82639","11027"
"2008-09-14","XYZ","29254","25788","3466"
"2008-09-15","XYZ","15044","12987","2057"
"2008-09-16","XYZ","52749","44819","7930"
"2008-09-17","XYZ","66102","59181","6921"
"2008-09-18","XYZ","73518","66542","6976"
"2008-09-19","XYZ","31249","27907","3342"
"2008-09-20","XYZ","65415","58714","6701"
"2008-09-21","XYZ","55607","49231","6376"
"2008-09-22","XYZ","61290","57842","3448"
"2008-09-23","XYZ","30942","27391","3551"
"2008-09-24","XYZ","65000","53604","11396"
"2008-09-25","XYZ","115324","103904","11420"
"2008-09-26","XYZ","29353","26188","3165"
"2008-09-27","XYZ","27154","25867","1287"
"2008-09-28","XYZ","77948","66896","11052"
"2008-09-29","XYZ","55717","48766","6951"
"2008-09-30","XYZ","103712","91036","12676"
"2008-10-01","XYZ","37989","31873","6116"
"2008-10-02","XYZ","22552","18378","4174"
"2008-10-03","XYZ","29042","22744","6298"
"2008-10-04","XYZ","35809","29684","6125"
"2008-10-05","XYZ","24840","21808","3032"
"2008-10-06","XYZ","40978","36196","4782"
"2008-10-07","XYZ","36888","30439","6449"
"2008-10-08","XYZ","41946","35235","6711"
"2008-10-09","XYZ","37781","31105","6676"
"2008-10-10","XYZ","13706","12543","1163"
"2008-10-11","XYZ","66020","53261","12759"
"2008-10-12","XYZ","32850","25481","7369"
"2008-10-13","XYZ","48062","43622","4440"
"2008-10-14","XYZ","55752","48536","7216"
"2008-10-15","XYZ","44422","39439","4983"
"2008-10-16","XYZ","7106","6317","789"
"2008-10-17","XYZ","95787","83488","12299"
"2008-10-18","XYZ","75747","64289","11458"
"2008-10-19","XYZ","69850","60815","9035"
"2008-10-20","XYZ","75837","66720","9117"
"2008-10-21","XYZ","48776","40198","8578"
"2008-10-22","XYZ","74368","69059","5309"
"2008-10-23","XYZ","69874","61609","8265"
"2008-10-24","XYZ","71727","60407","11320"
"2008-10-25","XYZ","54774","42498","12276"
"2008-10-26","XYZ","72748","65497","7251"
"2008-10-27","XYZ","49157","38719","10438"
"2008-10-28","XYZ","19213","15300","3913"
"2008-10-29","XYZ","63026","50600","12426"
"2008-10-30","XYZ","49366","43890","5476"
"2008-10-31","XYZ","25594","21139","4455"
"2008-11-01","XYZ","68955","55814","13141"
"2008-11-02","XYZ","23191","18873","4318"
"2008-11-03","XYZ","44887","42898","1989"
"2008-11-04","XYZ","36340","31658","4682"
"2008-11-05","XYZ","41688","31931","9757"
"2008-11-06","XYZ","46315","40658","5657"
"2008-11-07","XYZ","73074","63556","9518"
"2008-11-08","XYZ","61856","55106","6750"
"2008-11-09","XYZ","42191","36223","5968"
"2008-11-10","XYZ","39661","35727","3934"
"2008-11-11","XYZ","98593","87948","10645"
"2008-11-12","XYZ","15493","13351","2142"
"2008-11-13","XYZ","63539","55958","7581"
"2008-11-14","XYZ","49010","43438","5572"
"2008-11-15","XYZ","61466","52330","9136"
"2008-11-16","XYZ","90017","79226","10791"
"2008-11-17","XYZ","90575","82541","8034"
"2008-11-18","XYZ","86365","76959","9406"
"2008-11-19","XYZ","36953","35376","1577"
"2008-11-20","XYZ","45389","35638","9751"
"2008-11-21","XYZ","91818","85620","6198"
"2008-11-22","XYZ","57791","50839","6952"
"2008-11-23","XYZ","61501","52571","8930"
"2008-11-24","XYZ","48151","41628","6523"
"2008-11-25","XYZ","89759","83928","5831"
"2008-11-26","XYZ","49580","41842","7738"
"2008-11-27","XYZ","29631","22289","7342"
"2008-11-28","XYZ","78041","67863","10178"
"2008-11-29","XYZ","38680","33382","5298"
"2008-11-30","XYZ","33690","29367","4323"
"2008-12-01","XYZ","32962","27698","5264"
"2008-12-02","XYZ","48312","42798","5514"
"2008-12-03","XYZ","41890","37604","4286"
"2008-12-04","XYZ","96896","84595","12301"
"2008-12-05","XYZ","69170","60674","8496"
"2008-12-06","XYZ","64136","57024","7112"
"2008-12-07","XYZ","57359","48897","8462"
"2008-12-08","XYZ","31851","29256","2595"
"2008-12-09","XYZ","77863","67039","10824"
"2008-12-10","XYZ","65151","55291","9860"
"2008-12-11","XYZ","69181","62018","7163"
"2008-12-12","XYZ","52211","45091","7120"
"2008-12-13","XYZ","48372","43147","5225"
"2008-12-14","XYZ","15812","12454","3358"
"2008-12-15","XYZ","28422","25888","2534"
"2008-12-16","XYZ","101947","93366","8581"
"2008-12-17","XYZ","21018","18057","2961"
"2008-12-18","XYZ","51240","47581","3659"
"2008-12-19","XYZ","17990","14950","3040"
"2008-12-20","XYZ","68587","63578","5009"
"2008-12-21","XYZ","64148","57843","6305"
"2008-12-22","XYZ","96124","83428","12696"
"2008-12-23","XYZ","19366","17931","1435"
"2008-12-24","XYZ","60394","47153","13241"
"2008-12-25","XYZ","6675","4181","2494"
"2008-12-26","XYZ","99668","83546","16122"
"2008-12-27","XYZ","61731","57653","4078"
"2008-12-28","XYZ","90596","82399","8197"
"2008-12-29","XYZ","93376","86632","6744"
"2008-12-30","XYZ","36730","31600","5130"
"2008-12-31","XYZ","25212","22622","2590"
"2009-01-01","XYZ","131621","118252","13369"
"2009-01-02","XYZ","79943","60295","19648"
"2009-01-03","XYZ","91673","79744","11929"
"2009-01-04","XYZ","120740","108105","12635"
"2009-01-05","XYZ","103180","90818","12362"
"2009-01-06","XYZ","145963","128965","16998"
"2009-01-07","XYZ","102692","95983","6709"
"2009-01-08","XYZ","73409","62486","10923"
"2009-01-09","XYZ","138054","127485","10569"
"2009-01-10","XYZ","86854","72246","14608"
"2009-01-11","XYZ","128011","100823","27188"
"2009-01-12","XYZ","136337","121325","15012"
"2009-01-13","XYZ","70312","61790","8522"
"2009-01-14","XYZ","87621","74198","13423"
"2009-01-15","XYZ","88419","74928","13491"
"2009-01-16","XYZ","120124","95949","24175"
"2009-01-17","XYZ","100238","93649","6589"
"2009-01-18","XYZ","91502","79169","12333"
"2009-01-19","XYZ","104371","86458","17913"
"2009-01-20","XYZ","57397","52672","4725"
"2009-01-21","XYZ","109231","95433","13798"
"2009-01-22","XYZ","127327","113512","13815"
"2009-01-23","XYZ","64495","55516","8979"
"2009-01-24","XYZ","124335","107313","17022"
"2009-01-25","XYZ","122207","107018","15189"
"2009-01-26","XYZ","111119","100794","10325"
"2009-01-27","XYZ","79742","69179","10563"
"2009-01-28","XYZ","130143","117773","12370"
"2009-01-29","XYZ","124024","103721","20303"
"2009-01-30","XYZ","96571","87677","8894"
"2009-01-31","XYZ","169662","147158","22504"
"2009-02-01","XYZ","159223","145682","13541"
"2009-02-02","XYZ","144679","122497","22182"
"2009-02-03","XYZ","141026","126153","14873"
"2009-02-04","XYZ","161241","146984","14257"
"2009-02-05","XYZ","179714","161954","17760"
"2009-02-06","XYZ","106677","91480","15197"
"2009-02-07","XYZ","50543","42369","8174"
"2009-02-08","XYZ","146143","120988","25155"
"2009-02-09","XYZ","113121","103280","9841"
"2009-02-10","XYZ","52667","45609","7058"
"2009-02-11","XYZ","47430","44523","2907"
"2009-02-12","XYZ","98241","84098","14143"
"2009-02-13","XYZ","74818","65471","9347"
"2009-02-14","XYZ","113647","104504","9143"
"2009-02-15","XYZ","160998","141276","19722"
"2009-02-16","XYZ","67561","59554","8007"
"2009-02-17","XYZ","73563","59389","14174"
"2009-02-18","XYZ","80922","64654","16268"
"2009-02-19","XYZ","78675","69737","8938"
"2009-02-20","XYZ","59028","53726","5302"
"2009-02-21","XYZ","179779","161858","17921"
"2009-02-22","XYZ","124173","104045","20128"
"2009-02-23","XYZ","129315","117749","11566"
"2009-02-24","XYZ","68253","58138","10115"
"2009-02-25","XYZ","103862","92599","11263"
"2009-02-26","XYZ","151393","133667","17726"
"2009-02-27","XYZ","142706","122385","20321"
"2009-02-28","XYZ","103294","96972","6322"
"2009-03-01","XYZ","90796","72738","18058"
"2009-03-02","XYZ","77800","63615","14185"
"2009-03-03","XYZ","105229","88009","17220"
"2009-03-04","XYZ","65914","57202","8712"
"2009-03-05","XYZ","102402","89269","13133"
"2009-03-06","XYZ","37987","31640","6347"
"2009-03-07","XYZ","73716","64858","8858"
"2009-03-08","XYZ","188947","166174","22773"
"2009-03-09","XYZ","83599","69250","14349"
"2009-03-10","XYZ","109430","97214","12216"
"2009-03-11","XYZ","107531","94717","12814"
"2009-03-12","XYZ","100197","92812","7385"
"2009-03-13","XYZ","69662","59701","9961"
"2009-03-14","XYZ","131666","119713","11953"
"2009-03-15","XYZ","115472","99780","15692"
"2009-03-16","XYZ","79540","69254","10286"
"2009-03-17","XYZ","44594","36163","8431"
"2009-03-18","XYZ","140470","126014","14456"
"2009-03-19","XYZ","91753","78974","12779"
"2009-03-20","XYZ","54803","43412","11391"
"2009-03-21","XYZ","105834","96264","9570"
"2009-03-22","XYZ","108193","92498","15695"
"2009-03-23","XYZ","89906","76665","13241"
"2009-03-24","XYZ","121186","103981","17205"
"2009-03-25","XYZ","95363","80398","14965"
"2009-03-26","XYZ","109898","95513","14385"
"2009-03-27","XYZ","74550","65059","9491"
"2009-03-28","XYZ","85400","74240","11160"
"2009-03-29","XYZ","122123","108798","13325"
"2009-03-30","XYZ","94834","84349","10485"
"2009-03-31","XYZ","54322","42014","12308"
"2009-04-01","XYZ","172211","153074","19137"
"2009-04-02","XYZ","85591","71248","14343"
"2009-04-03","XYZ","168279","148926","19353"
"2009-04-04","XYZ","184257","164930","19327"
"2009-04-05","XYZ","122454","109527","12927"
"2009-04-06","XYZ","144201","128306","15895"
"2009-04-07","XYZ","140257","124863","15394"
"2009-04-08","XYZ","150734","136454","14280"
"2009-04-09","XYZ","111577","100381","11196"
"2009-04-10","XYZ","58557","50905","7652"
"2009-04-11","XYZ","172364","150047","22317"
"2009-04-12","XYZ","78384","71545","6839"
"2009-04-13","XYZ","123669","112751","10918"
"2009-04-14","XYZ","172626","160903","11723"
"2009-04-15","XYZ","90194","79883","10311"
"2009-04-16","XYZ","89169","78172","10997"
"2009-04-17","XYZ","146104","130787","15317"
"2009-04-18","XYZ","117138","101337","15801"
"2009-04-19","XYZ","123906","107303","16603"
"2009-04-20","XYZ","136978","117233","19745"
"2009-04-21","XYZ","54096","44616","9480"
"2009-04-22","XYZ","120329","105829","14500"
"2009-04-23","XYZ","164165","151215","12950"
"2009-04-24","XYZ","154410","138639","15771"
"2009-04-25","XYZ","118614","102949","15665"
"2009-04-26","XYZ","50984","41548","9436"
"2009-04-27","XYZ","128601","108753","19848"
"2009-04-28","XYZ","57497","49696","7801"
"2009-04-29","XYZ","91612","75702","15910"
"2009-04-30","XYZ","128537","107434","21103"
"2009-05-01","XYZ","76649","69162","7487"
"2009-05-02","XYZ","79753","68735","11018"
"2009-05-03","XYZ","144453","120855","23598"
"2009-05-04","XYZ","90226","75809","14417"
"2009-05-05","XYZ","138337","121813","16524"
"2009-05-06","XYZ","117388","105367","12021"
"2009-05-07","XYZ","81804","72807","8997"
"2009-05-08","XYZ","76632","65732","10900"
"2009-05-09","XYZ","81690","69856","11834"
"2009-05-10","XYZ","124025","107105","16920"
"2009-05-11","XYZ","67130","55416","11714"
"2009-05-12","XYZ","120614","108143","12471"
"2009-05-13","XYZ","63773","52905","10868"
"2009-05-14","XYZ","64044","55833","8211"
"2009-05-15","XYZ","80924","72122","8802"
"2009-05-16","XYZ","142173","124631","17542"
"2009-05-17","XYZ","84154","72303","11851"
"2009-05-18","XYZ","137636","124891","12745"
"2009-05-19","XYZ","64878","57061","7817"
"2009-05-20","XYZ","101035","85317","15718"
"2009-05-21","XYZ","81580","73394","8186"
"2009-05-22","XYZ","98832","81745","17087"
"2009-05-23","XYZ","105640","93866","11774"
"2009-05-24","XYZ","118779","101028","17751"
"2009-05-25","XYZ","147246","132282","14964"
"2009-05-26","XYZ","132245","114872","17373"
"2009-05-27","XYZ","48182","39467","8715"
"2009-05-28","XYZ","108013","95353","12660"
"2009-05-29","XYZ","107184","95661","11523"
"2009-05-30","XYZ","90426","74926","15500"
"2009-05-31","XYZ","74025","61245","12780"
"2009-06-01","XYZ","137714","121158","16556"
"2009-06-02","XYZ","110456","91770","18686"
"2009-06-03","XYZ","103479","88785","14694"
"2009-06-04","XYZ","143238","130608","12630"
"2009-06-05","XYZ","130561","112523","18038"
"2009-06-06","XYZ","118084","101662","16422"
"2009-06-07","XYZ","63820","54465","9355"
"2009-06-08","XYZ","141404","115793","25611"
"2009-06-09","XYZ","198802","177047","21755"
"2009-06-10","XYZ","112820","94299","18521"
"2009-06-11","XYZ","169874","150367","19507"
"2009-06-12","XYZ","141268","122305","18963"
"2009-06-13","XYZ","158674","137144","21530"
"2009-06-14","XYZ","120906","103590","17316"
"2009-06-15","XYZ","161298","140184","21114"
"2009-06-16","XYZ","126350","108027","18323"
"2009-06-17","XYZ","151634","136570","15064"
"2009-06-18","XYZ","265965","230154","35811"
"2009-06-19","XYZ","166924","146769","20155"
"2009-06-20","XYZ","213045","186983","26062"
"2009-06-21","XYZ","116847","100826","16021"
"2009-06-22","XYZ","214843","198635","16208"
"2009-06-23","XYZ","212078","192577","19501"
"2009-06-24","XYZ","168957","146144","22813"
"2009-06-25","XYZ","114175","100377","13798"
"2009-06-26","XYZ","154362","133779","20583"
"2009-06-27","XYZ","131752","118087","13665"
"2009-06-28","XYZ","157498","137731","19767"
"2009-06-29","XYZ","268425","242807","25618"
"2009-06-30","XYZ","73318","63682","9636"
"2009-07-01","XYZ","135792","118144","17648"
"2009-07-02","XYZ","77978","72074","5904"
"2009-07-03","XYZ","88569","77100","11469"
"2009-07-04","XYZ","51385","40528","10857"
"2009-07-05","XYZ","109846","97233","12613"
"2009-07-06","XYZ","132744","117275","15469"
"2009-07-07","XYZ","87129","73505","13624"
"2009-07-08","XYZ","105478","98025","7453"
"2009-07-09","XYZ","139452","120880","18572"
"2009-07-10","XYZ","137366","119371","17995"
"2009-07-11","XYZ","115311","102464","12847"
"2009-07-12","XYZ","211188","184443","26745"
"2009-07-13","XYZ","219006","189270","29736"
"2009-07-14","XYZ","100422","86138","14284"
"2009-07-15","XYZ","134964","119845","15119"
"2009-07-16","XYZ","145907","130872","15035"
"2009-07-17","XYZ","141025","124555","16470"
"2009-07-18","XYZ","156392","139747","16645"
"2009-07-19","XYZ","100568","87227","13341"
"2009-07-20","XYZ","207386","185384","22002"
"2009-07-21","XYZ","178269","159217","19052"
"2009-07-22","XYZ","165280","146664","18616"
"2009-07-23","XYZ","95200","81096","14104"
"2009-07-24","XYZ","154998","130901","24097"
"2009-07-25","XYZ","122157","104238","17919"
"2009-07-26","XYZ","194580","170232","24348"
"2009-07-27","XYZ","140958","122716","18242"
"2009-07-28","XYZ","57520","49411","8109"
"2009-07-29","XYZ","151954","135889","16065"
"2009-07-30","XYZ","83266","70117","13149"
"2009-07-31","XYZ","106586","97377","9209"
"2009-08-01","XYZ","142882","126420","16462"
"2009-08-02","XYZ","132057","119913","12144"
"2009-08-03","XYZ","165053","138892","26161"
"2009-08-04","XYZ","99977","87119","12858"
"2009-08-05","XYZ","170022","157212","12810"
"2009-08-06","XYZ","118084","92543","25541"
"2009-08-07","XYZ","160272","135361","24911"
"2009-08-08","XYZ","142483","123792","18691"
"2009-08-09","XYZ","172482","154070","18412"
"2009-08-10","XYZ","106235","90763","15472"
"2009-08-11","XYZ","86151","75866","10285"
"2009-08-12","XYZ","126717","107744","18973"
"2009-08-13","XYZ","123594","106636","16958"
"2009-08-14","XYZ","70807","53408","17399"
"2009-08-15","XYZ","225778","201919","23859"
"2009-08-16","XYZ","95839","79733","16106"
"2009-08-17","XYZ","102397","91734","10663"
"2009-08-18","XYZ","140374","126137","14237"
"2009-08-19","XYZ","80026","65934","14092"
"2009-08-20","XYZ","137793","125472","12321"
"2009-08-21","XYZ","165289","143609","21680"
"2009-08-22","XYZ","63944","54895","9049"
"2009-08-23","XYZ","149941","130776","19165"
"2009-08-24","XYZ","166512","146496","20016"
"2009-08-25","XYZ","138344","125100","13244"
"2009-08-26","XYZ","86385","75439","10946"
"2009-08-27","XYZ","109465","87175","22290"
"2009-08-28","XYZ","166307","150519","15788"
"2009-08-29","XYZ","140146","125454","14692"
"2009-08-30","XYZ","169059","142611","26448"
"2009-08-31","XYZ","133833","117393","16440"
"2009-09-01","XYZ","124061","111006","13055"
"2009-09-02","XYZ","195627","167222","28405"
"2009-09-03","XYZ","220170","198682","21488"
"2009-09-04","XYZ","150582","137599","12983"
"2009-09-05","XYZ","137782","121505","16277"
"2009-09-06","XYZ","152736","132147","20589"
"2009-09-07","XYZ","134716","114668","20048"
"2009-09-08","XYZ","188898","160577","28321"
"2009-09-09","XYZ","106679","95892","10787"
"2009-09-10","XYZ","186659","164525","22134"
"2009-09-11","XYZ","137042","120516","16526"
"2009-09-12","XYZ","171681","154334","17347"
"2009-09-13","XYZ","120753","96410","24343"
"2009-09-14","XYZ","102280","88800","13480"
"2009-09-15","XYZ","94171","83293","10878"
"2009-09-16","XYZ","159222","136369","22853"
"2009-09-17","XYZ","197033","170016","27017"
"2009-09-18","XYZ","138993","119803","19190"
"2009-09-19","XYZ","123684","108860","14824"
"2009-09-20","XYZ","166270","140922","25348"
"2009-09-21","XYZ","146066","125878","20188"
"2009-09-22","XYZ","120468","96798","23670"
"2009-09-23","XYZ","108202","94738","13464"
"2009-09-24","XYZ","103839","89170","14669"
"2009-09-25","XYZ","140481","128621","11860"
"2009-09-26","XYZ","120369","103910","16459"
"2009-09-27","XYZ","136667","118184","18483"
"2009-09-28","XYZ","146211","120672","25539"
"2009-09-29","XYZ","186164","163584","22580"
"2009-09-30","XYZ","168982","142697","26285"
"2009-10-01","XYZ","221827","194109","27718"
"2009-10-02","XYZ","91603","80907","10696"
"2009-10-03","XYZ","129816","116304","13512"
"2009-10-04","XYZ","150239","129158","21081"
"2009-10-05","XYZ","151103","125735","25368"
"2009-10-06","XYZ","63081","51416","11665"
"2009-10-07","XYZ","121683","109863","11820"
"2009-10-08","XYZ","170879","144789","26090"
"2009-10-09","XYZ","113043","99295","13748"
"2009-10-10","XYZ","148801","129225","19576"
"2009-10-11","XYZ","109266","91255","18011"
"2009-10-12","XYZ","138394","116239","22155"
"2009-10-13","XYZ","133489","119137","14352"
"2009-10-14","XYZ","124612","111045","13567"
"2009-10-15","XYZ","165571","145219","20352"
"2009-10-16","XYZ","96061","80958","15103"
"2009-10-17","XYZ","130346","116821","13525"
"2009-10-18","XYZ","204176","179526","24650"
"2009-10-19","XYZ","164390","147994","16396"
"2009-10-20","XYZ","194488","175228","19260"
"2009-10-21","XYZ","115045","94491","20554"
"2009-10-22","XYZ","185174","163428","21746"
"2009-10-23","XYZ","137687","120218","17469"
"2009-10-24","XYZ","104995","90286","14709"
"2009-10-25","XYZ","157752","141262","16490"
"2009-10-26","XYZ","152027","134737","17290"
"2009-10-27","XYZ","147500","134425","13075"
"2009-10-28","XYZ","205737","180893","24844"
"2009-10-29","XYZ","115537","99950","15587"
"2009-10-30","XYZ","124661","103049","21612"
"2009-10-31","XYZ","134214","110845","23369"
"2009-11-01","XYZ","76223","63498","12725"
"2009-11-02","XYZ","139954","125289","14665"
"2009-11-03","XYZ","195203","174428","20775"
"2009-11-04","XYZ","86256","80327","5929"
"2009-11-05","XYZ","119195","100485","18710"
"2009-11-06","XYZ","185377","167112","18265"
"2009-11-07","XYZ","86340","74795","11545"
"2009-11-08","XYZ","119147","104373","14774"
"2009-11-09","XYZ","189877","166287","23590"
"2009-11-10","XYZ","163692","147346","16346"
"2009-11-11","XYZ","135820","120951","14869"
"2009-11-12","XYZ","142298","120442","21856"
"2009-11-13","XYZ","171647","151420","20227"
"2009-11-14","XYZ","154626","137451","17175"
"2009-11-15","XYZ","137870","124300","13570"
"2009-11-16","XYZ","131221","109441","21780"
"2009-11-17","XYZ","121223","102759","18464"
"2009-11-18","XYZ","96641","86423","10218"
"2009-11-19","XYZ","72392","62173","10219"
"2009-11-20","XYZ","155384","129468","25916"
"2009-11-21","XYZ","83568","73403","10165"
"2009-11-22","XYZ","106500","96480","10020"
"2009-11-23","XYZ","58522","51783","6739"
"2009-11-24","XYZ","149514","132651","16863"
"2009-11-25","XYZ","110033","100128","9905"
"2009-11-26","XYZ","117572","99679","17893"
"2009-11-27","XYZ","170221","150024","20197"
"2009-11-28","XYZ","158646","134344","24302"
"2009-11-29","XYZ","155944","137272","18672"
"2009-11-30","XYZ","126437","113654","12783"
"2009-12-01","XYZ","178356","164208","14148"
"2009-12-02","XYZ","164273","151862","12411"
"2009-12-03","XYZ","131304","116420","14884"
"2009-12-04","XYZ","174213","149024","25189"
"2009-12-05","XYZ","170615","154848","15767"
"2009-12-06","XYZ","153892","127041","26851"
"2009-12-07","XYZ","164295","133864","30431"
"2009-12-08","XYZ","148107","122257","25850"
"2009-12-09","XYZ","163859","150583","13276"
"2009-12-10","XYZ","164792","143930","20862"
"2009-12-11","XYZ","110402","98398","12004"
"2009-12-12","XYZ","100664","92298","8366"
"2009-12-13","XYZ","203500","181954","21546"
"2009-12-14","XYZ","121498","103682","17816"
"2009-12-15","XYZ","83049","72593","10456"
"2009-12-16","XYZ","255120","225279","29841"
"2009-12-17","XYZ","184539","157431","27108"
"2009-12-18","XYZ","159976","143308","16668"
"2009-12-19","XYZ","89305","78365","10940"
"2009-12-20","XYZ","113029","102819","10210"
"2009-12-21","XYZ","121790","101041","20749"
"2009-12-22","XYZ","193536","167570","25966"
"2009-12-23","XYZ","175723","163161","12562"
"2009-12-24","XYZ","161270","142030","19240"
"2009-12-25","XYZ","83554","68599","14955"
"2009-12-26","XYZ","129243","113116","16127"
"2009-12-27","XYZ","140711","127529","13182"
"2009-12-28","XYZ","119428","97754","21674"
"2009-12-29","XYZ","107739","93710","14029"
"2009-12-30","XYZ","218860","189822","29038"
"2009-12-31","XYZ","126212","112029","14183"
"2010-01-01","XYZ","261314","226534","34780"
"2010-01-02","XYZ","171091","151069","20022"
"2010-01-03","XYZ","180435","152737","27698"
"2010-01-04","XYZ","116826","97598","19228"
"2010-01-05","XYZ","207842","188931","18911"
"2010-01-06","XYZ","153916","131248","22668"
"2010-01-07","XYZ","234706","203291","31415"
"2010-01-08","XYZ","254863","221462","33401"
"2010-01-09","XYZ","178169","160265","17904"
"2010-01-10","XYZ","158171","134891","23280"
"2010-01-11","XYZ","154509","132409","22100"
"2010-01-12","XYZ","171357","145794","25563"
"2010-01-13","XYZ","137146","117664","19482"
"2010-01-14","XYZ","113387","93474","19913"
"2010-01-15","XYZ","175138","154768","20370"
"2010-01-16","XYZ","194629","167760","26869"
"2010-01-17","XYZ","210301","187996","22305"
"2010-01-18","XYZ","165212","144931","20281"
"2010-01-19","XYZ","148308","128529","19779"
"2010-01-20","XYZ","141648","120188","21460"
"2010-01-21","XYZ","177702","157931","19771"
"2010-01-22","XYZ","226680","197625","29055"
"2010-01-23","XYZ","285404","256870","28534"
"2010-01-24","XYZ","226374","196694","29680"
"2010-01-25","XYZ","205779","175124","30655"
"2010-01-26","XYZ","168772","142135","26637"
"2010-01-27","XYZ","218650","186841","31809"
"2010-01-28","XYZ","204339","179394","24945"
"2010-01-29","XYZ","283969","243914","40055"
"2010-01-30","XYZ","138364","118343","20021"
"2010-01-31","XYZ","244081","219189","24892"
"2010-02-01","XYZ","187475","158055","29420"
"2010-02-02","XYZ","247511","219123","28388"
"2010-02-03","XYZ","204943","184177","20766"
"2010-02-04","XYZ","113854","101632","12222"
"2010-02-05","XYZ","170940","145230","25710"
"2010-02-06","XYZ","242246","216798","25448"
"2010-02-07","XYZ","241846","210703","31143"
"2010-02-08","XYZ","174725","149315","25410"
"2010-02-09","XYZ","134752","109868","24884"
"2010-02-10","XYZ","225879","190904","34975"
"2010-02-11","XYZ","176113","158396","17717"
"2010-02-12","XYZ","201684","172286","29398"
"2010-02-13","XYZ","184368","165985","18383"
"2010-02-14","XYZ","239152","212904","26248"
"2010-02-15","XYZ","214571","192225","22346"
"2010-02-16","XYZ","192590","166292","26298"
"2010-02-17","XYZ","286729","257367","29362"
"2010-02-18","XYZ","206679","183684","22995"
"2010-02-19","XYZ","234090","205097","28993"
"2010-02-20","XYZ","236304","203666","32638"
"2010-02-21","XYZ","196562","163969","32593"
"2010-02-22","XYZ","267794","240222","27572"
"2010-02-23","XYZ","216833","187736","29097"
"2010-02-24","XYZ","308479","267868","40611"
"2010-02-25","XYZ","230833","202403","28430"
"2010-02-26","XYZ","189810","165856","23954"
"2010-02-27","XYZ","226333","201109","25224"
"2010-02-28","XYZ","191359","173243","18116"
"2010-03-01","XYZ","204521","182495","22026"
"2010-03-02","XYZ","218078","188875","29203"
"2010-03-03","XYZ","322868","282611","40257"
"2010-03-04","XYZ","244631","210901","33730"
"2010-03-05","XYZ","141492","123923","17569"
"2010-03-06","XYZ","227456","199407","28049"
"2010-03-07","XYZ","287945","249465","38480"
"2010-03-08","XYZ","193615","163089","30526"
"2010-03-09","XYZ","266156","240663","25493"
"2010-03-10","XYZ","141319","117968","23351"
"2010-03-11","XYZ","147906","126053","21853"
"2010-03-12","XYZ","176352","160035","16317"
"2010-03-13","XYZ","320232","279657","40575"
"2010-03-14","XYZ","191094","160346","30748"
"2010-03-15","XYZ","186172","158741","27431"
"2010-03-16","XYZ","185325","163054","22271"
"2010-03-17","XYZ","176825","159383","17442"
"2010-03-18","XYZ","201242","167502","33740"
"2010-03-19","XYZ","187707","168198","19509"
"2010-03-20","XYZ","146587","124998","21589"
"2010-03-21","XYZ","260499","221633","38866"
"2010-03-22","XYZ","203172","179557","23615"
"2010-03-23","XYZ","245301","222545","22756"
"2010-03-24","XYZ","139098","126038","13060"
"2010-03-25","XYZ","200298","166710","33588"
"2010-03-26","XYZ","153134","132460","20674"
"2010-03-27","XYZ","261674","236857","24817"
"2010-03-28","XYZ","211679","184894","26785"
"2010-03-29","XYZ","230983","191822","39161"
"2010-03-30","XYZ","282056","241564","40492"
"2010-03-31","XYZ","202174","174070","28104"
"2010-04-01","XYZ","179026","159975","19051"
"2010-04-02","XYZ","132601","119514","13087"
"2010-04-03","XYZ","148489","125331","23158"
"2010-04-04","XYZ","248683","220185","28498"
"2010-04-05","XYZ","148678","122819","25859"
"2010-04-06","XYZ","142991","119191","23800"
"2010-04-07","XYZ","235789","205037","30752"
"2010-04-08","XYZ","239326","208607","30719"
"2010-04-09","XYZ","309013","276321","32692"
"2010-04-10","XYZ","197144","171097","26047"
"2010-04-11","XYZ","210988","180567","30421"
"2010-04-12","XYZ","186720","158937","27783"
"2010-04-13","XYZ","206411","177697","28714"
"2010-04-14","XYZ","232532","215287","17245"
"2010-04-15","XYZ","206090","188649","17441"
"2010-04-16","XYZ","132475","115339","17136"
"2010-04-17","XYZ","221730","194831","26899"
"2010-04-18","XYZ","180618","159990","20628"
"2010-04-19","XYZ","177483","153807","23676"
"2010-04-20","XYZ","213697","185583","28114"
"2010-04-21","XYZ","200980","185139","15841"
"2010-04-22","XYZ","228485","191829","36656"
"2010-04-23","XYZ","223111","198704","24407"
"2010-04-24","XYZ","185301","165521","19780"
"2010-04-25","XYZ","195975","168014","27961"
"2010-04-26","XYZ","152723","131159","21564"
"2010-04-27","XYZ","230139","199676","30463"
"2010-04-28","XYZ","119136","102477","16659"
"2010-04-29","XYZ","159130","132352","26778"
"2010-04-30","XYZ","168307","148751","19556"
"2010-05-01","XYZ","179718","160995","18723"
"2010-05-02","XYZ","134258","117760","16498"
"2010-05-03","XYZ","195739","172617","23122"
"2010-05-04","XYZ","237558","212510","25048"
"2010-05-05","XYZ","150912","131672","19240"
"2010-05-06","XYZ","181026","153471","27555"
"2010-05-07","XYZ","295031","249958","45073"
"2010-05-08","XYZ","176419","145307","31112"
"2010-05-09","XYZ","131317","110396","20921"
"2010-05-10","XYZ","171582","142228","29354"
"2010-05-11","XYZ","183122","162621","20501"
"2010-05-12","XYZ","184246","164736","19510"
"2010-05-13","XYZ","197653","174224","23429"
"2010-05-14","XYZ","179541","164276","15265"
"2010-05-15","XYZ","226804","196358","30446"
"2010-05-16","XYZ","290378","239967","50411"
"2010-05-17","XYZ","228657","206939","21718"
"2010-05-18","XYZ","244867","218239","26628"
"2010-05-19","XYZ","242906","202804","40102"
"2010-05-20","XYZ","313975","274078","39897"
"2010-05-21","XYZ","278834","246219","32615"
"2010-05-22","XYZ","190335","164944","25391"
"2010-05-23","XYZ","147966","130093","17873"
"2010-05-24","XYZ","325418","283228","42190"
"2010-05-25","XYZ","227291","199918","27373"
"2010-05-26","XYZ","236662","207556","29106"
"2010-05-27","XYZ","157177","139804","17373"
"2010-05-28","XYZ","206275","181452","24823"
"2010-05-29","XYZ","325027","290120","34907"
"2010-05-30","XYZ","258812","231382","27430"
"2010-05-31","XYZ","177410","149841","27569"
"2010-06-01","XYZ","263904","233302","30602"
"2010-06-02","XYZ","298315","252298","46017"
"2010-06-03","XYZ","283377","245367","38010"
"2010-06-04","XYZ","454702","397016","57686"
"2010-06-05","XYZ","336973","294441","42532"
"2010-06-06","XYZ","408797","363758","45039"
"2010-06-07","XYZ","398527","344387","54140"
"2010-06-08","XYZ","356825","311233","45592"
"2010-06-09","XYZ","325410","281657","43753"
"2010-06-10","XYZ","310847","267914","42933"
"2010-06-11","XYZ","528038","474213","53825"
"2010-06-12","XYZ","320826","293452","27374"
"2010-06-13","XYZ","327634","289557","38077"
"2010-06-14","XYZ","498652","433518","65134"
"2010-06-15","XYZ","295993","254565","41428"
"2010-06-16","XYZ","411910","372798","39112"
"2010-06-17","XYZ","350261","297687","52574"
"2010-06-18","XYZ","386223","341352","44871"
"2010-06-19","XYZ","470864","402357","68507"
"2010-06-20","XYZ","264046","224015","40031"
"2010-06-21","XYZ","401083","354988","46095"
"2010-06-22","XYZ","349251","298316","50935"
"2010-06-23","XYZ","317764","283089","34675"
"2010-06-24","XYZ","387469","332413","55056"
"2010-06-25","XYZ","299358","260718","38640"
"2010-06-26","XYZ","367302","309566","57736"
"2010-06-27","XYZ","493269","444854","48415"
"2010-06-28","XYZ","392432","336717","55715"
"2010-06-29","XYZ","351935","304931","47004"
"2010-06-30","XYZ","379959","332693","47266"
"2010-07-01","XYZ","332218","289414","42804"
"2010-07-02","XYZ","439856","384579","55277"
"2010-07-03","XYZ","383623","341335","42288"
"2010-07-04","XYZ","339483","297227","42256"
"2010-07-05","XYZ","345638","290697","54941"
"2010-07-06","XYZ","379324","330526","48798"
"2010-07-07","XYZ","406771","359468","47303"
"2010-07-08","XYZ","357392","316517","40875"
"2010-07-09","XYZ","397104","346700","50404"
"2010-07-10","XYZ","282924","242873","40051"
"2010-07-11","XYZ","447219","381813","65406"
"2010-07-12","XYZ","637281","570464","66817"
"2010-07-13","XYZ","412076","361713","50363"
"2010-07-14","XYZ","460202","415185","45017"
"2010-07-15","XYZ","378979","336769","42210"
"2010-07-16","XYZ","426721","371156","55565"
"2010-07-17","XYZ","369211","330063","39148"
"2010-07-18","XYZ","327357","283311","44046"
"2010-07-19","XYZ","482010","418050","63960"
"2010-07-20","XYZ","313597","276322","37275"
"2010-07-21","XYZ","475364","428414","46950"
"2010-07-22","XYZ","339881","288396","51485"
"2010-07-23","XYZ","304653","261645","43008"
"2010-07-24","XYZ","463826","417561","46265"
"2010-07-25","XYZ","388102","335729","52373"
"2010-07-26","XYZ","354875","309052","45823"
"2010-07-27","XYZ","311169","268564","42605"
"2010-07-28","XYZ","410099","366588","43511"
"2010-07-29","XYZ","367982","323911","44071"
"2010-07-30","XYZ","369766","332076","37690"
"2010-07-31","XYZ","357666","318489","39177"
"2010-08-01","XYZ","372516","323759","48757"
"2010-08-02","XYZ","443168","392742","50426"
"2010-08-03","XYZ","338003","300820","37183"
"2010-08-04","XYZ","478701","427579","51122"
"2010-08-05","XYZ","511307","454591","56716"
"2010-08-06","XYZ","347172","300786","46386"
"2010-08-07","XYZ","416123","362171","53952"
"2010-08-08","XYZ","431285","375912","55373"
"2010-08-09","XYZ","425631","375202","50429"
"2010-08-10","XYZ","496000","443458","52542"
"2010-08-11","XYZ","387013","330856","56157"
"2010-08-12","XYZ","291465","250944","40521"
"2010-08-13","XYZ","301255","257485","43770"
"2010-08-14","XYZ","308879","265820","43059"
"2010-08-15","XYZ","325174","285335","39839"
"2010-08-16","XYZ","328821","285063","43758"
"2010-08-17","XYZ","384579","345427","39152"
"2010-08-18","XYZ","212037","183231","28806"
"2010-08-19","XYZ","277631","236761","40870"
"2010-08-20","XYZ","432252","379658","52594"
"2010-08-21","XYZ","403304","352109","51195"
"2010-08-22","XYZ","361199","312332","48867"
"2010-08-23","XYZ","354958","316537","38421"
"2010-08-24","XYZ","376725","324563","52162"
"2010-08-25","XYZ","447578","386334","61244"
"2010-08-26","XYZ","478849","410850","67999"
"2010-08-27","XYZ","431405","390219","41186"
"2010-08-28","XYZ","362373","325702","36671"
"2010-08-29","XYZ","253921","215663","38258"
"2010-08-30","XYZ","419394","364458","54936"
"2010-08-31","XYZ","403722","356487","47235"
"2010-09-01","XYZ","411701","357822","53879"
"2010-09-02","XYZ","589720","533100","56620"
"2010-09-03","XYZ","369367","318247","51120"
"2010-09-04","XYZ","376162","333515","42647"
"2010-09-05","XYZ","435691","391489","44202"
"2010-09-06","XYZ","441184","395195","45989"
"2010-09-07","XYZ","395342","354612","40730"
"2010-09-08","XYZ","381859","330643","51216"
"2010-09-09","XYZ","359231","317095","42136"
"2010-09-10","XYZ","417112","351451","65661"
"2010-09-11","XYZ","386035","332025","54010"
"2010-09-12","XYZ","466068","411969","54099"
"2010-09-13","XYZ","425233","380221","45012"
"2010-09-14","XYZ","364236","312207","52029"
"2010-09-15","XYZ","415917","365401","50516"
"2010-09-16","XYZ","365283","306310","58973"
"2010-09-17","XYZ","370369","314396","55973"
"2010-09-18","XYZ","299008","261161","37847"
"2010-09-19","XYZ","371280","334418","36862"
"2010-09-20","XYZ","318776","282298","36478"
"2010-09-21","XYZ","340877","306620","34257"
"2010-09-22","XYZ","332861","283801","49060"
"2010-09-23","XYZ","466770","412039","54731"
"2010-09-24","XYZ","445555","375915","69640"
"2010-09-25","XYZ","459244","415105","44139"
"2010-09-26","XYZ","370421","321319","49102"
"2010-09-27","XYZ","371897","324853","47044"
"2010-09-28","XYZ","255913","218792","37121"
"2010-09-29","XYZ","403784","358876","44908"
"2010-09-30","XYZ","366464","319323","47141"
"2010-10-01","XYZ","226731","188156","38575"
"2010-10-02","XYZ","262348","223587","38761"
"2010-10-03","XYZ","290025","256793","33232"
"2010-10-04","XYZ","305154","266620","38534"
"2010-10-05","XYZ","291011","247891","43120"
"2010-10-06","XYZ","377989","327763","50226"
"2010-10-07","XYZ","450010","396658","53352"
"2010-10-08","XYZ","275710","231093","44617"
"2010-10-09","XYZ","415592","376813","38779"
"2010-10-10","XYZ","475827","432932","42895"
"2010-10-11","XYZ","376944","337471","39473"
"2010-10-12","XYZ","320308","279032","41276"
"2010-10-13","XYZ","387143","345211","41932"
"2010-10-14","XYZ","310864","269211","41653"
"2010-10-15","XYZ","410496","350698","59798"
"2010-10-16","XYZ","263841","228006","35835"
"2010-10-17","XYZ","296739","263666","33073"
"2010-10-18","XYZ","330142","294006","36136"
"2010-10-19","XYZ","438530","382497","56033"
"2010-10-20","XYZ","357866","320334","37532"
"2010-10-21","XYZ","431821","385627","46194"
"2010-10-22","XYZ","329912","280613","49299"
"2010-10-23","XYZ","435306","383366","51940"
"2010-10-24","XYZ","284553","237245","47308"
"2010-10-25","XYZ","358407","312460","45947"
"2010-10-26","XYZ","374191","327298","46893"
"2010-10-27","XYZ","503063","457375","45688"
"2010-10-28","XYZ","276157","243452","32705"
"2010-10-29","XYZ","465783","417487","48296"
"2010-10-30","XYZ","375815","323916","51899"
"2010-10-31","XYZ","388404","334986","53418"
"2010-11-01","XYZ","328847","283065","45782"
"2010-11-02","XYZ","263927","227206","36721"
"2010-11-03","XYZ","384125","338634","45491"
"2010-11-04","XYZ","423901","371695","52206"
"2010-11-05","XYZ","469748","414739","55009"
"2010-11-06","XYZ","311849","278949","32900"
"2010-11-07","XYZ","360091","307018","53073"
"2010-11-08","XYZ","441235","400483","40752"
"2010-11-09","XYZ","490711","437310","53401"
"2010-11-10","XYZ","373602","323914","49688"
"2010-11-11","XYZ","478810","427187","51623"
"2010-11-12","XYZ","349773","301654","48119"
"2010-11-13","XYZ","420706","364017","56689"
"2010-11-14","XYZ","355193","320175","35018"
"2010-11-15","XYZ","375744","319906","55838"
"2010-11-16","XYZ","411018","365871","45147"
"2010-11-17","XYZ","355529","297356","58173"
"2010-11-18","XYZ","382479","335014","47465"
"2010-11-19","XYZ","386611","333619","52992"
"2010-11-20","XYZ","384091","349156","34935"
"2010-11-21","XYZ","404030","345857","58173"
"2010-11-22","XYZ","315251","276277","38974"
"2010-11-23","XYZ","442686","381938","60748"
"2010-11-24","XYZ","370926","322651","48275"
"2010-11-25","XYZ","438468","381942","56526"
"2010-11-26","XYZ","435597","385945","49652"
"2010-11-27","XYZ","348607","300311","48296"
"2010-11-28","XYZ","311064","263468","47596"
"2010-11-29","XYZ","416596","371645","44951"
"2010-11-30","XYZ","303939","260655","43284"
"2010-12-01","XYZ","402498","360539","41959"
"2010-12-02","XYZ","316065","277024","39041"
"2010-12-03","XYZ","327861","281729","46132"
"2010-12-04","XYZ","418526","361015","57511"
"2010-12-05","XYZ","453572","400640","52932"
"2010-12-06","XYZ","398649","348148","50501"
"2010-12-07","XYZ","382860","336444","46416"
"2010-12-08","XYZ","339754","291808","47946"
"2010-12-09","XYZ","436860","384028","52832"
"2010-12-10","XYZ","366503","330261","36242"
"2010-12-11","XYZ","376481","339129","37352"
"2010-12-12","XYZ","438953","392311","46642"
"2010-12-13","XYZ","450537","397448","53089"
"2010-12-14","XYZ","384224","341657","42567"
"2010-12-15","XYZ","304455","257390","47065"
"2010-12-16","XYZ","194150","167518","26632"
"2010-12-17","XYZ","419737","370700","49037"
"2010-12-18","XYZ","337829","308796","29033"
"2010-12-19","XYZ","304218","268178","36040"
"2010-12-20","XYZ","274123","243320","30803"
"2010-12-21","XYZ","326624","289531","37093"
"2010-12-22","XYZ","350362","303079","47283"
"2010-12-23","XYZ","387427","341416","46011"
"2010-12-24","XYZ","424159","372954","51205"
"2010-12-25","XYZ","246525","213207","33318"
"2010-12-26","XYZ","388234","346485","41749"
"2010-12-27","XYZ","381852","329464","52388"
"2010-12-28","XYZ","338601","294694","43907"
"2010-12-29","XYZ","464238","425228","39010"
"2010-12-30","XYZ","402896","346487","56409"
"2010-12-31","XYZ","290201","249846","40355"
"2011-01-01","XYZ","363901","311320","52581"
"2011-01-02","XYZ","597679","516145","81534"
"2011-01-03","XYZ","282669","243976","38693"
"2011-01-04","XYZ","402835","347160","55675"
"2011-01-05","XYZ","465800","408141","57659"
"2011-01-06","XYZ","363242","312025","51217"
"2011-01-07","XYZ","416580","369346","47234"
"2011-01-08","XYZ","452040","407079","44961"
"2011-01-09","XYZ","380693","335020","45673"
"2011-01-10","XYZ","382985","329526","53459"
"2011-01-11","XYZ","426315","361160","65155"
"2011-01-12","XYZ","242814","214762","28052"
"2011-01-13","XYZ","448335","379106","69229"
"2011-01-14","XYZ","422040","361789","60251"
"2011-01-15","XYZ","417643","347281","70362"
"2011-01-16","XYZ","386214","342199","44015"
"2011-01-17","XYZ","466306","403339","62967"
"2011-01-18","XYZ","487239","423876","63363"
"2011-01-19","XYZ","355508","308453","47055"
"2011-01-20","XYZ","354530","312973","41557"
"2011-01-21","XYZ","463730","413448","50282"
"2011-01-22","XYZ","460125","410473","49652"
"2011-01-23","XYZ","263151","225831","37320"
"2011-01-24","XYZ","411498","362960","48538"
"2011-01-25","XYZ","566022","497086","68936"
"2011-01-26","XYZ","378498","339463","39035"
"2011-01-27","XYZ","375929","322643","53286"
"2011-01-28","XYZ","393215","345506","47709"
"2011-01-29","XYZ","603858","547363","56495"
"2011-01-30","XYZ","433350","375701","57649"
"2011-01-31","XYZ","499978","434642","65336"
"2011-02-01","XYZ","402971","343720","59251"
"2011-02-02","XYZ","530294","464523","65771"
"2011-02-03","XYZ","431201","382970","48231"
"2011-02-04","XYZ","375901","328452","47449"
"2011-02-05","XYZ","465427","405771","59656"
"2011-02-06","XYZ","473169","420103","53066"
"2011-02-07","XYZ","542749","488909","53840"
"2011-02-08","XYZ","501810","430434","71376"
"2011-02-09","XYZ","474015","416988","57027"
"2011-02-10","XYZ","385891","337258","48633"
"2011-02-11","XYZ","362982","318758","44224"
"2011-02-12","XYZ","405554","342791","62763"
"2011-02-13","XYZ","343585","283573","60012"
"2011-02-14","XYZ","467274","394601","72673"
"2011-02-15","XYZ","371009","316964","54045"
"2011-02-16","XYZ","497169","436219","60950"
"2011-02-17","XYZ","496649","442118","54531"
"2011-02-18","XYZ","407919","356398","51521"
"2011-02-19","XYZ","322458","283770","38688"
"2011-02-20","XYZ","381255","342903","38352"
"2011-02-21","XYZ","407476","355567","51909"
"2011-02-22","XYZ","393894","342133","51761"
"2011-02-23","XYZ","332939","284014","48925"
"2011-02-24","XYZ","380565","337885","42680"
"2011-02-25","XYZ","378192","325952","52240"
"2011-02-26","XYZ","359361","317025","42336"
"2011-02-27","XYZ","400031","336927","63104"
"2011-02-28","XYZ","501440","434735","66705"
"2011-03-01","XYZ","364574","320630","43944"
"2011-03-02","XYZ","407911","357086","50825"
"2011-03-03","XYZ","466758","407670","59088"
"2011-03-04","XYZ","447633","393153","54480"
"2011-03-05","XYZ","380217","331707","48510"
"2011-03-06","XYZ","478511","413465","65046"
"2011-03-07","XYZ","368515","325834","42681"
"2011-03-08","XYZ","488737","429418","59319"
"2011-03-09","XYZ","277655","238301","39354"
"2011-03-10","XYZ","446890","397445","49445"
"2011-03-11","XYZ","426496","379709","46787"
"2011-03-12","XYZ","427618","378060","49558"
"2011-03-13","XYZ","403823","358882","44941"
"2011-03-14","XYZ","374957","323679","51278"
"2011-03-15","XYZ","409541","369823","39718"
"2011-03-16","XYZ","353284","293430","59854"
"2011-03-17","XYZ","396422","352740","43682"
"2011-03-18","XYZ","515501","442723","72778"
"2011-03-19","XYZ","394514","353511","41003"
"2011-03-20","XYZ","479390","418772","60618"
"2011-03-21","XYZ","468684","405510","63174"
"2011-03-22","XYZ","487406","436720","50686"
"2011-03-23","XYZ","386915","339398","47517"
"2011-03-24","XYZ","530323","460192","70131"
"2011-03-25","XYZ","336161","291653","44508"
"2011-03-26","XYZ","423462","371913","51549"
"2011-03-27","XYZ","602346","521053","81293"
"2011-03-28","XYZ","355536","315416","40120"
"2011-03-29","XYZ","363346","316331","47015"
"2011-03-30","XYZ","402282","344939","57343"
"2011-03-31","XYZ","362449","315851","46598"
"2011-04-01","XYZ","426677","368976","57701"
"2011-04-02","XYZ","373748","336323","37425"
"2011-04-03","XYZ","454767","401124","53643"
"2011-04-04","XYZ","508542","452529","56013"
"2011-04-05","XYZ","326924","293687","33237"
"2011-04-06","XYZ","552056","483535","68521"
"2011-04-07","XYZ","364175","307822","56353"
"2011-04-08","XYZ","670639","597058","73581"
"2011-04-09","XYZ","427157","375243","51914"
"2011-04-10","XYZ","355125","305868","49257"
"2011-04-11","XYZ","476765","412796","63969"
"2011-04-12","XYZ","446488","405201","41287"
"2011-04-13","XYZ","467229","407243","59986"
"2011-04-14","XYZ","473705","418913","54792"
"2011-04-15","XYZ","376375","322468","53907"
"2011-04-16","XYZ","363125","327480","35645"
"2011-04-17","XYZ","389862","344969","44893"
"2011-04-18","XYZ","615211","549780","65431"
"2011-04-19","XYZ","624526","545621","78905"
"2011-04-20","XYZ","397759","358065","39694"
"2011-04-21","XYZ","621951","541928","80023"
"2011-04-22","XYZ","363448","324962","38486"
"2011-04-23","XYZ","398679","352934","45745"
"2011-04-24","XYZ","406621","362385","44236"
"2011-04-25","XYZ","341283","285726","55557"
"2011-04-26","XYZ","351988","296051","55937"
"2011-04-27","XYZ","377949","332043","45906"
"2011-04-28","XYZ","452051","389401","62650"
"2011-04-29","XYZ","347125","299236","47889"
"2011-04-30","XYZ","319715","279043","40672"
"2011-05-01","XYZ","514559","439698","74861"
"2011-05-02","XYZ","475422","410211","65211"
"2011-05-03","XYZ","483342","421141","62201"
"2011-05-04","XYZ","299054","257722","41332"
"2011-05-05","XYZ","466676","414731","51945"
"2011-05-06","XYZ","428456","381450","47006"
"2011-05-07","XYZ","341874","296262","45612"
"2011-05-08","XYZ","490582","439129","51453"
"2011-05-09","XYZ","442657","396846","45811"
"2011-05-10","XYZ","398295","344702","53593"
"2011-05-11","XYZ","431354","374972","56382"
"2011-05-12","XYZ","573358","508798","64560"
"2011-05-13","XYZ","423910","369546","54364"
"2011-05-14","XYZ","498754","440096","58658"
"2011-05-15","XYZ","499800","433789","66011"
"2011-05-16","XYZ","355669","313163","42506"
"2011-05-17","XYZ","443544","389669","53875"
"2011-05-18","XYZ","553229","487151","66078"
"2011-05-19","XYZ","635159","561973","73186"
"2011-05-20","XYZ","440184","384779","55405"
"2011-05-21","XYZ","397614","345125","52489"
"2011-05-22","XYZ","391553","348170","43383"
"2011-05-23","XYZ","418393","370181","48212"
"2011-05-24","XYZ","334566","277884","56682"
"2011-05-25","XYZ","434931","381655","53276"
"2011-05-26","XYZ","335178","286365","48813"
"2011-05-27","XYZ","394521","347178","47343"
"2011-05-28","XYZ","403957","343125","60832"
"2011-05-29","XYZ","432550","389293","43257"
"2011-05-30","XYZ","467124","416069","51055"
"2011-05-31","XYZ","316153","263345","52808"
"2011-06-01","XYZ","463575","401675","61900"
"2011-06-02","XYZ","549308","487888","61420"
"2011-06-03","XYZ","690357","596956","93401"
"2011-06-04","XYZ","482190","425429","56761"
"2011-06-05","XYZ","543635","481395","62240"
"2011-06-06","XYZ","635771","558063","77708"
"2011-06-07","XYZ","623370","548944","74426"
"2011-06-08","XYZ","607967","540064","67903"
"2011-06-09","XYZ","481128","413601","67527"
"2011-06-10","XYZ","450596","383352","67244"
"2011-06-11","XYZ","562914","509282","53632"
"2011-06-12","XYZ","621615","557691","63924"
"2011-06-13","XYZ","578283","514723","63560"
"2011-06-14","XYZ","640544","556085","84459"
"2011-06-15","XYZ","449190","384315","64875"
"2011-06-16","XYZ","489581","422706","66875"
"2011-06-17","XYZ","546017","478593","67424"
"2011-06-18","XYZ","486451","433288","53163"
"2011-06-19","XYZ","422574","363086","59488"
"2011-06-20","XYZ","507218","432725","74493"
"2011-06-21","XYZ","420375","356161","64214"
"2011-06-22","XYZ","397498","348918","48580"
"2011-06-23","XYZ","469740","410200","59540"
"2011-06-24","XYZ","701227","610145","91082"
"2011-06-25","XYZ","553257","474611","78646"
"2011-06-26","XYZ","488609","424826","63783"
"2011-06-27","XYZ","535849","457909","77940"
"2011-06-28","XYZ","507261","451996","55265"
"2011-06-29","XYZ","421786","372940","48846"
"2011-06-30","XYZ","504447","438405","66042"
"2011-07-01","XYZ","609231","527671","81560"
"2011-07-02","XYZ","640749","559926","80823"
"2011-07-03","XYZ","384226","329495","54731"
"2011-07-04","XYZ","498370","440001","58369"
"2011-07-05","XYZ","489878","422618","67260"
"2011-07-06","XYZ","639233","568984","70249"
"2011-07-07","XYZ","452328","381741","70587"
"2011-07-08","XYZ","561565","497943","63622"
"2011-07-09","XYZ","632326","564515","67811"
"2011-07-10","XYZ","565369","505629","59740"
"2011-07-11","XYZ","562487","490056","72431"
"2011-07-12","XYZ","500722","431022","69700"
"2011-07-13","XYZ","482655","415395","67260"
"2011-07-14","XYZ","492004","433409","58595"
"2011-07-15","XYZ","420084","359703","60381"
"2011-07-16","XYZ","568025","503070","64955"
"2011-07-17","XYZ","603785","525024","78761"
"2011-07-18","XYZ","489774","431129","58645"
"2011-07-19","XYZ","528739","464764","63975"
"2011-07-20","XYZ","573094","513539","59555"
"2011-07-21","XYZ","374616","332370","42246"
"2011-07-22","XYZ","538224","476050","62174"
"2011-07-23","XYZ","495766","441654","54112"
"2011-07-24","XYZ","660476","587447","73029"
"2011-07-25","XYZ","450504","386131","64373"
"2011-07-26","XYZ","345046","293774","51272"
"2011-07-27","XYZ","523328","444509","78819"
"2011-07-28","XYZ","407852","357256","50596"
"2011-07-29","XYZ","544188","472224","71964"
"2011-07-30","XYZ","319552","279529","40023"
"2011-07-31","XYZ","535530","462649","72881"
"2011-08-01","XYZ","471234","412282","58952"
"2011-08-02","XYZ","514170","455736","58434"
"2011-08-03","XYZ","438312","378449","59863"
"2011-08-04","XYZ","505607","432266","73341"
"2011-08-05","XYZ","683636","616555","67081"
"2011-08-06","XYZ","545218","495239","49979"
"2011-08-07","XYZ","492368","441630","50738"
"2011-08-08","XYZ","635294","555983","79311"
"2011-08-09","XYZ","541546","486606","54940"
"2011-08-10","XYZ","428742","366391","62351"
"2011-08-11","XYZ","317640","274820","42820"
"2011-08-12","XYZ","461269","398576","62693"
"2011-08-13","XYZ","533819","459950","73869"
"2011-08-14","XYZ","632294","549782","82512"
"2011-08-15","XYZ","414933","353370","61563"
"2011-08-16","XYZ","578408","523786","54622"
"2011-08-17","XYZ","523820","457007","66813"
"2011-08-18","XYZ","346385","292156","54229"
"2011-08-19","XYZ","511199","449384","61815"
"2011-08-20","XYZ","507486","440254","67232"
"2011-08-21","XYZ","488581","430092","58489"
"2011-08-22","XYZ","507076","449719","57357"
"2011-08-23","XYZ","458495","410081","48414"
"2011-08-24","XYZ","575781","515701","60080"
"2011-08-25","XYZ","500044","446919","53125"
"2011-08-26","XYZ","388737","338294","50443"
"2011-08-27","XYZ","474213","415246","58967"
"2011-08-28","XYZ","432835","378076","54759"
"2011-08-29","XYZ","415609","361213","54396"
"2011-08-30","XYZ","588476","512173","76303"
"2011-08-31","XYZ","415578","356154","59424"
"2011-09-01","XYZ","403870","352382","51488"
"2011-09-02","XYZ","595728","541758","53970"
"2011-09-03","XYZ","504971","436525","68446"
"2011-09-04","XYZ","375435","329340","46095"
"2011-09-05","XYZ","469692","407231","62461"
"2011-09-06","XYZ","479046","420179","58867"
"2011-09-07","XYZ","425280","364676","60604"
"2011-09-08","XYZ","477624","401355","76269"
"2011-09-09","XYZ","459718","406209","53509"
"2011-09-10","XYZ","536250","477162","59088"
"2011-09-11","XYZ","514930","446591","68339"
"2011-09-12","XYZ","556576","494765","61811"
"2011-09-13","XYZ","490115","423618","66497"
"2011-09-14","XYZ","544537","474430","70107"
"2011-09-15","XYZ","410491","363687","46804"
"2011-09-16","XYZ","372665","317220","55445"
"2011-09-17","XYZ","589770","503213","86557"
"2011-09-18","XYZ","545167","481106","64061"
"2011-09-19","XYZ","445263","392961","52302"
"2011-09-20","XYZ","488706","416534","72172"
"2011-09-21","XYZ","564042","482591","81451"
"2011-09-22","XYZ","626541","564002","62539"
"2011-09-23","XYZ","463551","404548","59003"
"2011-09-24","XYZ","407056","343927","63129"
"2011-09-25","XYZ","604456","546784","57672"
"2011-09-26","XYZ","593672","513091","80581"
"2011-09-27","XYZ","599231","533340","65891"
"2011-09-28","XYZ","546088","477789","68299"
"2011-09-29","XYZ","404728","353929","50799"
"2011-09-30","XYZ","564034","483310","80724"
"2011-10-01","XYZ","413101","351358","61743"
"2011-10-02","XYZ","548324","483104","65220"
"2011-10-03","XYZ","567102","492849","74253"
"2011-10-04","XYZ","466442","405489","60953"
"2011-10-05","XYZ","558882","489783","69099"
"2011-10-06","XYZ","412975","358525","54450"
"2011-10-07","XYZ","524617","460649","63968"
"2011-10-08","XYZ","629925","570143","59782"
"2011-10-09","XYZ","593608","516640","76968"
"2011-10-10","XYZ","542954","477202","65752"
"2011-10-11","XYZ","451494","389865","61629"
"2011-10-12","XYZ","497435","430847","66588"
"2011-10-13","XYZ","703248","630695","72553"
"2011-10-14","XYZ","479361","429065","50296"
"2011-10-15","XYZ","430993","381730","49263"
"2011-10-16","XYZ","469467","394761","74706"
"2011-10-17","XYZ","672880","601604","71276"
"2011-10-18","XYZ","500363","448564","51799"
"2011-10-19","XYZ","525745","454039","71706"
"2011-10-20","XYZ","380026","327904","52122"
"2011-10-21","XYZ","489041","421430","67611"
"2011-10-22","XYZ","419117","357325","61792"
"2011-10-23","XYZ","567698","498743","68955"
"2011-10-24","XYZ","518287","456379","61908"
"2011-10-25","XYZ","595710","530287","65423"
"2011-10-26","XYZ","509926","449313","60613"
"2011-10-27","XYZ","421832","365269","56563"
"2011-10-28","XYZ","475903","409673","66230"
"2011-10-29","XYZ","502814","442174","60640"
"2011-10-30","XYZ","388374","336169","52205"
"2011-10-31","XYZ","403199","353196","50003"
"2011-11-01","XYZ","670095","601743","68352"
"2011-11-02","XYZ","568381","488726","79655"
"2011-11-03","XYZ","492245","435449","56796"
"2011-11-04","XYZ","444299","387849","56450"
"2011-11-05","XYZ","592179","518298","73881"
"2011-11-06","XYZ","531708","475123","56585"
"2011-11-07","XYZ","643867","578201","65666"
"2011-11-08","XYZ","444014","380763","63251"
"2011-11-09","XYZ","518119","438225","79894"
"2011-11-10","XYZ","486503","430533","55970"
"2011-11-11","XYZ","525170","452802","72368"
"2011-11-12","XYZ","534718","469297","65421"
"2011-11-13","XYZ","484461","417387","67074"
"2011-11-14","XYZ","484856","428714","56142"
"2011-11-15","XYZ","483690","427292","56398"
"2011-11-16","XYZ","471176","417897","53279"
"2011-11-17","XYZ","488839","410742","78097"
"2011-11-18","XYZ","582728","515519","67209"
"2011-11-19","XYZ","525338","451290","74048"
"2011-11-20","XYZ","504584","450668","53916"
"2011-11-21","XYZ","439799","367079","72720"
"2011-11-22","XYZ","484475","424325","60150"
"2011-11-23","XYZ","571596","519555","52041"
"2011-11-24","XYZ","634276","554604","79672"
"2011-11-25","XYZ","675673","586704","88969"
"2011-11-26","XYZ","401659","334746","66913"
"2011-11-27","XYZ","593970","507352","86618"
"2011-11-28","XYZ","500269","438689","61580"
"2011-11-29","XYZ","548367","483199","65168"
"2011-11-30","XYZ","523013","463435","59578"
"2011-12-01","XYZ","493947","431471","62476"
"2011-12-02","XYZ","446721","390035","56686"
"2011-12-03","XYZ","459151","396508","62643"
"2011-12-04","XYZ","488167","418804","69363"
"2011-12-05","XYZ","423357","371452","51905"
"2011-12-06","XYZ","454427","389529","64898"
"2011-12-07","XYZ","476381","405266","71115"
"2011-12-08","XYZ","510942","446049","64893"
"2011-12-09","XYZ","474325","413588","60737"
"2011-12-10","XYZ","587464","527551","59913"
"2011-12-11","XYZ","542510","485356","57154"
"2011-12-12","XYZ","639783","561007","78776"
"2011-12-13","XYZ","563971","495621","68350"
"2011-12-14","XYZ","686065","613178","72887"
"2011-12-15","XYZ","556224","495382","60842"
"2011-12-16","XYZ","420141","364515","55626"
"2011-12-17","XYZ","439440","388068","51372"
"2011-12-18","XYZ","544255","473260","70995"
"2011-12-19","XYZ","634992","554478","80514"
"2011-12-20","XYZ","465112","398826","66286"
"2011-12-21","XYZ","708281","643424","64857"
"2011-12-22","XYZ","481412","426000","55412"
"2011-12-23","XYZ","512476","458506","53970"
"2011-12-24","XYZ","540044","467041","73003"
"2011-12-25","XYZ","510812","447910","62902"
"2011-12-26","XYZ","652510","580296","72214"
"2011-12-27","XYZ","448933","391033","57900"
"2011-12-28","XYZ","505558","443053","62505"
"2011-12-29","XYZ","483005","419845","63160"
"2011-12-30","XYZ","403842","348215","55627"
"2011-12-31","XYZ","482367","416006","66361"
"2012-01-01","XYZ","799307","701155","98152"
"2012-01-02","XYZ","694985","590482","104503"
"2012-01-03","XYZ","707108","604634","102474"
"2012-01-04","XYZ","735228","641259","93969"
"2012-01-05","XYZ","709275","618931","90344"
"2012-01-06","XYZ","637394","551205","86189"
"2012-01-07","XYZ","646939","567417","79522"
"2012-01-08","XYZ","739880","649181","90699"
"2012-01-09","XYZ","663547","570089","93458"
"2012-01-10","XYZ","588256","526641","61615"
"2012-01-11","XYZ","669948","574871","95077"
"2012-01-12","XYZ","792135","701347","90788"
"2012-01-13","XYZ","631228","559128","72100"
"2012-01-14","XYZ","818339","716917","101422"
"2012-01-15","XYZ","703096","619697","83399"
"2012-01-16","XYZ","641007","542816","98191"
"2012-01-17","XYZ","878721","772447","106274"
"2012-01-18","XYZ","658830","565460","93370"
"2012-01-19","XYZ","700910","616949","83961"
"2012-01-20","XYZ","754148","655839","98309"
"2012-01-21","XYZ","548693","480417","68276"
"2012-01-22","XYZ","743255","645473","97782"
"2012-01-23","XYZ","747160","658866","88294"
"2012-01-24","XYZ","700405","596885","103520"
"2012-01-25","XYZ","544030","462222","81808"
"2012-01-26","XYZ","775362","685326","90036"
"2012-01-27","XYZ","880153","786525","93628"
"2012-01-28","XYZ","846823","746904","99919"
"2012-01-29","XYZ","899037","793267","105770"
"2012-01-30","XYZ","686561","600239","86322"
"2012-01-31","XYZ","876675","773402","103273"
"2012-02-01","XYZ","687775","609939","77836"
"2012-02-02","XYZ","850043","737044","112999"
"2012-02-03","XYZ","578284","494183","84101"
"2012-02-04","XYZ","807354","709946","97408"
"2012-02-05","XYZ","720803","634233","86570"
"2012-02-06","XYZ","606393","540762","65631"
"2012-02-07","XYZ","859493","739835","119658"
"2012-02-08","XYZ","803468","701272","102196"
"2012-02-09","XYZ","727881","637593","90288"
"2012-02-10","XYZ","848262","740988","107274"
"2012-02-11","XYZ","845348","742647","102701"
"2012-02-12","XYZ","657805","578853","78952"
"2012-02-13","XYZ","724926","626230","98696"
"2012-02-14","XYZ","823086","731317","91769"
"2012-02-15","XYZ","710505","615409","95096"
"2012-02-16","XYZ","712125","614975","97150"
"2012-02-17","XYZ","572344","488470","83874"
"2012-02-18","XYZ","835676","751004","84672"
"2012-02-19","XYZ","838021","748305","89716"
"2012-02-20","XYZ","869759","762070","107689"
"2012-02-21","XYZ","744947","651133","93814"
"2012-02-22","XYZ","615225","534599","80626"
"2012-02-23","XYZ","634629","546049","88580"
"2012-02-24","XYZ","736078","655553","80525"
"2012-02-25","XYZ","802068","684376","117692"
"2012-02-26","XYZ","791539","702839","88700"
"2012-02-27","XYZ","765509","676287","89222"
"2012-02-28","XYZ","991902","874670","117232"
"2012-02-29","XYZ","571852","506080","65772"
"2012-03-01","XYZ","881182","778125","103057"
"2012-03-02","XYZ","674953","582910","92043"
"2012-03-03","XYZ","819338","731177","88161"
"2012-03-04","XYZ","849478","757386","92092"
"2012-03-05","XYZ","896119","778851","117268"
"2012-03-06","XYZ","796302","704891","91411"
"2012-03-07","XYZ","661051","580132","80919"
"2012-03-08","XYZ","775536","678388","97148"
"2012-03-09","XYZ","777303","670721","106582"
"2012-03-10","XYZ","821292","717263","104029"
"2012-03-11","XYZ","767058","672308","94750"
"2012-03-12","XYZ","916565","811129","105436"
"2012-03-13","XYZ","646744","560160","86584"
"2012-03-14","XYZ","560348","476279","84069"
"2012-03-15","XYZ","834175","717455","116720"
"2012-03-16","XYZ","800335","705317","95018"
"2012-03-17","XYZ","704991","625991","79000"
"2012-03-18","XYZ","752844","660093","92751"
"2012-03-19","XYZ","710741","632442","78299"
"2012-03-20","XYZ","658919","578075","80844"
"2012-03-21","XYZ","748852","642869","105983"
"2012-03-22","XYZ","873441","774885","98556"
"2012-03-23","XYZ","642840","552080","90760"
"2012-03-24","XYZ","821709","701151","120558"
"2012-03-25","XYZ","890334","779474","110860"
"2012-03-26","XYZ","852401","743306","109095"
"2012-03-27","XYZ","776777","672937","103840"
"2012-03-28","XYZ","687118","598996","88122"
"2012-03-29","XYZ","894787","764909","129878"
"2012-03-30","XYZ","694120","603108","91012"
"2012-03-31","XYZ","649706","552792","96914"
"2012-04-01","XYZ","851225","757380","93845"
"2012-04-02","XYZ","747039","643228","103811"
"2012-04-03","XYZ","617444","539660","77784"
"2012-04-04","XYZ","806450","707844","98606"
"2012-04-05","XYZ","743934","656612","87322"
"2012-04-06","XYZ","665074","583811","81263"
"2012-04-07","XYZ","1038511","915776","122735"
"2012-04-08","XYZ","673012","583507","89505"
"2012-04-09","XYZ","769093","672252","96841"
"2012-04-10","XYZ","914848","801300","113548"
"2012-04-11","XYZ","686329","592228","94101"
"2012-04-12","XYZ","866247","742646","123601"
"2012-04-13","XYZ","791181","703798","87383"
"2012-04-14","XYZ","921002","808760","112242"
"2012-04-15","XYZ","830125","728298","101827"
"2012-04-16","XYZ","786153","694738","91415"
"2012-04-17","XYZ","984680","870360","114320"
"2012-04-18","XYZ","946366","832586","113780"
"2012-04-19","XYZ","693908","601196","92712"
"2012-04-20","XYZ","882062","779262","102800"
"2012-04-21","XYZ","707650","587624","120026"
"2012-04-22","XYZ","631836","550324","81512"
"2012-04-23","XYZ","837918","739548","98370"
"2012-04-24","XYZ","728012","653764","74248"
"2012-04-25","XYZ","932079","817015","115064"
"2012-04-26","XYZ","704948","605413","99535"
"2012-04-27","XYZ","815645","712576","103069"
"2012-04-28","XYZ","899610","787192","112418"
"2012-04-29","XYZ","820671","727681","92990"
"2012-04-30","XYZ","855702","753704","101998"
"2012-05-01","XYZ","802638","700490","102148"
"2012-05-02","XYZ","712195","612587","99608"
"2012-05-03","XYZ","849926","749456","100470"
"2012-05-04","XYZ","911682","801235","110447"
"2012-05-05","XYZ","910081","808705","101376"
"2012-05-06","XYZ","773773","680079","93694"
"2012-05-07","XYZ","696856","607719","89137"
"2012-05-08","XYZ","806408","700144","106264"
"2012-05-09","XYZ","740144","639361","100783"
"2012-05-10","XYZ","853083","749520","103563"
"2012-05-11","XYZ","665443","582305","83138"
"2012-05-12","XYZ","822810","736476","86334"
"2012-05-13","XYZ","930977","823280","107697"
"2012-05-14","XYZ","792612","686067","106545"
"2012-05-15","XYZ","872606","773126","99480"
"2012-05-16","XYZ","662996","579067","83929"
"2012-05-17","XYZ","792026","697247","94779"
"2012-05-18","XYZ","774896","681508","93388"
"2012-05-19","XYZ","676579","567193","109386"
"2012-05-20","XYZ","712595","626034","86561"
"2012-05-21","XYZ","971644","854075","117569"
"2012-05-22","XYZ","945640","839458","106182"
"2012-05-23","XYZ","1002016","886111","115905"
"2012-05-24","XYZ","878695","771664","107031"
"2012-05-25","XYZ","815744","702242","113502"
"2012-05-26","XYZ","922528","811556","110972"
"2012-05-27","XYZ","891324","771647","119677"
"2012-05-28","XYZ","887217","782060","105157"
"2012-05-29","XYZ","741059","641285","99774"
"2012-05-30","XYZ","693094","597273","95821"
"2012-05-31","XYZ","597339","513965","83374"
"2012-06-01","XYZ","257685","230672","27013"
"2012-06-02","XYZ","375351","327660","47691"
"2012-06-03","XYZ","386070","335044","51026"
"2012-06-04","XYZ","331976","287754","44222"
"2012-06-05","XYZ","344839","299403","45436"
"2012-06-06","XYZ","309278","259890","49388"
"2012-06-07","XYZ","387963","341227","46736"
"2012-06-08","XYZ","393232","345650","47582"
"2012-06-09","XYZ","412235","361715","50520"
"2012-06-10","XYZ","422525","375229","47296"
"2012-06-11","XYZ","375968","335743","40225"
"2012-06-12","XYZ","364767","324020","40747"
"2012-06-13","XYZ","359245","322186","37059"
"2012-06-14","XYZ","470227","418022","52205"
"2012-06-15","XYZ","286682","246102","40580"
"2012-06-16","XYZ","334111","294580","39531"
"2012-06-17","XYZ","322867","282303","40564"
"2012-06-18","XYZ","366621","318476","48145"
"2012-06-19","XYZ","312897","272960","39937"
"2012-06-20","XYZ","413867","355672","58195"
"2012-06-21","XYZ","310474","265886","44588"
"2012-06-22","XYZ","323647","282773","40874"
"2012-06-23","XYZ","383724","324639","59085"
"2012-06-24","XYZ","441622","394412","47210"
"2012-06-25","XYZ","302693","263782","38911"
"2012-06-26","XYZ","361422","325914","35508"
"2012-06-27","XYZ","359530","315879","43651"
"2012-06-28","XYZ","361889","325582","36307"
"2012-06-29","XYZ","330957","283872","47085"
"2012-06-30","XYZ","363868","318560","45308"
"2012-07-01","XYZ","411234","362913","48321"
"2012-07-02","XYZ","246629","209038","37591"
"2012-07-03","XYZ","331005","282857","48148"
"2012-07-04","XYZ","330170","283386","46784"
"2012-07-05","XYZ","403823","365685","38138"
"2012-07-06","XYZ","383376","325164","58212"
"2012-07-07","XYZ","469122","416707","52415"
"2012-07-08","XYZ","496803","439911","56892"
"2012-07-09","XYZ","391415","348453","42962"
"2012-07-10","XYZ","458125","411217","46908"
"2012-07-11","XYZ","378683","331243","47440"
"2012-07-12","XYZ","546371","481196","65175"
"2012-07-13","XYZ","322745","281818","40927"
"2012-07-14","XYZ","313403","275789","37614"
"2012-07-15","XYZ","269248","227316","41932"
"2012-07-16","XYZ","414852","351848","63004"
"2012-07-17","XYZ","376469","331376","45093"
"2012-07-18","XYZ","426276","387919","38357"
"2012-07-19","XYZ","545769","488640","57129"
"2012-07-20","XYZ","402600","368072","34528"
"2012-07-21","XYZ","375682","327736","47946"
"2012-07-22","XYZ","369120","325233","43887"
"2012-07-23","XYZ","375072","315313","59759"
"2012-07-24","XYZ","344182","291048","53134"
"2012-07-25","XYZ","351583","303928","47655"
"2012-07-26","XYZ","365474","322981","42493"
"2012-07-27","XYZ","314834","272356","42478"
"2012-07-28","XYZ","364176","321908","42268"
"2012-07-29","XYZ","398884","344952","53932"
"2012-07-30","XYZ","376027","337945","38082"
"2012-07-31","XYZ","357713","320814","36899"
"2012-08-01","XYZ","386656","348281","38375"
"2012-08-02","XYZ","452127","409416","42711"
"2012-08-03","XYZ","435354","386234","49120"
"2012-08-04","XYZ","402993","348997","53996"
"2012-08-05","XYZ","344885","292609","52276"
"2012-08-06","XYZ","362799","317340","45459"
"2012-08-07","XYZ","395920","347455","48465"
"2012-08-08","XYZ","361652","318312","43340"
"2012-08-09","XYZ","398467","346082","52385"
"2012-08-10","XYZ","284469","247033","37436"
"2012-08-11","XYZ","355029","310252","44777"
"2012-08-12","XYZ","357798","309247","48551"
"2012-08-13","XYZ","306436","270492","35944"
"2012-08-14","XYZ","471828","406741","65087"
"2012-08-15","XYZ","373896","335895","38001"
"2012-08-16","XYZ","323584","287391","36193"
"2012-08-17","XYZ","251664","218558","33106"
"2012-08-18","XYZ","352549","308516","44033"
"2012-08-19","XYZ","523535","470607","52928"
"2012-08-20","XYZ","440272","386343","53929"
"2012-08-21","XYZ","249979","215931","34048"
"2012-08-22","XYZ","370442","327915","42527"
"2012-08-23","XYZ","324389","280030","44359"
"2012-08-24","XYZ","450115","398719","51396"
"2012-08-25","XYZ","283520","241984","41536"
"2012-08-26","XYZ","364301","311493","52808"
"2012-08-27","XYZ","243750","205235","38515"
"2012-08-28","XYZ","280917","243556","37361"
"2012-08-29","XYZ","294368","257763","36605"
"2012-08-30","XYZ","400574","355404","45170"
"2012-08-31","XYZ","425767","382979","42788"
"2012-09-01","XYZ","381638","329727","51911"
"2012-09-02","XYZ","390448","344622","45826"
"2012-09-03","XYZ","401783","348208","53575"
"2012-09-04","XYZ","328626","280651","47975"
"2012-09-05","XYZ","345559","296622","48937"
"2012-09-06","XYZ","331288","287141","44147"
"2012-09-07","XYZ","380230","340038","40192"
"2012-09-08","XYZ","419914","365570","54344"
"2012-09-09","XYZ","337449","299018","38431"
"2012-09-10","XYZ","434699","392901","41798"
"2012-09-11","XYZ","401443","362726","38717"
"2012-09-12","XYZ","424968","380337","44631"
"2012-09-13","XYZ","368431","318383","50048"
"2012-09-14","XYZ","289209","253491","35718"
"2012-09-15","XYZ","352794","308285","44509"
"2012-09-16","XYZ","469430","415597","53833"
"2012-09-17","XYZ","466946","411341","55605"
"2012-09-18","XYZ","310117","271592","38525"
"2012-09-19","XYZ","506183","452088","54095"
"2012-09-20","XYZ","506368","442107","64261"
"2012-09-21","XYZ","369159","318780","50379"
"2012-09-22","XYZ","348487","311564","36923"
"2012-09-23","XYZ","326035","280734","45301"
"2012-09-24","XYZ","458241","402177","56064"
"2012-09-25","XYZ","428234","366778","61456"
"2012-09-26","XYZ","369648","326184","43464"
"2012-09-27","XYZ","397103","351318","45785"
"2012-09-28","XYZ","428266","375344","52922"
"2012-09-29","XYZ","413230","372611","40619"
"2012-09-30","XYZ","504233","443785","60448"
"2012-10-01","XYZ","421426","368129","53297"
"2012-10-02","XYZ","392757","343117","49640"
"2012-10-03","XYZ","371947","333319","38628"
"2012-10-04","XYZ","384099","341409","42690"
"2012-10-05","XYZ","319742","279844","39898"
"2012-10-06","XYZ","628677","567139","61538"
"2012-10-07","XYZ","393937","350757","43180"
"2012-10-08","XYZ","468512","395317","73195"
"2012-10-09","XYZ","457970","410974","46996"
"2012-10-10","XYZ","546210","473742","72468"
"2012-10-11","XYZ","419473","372943","46530"
"2012-10-12","XYZ","322193","282049","40144"
"2012-10-13","XYZ","443276","392338","50938"
"2012-10-14","XYZ","416481","359357","57124"
"2012-10-15","XYZ","351992","305131","46861"
"2012-10-16","XYZ","367337","318498","48839"
"2012-10-17","XYZ","508505","448278","60227"
"2012-10-18","XYZ","369058","324160","44898"
"2012-10-19","XYZ","349381","307947","41434"
"2012-10-20","XYZ","394177","353918","40259"
"2012-10-21","XYZ","463099","403706","59393"
"2012-10-22","XYZ","456869","400378","56491"
"2012-10-23","XYZ","511381","452183","59198"
"2012-10-24","XYZ","413563","360122","53441"
"2012-10-25","XYZ","447818","390445","57373"
"2012-10-26","XYZ","354471","301748","52723"
"2012-10-27","XYZ","448033","404491","43542"
"2012-10-28","XYZ","496691","428140","68551"
"2012-10-29","XYZ","386889","347910","38979"
"2012-10-30","XYZ","397244","355487","41757"
"2012-10-31","XYZ","421873","381729","40144"
"2012-11-01","XYZ","457007","398048","58959"
"2012-11-02","XYZ","519629","468567","51062"
"2012-11-03","XYZ","461396","411440","49956"
"2012-11-04","XYZ","475286","416857","58429"
"2012-11-05","XYZ","387147","333529","53618"
"2012-11-06","XYZ","380850","340035","40815"
"2012-11-07","XYZ","592901","517694","75207"
"2012-11-08","XYZ","520176","459436","60740"
"2012-11-09","XYZ","325736","292018","33718"
"2012-11-10","XYZ","333735","283156","50579"
"2012-11-11","XYZ","391918","344149","47769"
"2012-11-12","XYZ","392443","342796","49647"
"2012-11-13","XYZ","431194","375289","55905"
"2012-11-14","XYZ","543392","477270","66122"
"2012-11-15","XYZ","408361","363348","45013"
"2012-11-16","XYZ","342646","295340","47306"
"2012-11-17","XYZ","532869","473793","59076"
"2012-11-18","XYZ","521849","455146","66703"
"2012-11-19","XYZ","424069","366705","57364"
"2012-11-20","XYZ","448994","384497","64497"
"2012-11-21","XYZ","503225","443324","59901"
"2012-11-22","XYZ","444900","395110","49790"
"2012-11-23","XYZ","418821","363518","55303"
"2012-11-24","XYZ","559982","500084","59898"
"2012-11-25","XYZ","555567","496070","59497"
"2012-11-26","XYZ","435938","385265","50673"
"2012-11-27","XYZ","479320","418450","60870"
"2012-11-28","XYZ","409581","371327","38254"
"2012-11-29","XYZ","348284","300785","47499"
"2012-11-30","XYZ","383778","322862","60916"
"2012-12-01","XYZ","314148","265897","48251"
"2012-12-02","XYZ","375381","332968","42413"
"2012-12-03","XYZ","443181","395322","47859"
"2012-12-04","XYZ","455795","407643","48152"
"2012-12-05","XYZ","494899","440960","53939"
"2012-12-06","XYZ","359754","310648","49106"
"2012-12-07","XYZ","452278","394445","57833"
"2012-12-08","XYZ","351173","307208","43965"
"2012-12-09","XYZ","469156","414764","54392"
"2012-12-10","XYZ","437898","386223","51675"
"2012-12-11","XYZ","407581","355606","51975"
"2012-12-12","XYZ","346877","297905","48972"
"2012-12-13","XYZ","515651","451548","64103"
"2012-12-14","XYZ","426941","376787","50154"
"2012-12-15","XYZ","266135","225125","41010"
"2012-12-16","XYZ","463480","414504","48976"
"2012-12-17","XYZ","282354","245488","36866"
"2012-12-18","XYZ","352812","313752","39060"
"2012-12-19","XYZ","338071","302400","35671"
"2012-12-20","XYZ","302999","263185","39814"
"2012-12-21","XYZ","563099","492113","70986"
"2012-12-22","XYZ","410056","364148","45908"
"2012-12-23","XYZ","456307","396684","59623"
"2012-12-24","XYZ","387027","347180","39847"
"2012-12-25","XYZ","476913","427412","49501"
"2012-12-26","XYZ","388825","329221","59604"
"2012-12-27","XYZ","526988","476926","50062"
"2012-12-28","XYZ","469118","402483","66635"
"2012-12-29","XYZ","489168","421239","67929"
"2012-12-30","XYZ","458265","407547","50718"
"2012-12-31","XYZ","471089","413186","57903"
"2013-01-01","XYZ","405105","358116","46989"
"2013-01-02","XYZ","1110626","957561","153065"
"2013-01-03","XYZ","1207121","1052691","154430"
"2013-01-04","XYZ","1241337","1066800","174537"
"2013-01-05","XYZ","1119535","992706","126829"
"2013-01-06","XYZ","1026933","894381","132552"
"2013-01-07","XYZ","1230193","1068093","162100"
"2013-01-08","XYZ","1180878","1027115","153763"
"2013-01-09","XYZ","1126986","971506","155480"
"2013-01-10","XYZ","1100113","945400","154713"
"2013-01-11","XYZ","1231343","1077002","154341"
"2013-01-12","XYZ","1090994","926363","164631"
"2013-01-13","XYZ","1182766","1037754","145012"
"2013-01-14","XYZ","1205697","1053364","152333"
"2013-01-15","XYZ","1184104","1023201","160903"
"2013-01-16","XYZ","1266217","1106633","159584"
"2013-01-17","XYZ","879020","738778","140242"
"2013-01-18","XYZ","1262790","1098933","163857"
"2013-01-19","XYZ","1334365","1160968","173397"
"2013-01-20","XYZ","871073","740078","130995"
"2013-01-21","XYZ","1046315","876954","169361"
"2013-01-22","XYZ","1151761","1004092","147669"
"2013-01-23","XYZ","1103267","954434","148833"
"2013-01-24","XYZ","1313592","1143398","170194"
"2013-01-25","XYZ","1035167","900091","135076"
"2013-01-26","XYZ","1334774","1166400","168374"
"2013-01-27","XYZ","1070283","930242","140041"
"2013-01-28","XYZ","1252679","1084270","168409"
"2013-01-29","XYZ","1055848","906090","149758"
"2013-01-30","XYZ","1224664","1071540","153124"
"2013-01-31","XYZ","1311655","1121276","190379"
"2013-02-01","XYZ","1248958","1068384","180574"
"2013-02-02","XYZ","1204860","1045461","159399"
"2013-02-03","XYZ","1136106","964030","172076"
"2013-02-04","XYZ","1597891","1393466","204425"
"2013-02-05","XYZ","1456239","1270457","185782"
"2013-02-06","XYZ","1358383","1191206","167177"
"2013-02-07","XYZ","1282476","1131546","150930"
"2013-02-08","XYZ","1451490","1253504","197986"
"2013-02-09","XYZ","1358036","1161322","196714"
"2013-02-10","XYZ","1517639","1327104","190535"
"2013-02-11","XYZ","1302436","1127869","174567"
"2013-02-12","XYZ","1220596","1043972","176624"
"2013-02-13","XYZ","1244509","1086996","157513"
"2013-02-14","XYZ","1144404","979184","165220"
"2013-02-15","XYZ","1126644","969329","157315"
"2013-02-16","XYZ","1365649","1205259","160390"
"2013-02-17","XYZ","1100917","960239","140678"
"2013-02-18","XYZ","1301221","1125890","175331"
"2013-02-19","XYZ","1281003","1108219","172784"
"2013-02-20","XYZ","1585227","1389409","195818"
"2013-02-21","XYZ","1347496","1172173","175323"
"2013-02-22","XYZ","1363545","1164085","199460"
"2013-02-23","XYZ","1551482","1346862","204620"
"2013-02-24","XYZ","1168196","993382","174814"
"2013-02-25","XYZ","1558152","1375537","182615"
"2013-02-26","XYZ","1327433","1146970","180463"
"2013-02-27","XYZ","1059731","906646","153085"
"2013-02-28","XYZ","1345286","1173955","171331"
"2013-03-01","XYZ","500678","425341","75337"
"2013-03-02","XYZ","513601","433623","79978"
"2013-03-03","XYZ","1449041","1254854","194187"
"2013-03-04","XYZ","1343043","1153632","189411"
"2013-03-05","XYZ","1515658","1320238","195420"
"2013-03-06","XYZ","1409073","1220809","188264"
"2013-03-07","XYZ","1484817","1293722","191095"
"2013-03-08","XYZ","1409836","1231086","178750"
"2013-03-09","XYZ","1298447","1142462","155985"
"2013-03-10","XYZ","1446411","1272796","173615"
"2013-03-11","XYZ","1601637","1407262","194375"
"2013-03-12","XYZ","1426668","1262286","164382"
"2013-03-13","XYZ","1336760","1155622","181138"
"2013-03-14","XYZ","1230571","1075684","154887"
"2013-03-15","XYZ","1507831","1328219","179612"
"2013-03-16","XYZ","1207732","1041887","165845"
"2013-03-17","XYZ","1317304","1113877","203427"
"2013-03-18","XYZ","1441007","1265244","175763"
"2013-03-19","XYZ","1340161","1160724","179437"
"2013-03-20","XYZ","1534550","1359201","175349"
"2013-03-21","XYZ","1276641","1113446","163195"
"2013-03-22","XYZ","1202448","1040596","161852"
"2013-03-23","XYZ","1341248","1165358","175890"
"2013-03-24","XYZ","1231052","1068435","162617"
"2013-03-25","XYZ","1432377","1259090","173287"
"2013-03-26","XYZ","1687457","1467298","220159"
"2013-03-27","XYZ","1343052","1157225","185827"
"2013-03-28","XYZ","1434384","1252464","181920"
"2013-03-29","XYZ","1199246","1039858","159388"
"2013-03-30","XYZ","1314083","1146345","167738"
"2013-03-31","XYZ","1285620","1135415","150205"
"2013-04-01","XYZ","1287405","1109560","177845"
"2013-04-02","XYZ","1513040","1327470","185570"
"2013-04-03","XYZ","1392572","1198091","194481"
"2013-04-04","XYZ","1611021","1391862","219159"
"2013-04-05","XYZ","1319914","1145204","174710"
"2013-04-06","XYZ","1338303","1183410","154893"
"2013-04-07","XYZ","1367526","1192922","174604"
"2013-04-08","XYZ","1560301","1368310","191991"
"2013-04-09","XYZ","1386524","1210338","176186"
"2013-04-10","XYZ","1397759","1206925","190834"
"2013-04-11","XYZ","1235733","1069063","166670"
"2013-04-12","XYZ","1353374","1150286","203088"
"2013-04-13","XYZ","1393935","1195371","198564"
"2013-04-14","XYZ","1327233","1148745","178488"
"2013-04-15","XYZ","1412375","1236696","175679"
"2013-04-16","XYZ","1370660","1196246","174414"
"2013-04-17","XYZ","1311668","1156634","155034"
"2013-04-18","XYZ","1530089","1345670","184419"
"2013-04-19","XYZ","1487923","1282798","205125"
"2013-04-20","XYZ","1660944","1469749","191195"
"2013-04-21","XYZ","1413879","1222911","190968"
"2013-04-22","XYZ","1217872","1052519","165353"
"2013-04-23","XYZ","1617447","1418680","198767"
"2013-04-24","XYZ","1407274","1227915","179359"
"2013-04-25","XYZ","1467597","1273214","194383"
"2013-04-26","XYZ","1593413","1378232","215181"
"2013-04-27","XYZ","1366249","1187285","178964"
"2013-04-28","XYZ","1212329","1044451","167878"
"2013-04-29","XYZ","1652259","1458285","193974"
"2013-04-30","XYZ","1366824","1186960","179864"
"2013-05-01","XYZ","540463","453871","86592"
"2013-05-02","XYZ","1446201","1237351","208850"
"2013-05-03","XYZ","1359528","1169582","189946"
"2013-05-04","XYZ","1370131","1175640","194491"
"2013-05-05","XYZ","1642272","1417945","224327"
"2013-05-06","XYZ","1734437","1516182","218255"
"2013-05-07","XYZ","1605335","1379881","225454"
"2013-05-08","XYZ","1539968","1308807","231161"
"2013-05-09","XYZ","1361858","1148632","213226"
"2013-05-10","XYZ","1264359","1063169","201190"
"2013-05-11","XYZ","1495193","1278117","217076"
"2013-05-12","XYZ","1456427","1254054","202373"
"2013-05-13","XYZ","1531933","1289113","242820"
"2013-05-14","XYZ","1576532","1367302","209230"
"2013-05-15","XYZ","1519969","1317801","202168"
"2013-05-16","XYZ","1488383","1280689","207694"
"2013-05-17","XYZ","1506308","1288780","217528"
"2013-05-18","XYZ","1454552","1242093","212459"
"2013-05-19","XYZ","1641748","1419572","222176"
"2013-05-20","XYZ","1530165","1325247","204918"
"2013-05-21","XYZ","1522425","1278036","244389"
"2013-05-22","XYZ","1208727","1014600","194127"
"2013-05-23","XYZ","1295439","1091057","204382"
"2013-05-24","XYZ","1663798","1434527","229271"
"2013-05-25","XYZ","1519290","1328156","191134"
"2013-05-26","XYZ","1349097","1155431","193666"
"2013-05-27","XYZ","1385167","1180719","204448"
"2013-05-28","XYZ","1420463","1203801","216662"
"2013-05-29","XYZ","1376772","1182044","194728"
"2013-05-30","XYZ","1209870","1017485","192385"
"2013-05-31","XYZ","1220100","1046257","173843"
